[[1.0, 0.6115803000076014, 0.5981213098044895, 0.33163340794813234, 0.40910487923132194, 0.8405297396574799, 0.6131804520564688, 0.0, 0.5977160842262834, 0.0, 0.7264159864104478, 0.45015827007098136, 0.5654779603608683, 0.5673058649349684, 0.5341557585708624, 0.621049918082413, 0.0, 0.5395622999695965, 0.6662031466937969, 0.8247875047393824, 0.7720659072358378, 0.47342374396181874, 0.8533780804723905, 0.682591926353983, 0.613009984359692, 0.7696499435837837, 0.6067117818273543, 0.7559873791717167, 0.4985313505580289, 0.7556368097599451, 0.7570278297751756, 0.6537194630894055, 0.6099163018137749, 0.5740791785491068, 0.8319611714526659, 0.7623899110455337, 0.7581063347077696, 0.715270987668116, 0.8052412659949706, 0.5958052170446627, 0.6812408114760045, 0.4715252454666429, 0.9376107506813025, 0.8216353795708902, 0.6110085681499766, 0.6926525295161468, 0.7570278297751756, 0.5477637542668632, 0.5633820604736571, 0.7908867181982046, 0.7682725010624853, 0.6338522495833852, 0.42391826991857423, 0.7242612186799356, 0.0, 0.552594163552525, 0.6724859482548727, 0.561380667700875, 0.8581710363659207, 0.6827010563301977, 0.6650617058859092, 0.7562719013685183, 0.8412458214145945, 0.8055379181183903, 0.886559923841016, 0.7039736973795391, 0.6658622264035089, 0.3875702042863602, 0.7487521019172955, 0.5392741137252124, 0.5790600554164802, 0.7094732099845958, 0.0, 0.5118461278564254, 0.31739422724310845, 0.779621323198496, 0.6782247675273967, 0.6655805964279167, 0.5773739764998685, 0.8837326210490845, 0.7066568506208415, 0.4761556866542262, 0.44665100275233705, 0.5190079603828421, 0.6281687808839355, 0.4755997131917861, 0.5566317179077866, 0.6251897660681738, 0.7461557514963375, 0.5312713935410861, 0.8481483712177543, 0.0, 0.7777189527838303, 0.6695077080148805, 0.6175806747606827, 0.6713433817468326, 0.6932024981525495, 0.4899249041663301, 0.7140927084005744, 0.583165837825173, 0.5663486340440418], [0.6115803000076014, 1.0000000000000002, 0.6660811213208518, 0.8665640820490758, 0.7913156136348235, 0.930024061794633, 0.9819145004928438, 0.0, 0.9878295982852024, 0.0, 0.8533621614633308, 0.9561885101115072, 0.9557753745781723, 0.9880642936795183, 0.8710191534363075, 0.9623183837535417, 0.0, 0.9702457457564849, 0.9827132455006902, 0.9191099063482717, 0.7689015950724352, 0.9393749170227821, 0.9147024467571687, 0.9822051343956688, 0.9490169226972858, 0.9664825712096097, 0.9842941477204327, 0.9431063737756167, 0.9648983873221337, 0.7158816529588423, 0.3989016534839283, 0.9885543386902186, 0.974626667218901, 0.9757904831367518, 0.8495975515032262, 0.9418968007819262, 0.9516195564931491, 0.9699146757346414, 0.9103873298207782, 0.9720017369062535, 0.9462829917068742, 0.9682906278059413, 0.7169948962282101, 0.8929192114481224, 0.9894029925871045, 0.9738262588698253, 0.3989016534839283, 0.9879509818045791, 0.9741117687649429, 0.9031676999786441, 0.9644674869219121, 0.987846146873032, 0.9293160532313919, 0.9752154443430467, 0.0, 0.908405986800529, 0.9655989586328491, 0.9716925327136942, 0.8853312346636614, 0.9627104945171162, 0.37153466814836794, 0.9481161707224603, 0.8338245920690032, 0.9353321968999715, 0.8858757030869466, 0.9851268865328815, 0.897113415872913, 0.30732579717341435, 0.9284014268196437, 0.9813547680937311, 0.9605608650721986, 0.9807563185211461, 0.0, 0.9617082701133114, 0.8494581061902013, 0.7762496295718138, 0.9587098975790539, 0.9666573649402834, 0.986529240354671, 0.877936941784273, 0.9761644392995454, 0.928191240945207, 0.3124793711614839, 0.9780890353806915, 0.9866730333710345, 0.9570360201730597, 0.9587579141400058, 0.9437482419159451, 0.9627214183514141, 0.9134509062053751, 0.6540110888364246, 0.0, 0.8986479780902366, 0.9725291943514982, 0.9957236474273554, 0.9738665930527658, 0.9058660697144965, 0.9439319584749795, 0.9725047359666845, 0.9877085201346425, 0.9843657138488461], [0.5981213098044895, 0.6660811213208518, 0.9999999999999994, 0.4704436467075034, 0.6043780323137593, 0.6955878493731157, 0.6109513281182292, 0.0, 0.6073252950689096, 0.0, 0.6120014450012893, 0.5467261108487043, 0.5972495535710746, 0.6002930964064036, 0.5396100377277288, 0.6208682231127122, 0.0, 0.5810489203972873, 0.7664232946598554, 0.6611210912322335, 0.7795484956135045, 0.5599506192090707, 0.6859791030474145, 0.6386311863216818, 0.601795540616165, 0.7148072921632618, 0.6225717472064923, 0.6569013617848427, 0.566086619329721, 0.5752124995388443, 0.5131895877928139, 0.6325082392981701, 0.6051440895361543, 0.6168577047307114, 0.6481859292712026, 0.6576936909596638, 0.6567230541703981, 0.6888653811859959, 0.7281027010876812, 0.607708039501219, 0.6285105587272839, 0.556776954526947, 0.6674865257695803, 0.657423029458022, 0.6295131170112673, 0.6430973024493507, 0.5131895877928139, 0.5911778311445387, 0.5863151930917317, 0.673775029547683, 0.6705457325463243, 0.6229280285088584, 0.5286983739204509, 0.656468361243973, 0.0, 0.5648427856975967, 0.6325542578523763, 0.5970152774654451, 0.6557078829931825, 0.6359599116840023, 0.5220322005897461, 0.6520748169196918, 0.6895301144586952, 0.664436477118358, 0.6775118705558926, 0.6539039683099224, 0.601553668153868, 0.907044718550305, 0.6457900002388494, 0.5880211590882546, 0.5930993191861785, 0.6656735809392986, 0.0, 0.7479767583728869, 0.45861300649982356, 0.7804980401340298, 0.6366305597846468, 0.6643448617199785, 0.6158957309150866, 0.6675544135532971, 0.647307725929918, 0.5590631423095751, 0.8180530366334645, 0.5783185918438408, 0.6230549628942559, 0.5571644166720168, 0.8023025457499322, 0.6051521531399195, 0.6563450059424291, 0.6331738866370636, 0.6905658044496527, 0.0, 0.638432538095875, 0.6300842174354517, 0.6832638212102531, 0.6348560205899055, 0.6592779393603927, 0.5582645105949606, 0.6524764049289786, 0.6066121307059482, 0.6777836924754368], [0.33163340794813234, 0.8665640820490758, 0.4704436467075034, 1.0, 0.8709350398455316, 0.7398832674076299, 0.8176187587181781, 0.0, 0.8892842486860855, 0.0, 0.5569471813494403, 0.9455186488029272, 0.9532286421121692, 0.8971365001853251, 0.9445291508854776, 0.8417612217621927, 0.0, 0.8801287187947319, 0.8163997127483248, 0.7412040155409666, 0.5241369160343781, 0.9698135870791815, 0.7456636734875518, 0.8658048407401189, 0.7600313436950006, 0.779593733852123, 0.905363259351895, 0.7552412964860055, 0.9415489765890037, 0.41182184710836306, 0.188086893709819, 0.8490623244585338, 0.7891641989461567, 0.9248987529717496, 0.5201639502823837, 0.7357871989373043, 0.7497369582202889, 0.8292346041676224, 0.6641217664500689, 0.8757298327931009, 0.7222266207302649, 0.942946874378709, 0.4432411504971852, 0.6798334517340646, 0.8850527803778331, 0.7697166072920775, 0.188086893709819, 0.8834306552033839, 0.85292539282165, 0.7812092623732529, 0.7708630224984875, 0.8752848382862107, 0.9867293499042008, 0.8004322270156481, 0.0, 0.9264575173313233, 0.7915005294403719, 0.9298158039138397, 0.6422548157102755, 0.8045317498259411, 0.16523750576327328, 0.7158169826175627, 0.6366989928962913, 0.7503312909274972, 0.6658146458669629, 0.8388572125122424, 0.8664388916007328, 0.1297563388443032, 0.725852484684273, 0.9030380140109149, 0.8970454329981595, 0.7996709059973693, 0.0, 0.8906330553746457, 0.9987996515760059, 0.5472424098096877, 0.7845370599235829, 0.8687875720143675, 0.9009511611394853, 0.6134332470800227, 0.8133062333667967, 0.9768303838156979, 0.1109724060012592, 0.934153845152493, 0.8370573229185188, 0.9592468765497681, 0.8544819990509944, 0.9349630251514914, 0.8235999273681611, 0.9071391432172867, 0.34998272151114307, 0.0, 0.801058926142222, 0.8615624983262082, 0.8538811615258157, 0.8798683190922942, 0.8624315735573722, 0.9576603045613932, 0.7932121621372741, 0.8822160412812852, 0.8979087265146044], [0.40910487923132194, 0.7913156136348235, 0.6043780323137593, 0.8709350398455316, 0.9999999999999999, 0.7220787936423643, 0.7012089565010658, 0.0, 0.7618864451792278, 0.0, 0.4778283181738096, 0.779000218467142, 0.8601721546632372, 0.767746330237452, 0.9039230132857646, 0.7082097359716316, 0.0, 0.7568390040636148, 0.7477783940575089, 0.7055163898081507, 0.7317025311491386, 0.8463307560371409, 0.721950856817151, 0.7574714926943515, 0.5998391154301026, 0.7631321114003184, 0.7989998489313218, 0.6755538611590762, 0.8131056144804057, 0.38767958642856637, 0.3741053678599538, 0.7368647594327837, 0.667885883603952, 0.8155020789690142, 0.5035901851281485, 0.6527652412114053, 0.6795250178708494, 0.8088832786754562, 0.6871536337973155, 0.7557348090537253, 0.613721353909712, 0.8000128840900543, 0.5286961179314176, 0.6296325034786908, 0.7721357094295381, 0.6644436931884651, 0.3741053678599538, 0.7407589805268604, 0.744936117701574, 0.7839321405378202, 0.693863673285495, 0.7550601815087993, 0.8487626713912905, 0.7084217761678033, 0.0, 0.8788845184602321, 0.685376786178405, 0.8162984265141301, 0.595904673069619, 0.7110221584469639, 0.3933342259717094, 0.6327764888870558, 0.7050951387176138, 0.6846237181888684, 0.6271759030429882, 0.7489152205894902, 0.7403331367357915, 0.3634883394668713, 0.6755376562805576, 0.7526800290199455, 0.8134098362392389, 0.7170355068269447, 0.0, 0.8069216177904424, 0.8784922376445573, 0.7404538578629014, 0.6693797429811502, 0.8489463189032611, 0.7832016408495914, 0.5850881863987474, 0.7196240236739325, 0.8748703569977913, 0.4572104583556277, 0.8014210524978894, 0.7126300546875993, 0.8125014556521276, 0.8015036664252863, 0.857842295150165, 0.7232314888795205, 0.8915063962283196, 0.5244994223632435, 0.0, 0.7803038948452525, 0.747756722441854, 0.8087664139418368, 0.7707235171201212, 0.8534764548294083, 0.810309045350051, 0.6901086841968522, 0.7503231060986799, 0.8725569674652522], [0.8405297396574799, 0.930024061794633, 0.6955878493731157, 0.7398832674076299, 0.7220787936423643, 1.0, 0.9193726252224409, 0.0, 0.9184440037877458, 0.0, 0.8814452018184554, 0.8365384201529085, 0.8992187578041116, 0.9078057753812895, 0.8331499941509236, 0.9179608058381522, 0.0, 0.8832646306814996, 0.9410407378207245, 0.9727679351286507, 0.8392506390678615, 0.8480972129051417, 0.991851066800323, 0.9532700283081307, 0.8886328091392413, 0.9857525397976131, 0.9290053104133381, 0.9584051530756955, 0.8669689671388287, 0.809307318693596, 0.6471846023000347, 0.9459593859111917, 0.9101056393802965, 0.911612892855942, 0.9266588912943629, 0.9576069044386561, 0.9649478010761332, 0.9661870377025602, 0.9694383376297823, 0.9124829277502553, 0.9245768029430304, 0.8559843605418452, 0.8992465113973607, 0.9499942813680325, 0.9314569086278491, 0.9492998725369017, 0.6471846023000347, 0.8962664274176739, 0.8958663557342045, 0.9659673519269852, 0.9797762551522152, 0.9340205733988273, 0.8164693620946969, 0.967660616635837, 0.0, 0.8637408896828469, 0.9384205077574204, 0.9027270301713041, 0.9552781591643806, 0.9432201862970706, 0.5882238093895518, 0.9562294959888114, 0.9484917865978163, 0.9724465761446708, 0.9793510988231381, 0.9673324712767546, 0.8914355196543332, 0.3622677527480473, 0.9484532297680907, 0.8889342959718194, 0.9036019853711078, 0.9694693329653487, 0.0, 0.8625197798622536, 0.7245023396902611, 0.8634518500178929, 0.9360745931134117, 0.9476920124903382, 0.9150098541276764, 0.9637815613049674, 0.9583021418380189, 0.8475523272285505, 0.3950471843160282, 0.8832132175073792, 0.931126896329209, 0.8511321832274424, 0.8780685276993495, 0.9137920363297655, 0.9647906476429036, 0.8605768376137956, 0.8107350762326215, 0.0, 0.9448511855400791, 0.9394492535343343, 0.9305112025369641, 0.9434159258003606, 0.9316551642079527, 0.8502936561492196, 0.961039418316912, 0.9141255601886162, 0.9032490339761333], [0.6131804520564688, 0.9819145004928438, 0.6109513281182292, 0.8176187587181781, 0.7012089565010658, 0.9193726252224409, 0.9999999999999999, 0.0, 0.9784728991851109, 0.0, 0.9000338980261184, 0.929199719130496, 0.9186851603746419, 0.9830359846843028, 0.8343797165502098, 0.9615496310231213, 0.0, 0.9710197272257867, 0.9712165891764651, 0.9243952388825408, 0.6918161357935789, 0.8954623068692138, 0.8963416560819766, 0.9720125656582026, 0.9610169196022188, 0.9429474652955412, 0.9648537269016207, 0.949098689662441, 0.9444817438234991, 0.7732624368484692, 0.3531637060795459, 0.9912773729304817, 0.9944124728377887, 0.9447035461427298, 0.8790755647607124, 0.9530193165287887, 0.9682808255339395, 0.9485685039531195, 0.8958283501814245, 0.9674867845238203, 0.9519389818446132, 0.9504516948929884, 0.6942166209302291, 0.8988335830625181, 0.9735700952175083, 0.986379625821527, 0.3531637060795459, 0.9868734525851558, 0.9859151872913822, 0.8898897304667641, 0.968790686447795, 0.9807122705039817, 0.8944080480015272, 0.9814244172534767, 0.0, 0.8895400568173766, 0.9789276133243073, 0.9481712360528722, 0.8965022433849549, 0.9736615952628122, 0.3102602673035239, 0.9698721856060755, 0.8024016894351239, 0.9369590142587657, 0.8810271090654448, 0.9807157831360529, 0.8473765495437771, 0.24363861090856634, 0.9536844839669842, 0.9680345776479053, 0.9621001397888654, 0.9827235203559836, 0.0, 0.9236180651866843, 0.799050304693845, 0.7001395075495903, 0.9565336974264707, 0.942540208368029, 0.9668986861242287, 0.8907291127031145, 0.9825760354389984, 0.8812645563710979, 0.20836872470462184, 0.9663077170889993, 0.9949036129758997, 0.927658378128138, 0.9253904824062992, 0.9123404250217313, 0.9475027761807737, 0.8497411128924588, 0.6179331111266906, 0.0, 0.8856914800103627, 0.9554833435863248, 0.9739288546681026, 0.9559875213384725, 0.8502349732867368, 0.9040375443520879, 0.9785616898485833, 0.9880638311082037, 0.9428474238391769], [0.0, 0.0, 0.0, 0.0, 0.0, 0.0, 0.0, 0.0, 0.0, 0.0, 0.0, 0.0, 0.0, 0.0, 0.0, 0.0, 0.0, 0.0, 0.0, 0.0, 0.0, 0.0, 0.0, 0.0, 0.0, 0.0, 0.0, 0.0, 0.0, 0.0, 0.0, 0.0, 0.0, 0.0, 0.0, 0.0, 0.0, 0.0, 0.0, 0.0, 0.0, 0.0, 0.0, 0.0, 0.0, 0.0, 0.0, 0.0, 0.0, 0.0, 0.0, 0.0, 0.0, 0.0, 0.0, 0.0, 0.0, 0.0, 0.0, 0.0, 0.0, 0.0, 0.0, 0.0, 0.0, 0.0, 0.0, 0.0, 0.0, 0.0, 0.0, 0.0, 0.0, 0.0, 0.0, 0.0, 0.0, 0.0, 0.0, 0.0, 0.0, 0.0, 0.0, 0.0, 0.0, 0.0, 0.0, 0.0, 0.0, 0.0, 0.0, 0.0, 0.0, 0.0, 0.0, 0.0, 0.0, 0.0, 0.0, 0.0, 0.0], [0.5977160842262834, 0.9878295982852024, 0.6073252950689096, 0.8892842486860855, 0.7618864451792278, 0.9184440037877458, 0.9784728991851109, 0.0, 0.9999999999999999, 0.0, 0.8323566654591645, 0.9746087199497508, 0.9682251646895879, 0.9956274028769592, 0.8886288530985104, 0.9592884399098079, 0.0, 0.9738793953496914, 0.969822443634839, 0.9138320629440171, 0.6984590962172725, 0.956867862755767, 0.9104839653631784, 0.9900923097079948, 0.9387453001804784, 0.9493059907960582, 0.993726848896856, 0.9399486874856007, 0.9839926262733008, 0.6745714619076243, 0.36219942381924863, 0.9876643112869274, 0.9745160227062474, 0.9856408510603166, 0.8267557309094341, 0.9341755094577855, 0.9411847687232419, 0.9566483746879577, 0.8745784242132008, 0.9781539662849928, 0.9500575250920023, 0.9851931542200024, 0.6962743438374803, 0.8896614586777224, 0.9957076739210213, 0.9691712116538175, 0.36219942381924863, 0.9946203933921364, 0.9763197920231278, 0.8868890514383485, 0.9567912031394111, 0.9958663118497098, 0.9455177211471839, 0.9683694253275261, 0.0, 0.9169118003123266, 0.9594683608104623, 0.9849289547133996, 0.8783888926176179, 0.9529080689646567, 0.3181982976077138, 0.9382452255917029, 0.8141071080227255, 0.9307326122661373, 0.8794985565188762, 0.9841439273900888, 0.910359273351277, 0.23209239314501495, 0.9100631542597213, 0.9949935430491628, 0.9563381160084032, 0.9708863203748749, 0.0, 0.9600012928609764, 0.8720413046313984, 0.7063875636114584, 0.9592955511244516, 0.9553017237724859, 0.9957460358074839, 0.8710647709313222, 0.9725660564271379, 0.9445925189636125, 0.21369985287493493, 0.984969265098408, 0.9846346623028602, 0.9754428066146842, 0.944759621668758, 0.9549819289270555, 0.9686024978569303, 0.90587090139395, 0.5988527966149754, 0.0, 0.9025446185414181, 0.9860100613770374, 0.9795242896466692, 0.9823085002734125, 0.9031448732530167, 0.9641340586764164, 0.9681820967024746, 0.9881327642406474, 0.9689512046931115], [0.0, 0.0, 0.0, 0.0, 0.0, 0.0, 0.0, 0.0, 0.0, 0.0, 0.0, 0.0, 0.0, 0.0, 0.0, 0.0, 0.0, 0.0, 0.0, 0.0, 0.0, 0.0, 0.0, 0.0, 0.0, 0.0, 0.0, 0.0, 0.0, 0.0, 0.0, 0.0, 0.0, 0.0, 0.0, 0.0, 0.0, 0.0, 0.0, 0.0, 0.0, 0.0, 0.0, 0.0, 0.0, 0.0, 0.0, 0.0, 0.0, 0.0, 0.0, 0.0, 0.0, 0.0, 0.0, 0.0, 0.0, 0.0, 0.0, 0.0, 0.0, 0.0, 0.0, 0.0, 0.0, 0.0, 0.0, 0.0, 0.0, 0.0, 0.0, 0.0, 0.0, 0.0, 0.0, 0.0, 0.0, 0.0, 0.0, 0.0, 0.0, 0.0, 0.0, 0.0, 0.0, 0.0, 0.0, 0.0, 0.0, 0.0, 0.0, 0.0, 0.0, 0.0, 0.0, 0.0, 0.0, 0.0, 0.0, 0.0, 0.0], [0.7264159864104478, 0.8533621614633308, 0.6120014450012893, 0.5569471813494403, 0.4778283181738096, 0.8814452018184554, 0.9000338980261184, 0.0, 0.8323566654591645, 0.0, 1.0, 0.7378591796145545, 0.7279301790655106, 0.8372606289743886, 0.6294731845245621, 0.898383334887785, 0.0, 0.8128730078476385, 0.8804236510692206, 0.8837987506522362, 0.6766119247277521, 0.6843045722766964, 0.8512937384024338, 0.8658415819221976, 0.8924642682714459, 0.8685316255876806, 0.817536025244192, 0.9178664045196516, 0.7620430995448524, 0.9437508553283461, 0.4310290191282295, 0.8917637119321575, 0.9018098110334933, 0.7854081418467782, 0.9023086139929691, 0.9289376539243743, 0.9354711361213158, 0.8440068751244099, 0.886923987387014, 0.8612881624437924, 0.8883344217221939, 0.757915920412651, 0.750210974648599, 0.9026160039376231, 0.8398928966921335, 0.9258614810314952, 0.4310290191282295, 0.8416569696682594, 0.8416065739481581, 0.8417432334949403, 0.9229654968907519, 0.8516118769740737, 0.6759115389112682, 0.9179571395037457, 0.0, 0.7131148840697559, 0.922163997094247, 0.7854104473350251, 0.8906934875696155, 0.9141817391867607, 0.378666257002578, 0.9442887601337457, 0.7618501057331791, 0.8941709414787756, 0.8875531623739803, 0.8824367304449003, 0.7158923033112438, 0.29735589947068414, 0.9294805876855439, 0.81421763512509, 0.8160610414437516, 0.9156525367746788, 0.0, 0.7575484459825291, 0.5330338138529163, 0.6990155921846776, 0.8909048940119849, 0.798311740696958, 0.8123159558077022, 0.9022024844125426, 0.9045262594350187, 0.6646624238185005, 0.2543097308141964, 0.79341561272751, 0.9016222491194632, 0.733546507015048, 0.7819408227335415, 0.7450872450569914, 0.8599512722130184, 0.6706615479427684, 0.6844507714774879, 0.0, 0.7961046366866193, 0.837620907803635, 0.855050955377772, 0.8393179893155984, 0.7086908931794202, 0.7039605639048709, 0.9267665042219472, 0.8621064015049161, 0.7843638669431888], [0.45015827007098136, 0.9561885101115072, 0.5467261108487043, 0.9455186488029272, 0.779000218467142, 0.8365384201529085, 0.929199719130496, 0.0, 0.9746087199497508, 0.0, 0.7378591796145545, 1.0000000000000004, 0.9689813104378499, 0.9736194956412059, 0.8870959176361034, 0.9337112130574358, 0.0, 0.9516384952694398, 0.923089105216039, 0.8284170310479739, 0.6129522425413224, 0.98310933464786, 0.8343279393883111, 0.9526762270646769, 0.9062031453211254, 0.8845801952618196, 0.9728880156359225, 0.8698419271461487, 0.9853606096275708, 0.5600519559348242, 0.25578641212828057, 0.9466363496340924, 0.9202420329915222, 0.9810405234507644, 0.6968966434434962, 0.859400829722458, 0.8620122599539223, 0.8998633652535792, 0.7886951190851672, 0.9557532228382616, 0.8863879984734565, 0.9906270709610191, 0.5720728526329114, 0.8034174166073493, 0.9714577025674195, 0.9067037585465971, 0.25578641212828057, 0.974827334464767, 0.9349059920677693, 0.8190318420560854, 0.8869477081292919, 0.9616513373281514, 0.9796945788495833, 0.907968398400689, 0.0, 0.9035203569135998, 0.9040161801749335, 0.9810998185744002, 0.7723278320267289, 0.9004027656036986, 0.22471267356576752, 0.8531293465907938, 0.7226336407133305, 0.8526929590902875, 0.7897967805793303, 0.9337576704996534, 0.9056919717954777, 0.17646050561657553, 0.823984135103704, 0.9866290831866097, 0.925888151582925, 0.9129214674705891, 0.0, 0.9581683742618735, 0.9303512041989592, 0.6270681409743221, 0.9174202690780581, 0.9104642050243038, 0.9792819410035772, 0.755825059876121, 0.9133915793569795, 0.969396027200017, 0.150915531733422, 0.9826009413708915, 0.9438656455878992, 0.9946080011347278, 0.9292011977417993, 0.941891657876215, 0.9192863238063335, 0.9100540099267498, 0.47178555716892284, 0.0, 0.8334772327756972, 0.9546263255882823, 0.9431681311511391, 0.9530767060154471, 0.8805519680911624, 0.9881418235586392, 0.9114595995634378, 0.9655234754143245, 0.9525780982579792], [0.5654779603608683, 0.9557753745781723, 0.5972495535710746, 0.9532286421121692, 0.8601721546632372, 0.8992187578041116, 0.9186851603746419, 0.0, 0.9682251646895879, 0.0, 0.7279301790655106, 0.9689813104378499, 0.9999999999999998, 0.9649595771523279, 0.9538980694281833, 0.9260030937969922, 0.0, 0.9420092289467312, 0.9276252566534872, 0.886317439405169, 0.6968372516826705, 0.9908470755163226, 0.9025430062025436, 0.964153893888055, 0.8727319751604783, 0.9248487711341392, 0.9829372614344716, 0.8919332525603328, 0.9783291253903453, 0.5909016628640892, 0.4116858013505674, 0.9477792035875723, 0.9003286019316264, 0.9867935495037813, 0.7344473050585916, 0.8770589721285084, 0.8872738217500856, 0.944432727492238, 0.8396855179022158, 0.9545852274385767, 0.8716971393843531, 0.9738729358608782, 0.6704175904094166, 0.8420736286175379, 0.9707445056558731, 0.9022176151521737, 0.4116858013505674, 0.9536407358485166, 0.9305670817876608, 0.9009892671225982, 0.912107859698046, 0.9637111130287035, 0.9795626670705405, 0.924505407825639, 0.0, 0.9562784178234529, 0.903965484853099, 0.9876773181370814, 0.8190690302434221, 0.912346285264334, 0.3616729142131126, 0.8664754875971864, 0.8172442923296568, 0.8938960253934666, 0.8411171955401867, 0.953459213587564, 0.9309375671981551, 0.2364785464560318, 0.8603127513683596, 0.964784732969973, 0.9516364227028349, 0.9277458631962854, 0.0, 0.9466209350058569, 0.9436920794711439, 0.7237973492724636, 0.9138244218230456, 0.957958816694566, 0.9751768753703741, 0.8048789954583545, 0.9289584073865135, 0.991331566716533, 0.24289711521799634, 0.9770546647483714, 0.9345040645020543, 0.9834960489956592, 0.9289134619629821, 0.9838353898213118, 0.9410425592199538, 0.947599409554745, 0.5742032560907528, 0.0, 0.9113316969094826, 0.9611139072657547, 0.947793479550551, 0.9692457421438034, 0.953052889918973, 0.9828447390529023, 0.9174780699197995, 0.9568820028100422, 0.9640226043546244], [0.5673058649349684, 0.9880642936795183, 0.6002930964064036, 0.8971365001853251, 0.767746330237452, 0.9078057753812895, 0.9830359846843028, 0.0, 0.9956274028769592, 0.0, 0.8372606289743886, 0.9736194956412059, 0.9649595771523279, 0.9999999999999999, 0.8936993782185575, 0.9638524705667525, 0.0, 0.9797914575322657, 0.967501883775909, 0.9086749399583535, 0.6770428194568537, 0.9541213155101216, 0.8964825235013569, 0.9845291373403752, 0.9381655860636788, 0.9372489167601702, 0.9907895195132739, 0.940318654899744, 0.9846688447713667, 0.6890632719531536, 0.329676457967942, 0.9887822556585117, 0.975500703077782, 0.9822013937293916, 0.8146128776464117, 0.9336707421229848, 0.9449933014234368, 0.9526615985986627, 0.8677234621421378, 0.9821301483391466, 0.935428328819704, 0.9873291157246585, 0.6635100332962827, 0.8840996692972375, 0.9914974599744766, 0.9681939437703677, 0.329676457967942, 0.9961667403288563, 0.9812274787557583, 0.891309720309074, 0.9542995771138585, 0.9933587677010861, 0.9520427277550018, 0.9697280786962781, 0.0, 0.9280962909576121, 0.9664782513031211, 0.9823768914898552, 0.8654486847958713, 0.9622849980899393, 0.2896263240305167, 0.9374576893780594, 0.7916713752029316, 0.9266676352441632, 0.8626468476147562, 0.980189865458891, 0.8961625407629438, 0.22347288446373154, 0.9214444498656446, 0.9933973479246042, 0.9697975082556348, 0.970934778102257, 0.0, 0.9562163999608739, 0.8814736470064302, 0.6906856270387675, 0.9486660542151151, 0.9548319213103, 0.9915129527884456, 0.8561232853028323, 0.9753865194752379, 0.9434705144028629, 0.1945111061226784, 0.9899836090919145, 0.988919368519391, 0.9755866949317683, 0.9417136201653982, 0.9548499824994896, 0.9601127544369874, 0.9036817756136055, 0.5743135389962787, 0.0, 0.899056944192422, 0.9754487778179062, 0.9785715713553476, 0.9781088327320354, 0.8907411917182386, 0.9588128487018353, 0.9686126348542838, 0.9923984460546903, 0.9686778796948269], [0.5341557585708624, 0.8710191534363075, 0.5396100377277288, 0.9445291508854776, 0.9039230132857646, 0.8331499941509236, 0.8343797165502098, 0.0, 0.8886288530985104, 0.0, 0.6294731845245621, 0.8870959176361034, 0.9538980694281833, 0.8936993782185575, 0.9999999999999999, 0.8435042907699515, 0.0, 0.8763685887243189, 0.8409752978301842, 0.8522137946149321, 0.621594758322347, 0.9300324660116355, 0.8433046801709793, 0.8940459099547711, 0.7388141565242132, 0.8362120959137966, 0.9134477560864385, 0.8300362518267534, 0.9258629480906014, 0.5303569836347001, 0.3403420569547332, 0.867782632514922, 0.8035286475626598, 0.9159949216757006, 0.6271217827551063, 0.8109456970360215, 0.8304113124748584, 0.8906645494974155, 0.7475860792836482, 0.882751208145948, 0.7380766340338466, 0.9095621298062205, 0.5945709411837746, 0.7923484409021554, 0.8847626557735938, 0.8027714403323886, 0.3403420569547332, 0.865857277661035, 0.8663077365175036, 0.8945926305121424, 0.8349229694266384, 0.891716114962189, 0.9427926484216153, 0.8499173555478335, 0.0, 0.9799165668099289, 0.8271178368901405, 0.921478301489275, 0.7615239867357328, 0.851933626411199, 0.29899623247702245, 0.7889837861887077, 0.7459476349349056, 0.8411631859596631, 0.760042346919075, 0.8788580672960244, 0.8670030533660233, 0.2032134253546014, 0.8211566921246175, 0.8780694014026075, 0.9292331705036204, 0.8394642182148337, 0.0, 0.8616147734909626, 0.9474241126393498, 0.6510424794573347, 0.7925062310930494, 0.9168984478904454, 0.8910718697603849, 0.7346989741784462, 0.8656774491728271, 0.9507505794058971, 0.20080387409637285, 0.9154920953071813, 0.8494376894421424, 0.9210361507925644, 0.8448615242245302, 0.9668524411488998, 0.8688345175779079, 0.9100084079041617, 0.5062951506467736, 0.0, 0.922903108777861, 0.8812224617516936, 0.8671659437412794, 0.9085423037578451, 0.9113198198893041, 0.910205466601707, 0.8310365802062594, 0.8772318220383156, 0.9001427549316103], [0.621049918082413, 0.9623183837535417, 0.6208682231127122, 0.8417612217621927, 0.7082097359716316, 0.9179608058381522, 0.9615496310231213, 0.0, 0.9592884399098079, 0.0, 0.898383334887785, 0.9337112130574358, 0.9260030937969922, 0.9638524705667525, 0.8435042907699515, 0.9999999999999999, 0.0, 0.9407854842308733, 0.9556861523855879, 0.9099621450812377, 0.68298858320385, 0.9112918013714226, 0.9034467448393866, 0.9712220564575601, 0.9463541277969758, 0.9295834092268913, 0.9580372659549555, 0.9486332948596599, 0.9374532134000847, 0.7986283735476091, 0.36474881326431746, 0.9779616686455268, 0.9489199035698829, 0.9502437420303006, 0.8182427976510454, 0.9463154630608612, 0.9526808781641444, 0.9323919142498137, 0.8839477743235347, 0.9704949736476196, 0.9143824470450436, 0.9378337830514941, 0.6904450439586498, 0.8969651311437017, 0.9638237704915045, 0.9597468992677035, 0.36474881326431746, 0.9630186482035628, 0.9383895790455149, 0.9073265214422095, 0.9598663298654379, 0.9655666248005813, 0.9112303610382004, 0.9712347875464632, 0.0, 0.8848984516033364, 0.9663828663248852, 0.9481948718030417, 0.8774119547707596, 0.9660285860645663, 0.3204379791975025, 0.9438403487596765, 0.7855192797281825, 0.932147442886347, 0.8922555547296023, 0.9671268795705947, 0.9041063848003915, 0.2516308801399038, 0.9318608736854646, 0.9588153262506807, 0.9456604909174294, 0.9688746357175214, 0.0, 0.9159740898985392, 0.8246512168314107, 0.7124897653871237, 0.9520962888606813, 0.9207371557588345, 0.953794928916697, 0.8652340405451971, 0.9656389006555743, 0.8999039198364759, 0.21520400808199575, 0.9574807620996866, 0.9784864904088527, 0.9357784536836758, 0.9104501042128854, 0.9240541428334414, 0.9524173764699153, 0.8695615355517523, 0.601395265572691, 0.0, 0.8832784168546418, 0.951075219532914, 0.9540971480594416, 0.9634872544870238, 0.8700283641673119, 0.9231922417090767, 0.9760238755106514, 0.9776200698281758, 0.9275940811903909], [0.0, 0.0, 0.0, 0.0, 0.0, 0.0, 0.0, 0.0, 0.0, 0.0, 0.0, 0.0, 0.0, 0.0, 0.0, 0.0, 0.0, 0.0, 0.0, 0.0, 0.0, 0.0, 0.0, 0.0, 0.0, 0.0, 0.0, 0.0, 0.0, 0.0, 0.0, 0.0, 0.0, 0.0, 0.0, 0.0, 0.0, 0.0, 0.0, 0.0, 0.0, 0.0, 0.0, 0.0, 0.0, 0.0, 0.0, 0.0, 0.0, 0.0, 0.0, 0.0, 0.0, 0.0, 0.0, 0.0, 0.0, 0.0, 0.0, 0.0, 0.0, 0.0, 0.0, 0.0, 0.0, 0.0, 0.0, 0.0, 0.0, 0.0, 0.0, 0.0, 0.0, 0.0, 0.0, 0.0, 0.0, 0.0, 0.0, 0.0, 0.0, 0.0, 0.0, 0.0, 0.0, 0.0, 0.0, 0.0, 0.0, 0.0, 0.0, 0.0, 0.0, 0.0, 0.0, 0.0, 0.0, 0.0, 0.0, 0.0, 0.0], [0.5395622999695965, 0.9702457457564849, 0.5810489203972873, 0.8801287187947319, 0.7568390040636148, 0.8832646306814996, 0.9710197272257867, 0.0, 0.9738793953496914, 0.0, 0.8128730078476385, 0.9516384952694398, 0.9420092289467312, 0.9797914575322657, 0.8763685887243189, 0.9407854842308733, 0.0, 0.9999999999999992, 0.9482976698805994, 0.8787236167248706, 0.6584707599770682, 0.9288384166540856, 0.8638319139473785, 0.9567771932299205, 0.9214572534035225, 0.9144988575025697, 0.9649861273089015, 0.9066769956056305, 0.9582307420968117, 0.6742573009291504, 0.30794617182988, 0.9684176774281064, 0.9542045367640118, 0.9523857529457213, 0.8083651987795181, 0.9074857452742444, 0.924960999944544, 0.925957508594282, 0.8444714340113261, 0.9460736931347236, 0.9051704268050335, 0.9670532125109249, 0.6334408979098728, 0.8418326975709018, 0.9637812124397289, 0.9523065736868563, 0.30794617182988, 0.9794843324035456, 0.9640275568663528, 0.86774472975522, 0.9295501480157053, 0.9673350504302383, 0.9328791656642973, 0.9480911305003784, 0.0, 0.9053133234396566, 0.9386288790355928, 0.9549967976807809, 0.8552742586079083, 0.9396053619969494, 0.2705359014595783, 0.9130941161355737, 0.7639682226716914, 0.901145889864901, 0.8287021971972082, 0.9590696106795034, 0.8662633815879488, 0.21244419018058328, 0.9081980192369281, 0.9715937876679257, 0.9636423959133597, 0.9487149540463775, 0.0, 0.93283031085124, 0.8663555269710658, 0.6654320189161245, 0.91059501825934, 0.9467766013158335, 0.9662640294005124, 0.827990431144992, 0.955081738487782, 0.9195617814674159, 0.1816901057420939, 0.9755454735926044, 0.9697138857009219, 0.9494100090861118, 0.9177645016149026, 0.9379959681603666, 0.93448095751575, 0.8987201038858572, 0.5561545431901621, 0.0, 0.86916960272354, 0.9355855848603805, 0.9552353471972834, 0.9448514969262198, 0.8623520730507049, 0.9315956659010814, 0.9424369678336497, 0.9748438881079564, 0.9492845048375345], [0.6662031466937969, 0.9827132455006902, 0.7664232946598554, 0.8163997127483248, 0.7477783940575089, 0.9410407378207245, 0.9712165891764651, 0.0, 0.969822443634839, 0.0, 0.8804236510692206, 0.923089105216039, 0.9276252566534872, 0.967501883775909, 0.8409752978301842, 0.9556861523855879, 0.0, 0.9482976698805994, 0.9999999999999996, 0.9313845918679956, 0.7792926747358904, 0.9034605115163024, 0.9260499954604403, 0.9744005709772168, 0.9438375921105153, 0.9668214312079504, 0.9656427762043908, 0.9526645710988928, 0.9357558835204555, 0.756714579789474, 0.43594875750777634, 0.9790066489519066, 0.9658601587643636, 0.9528157928556927, 0.8760438635527132, 0.953247906168063, 0.9596376806582163, 0.9617165340755238, 0.9230045964930175, 0.9582034188934757, 0.9471509346374762, 0.9359121942494024, 0.7554137019930124, 0.9119788215187161, 0.9728258191229289, 0.9746000259528185, 0.43594875750777634, 0.9669670413273285, 0.9540671585304975, 0.908576310041301, 0.9705043390516266, 0.9741911039118668, 0.8891141301469129, 0.9756022704473589, 0.0, 0.8817551225632922, 0.9640708528243113, 0.9472753061834951, 0.9081786258600942, 0.9604702953061716, 0.4015877598518752, 0.9580268887540604, 0.8451928629354144, 0.9451615758645243, 0.9074158549388898, 0.9796046211795089, 0.8876051954067438, 0.43737146980561287, 0.9366218181114963, 0.9596069213051486, 0.939253776613321, 0.979068903329264, 0.0, 0.9670716186999632, 0.7978801694040001, 0.7881325104836837, 0.9555513901745792, 0.9504935904668401, 0.9653760063987735, 0.9031284725623139, 0.97386837245138, 0.8912374251160194, 0.3918403541249362, 0.950033365864632, 0.9771933640740567, 0.9244589433534739, 0.9762695045220589, 0.9221719554679246, 0.9631207082307632, 0.8856040178210784, 0.6885555155678612, 0.0, 0.9011862458521774, 0.9627365741922381, 0.979567947932612, 0.9638043105028689, 0.892147167901548, 0.9108107255778451, 0.9740020459493799, 0.9702303926616144, 0.9592405772750225], [0.8247875047393824, 0.9191099063482717, 0.6611210912322335, 0.7412040155409666, 0.7055163898081507, 0.9727679351286507, 0.9243952388825408, 0.0, 0.9138320629440171, 0.0, 0.8837987506522362, 0.8284170310479739, 0.886317439405169, 0.9086749399583535, 0.8522137946149321, 0.9099621450812377, 0.0, 0.8787236167248706, 0.9313845918679956, 0.9999999999999994, 0.7759431486652923, 0.829455929010036, 0.9728491484588436, 0.9518452436533167, 0.885761362536076, 0.9512755417418138, 0.9192001724250707, 0.9716089694581753, 0.8685770486306995, 0.8222748939346148, 0.5363529192514964, 0.9423263811308996, 0.9130428197401691, 0.8965950892104165, 0.902346184928354, 0.9709172373382623, 0.9756365178986053, 0.9540700039272719, 0.9322657622700943, 0.9178180268977586, 0.8956717963000835, 0.8527186330301075, 0.843036023737004, 0.9682202976180807, 0.9169350692920912, 0.9384781857362479, 0.5363529192514964, 0.8938026291651819, 0.9047411684891814, 0.9687892780813558, 0.9760153981861207, 0.9371727326054128, 0.8173973084993692, 0.9675519732641121, 0.0, 0.8908648102287899, 0.9411081540024508, 0.8926321767822551, 0.9589796407032499, 0.950183347615444, 0.4711950781785973, 0.9670545287775009, 0.8875876539236917, 0.9818758980556197, 0.9550859171755843, 0.9617993055615356, 0.8744509438145864, 0.3181030623652115, 0.9666587599541832, 0.8825877740398962, 0.9156681301379913, 0.9556427360251394, 0.0, 0.8429522617512848, 0.7272301398410822, 0.7971730065613043, 0.9197491184948872, 0.9264354080537636, 0.8998727663513076, 0.9628058998347465, 0.9669966585718178, 0.827660684575036, 0.316451469537085, 0.8850239592308666, 0.9320011845181628, 0.8501007843861774, 0.8634455401638792, 0.9139565206632071, 0.9605772959757574, 0.8142940758090528, 0.7540676355454814, 0.0, 0.9715412689580588, 0.9370787845775894, 0.9166185516099215, 0.9501520524335996, 0.8952536452602038, 0.836233905359651, 0.9542935093154022, 0.9159687630298554, 0.8852962589739137], [0.7720659072358378, 0.7689015950724352, 0.7795484956135045, 0.5241369160343781, 0.7317025311491386, 0.8392506390678615, 0.6918161357935789, 0.0, 0.6984590962172725, 0.0, 0.6766119247277521, 0.6129522425413224, 0.6968372516826705, 0.6770428194568537, 0.621594758322347, 0.68298858320385, 0.0, 0.6584707599770682, 0.7792926747358904, 0.7759431486652923, 1.0, 0.6453308640828845, 0.8289259951247464, 0.7350416057400437, 0.6777873127813676, 0.863542489412481, 0.7166061666763547, 0.7419121760169659, 0.6378067089389864, 0.627659837744703, 0.7200872710924698, 0.7236633708469022, 0.6869827483057908, 0.7095012418129173, 0.7898918415284939, 0.7441817857647142, 0.7462264686001822, 0.8146748917565212, 0.8728181148564854, 0.6787371364269725, 0.7461317754387724, 0.6273453202639578, 0.8602124910263234, 0.7540633437971542, 0.7256166739176371, 0.7383222088064321, 0.7200872710924698, 0.6676170738033014, 0.6680811429020955, 0.7819374204558384, 0.7758286167573023, 0.7110572714404221, 0.5901636896974686, 0.7505581026911039, 0.0, 0.638084924274268, 0.7094754803386163, 0.6879144625631515, 0.7753854788458341, 0.7119405736943653, 0.7218116172935103, 0.7439255180280245, 0.8851540264651923, 0.768592108498545, 0.8230529037794241, 0.7585112087937357, 0.7046195005889482, 0.5881116427978051, 0.7282783918064732, 0.6636078542861634, 0.6680628647891452, 0.7677138408283314, 0.0, 0.7220828536283086, 0.5105337289696217, 0.9776554739682566, 0.7412003007219163, 0.7950177279577039, 0.7105770740441522, 0.7992719802584259, 0.7354521071843569, 0.64733312923743, 0.7510217088998785, 0.6508579520526285, 0.7004255757970034, 0.6255295935861834, 0.7579420754037764, 0.7028623982102956, 0.7614800551172938, 0.7505150739091756, 0.883273119786678, 0.0, 0.7451128702508775, 0.7331766088931629, 0.7937370836674008, 0.7245260760251784, 0.8005523919185136, 0.643225594582258, 0.7443608785834603, 0.6815659003484446, 0.7936539020866296], [0.47342374396181874, 0.9393749170227821, 0.5599506192090707, 0.9698135870791815, 0.8463307560371409, 0.8480972129051417, 0.8954623068692138, 0.0, 0.956867862755767, 0.0, 0.6843045722766964, 0.98310933464786, 0.9908470755163226, 0.9541213155101216, 0.9300324660116355, 0.9112918013714226, 0.0, 0.9288384166540856, 0.9034605115163024, 0.829455929010036, 0.6453308640828845, 1.0, 0.8525342913786673, 0.9423312566619231, 0.8606693355340265, 0.8882435046600377, 0.970612912316527, 0.8523549437802048, 0.9791298659427807, 0.5241841455476745, 0.3437227138295559, 0.925301999752095, 0.87925422818658, 0.9825382044012707, 0.6694558556750081, 0.8351514039739445, 0.8404296305112429, 0.906241222976264, 0.7901077243783453, 0.9429873128734169, 0.8525757912805569, 0.9777955443124948, 0.5991004397604742, 0.7904971797621376, 0.9596764450529357, 0.873694159689285, 0.3437227138295559, 0.9467869510691497, 0.9087538892472359, 0.8452502662330327, 0.8720664491647585, 0.9445596688837004, 0.9885860462881412, 0.8892755241960417, 0.0, 0.9304300124516277, 0.873697927163273, 0.9839256626522207, 0.7550176151333787, 0.8794035800670181, 0.3019661965123633, 0.8211710600050133, 0.7624286564948407, 0.8429321505704062, 0.7899344866193512, 0.9235397089296801, 0.9178923857460278, 0.20180631743382804, 0.8055591818422524, 0.9643761573330011, 0.9236597158100563, 0.8965234110039348, 0.0, 0.9491946403807449, 0.9591546683193602, 0.6717492205033264, 0.8985465114810421, 0.9242628281775175, 0.9687055282341516, 0.7425170982566757, 0.8936224509485405, 0.9958574915139498, 0.2027984821196334, 0.9717025987474882, 0.9143380740152917, 0.9914869597721245, 0.9204986691630261, 0.9629470594758179, 0.9111091838095701, 0.9407492248071169, 0.49836254216807346, 0.0, 0.8552510497383993, 0.9450552242651966, 0.9291241496444426, 0.948581669489509, 0.925481588930684, 0.9938679732754088, 0.8886658003078516, 0.9434843305172509, 0.9532648125885207], [0.8533780804723905, 0.9147024467571687, 0.6859791030474145, 0.7456636734875518, 0.721950856817151, 0.991851066800323, 0.8963416560819766, 0.0, 0.9104839653631784, 0.0, 0.8512937384024338, 0.8343279393883111, 0.9025430062025436, 0.8964825235013569, 0.8433046801709793, 0.9034467448393866, 0.0, 0.8638319139473785, 0.9260499954604403, 0.9728491484588436, 0.8289259951247464, 0.8525342913786673, 1.0000000000000004, 0.9500121217986828, 0.8731503897589749, 0.9740435671916233, 0.9255782549097514, 0.9558669412494641, 0.8638829521971692, 0.7764246684775747, 0.6475161910931221, 0.9316859682688536, 0.8883574774141384, 0.9098085165450204, 0.8980489042302751, 0.9491046792750698, 0.9515584169554809, 0.9553577069790127, 0.9487331166322146, 0.9078657158610826, 0.9102119409851184, 0.8471507289073773, 0.8952319984976275, 0.9588878976755203, 0.9212565971124835, 0.9320095023825699, 0.6475161910931221, 0.8808842523281805, 0.8739050420592704, 0.9640132652806762, 0.971166746915286, 0.9278819266684386, 0.8170921173547622, 0.9562003749276757, 0.0, 0.8699481080402329, 0.9208844821838557, 0.90287767643321, 0.9480076764708172, 0.9297678192209359, 0.5688538858142508, 0.9409311066113546, 0.9384675861133855, 0.9728100216133372, 0.9800912176669101, 0.9582438151748214, 0.9038730220239923, 0.35040168057354404, 0.9307862030332668, 0.8808440844685707, 0.8862348657775622, 0.9530302672045966, 0.0, 0.8539334232111485, 0.7302144044408343, 0.8567530013441632, 0.9312047958285432, 0.9312590267075788, 0.9058938203214728, 0.9618364561514835, 0.9488492041354462, 0.8510855192681313, 0.38203847292642934, 0.8736950474983652, 0.9144902206166019, 0.8534846944278528, 0.8678048983159892, 0.9207351085105754, 0.9681684015215514, 0.8513242243715264, 0.7952972105488999, 0.0, 0.9540685822407207, 0.9438401067480696, 0.9132076843038844, 0.949288314601985, 0.9354611374925463, 0.8565973010879653, 0.9489964600217962, 0.9001862186170602, 0.8899903754407201], [0.682591926353983, 0.9822051343956688, 0.6386311863216818, 0.8658048407401189, 0.7574714926943515, 0.9