[[0.0, 0.006045105489616676, 0.005858339997298678, 0.005969220131352149, 0.006151235808753208, 0.006095462574978505, 0.005717239069084057, 0.006095462574978505, 0.00598934402098128, 0.0019401789520174795, 0.0019392673261102722, 0.005625969133030262, 0.005821177993210025, 0.006151235808753208, 0.006000162927088715, 0.005907139663817507, 0.006050515513283727, 0.005892836334441487, 0.006045105489616676, 0.005983015655928847, 0.005926342174006116, 0.006151235808753208, 0.005888656133484549, 0.006151235808753208, 0.006045105489616676, 0.006045105489616676, 0.006033366525576289, 0.005917350171549707, 0.006050515513283727, 0.002486165919677319, 0.002829873624293544, 0.006050515513283727, 0.005975548322837421, 0.006089132874742553, 0.005475069874520511, 0.005880067321936355, 0.006033366525576289, 0.00598934402098128, 0.005347684064576752, 0.005476836948481445, 0.005994753444947154, 0.006045105489616676, 0.006095462574978505, 0.005802375937454141, 0.005994753444947154, 0.005175913804438714, 0.006095462574978505, 0.006151235808753208, 0.0061008731402527605, 0.0061008731402527605, 0.006000162927088715, 0.005994753444947154, 0.006045105489616676, 0.006045105489616676, 0.006050515513283727, 0.006039695524133526, 0.006151235808753208, 0.006151235808753208, 0.003718016462564089, 0.005961753003065118, 0.005994753444947154, 0.00591552485562441, 0.005628348116692772, 0.005910899397273628, 0.004788408141957579, 0.005874659131274829, 0.005894064474660343, 0.006050515513283727, 0.004475167607967956, 0.006095462574978505, 0.005608361102344528, 0.0061008731402527605, 0.006095462574978505, 0.006151235808753208, 0.005994753444947154, 0.005317555075829317, 0.005484875422894886, 0.005795653489835795, 0.006050515513283727, 0.005673244226060081, 0.006045105489616676, 0.006000162927088715, 0.003760823532269697, 0.00598934402098128, 0.006050515513283727, 0.006050515513283727, 0.006045105489616676, 0.005910899397273628, 0.00422101804660957, 0.005428252041488557, 0.0058994728739942826, 0.0061008731402527605, 0.0058381156969657955, 0.006045105489616676, 0.0061008731402527605, 0.005838520306367556, 0.005573958189950545, 0.006050515513283727, 0.003667080284107449, 0.006050515513283727, 0.004884382110107444], [0.006045105489616676, 0.0, 0.005964950003055192, 0.002507983126076807, 0.003375689812561866, 0.0023857333859689245, 0.0032632824519274184, 0.0061008731402527605, 0.004542181167925818, 0.006151235808753208, 0.006045105489616676, 0.0038584731038868725, 0.0023942932385223603, 0.0061008731402527605, 0.003135763583345108, 0.006019569620003384, 0.006038776422990999, 0.0057947348345439575, 0.0038825970412106336, 0.005961243047957643, 0.005826585608791346, 0.003974006888968651, 0.0059389975576837895, 0.0016714776248587526, 0.005832912005872881, 0.0011404040017888306, 0.0023954241906327667, 0.0057915389163629705, 0.002411254000403318, 0.006050515513283727, 0.006095462574978505, 0.002770472430759119, 0.0030505021362723372, 0.0019634664917953515, 0.0061008731402527605, 0.006089132874742553, 0.00516597488093451, 0.004072355225535729, 0.004905706390200715, 0.005409573107705956, 0.005695922842146928, 0.002301806866207068, 0.005994753444947154, 0.0056899945192432355, 0.006151235808753208, 0.003705168424172456, 0.006033366525576289, 0.006050515513283727, 0.004642290147202077, 0.0031166674651963433, 0.0061008731402527605, 0.002194715639808109, 0.0022739758928311815, 0.0018696605025616542, 0.006038776422990999, 0.003746971720128389, 0.00598934402098128, 0.006050515513283727, 0.005871376921537941, 0.005716496980833208, 0.006151235808753208, 0.003271285571800675, 0.005390427002456066, 0.005700410627989871, 0.006081663966174489, 0.002705865501111626, 0.005821177993210025, 0.006038776422990999, 0.0061008731402527605, 0.0025647327018825106, 0.004368219961738751, 0.0061008731402527605, 0.005983015655928847, 0.0019083590133370798, 0.0025770615802303, 0.005421581304725365, 0.005152476700233999, 0.0033258119180694656, 0.0016224734612579894, 0.0059197945643303385, 0.002144019524139562, 0.0027052081244427484, 0.006089132874742553, 0.002018782536580055, 0.006151235808753208, 0.0019318599049948926, 0.002565829675517328, 0.004623677029736983, 0.004568842614229407, 0.006151235808753208, 0.006039695524133526, 0.006000162927088715, 0.006033366525575845, 0.002661918600147528, 0.0032409288075969656, 0.0024570075534016134, 0.0055311738746604, 0.002760606101425589, 0.006151235808753208, 0.0061008731402527605, 0.005882329035157063], [0.005858339997298678, 0.005964950003055192, 0.0, 0.005964950003055192, 0.005851393487611212, 0.005914605981348187, 0.005818201899686626, 0.005880986133113497, 0.00585139348761099, 0.005852932040271153, 0.005852932040270931, 0.006038776422990999, 0.005853451015004341, 0.005957482938160119, 0.006027037606649355, 0.005798493727784404, 0.005801060830963989, 0.00571518209891031, 0.005907139663817507, 0.006050515513283727, 0.0056936619671115185, 0.005835034283060203, 0.005602037529658155, 0.005864266998372614, 0.005638363332594487, 0.005914605981348187, 0.005803118152445386, 0.005900592304118435, 0.006038776422990999, 0.005870593869477414, 0.005632438993463884, 0.005926342174006116, 0.00598934402098128, 0.005964950003055192, 0.005807000397814122, 0.0059712781408167714, 0.005625495603583497, 0.005975548322837421, 0.005707873876943381, 0.005897105850541706, 0.005887937886743577, 0.005803118152445608, 0.005857720196768446, 0.005595358473786227, 0.005776455968807381, 0.005920933485733748, 0.005769323298639328, 0.00578186310351847, 0.005843928108426599, 0.005703386024492829, 0.005832193838736677, 0.005739001115979692, 0.005864266998372614, 0.005802199483517789, 0.005787270296368385, 0.005887737308295282, 0.005970535677623179, 0.005692947489803757, 0.005675291898488144, 0.005883312682092745, 0.005975548322837643, 0.005559190867168828, 0.005658938421634563, 0.005895403919226494, 0.005746864639532667, 0.005763604145590628, 0.005871172857464524, 0.005764522744015954, 0.00590173118203996, 0.00589540391922605, 0.005791384834916258, 0.00578186310351847, 0.00591552485562441, 0.00585253225412985, 0.005746464937702367, 0.006089132874742553, 0.005840442047635008, 0.005763604145590628, 0.005914605981348187, 0.006038776422990999, 0.005914605981348187, 0.0057139947804702995, 0.005808925324997327, 0.005864266998372614, 0.00578186310351847, 0.005909197419281753, 0.005988425011836718, 0.00577837747292298, 0.005632438993463884, 0.005832193838736677, 0.00584933596863535, 0.005813373295700197, 0.00575165178625614, 0.006033366525576289, 0.005983015655928847, 0.005976687370495615, 0.005971278140816549, 0.005864266998372614, 0.005801060830963989, 0.005832193838736677, 0.0058640469855146815], [0.005969220131352149, 0.002507983126076807, 0.005964950003055192, 0.0, 0.002886555571036453, 0.002943508060684774, 0.004268409789188299, 0.006045105489616676, 0.005712342331462228, 0.005918875682253688, 0.005869455062061935, 0.004129637647055651, 0.0026250277238433206, 0.005983015655928847, 0.0031420561764059496, 0.005963810981977069, 0.006095462574978505, 0.00589540391922605, 0.004916498515183942, 0.005966652169717035, 0.005820259291291485, 0.004097698666862826, 0.005983015655928847, 0.0025026111350732183, 0.005988425011836718, 0.0024579845125332067, 0.0027495190615662857, 0.005892207361261059, 0.002970884088399517, 0.005918875682253688, 0.006050515513283727, 0.0033358846617630444, 0.004243968137898069, 0.0026887483235034093, 0.0059380786405238695, 0.005725930297495019, 0.0061008731402527605, 0.004239021116303032, 0.005448022908064898, 0.005404169975143258, 0.005871512663348177, 0.002880773019199534, 0.005983934655189982, 0.005590284822851732, 0.006089132874742553, 0.004817747585282195, 0.006050515513283727, 0.006089132874742553, 0.004592078421513879, 0.002911083689222771, 0.006033366525576289, 0.003013222252735037, 0.002507983126076807, 0.0028940415621920845, 0.006151235808753208, 0.003524065988161018, 0.006045105489616676, 0.006038776422990999, 0.006072765936136371, 0.00565239098723791, 0.00552559826165977, 0.00395412177419141, 0.0054900970668618765, 0.005801060830963545, 0.006089132874742553, 0.0035252075949103734, 0.005983934655189982, 0.006050515513283727, 0.005913467074272871, 0.0034582065044233, 0.004572349323203495, 0.006089132874742553, 0.0061008731402527605, 0.0027506349623140913, 0.002510026997909476, 0.005541363517463926, 0.005095896756233564, 0.0037034369779096465, 0.0026196544783905207, 0.005925203240354948, 0.0030158237589288373, 0.0028723337443150587, 0.005969220131352149, 0.002680416841239097, 0.005988425011836718, 0.0024579845125332067, 0.0032856896651010103, 0.004729507644579911, 0.0050296519169887866, 0.006033366525576289, 0.006095462574978505, 0.006000162927088715, 0.006089132874742553, 0.0034446001549341965, 0.0035392165687802013, 0.0029773933648489237, 0.005369481547832011, 0.002914752340495541, 0.006089132874742553, 0.006089132874742553, 0.006151235808753208], [0.006151235808753208, 0.003375689812561866, 0.005851393487611212, 0.002886555571036453, 0.0, 0.0034613725379308846, 0.004601353894047477, 0.0061008731402527605, 0.005994753444947154, 0.005888656133484549, 0.006095462574978505, 0.004784923314817835, 0.0033202238554423946, 0.005988425011836718, 0.0030786317353133086, 0.005977606358194665, 0.005949815380910994, 0.005783920346464466, 0.00522118473966704, 0.005909980531447756, 0.005870593869477414, 0.004421949736062913, 0.006095462574978505, 0.0033202238554426167, 0.005744407847976918, 0.0033256046125302863, 0.003270144192474733, 0.0058301363983084276, 0.003460036092294505, 0.006045105489616676, 0.005757058654271896, 0.004026543685853534, 0.004324984902164264, 0.003395710070475122, 0.006151235808753208, 0.006000162927088715, 0.006089132874742553, 0.004226408469890197, 0.005534638546266235, 0.005353882065425752, 0.006045105489616676, 0.00354348200646748, 0.005897105850541706, 0.005858116680352632, 0.006151235808753208, 0.004904254661059593, 0.006045105489616676, 0.006151235808753208, 0.004385889506661078, 0.00322006952860332, 0.006151235808753208, 0.003568449329373058, 0.0033256046125302863, 0.0033202238554426167, 0.006045105489616676, 0.0035858526480023745, 0.0059389975576837895, 0.006050515513283727, 0.0059603240901551224, 0.005769388115581364, 0.005888656133484549, 0.004406658465707203, 0.005309238260056359, 0.005913467074272205, 0.005994753444947154, 0.0039592286965939305, 0.0061008731402527605, 0.006095462574978505, 0.006095462574978505, 0.0042773793175234776, 0.0046952072617545415, 0.006050515513283727, 0.0061008731402527605, 0.003618761929274461, 0.0030285761864679017, 0.005499440139372869, 0.005057355603709013, 0.003402939563663887, 0.003387366835627903, 0.005975548322837643, 0.0035261785333293716, 0.003604251644911738, 0.0059389975576837895, 0.0031446097374048243, 0.006151235808753208, 0.00322006952860332, 0.003730680896203875, 0.004768023656609666, 0.005826585608791346, 0.005983015655928847, 0.006095462574978505, 0.006050515513283727, 0.005927261069723855, 0.004185574994272523, 0.003926134387017832, 0.0037074159135401796, 0.005357758345343244, 0.004039256586262585, 0.006151235808753208, 0.006000162927088715, 0.005930611974543032], [0.006095462574978505, 0.0023857333859689245, 0.005914605981348187, 0.002943508060684774, 0.0034613725379308846, 0.0, 0.0040095773589636785, 0.0061008731402527605, 0.005245505500987457, 0.0061008731402527605, 0.0061008731402527605, 0.004356138109233854, 0.002991509275233284, 0.005983015655928847, 0.0033642161093492273, 0.005880067321936355, 0.006095462574978505, 0.0057947348345439575, 0.0042320598318768, 0.005818916554975351, 0.005865185780684623, 0.004409671313226227, 0.0057205237641606566, 0.0022902229326524637, 0.006033366525576289, 0.001963604646062711, 0.002818055328071667, 0.0057915389163629705, 0.003074877280682786, 0.0061008731402527605, 0.006151235808753208, 0.0034289900533974738, 0.00363899504774734, 0.002812680013487112, 0.006050515513283727, 0.005988425011836718, 0.005271002088966359, 0.004171967487570649, 0.005035026971246248, 0.00555640592564588, 0.005914385946468537, 0.002932283802709712, 0.005980957598439085, 0.005695400724344379, 0.005932669826041348, 0.004476083854352497, 0.0061008731402527605, 0.005932669826041348, 0.00474498525975231, 0.0032523788467835324, 0.005932669826041348, 0.00269517366569616, 0.002943508060684774, 0.002397188189759758, 0.006045105489616676, 0.003787664740483976, 0.0061008731402527605, 0.005932669826041348, 0.006000162927088715, 0.005766821174075343, 0.005925203240354726, 0.003576511229161694, 0.005306778776449361, 0.005814851743733751, 0.005975548322837421, 0.0031158357912386414, 0.005983934655189982, 0.006151235808753208, 0.006050515513283727, 0.003495849223068559, 0.004480306152666369, 0.005882329035157063, 0.006151235808753208, 0.002744282851328883, 0.0029318413661776344, 0.005531063995797503, 0.004939742459463492, 0.003366778549741989, 0.0025518397762454015, 0.005771831789314286, 0.0029293776426542184, 0.002915106010096924, 0.006151235808753208, 0.002888089873409605, 0.005932669826041348, 0.0027009656612249078, 0.003441468871512976, 0.004612992674322802, 0.005099795455264955, 0.006038776422990999, 0.00598934402098128, 0.005949815380911216, 0.006033366525575845, 0.003409569379927868, 0.0034596629634255915, 0.0029631045059548278, 0.005374884307562722, 0.0032289171696364694, 0.005994753444947154, 0.005983015655928847, 0.005983015655928847], [0.005717239069084057, 0.0032632824519274184, 0.005818201899686626, 0.004268409789188299, 0.004601353894047477, 0.0040095773589636785, 0.0, 0.006017001401305455, 0.0040282505529198875, 0.005722645567102447, 0.005823300220880734, 0.004915977911912117, 0.004175506604342294, 0.005459571882023395, 0.004663273285737679, 0.00572805212324945, 0.006050515513283727, 0.006045105489616676, 0.0041623339755823, 0.005932669826041348, 0.005977606358194221, 0.005181041669784614, 0.005440900906454438, 0.003528961497089922, 0.005782581198783943, 0.003045969231817214, 0.00413278141622353, 0.005892207361260615, 0.004040818774520227, 0.005767563336593895, 0.005809308529262758, 0.004141962491025053, 0.003526341450775128, 0.0038968807851311738, 0.005905490875065755, 0.00591552485562441, 0.004254147249161733, 0.004020045569487429, 0.0051799362600444265, 0.005382981693849542, 0.005765441344119049, 0.003890514143675805, 0.006095462574978505, 0.005738258995613199, 0.005473931962521661, 0.004877714367274466, 0.006000162927088715, 0.005230164300180418, 0.005002795261941362, 0.004663273285737679, 0.005330720396224065, 0.0037247436147325175, 0.004064403917679149, 0.0034178022302528976, 0.006151235808753208, 0.004415286776396021, 0.006045105489616676, 0.005330720396224065, 0.005887737308295282, 0.005549751123714808, 0.006038776422990999, 0.003531505425246717, 0.005447040112278589, 0.005920933485733526, 0.006027037606649355, 0.0035428072927157217, 0.006045105489616676, 0.006151235808753208, 0.005003319365583847, 0.004525929178241572, 0.004720626098051017, 0.005342442968153893, 0.0061008731402527605, 0.0038283356515518285, 0.004418762965509249, 0.005770913177537862, 0.004845578540932705, 0.004567671546957364, 0.0034680962503528256, 0.006025898444967703, 0.00341353438568337, 0.004379492992709233, 0.005885370340073193, 0.0036855924392060757, 0.005230164300180418, 0.0038905787186838126, 0.0035298760180961786, 0.00532631738557221, 0.004485734559695365, 0.005257201669802258, 0.006095462574978505, 0.006151235808753208, 0.0057065314406716805, 0.00368467763436775, 0.004007438422846121, 0.00398527925926806, 0.005517835460526754, 0.004009996391520332, 0.005634569550211355, 0.005342442968153893, 0.005103629814701582], [0.006095462574978505, 0.0061008731402527605, 0.005880986133113497, 0.006045105489616676, 0.0061008731402527605, 0.0061008731402527605, 0.006017001401305455, 0.0, 0.0061008731402527605, 0.0061008731402527605, 0.005932669826041348, 0.006050515513283727, 0.006000162927088715, 0.006039695524133526, 0.006045105489616676, 0.005976687370495615, 0.006151235808753208, 0.005887937886743577, 0.006151235808753208, 0.005970139105408112, 0.005649648242486149, 0.0059389975576837895, 0.006045105489616676, 0.006095462574978505, 0.006033366525575845, 0.0061008731402527605, 0.006045105489616676, 0.005905596109956113, 0.0061008731402527605, 0.0061008731402527605, 0.006151235808753208, 0.006151235808753208, 0.005988425011836718, 0.005888656133484549, 0.006151235808753208, 0.005788808652868127, 0.006038776422990999, 0.006045105489616676, 0.006003204944594165, 0.006000162927088715, 0.005870593869477414, 0.006151235808753208, 0.005927261069723855, 0.005957482938160341, 0.0061008731402527605, 0.005966652169717257, 0.006151235808753208, 0.006151235808753208, 0.0061008731402527605, 0.005969220131352149, 0.006151235808753208, 0.006038776422990555, 0.005932669826041348, 0.0061008731402527605, 0.0061008731402527605, 0.005920933485733748, 0.006045105489616676, 0.00598934402098128, 0.005863128205283008, 0.005975548322837421, 0.0061008731402527605, 0.006033366525575845, 0.0056978440385626605, 0.006045105489616676, 0.006151235808753208, 0.006095462574978505, 0.0061008731402527605, 0.006050515513283727, 0.006095462574978505, 0.006022411122715621, 0.005870593869477414, 0.006000162927088715, 0.006151235808753208, 0.006151235808753208, 0.006151235808753208, 0.005988425011836718, 0.005982496547487948, 0.006081663966174489, 0.006151235808753208, 0.0056950043690264796, 0.006095462574978505, 0.006011696995166016, 0.0061008731402527605, 0.005994753444947154, 0.0061008731402527605, 0.006039695524133526, 0.006033366525576289, 0.00529167208431458, 0.0061008731402527605, 0.005983015655928847, 0.005918875682253244, 0.0061008731402527605, 0.005879043283081087, 0.006151235808753208, 0.006045105489616676, 0.005983015655928847, 0.00598934402098128, 0.006038776422990555, 0.006151235808753208, 0.006011696995166016, 0.0061008731402527605], [0.00598934402098128, 0.004542181167925818, 0.00585139348761099, 0.005712342331462228, 0.005994753444947154, 0.005245505500987457, 0.0040282505529198875, 0.0061008731402527605, 0.0, 0.006050515513283727, 0.006050515513283727, 0.005246843218871922, 0.005374196046188384, 0.0035686524601952208, 0.006045105489616676, 0.005765506160560596, 0.006151235808753208, 0.006031308262063995, 0.0032005147964304648, 0.005130021522329775, 0.00572007886418513, 0.0041100291511897424, 0.003461665272657788, 0.004595949381385411, 0.0061008731402527605, 0.0043681905168160284, 0.0055316234392908115, 0.005796436425220763, 0.005227466326889196, 0.0059444064402138785, 0.006050515513283727, 0.004860371661713492, 0.004611540251628243, 0.0049592532474016515, 0.006045105489616676, 0.00573153740503729, 0.0021140421858376612, 0.005145235757628486, 0.0053614449183669866, 0.005898244720568879, 0.005238249432233166, 0.005056209795601507, 0.00598934402098128, 0.005913467074272649, 0.0031537277621398463, 0.00459352382321887, 0.00598934402098128, 0.0030111763286062576, 0.005467321171714223, 0.0061008731402527605, 0.003061230140764204, 0.0046980118237920365, 0.005482240862112242, 0.004666232483756527, 0.0061008731402527605, 0.005954915036448405, 0.005592514550616601, 0.003437458202243393, 0.005921716616173356, 0.00589180270866585, 0.0061008731402527605, 0.005327601749676614, 0.005690380938468742, 0.005816676694317957, 0.005698044541286862, 0.004393679754823854, 0.005666919837340689, 0.006151235808753208, 0.0033256046125302863, 0.00437745373780607, 0.005422499278494364, 0.003072899845736332, 0.0061008731402527605, 0.004585160656923826, 0.005832193838736899, 0.005961753003065118, 0.006000162927088715, 0.005646524126258656, 0.0045797663815903, 0.005726130811418262, 0.004903192301456638, 0.005607442789152595, 0.0061008731402527605, 0.005275686417647529, 0.003061230140764204, 0.004897297367796982, 0.004971884309069807, 0.005839659043737511, 0.004068050879827201, 0.004762614203971616, 0.006095462574978505, 0.006151235808753208, 0.004658264783557353, 0.004646161494041845, 0.004900132534319646, 0.005153758927762375, 0.005614345122179065, 0.005120813637530919, 0.0046835057807552705, 0.0032733727331992757, 0.0038325146330404625], [0.0019401789520174795, 0.006151235808753208, 0.005852932040271153, 0.005918875682253688, 0.005888656133484549, 0.0061008731402527605, 0.005722645567102447, 0.0061008731402527605, 0.006050515513283727, 0.0, 0.0019880841729709164, 0.005530758403150315, 0.00561448428507294, 0.005994753444947154, 0.006050515513283727, 0.00584506685804187, 0.0061008731402527605, 0.005842499530224643, 0.006151235808753208, 0.006089132874742553, 0.0059380786405238695, 0.005983934655189982, 0.006151235808753208, 0.006151235808753208, 0.005737662087911488, 0.006151235808753208, 0.006089132874742553, 0.00587333781954924, 0.006050515513283727, 0.002547824835325452, 0.002146522956083974, 0.006050515513283727, 0.006081663966174489, 0.005977606358194665, 0.005463344209471588, 0.005880067321936355, 0.005983015655928847, 0.006050515513283727, 0.005241723188471825, 0.00537084884734651, 0.006050515513283727, 0.006000162927088715, 0.005849135405581407, 0.005908455047723304, 0.0061008731402527605, 0.005281860806548799, 0.0061008731402527605, 0.0061008731402527605, 0.005949815380910994, 0.006000162927088715, 0.006151235808753208, 0.006151235808753208, 0.006151235808753208, 0.006151235808753208, 0.006050515513283727, 0.006050515513283727, 0.006095462574978505, 0.006050515513283727, 0.003755320936350781, 0.005961753003065118, 0.006151235808753208, 0.006089132874742553, 0.005633753659037399, 0.00574816636505826, 0.004957146099124232, 0.00582973179565105, 0.0061008731402527605, 0.006151235808753208, 0.004799862697569379, 0.005787988399354793, 0.005781863103518692, 0.0061008731402527605, 0.0058994728739942826, 0.0061008731402527605, 0.006151235808753208, 0.005267275830061591, 0.005384288487963351, 0.0057453264113369595, 0.006151235808753208, 0.005734377280885994, 0.006151235808753208, 0.0061008731402527605, 0.003449392325622691, 0.006050515513283727, 0.006151235808753208, 0.0061008731402527605, 0.005888656133484549, 0.006022411122715621, 0.0037290106296954395, 0.004948828435824559, 0.006151235808753208, 0.006000162927088715, 0.0058992687985206516, 0.006050515513283727, 0.006151235808753208, 0.006012101744229614, 0.005473353431754813, 0.006000162927088715, 0.0040351008734218485, 0.0061008731402527605, 0.005046835714081155], [0.0019392673261102722, 0.006045105489616676, 0.005852932040270931, 0.005869455062061935, 0.006095462574978505, 0.0061008731402527605, 0.005823300220880734, 0.005932669826041348, 0.006050515513283727, 0.0019880841729709164, 0.0, 0.005581064009614556, 0.0058319932825190435, 0.00598934402098128, 0.005894064474660343, 0.00590173118203996, 0.006151235808753208, 0.00578676051814786, 0.005994753444947154, 0.006038776422990555, 0.005808525573836931, 0.005994753444947154, 0.006151235808753208, 0.006151235808753208, 0.005994753444947154, 0.0061008731402527605, 0.005983015655928847, 0.005710616939306412, 0.0061008731402527605, 0.0027086107561180572, 0.002805413913671728, 0.005994753444947154, 0.006031308262063995, 0.006033366525575845, 0.005525369908926603, 0.005767668542626669, 0.005988425011836718, 0.005994753444947154, 0.005241723188471825, 0.005426541769426807, 0.0059444064402138785, 0.006045105489616676, 0.005994753444947154, 0.005908455047723304, 0.006095462574978505, 0.00533214151132233, 0.0059444064402138785, 0.006095462574978505, 0.0061008731402527605, 0.0061008731402527605, 0.005994753444947154, 0.0061008731402527605, 0.005882329035157063, 0.006151235808753208, 0.0061008731402527605, 0.006095462574978505, 0.0059444064402138785, 0.005994753444947154, 0.003754406004400801, 0.005805329568015161, 0.006045105489616676, 0.006027037606649355, 0.005790123727318575, 0.005910899397273628, 0.004994762371830941, 0.005930407886434397, 0.006050515513283727, 0.006045105489616676, 0.004637488917708987, 0.0059389975576837895, 0.005602037529659043, 0.006045105489616676, 0.005838319747627052, 0.006050515513283727, 0.006045105489616676, 0.005373242093442698, 0.005540580979137122, 0.005901731182040182, 0.006151235808753208, 0.005835034283060425, 0.006050515513283727, 0.0061008731402527605, 0.003989222344185528, 0.006095462574978505, 0.006045105489616676, 0.006000162927088715, 0.006151235808753208, 0.006017001401305455, 0.004263750744039285, 0.00537347681419531, 0.0059444064402138785, 0.0061008731402527605, 0.005999958810757322, 0.005949815380910994, 0.0059444064402138785, 0.005899673457122834, 0.005529057711293639, 0.0061008731402527605, 0.0038729741477230295, 0.006050515513283727, 0.005035120034823315], [0.005625969133030262, 0.0038584731038868725, 0.006038776422990999, 0.004129637647055651, 0.004784923314817835, 0.004356138109233854, 0.004915977911912117, 0.006050515513283727, 0.005246843218871922, 0.005530758403150315, 0.005581064009614556, 0.0, 0.004160467376406851, 0.006151235808753208, 0.004679081026131904, 0.005930611974543032, 0.006000162927088715, 0.005976687370495393, 0.005047403121929639, 0.005687610410632482, 0.0059712781408167714, 0.004331981148734121, 0.006045105489616676, 0.003729455106930457, 0.006151235808753208, 0.0037348402542991543, 0.0041669921028433254, 0.0058301363983082055, 0.004220127969440934, 0.005799922180988126, 0.0057964364252209855, 0.004032506396089541, 0.00473463264729812, 0.003630352806656356, 0.006038776422990555, 0.0059712781408167714, 0.005803118152445608, 0.005104662901733503, 0.005372162829053506, 0.005614579955523835, 0.0059389975576837895, 0.003996096687638229, 0.005826585608791346, 0.0058250603779963495, 0.006151235808753208, 0.004585021778771292, 0.005983015655928847, 0.006050515513283727, 0.005217406097857813, 0.004492204210163608, 0.0061008731402527605, 0.004251879093173372, 0.0040259834172122755, 0.004300224959755905, 0.006039695524133526, 0.004753855103546867, 0.005988425011836718, 0.006095462574978505, 0.005697399158652416, 0.005545583328133263, 0.006072765936136371, 0.00497121653621857, 0.00586160286366022, 0.005666919837340467, 0.0057921677636558755, 0.0045262521896412, 0.005737352878375512, 0.006095462574978505, 0.005975548322837421, 0.004097640489445498, 0.005318404185586267, 0.006151235808753208, 0.005977087255336189, 0.00394301492307414, 0.004112354211238234, 0.00527062233928266, 0.005472515069294026, 0.004906407336704666, 0.0038467851132160114, 0.005715696097967626, 0.004255622182265828, 0.004089170018614308, 0.0057964364252209855, 0.0040986099451518765, 0.006151235808753208, 0.0036847191935389656, 0.0036937327477410964, 0.00566447667337866, 0.005119232158683484, 0.0059444064402138785, 0.006151235808753208, 0.00578043470161016, 0.006027037606649355, 0.004067719416111393, 0.004261880110887795, 0.004054603048339489, 0.0059411202825701, 0.004331603889583979, 0.005762939238870057, 0.006151235808753208, 0.006022411122715621], [0.005821177993210025, 0.0023942932385223603, 0.005853451015004341, 0.0026250277238433206, 0.0033202238554423946, 0.002991509275233284, 0.004175506604342294, 0.006000162927088715, 0.005374196046188384, 0.00561448428507294, 0.0058319932825190435, 0.004160467376406851, 0.0, 0.005994753444947154, 0.0031474350226492476, 0.006019569620003384, 0.006045105489616676, 0.005470314617799454, 0.004752034007682537, 0.005916307977642532, 0.005988425011836718, 0.004171251260992825, 0.006045105489616676, 0.002294323675318788, 0.006000162927088715, 0.0021836368466146006, 0.0024133618629447184, 0.0057915389163629705, 0.0028445112335397926, 0.0057205237641606566, 0.005826585608791346, 0.003216627284239104, 0.003906808376419324, 0.0023250408068800077, 0.005927261069723855, 0.006095462574978505, 0.006031308262063995, 0.0044003499972904425, 0.005335720657410281, 0.005253321336165184, 0.006031308262063995, 0.002719018839717924, 0.005994753444947154, 0.005858116680352632, 0.006045105489616676, 0.0045742979520160265, 0.006045105489616676, 0.006039695524133526, 0.004480883541234881, 0.00296112751167521, 0.005983934655189982, 0.0029781719187780276, 0.002525012134979132, 0.00276860120348843, 0.006151235808753208, 0.0036851652204261676, 0.005983015655928847, 0.006045105489616676, 0.00585423404037444, 0.005597811232242567, 0.006151235808753208, 0.004183524284675499, 0.005597028606055154, 0.005683273573775738, 0.005925203240354948, 0.0034667629119995436, 0.006095462574978505, 0.0059444064402138785, 0.005921852371570058, 0.003449862230232581, 0.00459150090510585, 0.006039695524133526, 0.005687340812541075, 0.0025314997791379135, 0.0027611815146733054, 0.005360486269121223, 0.005102213964925495, 0.0036479347805733475, 0.002455940852898797, 0.006025898444967703, 0.0029541072656718015, 0.002878623032849692, 0.005883247850466233, 0.002518727280803379, 0.006039695524133526, 0.00233893572727939, 0.003133429590279402, 0.004829963596280518, 0.005010283397073545, 0.005882329035157063, 0.005988425011836718, 0.005994753444947154, 0.005988425011836718, 0.0027639602370885807, 0.003369821238061954, 0.002864510299743106, 0.005374884307562722, 0.0030011314748248363, 0.005977606358194665, 0.006039695524133526, 0.005876920820174991], [0.006151235808753208, 0.0061008731402527605, 0.005957482938160119, 0.005983015655928847, 0.005988425011836718, 0.005983015655928847, 0.005459571882023395, 0.006039695524133526, 0.0035686524601952208, 0.005994753444947154, 0.00598934402098128, 0.006151235808753208, 0.005994753444947154, 0.0, 0.006050515513283727, 0.005897105850541706, 0.005656213280369249, 0.005880471965090006, 0.004493326585703006, 0.005179369507392506, 0.005688234834816175, 0.004662974222062299, 0.003690485343284644, 0.006039695524133526, 0.005536403705405313, 0.006151235808753208, 0.00570765393249606, 0.005891697476661406, 0.006045105489616676, 0.006151235808753208, 0.0061008731402527605, 0.0056170052392281455, 0.005913467074272649, 0.006039695524133526, 0.005670204203737539, 0.005843928108427043, 0.0034940546784463233, 0.005608021474234892, 0.005834515327331147, 0.005612338505328829, 0.00526802576230212, 0.006000162927088715, 0.005818916554975351, 0.005811451657865341, 0.0027876037842433643, 0.0059712781408167714, 0.005687541311077959, 0.002389773996227529, 0.005205098296977351, 0.0061008731402527605, 0.0023844032720052866, 0.006151235808753208, 0.005882329035157063, 0.005676729127991553, 0.005756854636579378, 0.005969220131352149, 0.005419077864654787, 0.0033429995095537457, 0.005859642011402322, 0.005726130811418262, 0.005983015655928847, 0.005864266998372614, 0.005874418160226824, 0.005623970982591375, 0.005771831789314508, 0.0055924060762895245, 0.005770913177538306, 0.005838520306368, 0.003380076532436105, 0.005942880852072729, 0.00576550616056104, 0.0024460496698772705, 0.005925203240354948, 0.0061008731402527605, 0.0061008731402527605, 0.005874863196763114, 0.005445725934841494, 0.005925203240354948, 0.006045105489616676, 0.005776455968807603, 0.0060620507360089615, 0.006151235808753208, 0.005687541311077959, 0.006095462574978505, 0.0023344169841221785, 0.0059444064402138785, 0.006151235808753208, 0.005621228392858724, 0.005321257288470438, 0.0048224354615069576, 0.0057065314406716805, 0.006038776422990999, 0.004944969073059413, 0.005888656133484549, 0.005513562346138645, 0.0061008731402527605, 0.005453030347366328, 0.006095462574978505, 0.004421691526862892, 0.0030180081472073184, 0.003659823087933667], [0.006000162927088715, 0.003135763583345108, 0.006027037606649355, 0.0031420561764059496, 0.0030786317353133086, 0.0033642161093492273, 0.004663273285737679, 0.006045105489616676, 0.006045105489616676, 0.006050515513283727, 0.005894064474660343, 0.004679081026131904, 0.0031474350226492476, 0.006050515513283727, 0.0, 0.005988425011836718, 0.005988425011836718, 0.005669486268930157, 0.005115250525840498, 0.005916307977642532, 0.0059380786405238695, 0.004583337401319776, 0.006045105489616676, 0.003197502435653643, 0.006050515513283727, 0.003197502435653643, 0.0031474350226492476, 0.0058301363983084276, 0.0032317429297932243, 0.006095462574978505, 0.006050515513283727, 0.0038653348559840595, 0.004425359975248178, 0.003278350435141908, 0.006050515513283727, 0.006151235808753208, 0.006033366525575845, 0.004232714753494626, 0.005590349616719781, 0.005353882065425752, 0.0061008731402527605, 0.0034654183491029666, 0.006081663966174489, 0.005802375937454141, 0.0058994728739942826, 0.0050741685376018975, 0.005994753444947154, 0.006045105489616676, 0.0045310841517303135, 0.0031784039668809605, 0.006000162927088715, 0.0035265551876353385, 0.003197502435653643, 0.00308032414825421, 0.006033366525576289, 0.0036413479790198267, 0.006045105489616676, 0.006045105489616676, 0.005815634709008366, 0.0056158637008580925, 0.006151235808753208, 0.004283671143149093, 0.005602433811701335, 0.005790246206847982, 0.006050515513283727, 0.0039036982071978255, 0.006033366525576289, 0.006045105489616676, 0.006151235808753208, 0.004204591635094346, 0.0047227935282019295, 0.006050515513283727, 0.006045105489616676, 0.0035406865601743664, 0.003135763583345108, 0.005498522025101371, 0.00515787712788307, 0.003442133208080733, 0.0032592488879716885, 0.005980957598439307, 0.0033425567105791476, 0.0032085993841619587, 0.006151235808753208, 0.0032475748466691545, 0.006045105489616676, 0.002991885528290217, 0.0038087858323352375, 0.004774336744477914, 0.00590457201912109, 0.0059380786405238695, 0.005927261069723855, 0.006151235808753208, 0.005812794374251196, 0.004085247837860351, 0.003898591849720967, 0.0035738327492391697, 0.00536316097907541, 0.0038608334695233726, 0.006050515513283727, 0.006151235808753208, 0.005944406440214101], [0.005907139663817507, 0.006019569620003384, 0.005798493727784404, 0.005963810981977069, 0.005977606358194665, 0.005880067321936355, 0.00572805212324945, 0.005976687370495615, 0.005765506160560596, 0.00584506685804187, 0.00590173118203996, 0.005930611974543032, 0.006019569620003384, 0.005897105850541706, 0.005988425011836718, 0.0, 0.005824209799451641, 0.0058250603779963495, 0.005805329568015161, 0.005886394391811489, 0.005727049341393453, 0.006050515513283727, 0.005788188938024241, 0.005918875682253244, 0.005793077285920711, 0.006019569620003384, 0.005793596198891304, 0.00587640182122251, 0.006019569620003384, 0.005801060830963989, 0.005926342174006116, 0.005918875682253688, 0.00578186310351847, 0.00590805852445353, 0.0059411202825701, 0.005821177993210025, 0.0059025142825812615, 0.006019569620003384, 0.0057399196694638555, 0.005909197419281753, 0.005970759044489293, 0.0059411202825701, 0.005795134574742455, 0.005988425011836718, 0.005823300220880734, 0.006022411122715621, 0.005900592304118657, 0.005890778645915695, 0.005801060830963989, 0.006089132874742553, 0.005890778645915695, 0.006019569620003384, 0.005863128205283008, 0.005913467074272649, 0.005824209799451641, 0.005863128205283008, 0.005971278140816549, 0.00585423404037444, 0.006038776422990555, 0.005770403415898517, 0.005913467074272871, 0.005856801428094638, 0.00594961128501037, 0.005913467074272871, 0.005809444254320617, 0.005605386268081158, 0.005694286398809867, 0.00587333781954924, 0.005840442047635008, 0.005925203240354948, 0.005658674474059211, 0.005778377472923202, 0.005854137332928833, 0.006081663966174489, 0.005969220131352149, 0.005831674885938831, 0.0057921677636558755, 0.005906000773649334, 0.006019569620003384, 0.005964950003055192, 0.005969220131352149, 0.005969220131352149, 0.00573153740503729, 0.005857720196768446, 0.0059411202825701, 0.005963810981977069, 0.005907139663817507, 0.006006287388981679, 0.005835034283060425, 0.00592475815927318, 0.005773879863234965, 0.005789327561434243, 0.005781863103518692, 0.005950015984117707, 0.00570345083293633, 0.005950015984117263, 0.0059098838132825016, 0.005880067321936355, 0.005885370340073193, 0.005890778645915695, 0.005933653571435604], [0.006050515513283727, 0.006038776422990999, 0.005801060830963989, 0.006095462574978505, 0.005949815380910994, 0.006095462574978505, 0.006050515513283727, 0.006151235808753208, 0.006151235808753208, 0.0061008731402527605, 0.006151235808753208, 0.006000162927088715, 0.006045105489616676, 0.005656213280369249, 0.005988425011836718, 0.005824209799451641, 0.0, 0.0059712781408167714, 0.006089132874742553, 0.0058640469855146815, 0.005961753003065118, 0.006045105489616676, 0.005994753444947154, 0.006045105489616676, 0.005110411048698804, 0.006151235808753208, 0.0058191205978468385, 0.005668967484014242, 0.0059603240901551224, 0.0061008731402527605, 0.006151235808753208, 0.006089132874742553, 0.006038776422990999, 0.006050515513283727, 0.0061008731402527605, 0.005901731182040182, 0.0061008731402527605, 0.005580080953723643, 0.006022411122715621, 0.0053234665856527474, 0.003902624593631332, 0.005832912005872881, 0.00503773713218858, 0.005356938794749411, 0.006095462574978505, 0.005988425011836718, 0.006151235808753208, 0.006151235808753208, 0.004974939520464572, 0.006045105489616676, 0.006151235808753208, 0.006095462574978505, 0.0061008731402527605, 0.006151235808753208, 0.0019966224778547037, 0.005914385946468537, 0.006095462574978505, 0.005994753444947154, 0.006033366525576289, 0.005994753444947154, 0.006151235808753208, 0.006151235808753208, 0.006095462574978505, 0.005738441441707209, 0.006000162927088715, 0.006022411122715621, 0.004350182815606285, 0.006050515513283727, 0.006151235808753208, 0.006048989603281374, 0.005994753444947154, 0.006045105489616676, 0.006151235808753208, 0.00598934402098128, 0.0061008731402527605, 0.0055239756059120015, 0.005816973944708703, 0.005983015655928847, 0.0061008731402527605, 0.005428638259600271, 0.005944202346507721, 0.005810227211176633, 0.006151235808753208, 0.0059389975576837895, 0.0061008731402527605, 0.006000162927088715, 0.005775336814959564, 0.00598934402098128, 0.0061008731402527605, 0.006050515513283727, 0.00298300965992615, 0.006151235808753208, 0.0061008731402527605, 0.0061008731402527605, 0.006151235808753208, 0.006039695524133526, 0.005228624946147509, 0.006072765936136371, 0.006151235808753208, 0.005949815380910994, 0.005718466780550768], [0.005892836334441487, 0.0057947348345439575, 0.00571518209891031, 0.00589540391922605, 0.005783920346464466, 0.0057947348345439575, 0.006045105489616676, 0.005887937886743577, 0.006031308262063995, 0.005842499530224643, 0.00578676051814786, 0.005976687370495393, 0.005470314617799454, 0.005880471965090006, 0.005669486268930157, 0.0058250603779963495, 0.0059712781408167714, 0.0, 0.005856801428094638, 0.005865185780684623, 0.005670000221280613, 0.005963810981977069, 0.00590173118203996, 0.005537745687535622, 0.0059025142825808175, 0.005845066858041648, 0.005789327561434243, 0.005863128205283008, 0.0057947348345439575, 0.005837091743526646, 0.00578043470161016, 0.005988425011836718, 0.00579359619889086, 0.005789327561434243, 0.0057921677636558755, 0.006010672688281371, 0.005899673457122834, 0.006045105489616676, 0.005857720196768446, 0.00598934402098128, 0.005957482938160341, 0.0056266338586625775, 0.005963810981977069, 0.005736944056786264, 0.006012101744229836, 0.005704589264495574, 0.0053651066669395675, 0.00575500152121089, 0.005843928108427043, 0.005721862746593809, 0.005911409301340154, 0.005825666896994486, 0.005688679706618682, 0.005775537348583937, 0.005870593869477858, 0.005783920346464466, 0.005954915036448405, 0.005906000773649334, 0.0058301363983082055, 0.005801979497811249, 0.006033366525575845, 0.006038776422990999, 0.0058245281913058555, 0.0056850395934067155, 0.005490956734794272, 0.005783920346464466, 0.005932669826041348, 0.004610094798079167, 0.005863128205283008, 0.0057830017126059285, 0.0055127089899396076, 0.005961753003065118, 0.004775339318544125, 0.005682355123759475, 0.0057947348345439575, 0.005781863103518692, 0.005846768619025333, 0.00568867970661846, 0.005845066858041648, 0.005732675900183892, 0.005789327561434243, 0.00590173118203996, 0.005220879335342543, 0.00589540391922605, 0.005911409301340154, 0.005739001115979692, 0.005954915036448405, 0.0056527465902855845, 0.005843523494674319, 0.006027037606649355, 0.005887533237583398, 0.005835034283060203, 0.005920933485733748, 0.005843727547529376, 0.005976687370495615, 0.005832193838736899, 0.005696319198188693, 0.005789327561434243, 0.00577837747292298, 0.005911409301340154, 0.005977606358194665], [0.006045105489616676, 0.0038825970412106336, 0.0059071396638