[[0.0, 0.6941890501547063, 0.3927463988064859, 0.5480611773772273, 0.5366755138669648, 0.6319500510006346, 0.5403653776137645, 0.4028976133024371, 0.5341062130081564, 0.12994543563150862, 0.12387573629898085, 0.4452395093181547, 0.5710654593088853, 0.46206823886379245, 0.5252144315699931, 0.3923517894664599, 0.3736779670595045, 0.3934127851916678, 0.5743524753968616, 0.4214025846897662, 0.398844219366534, 0.5223830536880152, 0.42165947001433435, 0.690379511012968, 0.3909272285616807, 0.7169441160300034, 0.6080052405605909, 0.42310210048187313, 0.6006091171054502, 0.15846275598055404, 0.17964607923186837, 0.5858194117763915, 0.5684369268048048, 0.6290840730244651, 0.3743843120009356, 0.39897512195981477, 0.5139768208075794, 0.5047927677948443, 0.39043276864559706, 0.3708663787406896, 0.41003701968293216, 0.6178483471721214, 0.3970037112805671, 0.3808578986665201, 0.45978595844812364, 0.4449385051644026, 0.3890709378291528, 0.4888685461828066, 0.49528084746391365, 0.5580067090280483, 0.47866187298364204, 0.6048744897181029, 0.5764759709234344, 0.6807386143167373, 0.36922798532190826, 0.5100200009118074, 0.40280039442820104, 0.44257170884021035, 0.2470307916200225, 0.40236793917170366, 0.3831252960699747, 0.5554739398913935, 0.4038100559179585, 0.4061046296923121, 0.3147175858017528, 0.608331676563737, 0.37374224373914067, 0.38080275693043797, 0.3150277851342629, 0.6132022892110485, 0.4125880167190328, 0.49565528864124087, 0.38546337232542704, 0.6625762105706283, 0.5432827532457638, 0.3589553321981389, 0.3841592766740922, 0.521795860275857, 0.6606570636735181, 0.38106469003623444, 0.6344041099428761, 0.5643193317483104, 0.23338158560780986, 0.5986372766000205, 0.4853389462098907, 0.6188846721688237, 0.5734003777306178, 0.4381568700048175, 0.3414895251495893, 0.37361537842636316, 0.3715198869240375, 0.38904862891425096, 0.39440590552395527, 0.604518342122091, 0.5768305898755124, 0.5702907919333926, 0.38185118085410963, 0.5563111497410593, 0.2523031547885799, 0.45210899204854305, 0.35358146985867167], [0.6941890501547063, 0.0, 0.8057099603533142, 0.2919876646525945, 0.4334369578560693, 0.29045018464055716, 0.3843885362771693, 0.8789279320783583, 0.46355775422198997, 0.710900375808132, 0.6958690354935877, 0.4942384250397347, 0.278344399123599, 0.6930530466474336, 0.42291053688650226, 0.820321806461465, 0.7115147983865147, 0.7456609291761735, 0.42637668710059096, 0.8174516775467422, 0.7685459987449224, 0.43329648484462724, 0.6606338799911877, 0.1889891518648168, 0.7112135124831993, 0.12174867395904876, 0.27367202007566416, 0.7866115140880667, 0.2654167255688207, 0.7261502107468527, 0.7062108753724439, 0.34780628729254426, 0.3736086060074031, 0.22297874306543752, 0.8241087468683144, 0.8420736294888103, 0.565903465306087, 0.4889347857252757, 0.603712649288261, 0.7207102865397499, 0.6746411564634067, 0.25892526669189553, 0.7964269029111923, 0.7679026688447028, 0.713640588584117, 0.44418003853665233, 0.7326090508358551, 0.6524504133288127, 0.5484907956211096, 0.3909467197796601, 0.6872736562351875, 0.2731991647021128, 0.2738180973764597, 0.19715362523610702, 0.7260327842223837, 0.4777464179796358, 0.8027328812567198, 0.6913649001383555, 0.7011080724346281, 0.7743430476645621, 0.8485217727439498, 0.4198175700011184, 0.7129962302708777, 0.7294362050931626, 0.7413745899376707, 0.2836672380204277, 0.7215474332305911, 0.6992369825892213, 0.6863124526911089, 0.3216956039823451, 0.5220090593367326, 0.7070642473107052, 0.7287729271089727, 0.23273243982846115, 0.3181022526559065, 0.6925236394301115, 0.636036659963457, 0.41812016411715525, 0.1835647079621674, 0.7783733550093053, 0.2519054741627593, 0.3281938185318227, 0.6862057549887519, 0.21757146023243568, 0.6952820131772837, 0.231031960640377, 0.3021013295567667, 0.5709564694249873, 0.4948603215487619, 0.7548147575280966, 0.7508451346254188, 0.7901071657274963, 0.794854036244715, 0.30435021968123066, 0.38254381123486714, 0.2920575389210889, 0.6475089437634647, 0.33528404839703785, 0.7087579006374369, 0.6946449000625314, 0.6443107445866139], [0.3927463988064859, 0.8057099603533142, 0.0, 0.6415398869451532, 0.5408822632380679, 0.6603197502243694, 0.5888814369964528, 0.2974816909388587, 0.5909239999463729, 0.4017827197980446, 0.39536639879028024, 0.5114406662379478, 0.6632654581015118, 0.4790988867484116, 0.5723947125308211, 0.3117128456749325, 0.3313665031362092, 0.33419538471283494, 0.6006102753582574, 0.35522248005259893, 0.32309679087509635, 0.5653762698882241, 0.45403755651733735, 0.7602415332202783, 0.3410162540189181, 0.8306847205005568, 0.6813125299529115, 0.3297967439820364, 0.7128980704175161, 0.3657072667467538, 0.3618936822358665, 0.6473150862970198, 0.5993299727547103, 0.7360523718992034, 0.32671267630936107, 0.3268725888504376, 0.5081308846805956, 0.5346436970371047, 0.3843554513751437, 0.36846581712025084, 0.388251168956095, 0.6852515591118058, 0.32426403850586993, 0.3184673041340824, 0.48552423165593095, 0.5338772416543163, 0.33812709492125914, 0.5131417538661793, 0.4970842710730312, 0.5648120942129586, 0.5253490353784906, 0.6622147253645705, 0.6469539732570164, 0.7539451948796059, 0.3299506215546246, 0.5198560240073868, 0.3392181538527419, 0.4370363356360205, 0.35509155418524285, 0.33159271441246263, 0.3059599457968589, 0.5243478846706575, 0.3555052309419793, 0.34902251525375294, 0.3590563380552907, 0.6628100038318991, 0.3323974355290098, 0.3430884987213201, 0.4850270224628481, 0.6085979261355527, 0.46733882073663024, 0.5163728138320669, 0.35325587320744867, 0.7066263779368609, 0.6019588775954925, 0.3968654786727197, 0.4445814370348482, 0.5339797169745826, 0.7596285528562248, 0.34745718303691997, 0.7003930077553573, 0.6079781330185245, 0.38233963006157046, 0.6810684903165138, 0.5174312171926463, 0.7308239556508269, 0.6512149311022866, 0.4081417132153293, 0.4720295656635203, 0.39556307162697557, 0.33191928115741187, 0.30735820412359827, 0.33823348354457905, 0.7014507001323642, 0.6451551230755479, 0.6840648830080527, 0.41832603858088957, 0.5948379785788436, 0.4535711139408416, 0.507560508797595, 0.46328010926415564], [0.5480611773772273, 0.2919876646525945, 0.6415398869451532, 0.0, 0.2712354013840761, 0.31477169521149917, 0.5146208126881917, 0.6739521721363662, 0.6522979677710408, 0.5497541791914746, 0.5276014400630207, 0.44820428968907944, 0.26755584897569684, 0.5893805637627205, 0.3053397748516078, 0.6362215313809365, 0.5901747015866479, 0.6042587728703761, 0.5855806465258502, 0.6528128913236408, 0.6224971134433808, 0.3707025519869276, 0.5732320306058973, 0.280185442189685, 0.5996550373037621, 0.30383105844487934, 0.2857322463671692, 0.6594021233143037, 0.3010999119734048, 0.5690294673974374, 0.5830804842877817, 0.37689003608079874, 0.5307319533850794, 0.2779168303445809, 0.6644491588436625, 0.6066751811783653, 0.669975737940723, 0.4440832804377295, 0.5839958441043427, 0.5713301396272441, 0.6056845952216003, 0.3142496146533815, 0.6311643873531854, 0.5922940908354104, 0.6141004927898819, 0.6036690662576034, 0.6124618377786044, 0.6063912291372069, 0.46385308790796387, 0.27541916688934687, 0.6187824867845022, 0.35356867936712355, 0.24173440423491965, 0.32831430544240336, 0.5831164389774017, 0.34313500886557136, 0.6335045863444773, 0.5671412453257261, 0.5855908480550251, 0.617005813040733, 0.5890944915794585, 0.48676317017601956, 0.600661009851291, 0.6088584396384125, 0.6068692407771419, 0.3751121104198689, 0.6106525357394679, 0.5782020550171774, 0.5729787698384827, 0.42534018599749057, 0.4492795417346105, 0.6463081715790173, 0.6071206341320114, 0.32815406189578655, 0.21528242697385092, 0.5704234395608161, 0.5189920659473517, 0.39800928107712985, 0.3021835099247008, 0.6134182928228278, 0.35460875791987667, 0.27152735584722354, 0.5649101172484545, 0.2693234027080673, 0.6105708557141669, 0.2503678102743465, 0.3539660870439536, 0.4709086169688508, 0.530990160286843, 0.5806049849089097, 0.6130495267097309, 0.6384898320835724, 0.6223257369798065, 0.3942906196279865, 0.3613280177292806, 0.314550768170603, 0.5068898519950971, 0.30108574425158774, 0.5959632993163964, 0.5927475352234364, 0.5947777431553647], [0.5366755138669648, 0.4334369578560693, 0.5408822632380679, 0.2712354013840761, 0.0, 0.3652504828265659, 0.5115328847293623, 0.5482700196911277, 0.6863213794087253, 0.5008716159211823, 0.517171891984868, 0.5149498683023943, 0.34895939069485826, 0.5447660562904983, 0.23055225724332828, 0.5489872432508487, 0.4750526649543194, 0.4948898070525565, 0.6307017758921831, 0.5273147219835521, 0.5195995766974244, 0.42154763841379794, 0.5629613480203801, 0.42053334195540026, 0.5032422531700629, 0.44673919893788705, 0.35664919661700045, 0.5289756947940765, 0.3713394551352611, 0.5425932872069057, 0.48561756598073313, 0.4630910677985671, 0.49383439799015916, 0.3947312552249489, 0.5515856878812193, 0.5405814522848094, 0.6033439713252238, 0.39937318521606135, 0.5456656792484973, 0.49831721253535455, 0.5424490931471937, 0.40234850950887413, 0.5212334761983395, 0.5101077272609384, 0.6206273427910951, 0.5428333526677311, 0.5564688809930884, 0.6068715269010676, 0.3975133765652563, 0.2626650697561512, 0.6253480568800962, 0.44674984529357586, 0.34193470823295646, 0.4004091800165859, 0.48391379466753626, 0.2827988450153216, 0.530887256581106, 0.4998813679079277, 0.48725883543638937, 0.5299453702013597, 0.5085475946000884, 0.5353734628014115, 0.47559162907043273, 0.5488141449795487, 0.525681687610972, 0.44159432536220833, 0.5806169410171413, 0.5373444495181514, 0.541519095392976, 0.5603429827227757, 0.41385735126832435, 0.6103476432745096, 0.5432486506798724, 0.4728908861164307, 0.27223934648376047, 0.48359608364420104, 0.46747546661313955, 0.32426664607092004, 0.4354261619016737, 0.5135760519818098, 0.40244232704198013, 0.3540761537210497, 0.5163551441091039, 0.33498385949494236, 0.6226012301848505, 0.36761945894152515, 0.4270832637319377, 0.4009294344933265, 0.6558396944523086, 0.5411697028652129, 0.5290503985590824, 0.530839784845736, 0.50529475129265, 0.5247289265217483, 0.4294764046177426, 0.4289418979292938, 0.450331646565298, 0.464103566358933, 0.5832174463793547, 0.5648340087046118, 0.5364150755021906], [0.6319500510006346, 0.29045018464055716, 0.6603197502243694, 0.31477169521149917, 0.3652504828265659, 0.0, 0.4931386838593703, 0.7066807837176614, 0.5923662334019926, 0.6223626369131066, 0.6345583251916098, 0.5358571450265195, 0.3584462533618029, 0.6364676423411708, 0.36451005156282457, 0.6762717681967212, 0.6397740015630446, 0.6497807274944345, 0.4785630547322939, 0.6488723734315287, 0.6510973866999064, 0.4836407336138542, 0.578524165933562, 0.2809352769903777, 0.672262071065336, 0.25006129381211206, 0.32168236237529513, 0.6403468578303497, 0.3500934951952297, 0.6535162895500373, 0.6401821155066942, 0.41628867866402075, 0.4444165881480473, 0.33652549949044985, 0.6733973988804693, 0.7060301916407175, 0.5377597224656896, 0.44418895344296083, 0.5660164138095498, 0.6588620552381896, 0.6294306965550931, 0.34612320212047853, 0.675146896144323, 0.6551817611439257, 0.6456816001970309, 0.5640896134897915, 0.666209327375227, 0.6234067735075985, 0.49167334586111644, 0.3370487555631112, 0.6348204391179062, 0.32448511082768783, 0.33775220658867977, 0.2796365020001521, 0.6290016090676243, 0.4079306071471396, 0.6948716301065692, 0.6278592527196378, 0.6138007119739766, 0.6809579159340435, 0.6846467473009314, 0.4251932931909579, 0.5946656454305692, 0.632000856693405, 0.6431912310822194, 0.3282176385025135, 0.6493446988945522, 0.6469122485776286, 0.6279124682982749, 0.4635172037940971, 0.479862277169125, 0.6396145197486907, 0.6724781362110652, 0.3515164469684775, 0.3097844707359647, 0.6162757885732124, 0.5493850939597507, 0.35117930236732686, 0.31775817371693127, 0.6201322509288001, 0.3545812360341285, 0.309101867827442, 0.6389029440768101, 0.3410595602348896, 0.6310255127721041, 0.3317920010360129, 0.43417854818323054, 0.5002950858167896, 0.5506039605843083, 0.6471726923947718, 0.6425154367182973, 0.660123904266003, 0.6410856309712718, 0.4145564226025318, 0.38789615974930536, 0.359065521797141, 0.5470866409027046, 0.38361920251791726, 0.6084103240814438, 0.6417058537814178, 0.6254196281060846], [0.5403653776137645, 0.3843885362771693, 0.5888814369964528, 0.5146208126881917, 0.5115328847293623, 0.4931386838593703, 0.0, 0.6329302086618156, 0.4006493652437495, 0.5314337690507605, 0.5487081154291955, 0.5694781638283111, 0.4881645271537327, 0.5196568548087788, 0.531315019425562, 0.5583266514147285, 0.5515928204330216, 0.5799621353488831, 0.4475602706389117, 0.5775164441136948, 0.5969615012605121, 0.5957446783761731, 0.5384841366637299, 0.4304946635926148, 0.5599715635730695, 0.36279159724201393, 0.49521515852125675, 0.5905959655618531, 0.47235324122979105, 0.5766122182095086, 0.5369103645400337, 0.4869145933130594, 0.35728360078694643, 0.48652207423415805, 0.564277317263661, 0.5983314629583452, 0.4057846467901911, 0.41554414833348496, 0.5109875909374935, 0.5511880710050057, 0.5319477803579649, 0.46885534141473184, 0.5826686007212607, 0.5677408646693944, 0.5582939541393335, 0.51058861915725, 0.5791136211218744, 0.5108374863283067, 0.5017447245944622, 0.5351836008870863, 0.53600870200526, 0.46081939009545425, 0.4966969121314355, 0.38213582746051955, 0.579978171686637, 0.44730929605465497, 0.5976570917746167, 0.5046415073126431, 0.5334636588017299, 0.559552315997198, 0.5982558753557661, 0.35802156147462005, 0.5086529611192114, 0.5760958133194405, 0.5907449802557665, 0.3945405374712676, 0.602630032286418, 0.5805086636629828, 0.4807045878363896, 0.5863923333473868, 0.4725596649793724, 0.5342217218470613, 0.5744993204934252, 0.4895880966446966, 0.5374951999720616, 0.569789696153465, 0.4639724570605188, 0.5131432937916223, 0.42101349764440754, 0.616981898055281, 0.3631260660660327, 0.5380813195565903, 0.5389275660094837, 0.42063546964325926, 0.5208049541946931, 0.4955621313641805, 0.36914301450769815, 0.5675672579463593, 0.4425929189228244, 0.5494696274464184, 0.5783248318914818, 0.590852454745983, 0.5855552990681312, 0.4176840722359192, 0.45644715982423234, 0.4924429415332807, 0.525513840092628, 0.4434027660832509, 0.556740238852202, 0.5296394100072386, 0.49155300663600365], [0.4028976133024371, 0.8789279320783583, 0.2974816909388587, 0.6739521721363662, 0.5482700196911277, 0.7066807837176614, 0.6329302086618156, 0.0, 0.6413396601450734, 0.4123397011925052, 0.39314333340675756, 0.49238449346915814, 0.721978777160126, 0.4856290570013815, 0.5453941165789116, 0.2926663878151352, 0.3328868539888601, 0.32239084254028394, 0.6474785055295216, 0.3222118848351927, 0.2822869633132421, 0.5926097507278827, 0.5000043465781687, 0.8580043061742926, 0.35337982562525805, 0.9195017747688574, 0.746435430996875, 0.3022624463747283, 0.7375331223644941, 0.36696876048384497, 0.3912393196245072, 0.6864444658122792, 0.5839095186628944, 0.748318733273003, 0.3055542593645417, 0.2856275592464008, 0.5633352913942535, 0.5335910868632057, 0.39569506905408613, 0.3739895384947767, 0.36934810089236136, 0.7762391221479097, 0.2996756832479519, 0.3128829354189804, 0.5369638965719024, 0.5317360245797897, 0.3516384462274291, 0.5731342941123261, 0.5088274495406411, 0.5998489170942454, 0.5871428504021452, 0.7094822957918543, 0.6872363302642941, 0.8473912305324673, 0.3230815477285225, 0.5156699677131864, 0.2859921477132161, 0.4674605557000071, 0.33808582047883307, 0.3034304721056005, 0.2686214735009069, 0.583887667705469, 0.3216953643807592, 0.3241216810281444, 0.36811546920350025, 0.7592101406284628, 0.31887043737104714, 0.35383577719165693, 0.5224114133088174, 0.6382339510328559, 0.4643657188934973, 0.5605184954449094, 0.35345600079943096, 0.781823301812747, 0.6538041447248211, 0.35638613438273437, 0.4363544379522626, 0.5684257938054096, 0.8498740047921454, 0.282562326684608, 0.7478048790125844, 0.6532184424297427, 0.4006629701630866, 0.7339893708079397, 0.5782277901066681, 0.7879357634311006, 0.6874879580193574, 0.35915076645051625, 0.5361733074010537, 0.3840012871118863, 0.31180661472915916, 0.2864241086939141, 0.33541151995691676, 0.7487684888396313, 0.665542324941133, 0.706296689216833, 0.41428380671833764, 0.6479860665462767, 0.49956233887764023, 0.520192980213509, 0.4978476524774089], [0.5341062130081564, 0.46355775422198997, 0.5909239999463729, 0.6522979677710408, 0.6863213794087253, 0.5923662334019926, 0.4006493652437495, 0.6413396601450734, 0.0, 0.5343086237677579, 0.5431410239042944, 0.5290911553155906, 0.56506192465152, 0.32011560813367446, 0.7051751088413476, 0.583279931657678, 0.5510283736022785, 0.5883890846958557, 0.29423220676110606, 0.5304817647308058, 0.5556936941459918, 0.391780476556187, 0.3031750051338369, 0.4662726697315711, 0.5713362365807895, 0.43830699451104516, 0.5861674640541323, 0.5901639500267892, 0.5331263420710641, 0.5417545165352002, 0.5383680968255824, 0.5425179440361663, 0.4415507258948981, 0.5201787727483247, 0.590597823193294, 0.5808989724481652, 0.19410667397871784, 0.5283308100869544, 0.5374695704141366, 0.5872556350000648, 0.4775940139177304, 0.5303776170576262, 0.5914367427512586, 0.5953566334078715, 0.2785763862881978, 0.42092795874023126, 0.5413922057067029, 0.2536472294153229, 0.5353299862781074, 0.7065151013525508, 0.26692854370782637, 0.48591368796357237, 0.6327091397352098, 0.47747395950600646, 0.5609199360644659, 0.6536045865966948, 0.5528609153891517, 0.3149984546163245, 0.5493917909501722, 0.5900849660839915, 0.6179047531172019, 0.5668975443256465, 0.5677513710765252, 0.5762314185829345, 0.5222356366780554, 0.4482620571635445, 0.5252199083524529, 0.5446401316539566, 0.30605838101534055, 0.4333620265550697, 0.5413401399554776, 0.2743293786039005, 0.5615518112663493, 0.4609262535101759, 0.6824615256721736, 0.5902135967031497, 0.593158324814093, 0.6187736667175165, 0.4570193604641901, 0.5623177485723769, 0.49243068927236466, 0.6333271500713369, 0.5312133445541001, 0.5660393852206425, 0.27394131269421274, 0.5280751013320817, 0.5217269521099617, 0.5893762394180402, 0.34004254072335605, 0.44544492532052016, 0.565796699884227, 0.598837564255317, 0.4845128921609223, 0.45354452646981813, 0.5032542248645802, 0.5463798624965188, 0.5282165473323517, 0.5406403133917896, 0.4037458976674042, 0.307909724712347, 0.340950153065829], [0.12994543563150862, 0.710900375808132, 0.4017827197980446, 0.5497541791914746, 0.5008716159211823, 0.6223626369131066, 0.5314337690507605, 0.4123397011925052, 0.5343086237677579, 0.0, 0.12953018476504252, 0.4374159839872167, 0.5334871986500664, 0.4437062396882627, 0.5294126779703328, 0.39340620336914767, 0.3733709714279574, 0.38268886548790904, 0.5778150539364777, 0.42256600458615146, 0.3979706051605658, 0.5169441374708408, 0.45915761217028783, 0.6811884541738191, 0.35989255428825295, 0.7332153383891664, 0.6285939028604175, 0.4111796521218736, 0.5854790816385895, 0.16146750105211405, 0.12988912651911133, 0.5842904764078753, 0.5697381413691978, 0.6071959971437848, 0.36405315617896705, 0.39663530014421133, 0.48177240051423587, 0.5072485107982561, 0.38370434315853097, 0.36923967748934183, 0.420080990329478, 0.6160888094746053, 0.36733041629824337, 0.398120141726342, 0.4720711492059084, 0.45927392525207034, 0.3920560843294567, 0.4791670841410409, 0.4614687842532177, 0.5399825933116191, 0.49242103542975735, 0.6467729819230301, 0.6019289810863606, 0.6778604301222124, 0.3713333938510297, 0.5086587075137665, 0.4038627591825006, 0.4379346710394254, 0.24952800820774135, 0.4008616980356303, 0.40215627613081795, 0.5569038835347964, 0.40053401444717207, 0.38076091689142744, 0.32745947341368997, 0.590773129000703, 0.393643292931932, 0.39104483751765184, 0.3372268305230923, 0.5637430661112197, 0.43744323873294255, 0.4880101809886441, 0.3693655473510735, 0.6521793918369894, 0.5639019509023497, 0.3450845442718715, 0.38131541439485517, 0.5076627150137702, 0.6831976363071559, 0.3825616316734295, 0.6509555826236237, 0.5805060977506276, 0.2066194408652675, 0.6141939821475169, 0.4972883559697878, 0.6503906589683046, 0.5590162478286109, 0.44960292446320915, 0.2898664329766796, 0.3280837681476476, 0.3962950196312076, 0.37658945584624126, 0.398601350954096, 0.5976737542128805, 0.5853029280282782, 0.6030601825075226, 0.37328839330737296, 0.5585922203236164, 0.28041014858410396, 0.46704284793003725, 0.3676574594780886], [0.12387573629898085, 0.6958690354935877, 0.39536639879028024, 0.5276014400630207, 0.517171891984868, 0.6345583251916098, 0.5487081154291955, 0.39314333340675756, 0.5431410239042944, 0.12953018476504252, 0.0, 0.4408806595469352, 0.5608800994211975, 0.44227796790839746, 0.5016567736179665, 0.39000011189762396, 0.37785569486745474, 0.37732385871530205, 0.569676388668152, 0.41012903390165256, 0.3836445064624976, 0.494321200276969, 0.45344565418478466, 0.6749286861590644, 0.37944310656836744, 0.7302336702855641, 0.5968438303539181, 0.4040389462436613, 0.596341249786239, 0.1702343292477122, 0.17598531200070022, 0.589872288371885, 0.5760427285499183, 0.6104867588151583, 0.3766251243338792, 0.38359095788002584, 0.4958045276895755, 0.49709488090317544, 0.3748169290642216, 0.3593838457168601, 0.4011261582615939, 0.6126867437703509, 0.3854766756743595, 0.387532569262953, 0.47148143221066685, 0.4743531512905992, 0.374947984830998, 0.48066410151729766, 0.4833026548971966, 0.5459820584464763, 0.4766847145525688, 0.6248654626610404, 0.5346348932112628, 0.697904804289553, 0.3632784563960425, 0.5083259838932659, 0.38120289224405157, 0.41845686885152555, 0.25154185986942723, 0.3840791949609279, 0.3843221394020291, 0.5671547656050664, 0.41667498368368605, 0.39925279193063923, 0.3242723520154229, 0.6171864769872779, 0.3853637621069246, 0.37477771210839594, 0.3250083766636276, 0.5844258174149093, 0.4117157740854325, 0.48736725056959074, 0.35957845810049993, 0.6326767032633984, 0.5379229301163988, 0.36311853142130146, 0.38142089882790375, 0.5436839175804664, 0.6792225690469289, 0.3963271377664066, 0.632515670530843, 0.5750343520374264, 0.24736761220023218, 0.606160413832336, 0.4859710981481489, 0.6008385055514569, 0.5917523541770475, 0.44933000324401706, 0.3429740378925896, 0.36574218257754176, 0.3688494529526276, 0.38545428010884564, 0.4051932941016645, 0.5816948649926741, 0.5508600856911705, 0.5701163970005245, 0.37771423687550376, 0.557268432790438, 0.2685019140273994, 0.44846266252203115, 0.36334129461117737], [0.4452395093181547, 0.4942384250397347, 0.5114406662379478, 0.44820428968907944, 0.5149498683023943, 0.5358571450265195, 0.5694781638283111, 0.49238449346915814, 0.5290911553155906, 0.4374159839872167, 0.4408806595469352, 0.0, 0.48908618440177, 0.5793956637001136, 0.5309406073067136, 0.47310453610825665, 0.4591680516625698, 0.4524535066802564, 0.510767319045992, 0.48168820738343676, 0.49217836382332614, 0.4011213325791043, 0.545784815226116, 0.4563312127146666, 0.5077855039643357, 0.48779880387998076, 0.4773353408629113, 0.49066085876580234, 0.4631442653733797, 0.4545310998457177, 0.4775799528480953, 0.44802785194292416, 0.5268075788083615, 0.4062293137789774, 0.5011491482928174, 0.48980516899996474, 0.5764099234480637, 0.5341462259728449, 0.44545569897292525, 0.490719088989485, 0.5016231313016566, 0.462383096372186, 0.4597823497901372, 0.47573900934377344, 0.5894358132096862, 0.4190563391741955, 0.4695685813183599, 0.5697992735544597, 0.4927164600685623, 0.512888397924645, 0.5963090702322558, 0.5251005684349572, 0.4441100092199628, 0.5485416009093478, 0.46452735820004665, 0.4944942491542115, 0.4831712633206602, 0.5532373015927743, 0.46726403110653525, 0.4306814993943444, 0.4949899382709664, 0.5693020531447337, 0.5234821813407626, 0.47542746787615875, 0.4754654504078921, 0.5264871405432772, 0.45213824058813756, 0.4835637655050329, 0.5638930840690701, 0.4209142486811195, 0.5306130198429069, 0.6187911018423065, 0.48840853109532034, 0.44710252206892687, 0.4331231039228738, 0.44878569488977615, 0.47665447635538793, 0.5351920951004998, 0.47182440224614797, 0.4979273490633589, 0.5320571261860054, 0.44393942507321205, 0.4642402016529876, 0.47931039272678966, 0.6070240891220982, 0.4247034190447083, 0.38649093823701985, 0.5461331667653615, 0.48205897094808736, 0.4845667564008569, 0.48453928046914063, 0.4539976395556444, 0.5126667310249453, 0.44752249073484296, 0.4297455405181523, 0.4336715363035246, 0.5231222753308513, 0.48707547794284967, 0.5246502351956501, 0.5627196739257665, 0.5492797765553012], [0.5710654593088853, 0.278344399123599, 0.6632654581015118, 0.26755584897569684, 0.34895939069485826, 0.3584462533618029, 0.4881645271537327, 0.721978777160126, 0.56506192465152, 0.5334871986500664, 0.5608800994211975, 0.48908618440177, 0.0, 0.6089176846349365, 0.3274651501950421, 0.6830200273483902, 0.6097518267724154, 0.5897906028793858, 0.5644193540116971, 0.670904798224554, 0.6696653209685421, 0.4054245714414748, 0.6143697899235452, 0.25611694092359993, 0.6337935212522825, 0.2637217479658147, 0.2539706057671869, 0.6785995491661192, 0.29532443272893794, 0.5839827388952126, 0.5820716700221225, 0.37987665317322916, 0.46335792343150817, 0.2470236392238887, 0.6825649190144005, 0.7104717460384826, 0.6817001900449358, 0.46962874465459015, 0.6213679034652189, 0.5816520495369513, 0.6589229506203518, 0.3043650552635204, 0.6657943373612698, 0.6764954089367141, 0.6122505578507398, 0.5568662734676753, 0.6482546964121851, 0.6178316911034174, 0.47556202358136046, 0.2890523634430844, 0.6181639425567134, 0.36471964983485194, 0.2614795301828272, 0.30440094454302136, 0.6239576651770591, 0.3793614116395354, 0.66603414636246, 0.5870485830933987, 0.6029910680178789, 0.6266344502131989, 0.701025446137415, 0.5492746202787682, 0.6325505698615859, 0.6139499958105028, 0.616648483566719, 0.36884964855065383, 0.6609026831459444, 0.591709356060846, 0.5883447416020329, 0.4271858992452948, 0.48919426652911246, 0.64206217824803, 0.5803203325067894, 0.30517275132693134, 0.2876820285576518, 0.5614289628872515, 0.5465292646868436, 0.4166614506783004, 0.28195265243041256, 0.6692496679669016, 0.32643133570716554, 0.30644417914017197, 0.5703405393936616, 0.26741983745245457, 0.6322883126076051, 0.2527157524947319, 0.3571722624328324, 0.5179815035892763, 0.5353055441283601, 0.6176057856581985, 0.6147304578099066, 0.6678125265707349, 0.6553750459523682, 0.29947593811317796, 0.37247496413167336, 0.31872709612345207, 0.5227244744216231, 0.33044779208410024, 0.5980295797233426, 0.6186726157228641, 0.5851287493346751], [0.46206823886379245, 0.6930530466474336, 0.4790988867484116, 0.5893805637627205, 0.5447660562904983, 0.6364676423411708, 0.5196568548087788, 0.4856290570013815, 0.32011560813367446, 0.4437062396882627, 0.44227796790839746, 0.5793956637001136, 0.6089176846349365, 0.0, 0.5491890736450245, 0.4587754566952358, 0.3937971680774637, 0.4537485245204165, 0.4162053458866799, 0.42631858863961525, 0.4477030203349932, 0.41405386598828064, 0.2924915666740242, 0.6759762177011941, 0.41824292660868356, 0.7297487998060959, 0.5794112283283097, 0.4665725781297265, 0.6217945539843912, 0.47407949543489214, 0.4523324515985898, 0.6130790417357199, 0.5955540906109706, 0.6484952234636505, 0.4379756477751262, 0.45952476953299737, 0.30440355530432783, 0.5107630245810906, 0.491061696594953, 0.43474461588943125, 0.3867414538913825, 0.6169537698562073, 0.44195041538341573, 0.455312711882101, 0.22111079420493795, 0.5598207983771339, 0.41365974874350453, 0.1832532784549079, 0.4287036899883583, 0.5726460833833027, 0.1865795302162483, 0.6814577669530875, 0.5760475573944888, 0.6241508083316252, 0.4111299617304065, 0.5257386904071628, 0.42614407866949744, 0.264444133545388, 0.4369248554626042, 0.45999554484743355, 0.46673766591341215, 0.5892300894187887, 0.49317178124595173, 0.4375992286728445, 0.4431740190548179, 0.5950873855129126, 0.4298679527782028, 0.41624788155670966, 0.2593003424535141, 0.6069238564517385, 0.4833279855650927, 0.19358172175436583, 0.4368816519458043, 0.6546853096332557, 0.5823411106428766, 0.47321258211074024, 0.46367974805902423, 0.5446556261763382, 0.6626229825976171, 0.44744395460281594, 0.6338094655574835, 0.6178687216561174, 0.4061934346243734, 0.630401764354054, 0.18546653988342698, 0.6464049456096834, 0.6496950774718226, 0.4688311655411139, 0.4377763779285939, 0.3651092974578778, 0.4163199372380679, 0.4572598640264709, 0.40054391577178294, 0.6097369005686368, 0.5463689451617928, 0.65131108390256, 0.41589580391397907, 0.6244937621049298, 0.3259057176389524, 0.2498775318035904, 0.26907579092329326], [0.5252144315699931, 0.42291053688650226, 0.5723947125308211, 0.3053397748516078, 0.23055225724332828, 0.36451005156282457, 0.531315019425562, 0.5453941165789116, 0.7051751088413476, 0.5294126779703328, 0.5016567736179665, 0.5309406073067136, 0.3274651501950421, 0.5491890736450245, 0.0, 0.5601456654880499, 0.4925728098166928, 0.5035451896217171, 0.6257574618431243, 0.5219371534274133, 0.5417300307514643, 0.45800094235456434, 0.5718322518263939, 0.40922438485129553, 0.5497781662690269, 0.44944772095039687, 0.3400372144843773, 0.5307534601215251, 0.34751869796481616, 0.5558886606508029, 0.5298802183776548, 0.4669762803810922, 0.5283024988353839, 0.38912247297805336, 0.5420297419716502, 0.5787910064559292, 0.6102103764458733, 0.40301687217872817, 0.5659819787683573, 0.5015329971751201, 0.5588355833795202, 0.40048843182193683, 0.5377833512606589, 0.5117113409323777, 0.5788585491340958, 0.5966088777141325, 0.5622175702046914, 0.6065015824553766, 0.42897819327130327, 0.2555398575575143, 0.6115932604087877, 0.449398114456512, 0.3286631807922087, 0.3869700204154125, 0.501704655380216, 0.28917098083117243, 0.5530490576212292, 0.5178197142053331, 0.4806951237325965, 0.5163630390819314, 0.553537184623202, 0.5324942046696781, 0.5256174008193168, 0.5290444445554707, 0.5441191812667412, 0.4480148914270601, 0.5830013277403991, 0.5402413281661556, 0.5782744232152288, 0.5638710196190708, 0.43629697137447754, 0.6130060345946344, 0.5502376966621765, 0.47397067405327387, 0.2840754258058913, 0.49678234362635787, 0.5045424501348341, 0.325128029792199, 0.4243557754855265, 0.516645717388722, 0.37122776771608823, 0.3249558704028088, 0.5573437254462132, 0.36360292266987915, 0.6251652536975352, 0.35414769346179, 0.45647158700853074, 0.41642159390845634, 0.6823510209434711, 0.537382481051607, 0.5216845727143462, 0.5548219914953052, 0.4905678638119384, 0.512090905932014, 0.446441353741478, 0.4299102466713689, 0.4637931650498266, 0.4569847820847015, 0.5767408137396446, 0.6035137848882213, 0.545606742915294], [0.3923517894664599, 0.820321806461465, 0.3117128456749325, 0.6362215313809365, 0.5489872432508487, 0.6762717681967212, 0.5583266514147285, 0.2926663878151352, 0.583279931657678, 0.39340620336914767, 0.39000011189762396, 0.47310453610825665, 0.6830200273483902, 0.4587754566952358, 0.5601456654880499, 0.0, 0.33251480169835146, 0.33330005443997845, 0.5953692647257842, 0.3470287446108058, 0.3187499026247782, 0.5772832597466082, 0.46447062334531575, 0.767088071666473, 0.35332757825676153, 0.8548893610736381, 0.6714761775126039, 0.32871983732525756, 0.6876087622999507, 0.3571243784643343, 0.3835523938424299, 0.6123943925299133, 0.5548450829999454, 0.6955174542199716, 0.3241779479076068, 0.3104252147405666, 0.5435373338006066, 0.5217814557767759, 0.39893214180405123, 0.37030399519334045, 0.38193454623095846, 0.7079556823113702, 0.3123774952751308, 0.3307764577055552, 0.497443009996428, 0.5265718581859791, 0.3458788255513321, 0.5276190315086571, 0.4854298355900377, 0.6050822631274342, 0.536462877400945, 0.6981186839894429, 0.6379002235040918, 0.7845468401511986, 0.3257627618507908, 0.5070636586386474, 0.31340941132304523, 0.44161598611371655, 0.3688579332879016, 0.31402521526265237, 0.2931609298429432, 0.5526384218661611, 0.36161519200948145, 0.355247604306127, 0.3626882628626278, 0.659086999723091, 0.3030791649781961, 0.3539678886465265, 0.4929693551557006, 0.6164714043595683, 0.4450530285756187, 0.5204618686646925, 0.34750776602946676, 0.7435478998941534, 0.6152841475747839, 0.37243115108796454, 0.4177255861017328, 0.5637722952813722, 0.7750338007679278, 0.34300643157406063, 0.710116589259898, 0.6297395148194631, 0.37304280094248443, 0.6802158174773141, 0.5377821076980469, 0.7360752279901319, 0.6273024817105914, 0.43213573247468884, 0.5081922938226986, 0.4046421700660072, 0.3235612412690565, 0.28950131584317296, 0.36689008507563203, 0.6868246075562892, 0.5930166618385717, 0.6815927766100514, 0.41508382920871645, 0.5920858304516583, 0.45453217046024497, 0.4987735488495926, 0.4823326754116526], [0.3736779670595045, 0.7115147983865147, 0.3313665031362092, 0.5901747015866479, 0.4750526649543194, 0.6397740015630446, 0.5515928204330216, 0.3328868539888601, 0.5510283736022785, 0.3733709714279574, 0.37785569486745474, 0.4591680516625698, 0.6097518267724154, 0.3937971680774637, 0.4925728098166928, 0.33251480169835146, 0.0, 0.33108293958471835, 0.55690706314358, 0.3368299206997678, 0.3329823683742721, 0.5234956360969076, 0.435513421720064, 0.7039516096967298, 0.29480667563146645, 0.7647916432110844, 0.6047273782108795, 0.33324054874028497, 0.6132361771178962, 0.3710878449759547, 0.3652000034642058, 0.6119241288913428, 0.5413633489960028, 0.6524212403700891, 0.3386834248776971, 0.3354443944012495, 0.4967870674163588, 0.45267267270682643, 0.39168144864122345, 0.32646209112128877, 0.24483331504888262, 0.6057470457905334, 0.2858431613046568, 0.2946663576190318, 0.4729627807260095, 0.47956143424423403, 0.3483147949232672, 0.48602211875896706, 0.3626343635082325, 0.5331859707096098, 0.49616128363136647, 0.6537507645898579, 0.6002238857845112, 0.7076869336111655, 0.10819176261241648, 0.46337288824780165, 0.34298583041151076, 0.41102727660794947, 0.34945440243045933, 0.338096101341562, 0.32526419893986636, 0.5697600769038311, 0.37373083055419354, 0.3295620703558666, 0.3534623734225426, 0.6427299741328887, 0.2237216901045933, 0.3435923227224218, 0.4554669342417448, 0.580755155765291, 0.42649497890773236, 0.48428640347579677, 0.35088705344284565, 0.6436426788527818, 0.5696421790842476, 0.3321824642421789, 0.409959030838859, 0.5066583985226258, 0.704677405295139, 0.30435445181600307, 0.6253178181232697, 0.547330172427196, 0.3710873112813198, 0.6061233145772962, 0.49189466388853287, 0.6616679676809749, 0.5596060795697175, 0.39632992724079963, 0.48124312994882046, 0.385107850132385, 0.15907788881014473, 0.32195820177419643, 0.3675171875324703, 0.6342035704064306, 0.6008861212183956, 0.6287533106897312, 0.3276814741941676, 0.583604930753312, 0.44181480502260717, 0.4453799223076005, 0.3983888710583252], [0.3934127851916678, 0.7456609291761735, 0.33419538471283494, 0.6042587728703761, 0.4948898070525565, 0.6497807274944345, 0.5799621353488831, 0.32239084254028394, 0.5883890846958557, 0.38268886548790904, 0.37732385871530205, 0.4524535066802564, 0.5897906028793858, 0.4537485245204165, 0.5035451896217171, 0.33330005443997845, 0.33108293958471835, 0.0, 0.5613138457190243, 0.35664712169417156, 0.32460582678756844, 0.5608033931654037, 0.4694853711066973, 0.6697433448197534, 0.3543765079978285, 0.7791026633400056, 0.646957534347, 0.3488707988838422, 0.6309325044386414, 0.36632193365009047, 0.3669855430148785, 0.6480384913643624, 0.5725507322784562, 0.6651827488031476, 0.3242686718115091, 0.3563019439376778, 0.5105600437836326, 0.5483868123120259, 0.4000879573560556, 0.398485664927136, 0.384839157871268, 0.6198279051414706, 0.33186087929080665, 0.3315394898840225, 0.5229801403518217, 0.46936208116578393, 0.310707282887013, 0.4872194434277419, 0.46853501126909536, 0.5324470419929286, 0.5174347135814252, 0.6969523296104747, 0.5954040109653531, 0.714006579063234, 0.3235247305911402, 0.4789020217184512, 0.34377224772113224, 0.4403095622083697, 0.35358236869898585, 0.3367125206316164, 0.32587193281750193, 0.5987038894598433, 0.37134140847265673, 0.34452728228540574, 0.3481665874905422, 0.659691644116916, 0.33544064496764214, 0.2823447365983911, 0.469791291247426, 0.5553749310607523, 0.4243153844705403, 0.5258909123839057, 0.2860195729371837, 0.6352334519707215, 0.5605083037472816, 0.3632030153222172, 0.44059214355290166, 0.4960741464580283, 0.724838089148677, 0.34686481821191917, 0.631760731422176, 0.612924687136333, 0.3382615312904833, 0.6628282740327269, 0.517678968611869, 0.6779473391888196, 0.6350795414189749, 0.40250718593545587, 0.4832474906566466, 0.39467044433666687, 0.33484249160382973, 0.32125419918719533, 0.3622280398604323, 0.6577570787880496, 0.6360499184370951, 0.6511687679303011, 0.39392816720019797, 0.5930331528167447, 0.4478462166717996, 0.48814350399634443, 0.464359257934416], [0.5743524753968616, 0.42637668710059096, 0.6006102753582574, 0.5855806465258502, 0.6307017758921831, 0.4785630547322939, 0.4475602706389117, 0.6474785055295216, 0.29423220676110606, 0.5778150539364777, 0.569676388668152, 0.510767319045992, 0.5644193540116971, 0.4162053458866799, 0.6257574618431243, 0.5953692647257842, 0.55690706314358, 0.5613138457190243, 0.0, 0.5519422098722555, 0.589912357794945, 0.5133566998892949, 0.4172919448073409, 0.4419072957173431, 0.5293744555463775, 0.376304531308409, 0.5004400519052197, 0.5910022302853224, 0.488794316252112, 0.6030616445788555, 0.5850359460946817, 0.5308102903441194, 0.42465137492958616, 0.5064154132421459, 0.6127940328920507, 0.5875001704647618, 0.2841735860672454, 0.5077813657847399, 0.5262591307347979, 0.5697170081535834, 0.5299531845750234, 0.4954825170438597, 0.5997610012298189, 0.616600780420826, 0.38962661913923413, 0.4290384681002608, 0.56952303001944, 0.36349305978724344, 0.5726213736410581, 0.6146274368476481, 0.3550866158864061, 0.5056008462969512, 0.6013638624152431, 0.3976074274951198, 0.5617971388300622, 0.5717068478660619, 0.5661009308035416, 0.43551635727498583, 0.5796936420558703, 0.5738953292214428, 0.6385266459611856, 0.48200875559841494, 0.6517103254593126, 0.5845025718179417, 0.5845359145216178, 0.39733605780836556, 0.5561475984461328, 0.5595800136350655, 0.4600906435137275, 0.3869790695630788, 0.5289934575975312, 0.38861141444690617, 0.5694353436806054, 0.4327594787258704, 0.596993830543284, 0.5562636937792835, 0.588371491662687, 0.5144649269897781, 0.4401744914270933, 0.5984057205687956, 0.465898953801108, 0.5649248571634411, 0.5482704872059629, 0.5043387210389982, 0.367103083073425, 0.5170675682020069, 0.5395140335981823, 0.5867101885535408, 0.45603972417531735, 0.49490828207185933, 0.5584806983839039, 0.6185791783086307, 0.5633832925519224, 0.48948876452559564, 0.4986183807736899, 0.5240256939967927, 0.5633639132531996, 0.5768620629236043, 0.48638266271326613, 0.40231653636984643, 0.4326146201412755], [0.4214025846897662, 0.8174516775467422, 0.35522248005259893, 0.6528128913236408, 0.5273147219835521, 0.6488723734315287, 0.5775164441136948, 0.3222118848351927, 0.5304817647308058, 0.42256600458615146, 0.41012903390165256, 0.48168820738343676, 0.670904798224554, 0.42631858863961525, 0.5219371534274133, 0.3470287446108058, 0.3368299206997678, 0.35664712169417156, 0.5519422098722555, 0.0, 0.3027287766919491, 0.5427026352419295, 0.4308788351864179, 0.7763175176557695, 0.3762153385428868, 0.8319185640699993, 0.7128985008919175, 0.3390318243656727, 0.6833588466389708, 0.41572955305192205, 0.4032931543724425, 0.637341850335023, 0.5999868629994047, 0.7266990448305353, 0.3095600884668672, 0.36716381931890396, 0.4839772105688416, 0.5066819449722455, 0.3733861300902277, 0.3739376686371392, 0.38858123195237804, 0.7229016805118877, 0.33665956943881925, 0.32278658862278764, 0.465029584938911, 0.5673202862719346, 0.3632549558182283, 0.49096238276984616, 0.5053180184918806, 0.551973772848606, 0.4885878116350941, 0.6534307833449842, 0.6373911905242817, 0.772902392843049, 0.3384475094841386, 0.5257105668150182, 0.32972085248243954, 0.40708976968614485, 0.37417450029285826, 0.3372922842885093, 0.32077547720407185, 0.5660577923457768, 0.3510966421221604, 0.3682544909201142, 0.3850804280281066, 0.6871904972288638, 0.35859673408027093, 0.37490704547973386, 0.45849671808097625, 0.597489321965943, 0.46244527269527835, 0.5004983667956873, 0.3678431062557299, 0.7249503943664135, 0.5818324531386332, 0.368991080042925, 0.44939790040921634, 0.5224654258073429, 0.7626996504992125, 0.35893119955456876, 0.6931279250