[[1.0, 0.8649744748722954, 0.832018039279579, 0.8440334261914963, 0.865201407632136, 0.8289252097878079, 0.8369387386741616, 0.8072229623165394], [0.8649744748722954, 1.0, 0.8695507116496728, 0.8710666445465887, 0.8640002965076173, 0.8700640211143612, 0.8730622280698616, 0.8969392685617033], [0.832018039279579, 0.8695507116496728, 1.0, 0.8274561847859019, 0.8271513107995196, 0.855929900227977, 0.8321826078416651, 0.8863490560248443], [0.8440334261914963, 0.8710666445465887, 0.8274561847859019, 0.9999999999999998, 0.8368067818399725, 0.8349187828843665, 0.8172815902593122, 0.8481435636727711], [0.865201407632136, 0.8640002965076173, 0.8271513107995196, 0.8368067818399725, 1.0, 0.8507562653978115, 0.8577651760378013, 0.8631507630571161], [0.8289252097878079, 0.8700640211143612, 0.855929900227977, 0.8349187828843665, 0.8507562653978115, 1.0, 0.8572014131270548, 0.8471801844095408], [0.8369387386741616, 0.8730622280698616, 0.8321826078416651, 0.8172815902593122, 0.8577651760378013, 0.8572014131270548, 0.9999999999999998, 0.8642705379411217], [0.8072229623165394, 0.8969392685617033, 0.8863490560248443, 0.8481435636727711, 0.8631507630571161, 0.8471801844095408, 0.8642705379411217, 0.9999999999999997]]