[[1.0000000000000004, 0.9580188550138985, 0.9393584684133178, 0.9365108218388438, 0.939977213192778, 0.9326265593315836, 0.9291581645958329, 0.9496023755069262], [0.9580188550138985, 1.0, 0.9955274316866959, 0.9953322132355514, 0.9925447980582931, 0.9913708071099048, 0.9932194187924728, 0.996788236127326], [0.9393584684133178, 0.9955274316866959, 1.0, 0.9997174741810576, 0.9933993738246615, 0.9948764788294665, 0.9972033129224043, 0.9963732797905955], [0.9365108218388438, 0.9953322132355514, 0.9997174741810576, 1.0000000000000002, 0.9932841364811735, 0.9954001909535644, 0.9977647293235468, 0.9966584773280283], [0.939977213192778, 0.9925447980582931, 0.9933993738246615, 0.9932841364811735, 1.0, 0.9975760929353502, 0.9968523587325455, 0.9938430432695256], [0.9326265593315836, 0.9913708071099048, 0.9948764788294665, 0.9954001909535644, 0.9975760929353502, 0.9999999999999998, 0.9987265934856429, 0.9938430889150197], [0.9291581645958329, 0.9932194187924728, 0.9972033129224043, 0.9977647293235468, 0.9968523587325455, 0.9987265934856429, 1.0, 0.9960117060386084], [0.9496023755069262, 0.996788236127326, 0.9963732797905955, 0.9966584773280283, 0.9938430432695256, 0.9938430889150197, 0.9960117060386084, 0.9999999999999999]]