[[1.0, 0.5192843047881136, 0.4830715014831084, 0.4840609165179828, 0.5147690119652726, 0.5252458192177293, 0.5441150042649782, 0.4651294227245164], [0.5192843047881136, 1.0, 0.5016743461856871, 0.5265434322689349, 0.4938825367214128, 0.4943017923038057, 0.4835469225681525, 0.534603663562727], [0.4830715014831084, 0.5016743461856871, 1.0, 0.4948850372940616, 0.487447182482573, 0.5085051276745595, 0.53581771163134, 0.5318198396820526], [0.4840609165179828, 0.5265434322689349, 0.4948850372940616, 1.0, 0.5069406330596762, 0.5345972808311562, 0.4835474373585986, 0.5045077967499696], [0.5147690119652726, 0.4938825367214128, 0.487447182482573, 0.5069406330596762, 1.0, 0.5016855414889948, 0.5299755362162135, 0.5301275141602158], [0.5252458192177293, 0.4943017923038057, 0.5085051276745595, 0.5345972808311562, 0.5016855414889948, 1.0, 0.5108439440552482, 0.47302827356474053], [0.5441150042649782, 0.4835469225681525, 0.53581771163134, 0.4835474373585986, 0.5299755362162135, 0.5108439440552482, 1.0, 0.48218610065410833], [0.4651294227245164, 0.534603663562727, 0.5318198396820526, 0.5045077967499696, 0.5301275141602158, 0.47302827356474053, 0.48218610065410833, 1.0]]