[[1.0, 0.7728901216628429, 0.6401138885183322, 0.6175073504007105, 0.6909378650365687, 0.6627421313099843, 0.5770964331264413, 0.7071024387013053], [0.7728901216628429, 1.0, 0.9503862753007302, 0.9414959172816937, 0.9539359776590963, 0.9471357224665239, 0.9189619074960214, 0.971852219179602], [0.6401138885183322, 0.9503862753007302, 1.0, 0.9973070662766697, 0.9399995921987544, 0.9484482127461517, 0.9768082351997606, 0.9714298803942785], [0.6175073504007105, 0.9414959172816937, 0.9973070662766697, 1.0, 0.9321608983182488, 0.9445981538419567, 0.9825333512467647, 0.9697807617388203], [0.6909378650365687, 0.9539359776590963, 0.9399995921987544, 0.9321608983182488, 1.0, 0.9847461192677642, 0.9470794297101263, 0.9550422613079419], [0.6627421313099843, 0.9471357224665239, 0.9484482127461517, 0.9445981538419567, 0.9847461192677642, 1.0, 0.9580010420269385, 0.9544887535811601], [0.5770964331264413, 0.9189619074960214, 0.9768082351997606, 0.9825333512467647, 0.9470794297101263, 0.9580010420269385, 1.0, 0.9603285012719436], [0.7071024387013053, 0.971852219179602, 0.9714298803942785, 0.9697807617388203, 0.9550422613079419, 0.9544887535811601, 0.9603285012719436, 1.0]]