[[1.0, 0.974844436628219, 0.9721306115959183, 0.9655973670241504, 0.9746095696312943, 0.9523878671148865, 0.963107271063642, 0.9799224943598046], [0.974844436628219, 1.0, 0.9610397165811427, 0.9526547814736325, 0.9819132684509528, 0.9827643630193603, 0.9508062411791036, 0.9742236422027623], [0.9721306115959183, 0.9610397165811427, 1.0, 0.9904783990991827, 0.9530206439783712, 0.9335706593925002, 0.9874802561725287, 0.9844259269494136], [0.9655973670241504, 0.9526547814736325, 0.9904783990991827, 1.0, 0.9565359140093505, 0.9254356758731198, 0.9949962770202339, 0.973780418526972], [0.9746095696312943, 0.9819132684509528, 0.9530206439783712, 0.9565359140093505, 1.0, 0.971605855593472, 0.954844381270389, 0.9752055401258416], [0.9523878671148865, 0.9827643630193603, 0.9335706593925002, 0.9254356758731198, 0.971605855593472, 1.0, 0.922852674027084, 0.9442246014430311], [0.963107271063642, 0.9508062411791036, 0.9874802561725287, 0.9949962770202339, 0.954844381270389, 0.922852674027084, 1.0, 0.972455635703252], [0.9799224943598046, 0.9742236422027623, 0.9844259269494136, 0.973780418526972, 0.9752055401258416, 0.9442246014430311, 0.972455635703252, 1.0]]