[[1.0, 0.8206880946825894, 0.9700250497562336, 0.986725245603583, 0.992759165191198, 0.9552678654326182, 0.8578608530630464, 0.9517643463945907, 0.9749959187577341, 0.9858090610683443, 0.9841110415674933, 0.9821992284163321, 0.9942074108804174, 0.9521894634537994, 0.996234597239925, 0.9719107618180407, 0.7079602207066319, 0.9840585262029385, 0.9821153711318987, 0.9883257019799536, 0.9818972049863154, 0.8877533182899108, 0.9891713353939133, 0.9946838067182201, 0.9677622642603203, 0.9892195048693683, 0.9484239524915072, 0.9853988031841997, 0.9815376269382019, 0.990362664594478, 0.9702766934142081, 0.9947519048151716, 0.9954820593070769, 0.963636354485229, 0.9892195048693683, 0.9766506190272198, 0.9517643463945907, 0.9729617840490686, 0.9889578815462596, 0.9820993810107227, 0.9679604675641452, 0.9561141218835523, 0.9736445898803262, 0.9830476286070391, 0.9973412291687699, 0.956613955430209, 0.9923010051192306, 0.9892195048693683, 0.9758734032963939, 0.9860108142566668, 0.9517643463945907, 0.9941954285499593, 0.986285484337525, 0.9892195048693683, 0.9166682894734658, 0.989474651225534, 0.9669576519615617, 0.9959536459663454, 0.98809848835381, 0.9813718486649281, 0.9517643463945907, 0.9533728735541698, 0.9692877225633927, 0.9700465357207121, 0.9520688327130585, 0.9930279722506079, 0.865486066588857, 0.9892195048693683, 0.9219397143490274, 0.982189652431536, 0.9862495337180248, 0.9875812546844575, 0.9758734032963939, 0.9883737405619243, 0.9892195048693683, 0.9844425155522781, 0.9811740082531188, 0.9634249371295838, 0.9746893600090809, 0.9768294955894208, 0.9940451015912968, 0.9090436444206952, 0.9517643463945907, 0.9942954009373366, 0.9892195048693683, 0.9806080996145168, 0.9823462292654598, 0.9119455422744152, 0.9892195048693683, 0.9806854083502557, 0.9854208237387825, 0.9869476975324812, 0.9724584255696782, 0.8692401401582317, 0.9808120448590063, 0.9841043649093024, 0.9815819915175236, 0.8857437629073357, 0.7667155657904252, 0.9892195048693683, 0.9881582156572699], [0.8206880946825894, 1.0, 0.8348640574735097, 0.8116937499171533, 0.8121925668527724, 0.7955650783200585, 0.9283448273681096, 0.79013352069786, 0.8058725073337879, 0.8091660672152396, 0.8157647927113638, 0.8065377382636221, 0.8127196606035798, 0.7934943078169905, 0.8270573203753937, 0.8354393048359781, 0.8301647951366178, 0.8261864406552859, 0.8118942603008094, 0.826547804420459, 0.8271959226663357, 0.9569210870874711, 0.8194573970180367, 0.8145932849075405, 0.8336116120880885, 0.8048113872322004, 0.8660800318422378, 0.833442958660221, 0.8286141868315249, 0.8173444652095863, 0.7993878119668694, 0.8142822937955444, 0.8129783559471737, 0.8489237343132483, 0.8048113872322004, 0.8193252681275414, 0.79013352069786, 0.836916220498432, 0.8331613493978759, 0.8129179795555526, 0.8361760963567972, 0.7965133492634149, 0.8072996981340412, 0.8184922558418739, 0.8203610120593646, 0.7994995795929698, 0.8242154605586054, 0.8048113872322004, 0.8007223226338531, 0.8288104840599451, 0.79013352069786, 0.814451045720968, 0.8213558210055235, 0.8048113872322004, 0.8435116530917778, 0.8336708478959828, 0.8031678960878488, 0.8206538541532283, 0.829790575071737, 0.8273263353095428, 0.79013352069786, 0.7942956728255001, 0.8050727026588921, 0.8151805282498031, 0.866808499490679, 0.8073859642805135, 0.9308176375307737, 0.8048113872322004, 0.8988173098069616, 0.840047268528753, 0.8256442948967124, 0.8122719380758344, 0.8007223226338531, 0.8123760068447037, 0.8048113872322004, 0.8129213220411207, 0.8102533388386158, 0.8060717505466124, 0.8001172437703647, 0.8287327174972028, 0.8092294441554759, 0.9461887151474355, 0.79013352069786, 0.8106756010053389, 0.8048113872322004, 0.8089147370505584, 0.8314922447240587, 0.8775354536293432, 0.8048113872322004, 0.8227305505678629, 0.8172058600381957, 0.831703215451303, 0.8172083439010857, 0.9098095000867135, 0.8090750173834818, 0.8242964413458457, 0.8248129877786511, 0.9421359407045157, 0.9764716107840115, 0.8048113872322004, 0.8159035431747826], [0.9700250497562336, 0.8348640574735097, 1.0, 0.9649970735442859, 0.9520563227526847, 0.9518461095346565, 0.8867193525178519, 0.9443659548006689, 0.9650591836121525, 0.9614265262577094, 0.9786284478788825, 0.9633307371513326, 0.9618111734229539, 0.949023954899396, 0.9789258077341553, 0.9970760935312676, 0.7085778878750718, 0.987993373951178, 0.9656940166529344, 0.9655977117806742, 0.9901884496266662, 0.9152108026161913, 0.9792685705579607, 0.956174793477289, 0.9900692441961206, 0.9489394852619996, 0.9738649228584259, 0.9852569214160569, 0.9713651022768549, 0.972331627137185, 0.9565590430720602, 0.9593569186189207, 0.9612242985205057, 0.9845919404666276, 0.9489394852619996, 0.9855681828083874, 0.9443659548006689, 0.9942870491007344, 0.9832853750385272, 0.9744322053580852, 0.9895179678930579, 0.9531693283074055, 0.969359156787435, 0.983209724722603, 0.9623779593926906, 0.9573179334506164, 0.9744869151021706, 0.9489394852619996, 0.9575409967809176, 0.9787688709760184, 0.9443659548006689, 0.9502821415745722, 0.9849922282909083, 0.9489394852619996, 0.8175322346811095, 0.9732464028694806, 0.9621769788060117, 0.9632877545653306, 0.9849460736639029, 0.9891078571097621, 0.9443659548006689, 0.9501269427878002, 0.9648537583278728, 0.985220433652383, 0.9790833245249134, 0.9525208089520341, 0.8937925348759628, 0.9489394852619996, 0.9335981656295527, 0.9665268651683173, 0.9858720712905088, 0.9654594864275177, 0.9575409967809176, 0.9667641318365497, 0.9489394852619996, 0.9730486095085261, 0.972381626872131, 0.9663824499723933, 0.9572863742950711, 0.9935848568019564, 0.9550876752158394, 0.9345759426455188, 0.9443659548006689, 0.9562452434801353, 0.9489394852619996, 0.9707343211280928, 0.9774298336698245, 0.9005989427178471, 0.9489394852619996, 0.9857568983792485, 0.978740129705727, 0.9719053536443567, 0.985198250010199, 0.8774590725429461, 0.966148064846988, 0.9854188628267226, 0.980801211700705, 0.9236604478925462, 0.784703499724718, 0.9489394852619996, 0.9720839141405395], [0.986725245603583, 0.8116937499171533, 0.9649970735442859, 1.0, 0.9857204830198415, 0.9823781109762475, 0.8575670859267484, 0.9742104166786232, 0.9928792116399575, 0.9980808011488421, 0.9917696988864664, 0.9971623950768183, 0.9908877843954056, 0.9792724771815857, 0.980495062187495, 0.9668460060956267, 0.6926566702775779, 0.9835204099138619, 0.995038365150072, 0.9638349660488572, 0.9786585075600104, 0.8970380518417053, 0.9933218694745699, 0.9837369444757453, 0.9795958902731559, 0.9855949806839591, 0.9433459125853015, 0.9617668744849667, 0.9788035259487877, 0.9957925314685994, 0.9888404839921268, 0.9898833911833644, 0.990530508844983, 0.9645032606720687, 0.9855949806839591, 0.9831871919909535, 0.9742104166786232, 0.9788148384383519, 0.9682541331575529, 0.9938531380629853, 0.9658265542758308, 0.9837963240997551, 0.9920193126060666, 0.9880827363232434, 0.9819089406565519, 0.9879663067813453, 0.9912601148534664, 0.9855949806839591, 0.9902249850750612, 0.9738810831453056, 0.9742104166786232, 0.9790655051082293, 0.9900156829689793, 0.9855949806839591, 0.8213994150614767, 0.9668417836982334, 0.9910725955415748, 0.9804168582628211, 0.9836529097977854, 0.9800532907495685, 0.9742104166786232, 0.9804778462760543, 0.993187157924213, 0.9851047103145694, 0.9456687036876554, 0.9904555190101783, 0.868128207501993, 0.9855949806839591, 0.9170531147940694, 0.9631039174163767, 0.9876652403518622, 0.9953862008644893, 0.9902249850750612, 0.9957033591399698, 0.9855949806839591, 0.9964232713073942, 0.9944375582307536, 0.9916605631558679, 0.9898438086031608, 0.9744736030142982, 0.9923561076505542, 0.9170962760573461, 0.9742104166786232, 0.9880103121319297, 0.9855949806839591, 0.9932123375483024, 0.979586685051564, 0.8895079525254957, 0.9855949806839591, 0.9896348609597558, 0.9916591096598738, 0.9731907207981502, 0.983260266569543, 0.850209965060354, 0.994447940938857, 0.986776982884092, 0.9915536474381371, 0.8982644459031132, 0.7627924524102527, 0.9855949806839591, 0.9947588621722057], [0.992759165191198, 0.8121925668527724, 0.9520563227526847, 0.9857204830198415, 1.0, 0.9613405396988678, 0.8406807953271276, 0.9575115957226125, 0.9725475155927965, 0.9882779400324305, 0.9725467084486676, 0.9815130593105026, 0.9947797867010489, 0.9579418636005669, 0.9855933699730064, 0.9547836592569034, 0.7048134175052903, 0.9709439334699206, 0.9840905363293423, 0.9803544993953073, 0.9668551189093343, 0.8808087704119436, 0.9805696113559704, 0.9976102884528489, 0.9444244865646594, 0.9965709380286979, 0.9351421744134373, 0.969160651606052, 0.9768403233031442, 0.9870271794286634, 0.9733709240927575, 0.9934418301044582, 0.9935764342214143, 0.9502383279709655, 0.9965709380286979, 0.9632606992706662, 0.9575115957226125, 0.965640823136112, 0.9750429723268877, 0.9750187969238724, 0.9430509566525539, 0.96191420464125, 0.9669432169204183, 0.9727572368308945, 0.994366944154015, 0.9624201015564482, 0.9860702937961068, 0.9965709380286979, 0.9768725541202365, 0.9745086935513003, 0.9575115957226125, 0.9942147080260453, 0.972543270624148, 0.9965709380286979, 0.9151268042519278, 0.9796444498691623, 0.968736845875582, 0.9913690302785612, 0.9785870902647295, 0.966873169355758, 0.9575115957226125, 0.9591396244009718, 0.9676065573219347, 0.9601371743173983, 0.9365428405461274, 0.9973090100946932, 0.8507510365057707, 0.9965709380286979, 0.9173503629556968, 0.9759888652339029, 0.9726980308535793, 0.9885854401550067, 0.9768725541202365, 0.9882409644174169, 0.9965709380286979, 0.9784605301848649, 0.9740293702179461, 0.9625164985360949, 0.9758662961745003, 0.959071359915511, 0.9946912301629407, 0.9035967448872221, 0.9575115957226125, 0.9977013637231537, 0.9965709380286979, 0.9751869353201476, 0.9753228900085603, 0.9081173627825191, 0.9965709380286979, 0.9768106856788064, 0.9737921362551002, 0.9794857788003997, 0.9588987815578683, 0.8593807003523712, 0.9782398106195482, 0.9727153282634122, 0.9692398387073937, 0.8741788250998005, 0.7575349473789135, 0.9965709380286979, 0.9835240293098484], [0.9552678654326182, 0.7955650783200585, 0.9518461095346565, 0.9823781109762475, 0.9613405396988678, 1.0, 0.8535152353032109, 0.9961613407285161, 0.9909679422622593, 0.9864041234978985, 0.9744360110727663, 0.9886388036884509, 0.9669552642589334, 0.9990621706840991, 0.947732173053063, 0.9505534603765067, 0.6819721503051688, 0.9610957496542718, 0.9806942996032988, 0.9228705960137362, 0.9582048230356387, 0.8846159992935331, 0.9707483509295133, 0.9531535128795933, 0.9672632064240714, 0.9783937050076971, 0.9148784119235228, 0.9379837997439878, 0.939618701180663, 0.971855018867769, 0.9970583174647988, 0.9590669328482262, 0.9664363583114216, 0.932962061664058, 0.9783937050076971, 0.96984395842996, 0.9961613407285161, 0.9540392897727403, 0.9391783208873674, 0.9789245878375336, 0.9544069656507785, 0.9990743114684169, 0.9850586273461145, 0.9692564811896798, 0.9464837192352974, 0.9975194735006756, 0.9612110366564012, 0.9783937050076971, 0.9955681315694908, 0.9525149114902037, 0.9961613407285161, 0.940774494241288, 0.967484914247067, 0.9783937050076971, 0.782318696604063, 0.9292608230998974, 0.9940089672562541, 0.9462981839665163, 0.9530296318153739, 0.9609230095622604, 0.9961613407285161, 0.999609545800842, 0.9900221674385176, 0.9760978358350324, 0.9293428154153005, 0.974906514885057, 0.8590477170873427, 0.9783937050076971, 0.8972103712030381, 0.9178377376228335, 0.960121996594186, 0.9790594611228591, 0.9955681315694908, 0.9798868974282462, 0.9783937050076971, 0.9795011730235129, 0.9817212889922303, 0.9926661729527294, 0.9960135307956745, 0.9548240439491114, 0.9719428113896684, 0.9011666128973311, 0.9961613407285161, 0.9670012462611864, 0.9783937050076971, 0.9827092062980631, 0.9387847497057948, 0.8580522100181432, 0.9783937050076971, 0.9638159317726445, 0.97169301327633, 0.9305241935148757, 0.9756809255650396, 0.8341682716222059, 0.9860570535654473, 0.9614133299496096, 0.964331143144602, 0.8971621230959865, 0.7553461132566922, 0.9783937050076971, 0.971613324555786], [0.8578608530630464, 0.9283448273681096, 0.8867193525178519, 0.8575670859267484, 0.8406807953271276, 0.8535152353032109, 1.0, 0.848566931586004, 0.860707523155173, 0.8542649544446625, 0.8702801720666545, 0.8571128107616524, 0.852446931539835, 0.8517735617081388, 0.8659373933907261, 0.8856939962672029, 0.7741546513708325, 0.8749205416112235, 0.8579863874993269, 0.8500710373902611, 0.876755523210295, 0.9744045600595971, 0.868186351793967, 0.8432531474613737, 0.8904575827589106, 0.8421253912994053, 0.917263549767411, 0.873139020819603, 0.8818958048852431, 0.8630888784730892, 0.8544258200723903, 0.8463680917336701, 0.85070481293321, 0.9028413414034588, 0.8421253912994053, 0.8732267774823834, 0.848566931586004, 0.8814074923619619, 0.8694657872961808, 0.8656474209927834, 0.8957998866854123, 0.854449564192394, 0.8670523905099773, 0.8687288190402006, 0.8494354065252478, 0.8572915799510545, 0.867655066277523, 0.8421253912994053, 0.853788138985879, 0.8728079952365568, 0.848566931586004, 0.8381837218203233, 0.8749753469963213, 0.8421253912994053, 0.858592063082173, 0.8637135975442097, 0.8597476132791493, 0.8497493776381901, 0.8727702172354522, 0.8756736122629813, 0.848566931586004, 0.8524983864807245, 0.8626896780373914, 0.8752445648758871, 0.9186766374328492, 0.8449446544202956, 0.9914008959228339, 0.8421253912994053, 0.9514461438794183, 0.8705597562552723, 0.8769402844297807, 0.8577104235488939, 0.853788138985879, 0.8577715451182307, 0.8421253912994053, 0.8650193825754005, 0.865294220975433, 0.8643783340624699, 0.8540013367086743, 0.8837507670917022, 0.8475450983141519, 0.9776789723336395, 0.848566931586004, 0.8450065066314055, 0.8421253912994053, 0.8641901642026254, 0.8805130003663824, 0.915559711598919, 0.8421253912994053, 0.868434018050468, 0.8704113614986562, 0.8694830153735466, 0.8770583169379498, 0.967848931012142, 0.8598210797362297, 0.8726589481012431, 0.8771164037830064, 0.9918584907383947, 0.9056564572272241, 0.8421253912994053, 0.8642883111985876], [0.9517643463945907, 0.79013352069786, 0.9443659548006689, 0.9742104166786232, 0.9575115957226125, 0.9961613407285161, 0.848566931586004, 1.0, 0.9841101843740994, 0.9778767299665994, 0.9671947935259173, 0.9803795490077449, 0.9633656529752553, 0.999531130422794, 0.9442836116927928, 0.9429989187632919, 0.6801846613988424, 0.953373389395794, 0.9725667054076172, 0.9196002795189044, 0.950528664309659, 0.8781516054195072, 0.9628707310172644, 0.9496654574672307, 0.9624872428841967, 0.9747188273450512, 0.907965891387496, 0.9346056908888005, 0.9321438488316623, 0.9638606577129205, 0.9896866396213763, 0.9555355431566867, 0.9628505915017229, 0.9260482557966869, 0.9747188273450512, 0.9622763839919269, 1.0, 0.9465247608475302, 0.9357916180520888, 0.971114866793208, 0.9477458867810941, 0.9952427420982076, 0.9777609646649412, 0.961501297146805, 0.943044221029101, 0.9947017376307055, 0.9532934368804029, 0.9747188273450512, 0.9878030018038703, 0.9490315198818269, 1.0, 0.9373762907599655, 0.9599539667697081, 0.9747188273450512, 0.7799673858292828, 0.9259451419003797, 0.9880430058796748, 0.9428600316400447, 0.945245694940758, 0.9533000828547691, 1.0, 0.9982304331179285, 0.9837823132214552, 0.9689318557694032, 0.9220299262468847, 0.9709689653119332, 0.8532600162711168, 0.9747188273450512, 0.8941190827594165, 0.9146029305798716, 0.9525117230105375, 0.9706580421965738, 0.9878030018038703, 0.9717107057732685, 0.9747188273450512, 0.971581853322069, 0.9740688925343244, 0.9889897144855414, 0.9883453854363998, 0.9475836783335946, 0.9683161436782785, 0.894288791257322, 1.0, 0.9631271680828596, 0.9747188273450512, 0.9752437806628168, 0.9312308437928304, 0.8552244425091079, 0.9747188273450512, 0.9561472204743078, 0.964294471222636, 0.9271995066897789, 0.9691201580494065, 0.8314954901851624, 0.9783495670943323, 0.9537826527990297, 0.9574337811700402, 0.8932215881735804, 0.750687881564499, 0.9747188273450512, 0.9637217169348261], [0.9749959187577341, 0.8058725073337879, 0.9650591836121525, 0.9928792116399575, 0.9725475155927965, 0.9909679422622593, 0.860707523155173, 0.9841101843740994, 1.0, 0.9954739991510144, 0.9939437378374487, 0.9979715909316701, 0.9810279032576549, 0.9883725426562961, 0.9679799613882194, 0.9645764444086635, 0.6877377543977072, 0.9804112325951444, 0.9946348765769207, 0.9379738583780994, 0.9750298059954208, 0.8921603481914699, 0.9914185643831214, 0.9687205001972262, 0.9752305863461667, 0.9801301992812146, 0.9275803493386642, 0.9494175505230179, 0.9587394716817653, 0.9923450421798631, 0.9979126412270573, 0.9708780029853459, 0.9785787763619023, 0.9451825599558283, 0.9801301992812146, 0.9809372663565799, 0.9841101843740994, 0.9705782482731776, 0.9525128742893731, 0.991476836223826, 0.9621552109474861, 0.9919138239700613, 0.9904656176680037, 0.9854379244912433, 0.9651500248194561, 0.9956986860962777, 0.9839398790836578, 0.9801301992812146, 0.9979433715150996, 0.9600231896688193, 0.9841101843740994, 0.9560265346761884, 0.989432087083713, 0.9801301992812146, 0.7899153016497986, 0.944575703930651, 0.9988940399014123, 0.962738570512769, 0.9738168233173696, 0.9767613937483365, 0.9841101843740994, 0.9893328886244942, 0.9970645579101148, 0.9840316574462075, 0.9428026459638182, 0.9808441110932111, 0.866687897945405, 0.9801301992812146, 0.9034012919861769, 0.9327753852479695, 0.9819517216609087, 0.994048317405249, 0.9979433715150996, 0.9949916122788348, 0.9801301992812146, 0.992488685236314, 0.99429610015389, 0.9972496757584496, 0.9980008577108122, 0.9696973591295697, 0.978311943496697, 0.9096086893267273, 0.9841101843740994, 0.9783413702884179, 0.9801301992812146, 0.99736461651132, 0.9598416655003567, 0.8671994062808187, 0.9801301992812146, 0.9821847527560598, 0.9920891045937008, 0.9480634774729745, 0.9850106863945884, 0.8431491531223938, 0.9983054221769037, 0.9812917995520709, 0.9847838775145121, 0.9001832045968133, 0.7637677686347023, 0.9801301992812146, 0.9918106594269885], [0.9858090610683443, 0.8091660672152396, 0.9614265262577094, 0.9980808011488421, 0.9882779400324305, 0.9864041234978985, 0.8542649544446625, 0.9778767299665994, 0.9954739991510144, 1.0, 0.9908441271460844, 0.9980387611331376, 0.9882574251692672, 0.9829770627019896, 0.9769310028581614, 0.9632617887874445, 0.6908151666572167, 0.9798117355181125, 0.9976444651934187, 0.9602729974480134, 0.9749863407620765, 0.8933259321551008, 0.9923933996884611, 0.9843622565008544, 0.9759166987494745, 0.9901546205546976, 0.9399335058100025, 0.95822014712515, 0.9751302728234508, 0.9964332686545637, 0.9934302724502848, 0.9865080681480114, 0.9877707401485488, 0.9609363599716186, 0.9901546205546976, 0.9773054523809326, 0.9778767299665994, 0.9752399042648561, 0.9646594874534689, 0.9899062390380241, 0.9622498774692645, 0.987545835931293, 0.9877913024898133, 0.9848071126441166, 0.9810016741585394, 0.9913286660506664, 0.9903354935666985, 0.9901546205546976, 0.9948276650052991, 0.9699567770009175, 0.9778767299665994, 0.9769227519641972, 0.9872780820525581, 0.9901546205546976, 0.8188110188232401, 0.9632575976378511, 0.993657936539557, 0.9772151558105502, 0.979943237953918, 0.9763706690489294, 0.9778767299665994, 0.9841915745188673, 0.991260322160092, 0.9802655499277595, 0.9422395020976994, 0.9925336428379329, 0.8636792046698111, 0.9901546205546976, 0.9130945899493063, 0.9595473401542424, 0.9840489599466151, 0.9979941256435905, 0.9948276650052991, 0.9978354136598124, 0.9901546205546976, 0.9921828342211098, 0.9909954392856967, 0.9921283865995152, 0.9944429374820581, 0.9708327162267747, 0.9910606619491856, 0.9132166495853712, 0.9778767299665994, 0.9905796803785926, 0.9901546205546976, 0.9935657411066464, 0.9759075625441269, 0.886473305456421, 0.9901546205546976, 0.988538477350961, 0.9907337442270727, 0.969559396202057, 0.9801507034893884, 0.8474371151403474, 0.9970509451002352, 0.9831671922760629, 0.9888075461231183, 0.8948349828688363, 0.7605597419190028, 0.9901546205546976, 0.9953982694039444], [0.9841110415674933, 0.8157647927113638, 0.9786284478788825, 0.9917696988864664, 0.9725467084486676, 0.9744360110727663, 0.8702801720666545, 0.9671947935259173, 0.9939437378374487, 0.9908441271460844, 1.0, 0.9931603274121241, 0.9818049090305141, 0.9717732650046669, 0.9822922738646128, 0.9767728613176666, 0.6962473869049736, 0.9909928583548777, 0.9912369020033232, 0.9554217365862577, 0.9882793779599308, 0.8971486441958413, 0.9974376726467673, 0.9720258642401377, 0.9907534618440775, 0.9753504689407141, 0.9412410649153776, 0.9711592463718693, 0.9717118300884872, 0.9944380704312649, 0.9867732944423913, 0.9768387755508713, 0.9828504188288796, 0.9690758172698208, 0.9753504689407141, 0.989727782111136, 0.9671947935259173, 0.9795768511147617, 0.9729023416270228, 0.9946360570783658, 0.9821458976685672, 0.9757504755134679, 0.9896600860263558, 0.9917863420639195, 0.9734451652741541, 0.9798240449126138, 0.9909741825227844, 0.9753504689407141, 0.9895385106361385, 0.9750170966316358, 0.9671947935259173, 0.9635289188254376, 0.9975450019864622, 0.9753504689407141, 0.8011620047951332, 0.9656680867979069, 0.98835315312271, 0.9727574509943153, 0.9859562548648819, 0.989516212938672, 0.9671947935259173, 0.9728385103396906, 0.9895212504905682, 0.987422044748853, 0.9547229176818927, 0.9790526942993747, 0.8762695530695788, 0.9753504689407141, 0.9123030889865578, 0.9554667251248695, 0.9932709000589071, 0.9917597597120718, 0.9895385106361385, 0.9925319000797879, 0.9753504689407141, 0.994024735113022, 0.9954201206661756, 0.9898705679648244, 0.9893583061395514, 0.9884316122887368, 0.9800413819091366, 0.9151082989483562, 0.9671947935259173, 0.9790311598446141, 0.9753504689407141, 0.9964062160208201, 0.976423007284336, 0.8807733961557079, 0.9753504689407141, 0.9871825210420023, 0.9987311680366886, 0.9697047403865882, 0.99306501519501, 0.8566334920846387, 0.9953213691659177, 0.9913811234649892, 0.9955254553635249, 0.9070379821937028, 0.7724260969840833, 0.9753504689407141, 0.9945887972727946], [0.9821992284163321, 0.8065377382636221, 0.9633307371513326, 0.9971623950768183, 0.9815130593105026, 0.9886388036884509, 0.8571128107616524, 0.9803795490077449, 0.9979715909316701, 0.9980387611331376, 0.9931603274121241, 1.0, 0.9859903167712146, 0.9853477655894894, 0.9744457381751604, 0.9643201090526183, 0.6895715335233069, 0.9809067551828661, 0.997338623595593, 0.9508510358582022, 0.9760705954718951, 0.8939822899055765, 0.9924149080449175, 0.9776440297813812, 0.9785167133478405, 0.9863024749137717, 0.9332124122960849, 0.9558290532846445, 0.9659975660570174, 0.9950474634822366, 0.9961368167673484, 0.9818433535491747, 0.984609853009485, 0.9600868151481089, 0.9863024749137717, 0.9809629959834113, 0.9803795490077449, 0.9750554290273823, 0.9622361894629368, 0.9927956543067725, 0.9647774860089807, 0.9897539019058275, 0.9901192856145455, 0.9866586318776087, 0.9744900464236324, 0.9941195940927536, 0.9883177725241394, 0.9863024749137717, 0.9970317978079617, 0.9658637445009514, 0.9803795490077449, 0.9680690950662854, 0.9900000731671036, 0.9863024749137717, 0.7923354078505865, 0.9580031545248606, 0.9966339448699992, 0.9717042176415643, 0.9785585422897414, 0.978175100418856, 0.9803795490077449, 0.9865212112087454, 0.9951419277613308, 0.9834577565378655, 0.9421412625366445, 0.9879891128990695, 0.8666494397558531, 0.9863024749137717, 0.909994712746322, 0.9524811958231804, 0.9860439305391789, 0.9966109039449639, 0.9970317978079617, 0.9964526315716185, 0.9863024749137717, 0.9948314347879168, 0.9945779546568864, 0.995142931578201, 0.9968109417623306, 0.9737441936066944, 0.9871611124025225, 0.9120965101835988, 0.9803795490077449, 0.9867765809417234, 0.9863024749137717, 0.9959759770754644, 0.9709221365164027, 0.8701171121919946, 0.9863024749137717, 0.9871771402952525, 0.9927276029744567, 0.9650145721828836, 0.9826846506600477, 0.8455664058772353, 0.9984871329085993, 0.9849968559382057, 0.9906551135105186, 0.8982230153208606, 0.7621379407051075, 0.9863024749137717, 0.9952519592643947], [0.9942074108804174, 0.8127196606035798, 0.9618111734229539, 0.9908877843954056, 0.9947797867010489, 0.9669552642589334, 0.852446931539835, 0.9633656529752553, 0.9810279032576549, 0.9882574251692672, 0.9818049090305141, 0.9859903167712146, 1.0, 0.9638011992967542, 0.9888950087491718, 0.9627926784935488, 0.7016748473760592, 0.9795940416708004, 0.9840928538690629, 0.9822097789325319, 0.9741958646371284, 0.8892111633966451, 0.9878600947705379, 0.9966058923527381, 0.9617469073418666, 0.9929231328314976, 0.9377185732039209, 0.972575470710911, 0.9787545239559363, 0.9885375981366219, 0.9778580094938016, 0.9965070726407365, 0.9964967029179602, 0.9565074281123271, 0.9929231328314976, 0.9762407685539458, 0.9633656529752553, 0.9713097867744389, 0.9789646253475979, 0.985955189611802, 0.9540301716961714, 0.9678223641395172, 0.9800286825332606, 0.9823054179688144, 0.9934129730018679, 0.9688237492353508, 0.9873065888163978, 0.9929231328314976, 0.9797038746635719, 0.9840132218793937, 0.9633656529752553, 0.9935507432473696, 0.9804310248633096, 0.9929231328314976, 0.9061582925054389, 0.9811891027112855, 0.9784450130103821, 0.9926675377862555, 0.982834557258696, 0.9779736257219273, 0.9633656529752553, 0.9650136665999971, 0.980259889648574, 0.9749299864863495, 0.9431088166867274, 0.9956349746523817, 0.8622554509679411, 0.9929231328314976, 0.923334960632801, 0.9773396990346112, 0.9800238731571621, 0.988080700385058, 0.9797038746635719, 0.988393219534516, 0.9929231328314976, 0.9877141314272286, 0.985685341308862, 0.9755513326580671, 0.979170931577114, 0.967687437833726, 0.9972066577824753, 0.9105723130336381, 0.9633656529752553, 0.9954576440309412, 0.9929231328314976, 0.985030155949169, 0.9779923616308377, 0.9015429485040701, 0.9929231328314976, 0.9792281636056792, 0.9807766534214756, 0.982757209133209, 0.974327320118064, 0.8595383600249829, 0.9812462786783471, 0.9813647189196499, 0.9759311731549682, 0.8876393395110679, 0.7593490512797796, 0.9929231328314976, 0.9863014388704434], [0.9521894634537994, 0.7934943078169905, 0.949023954899396, 0.9792724771815857, 0.9579418636005669, 0.9990621706840991, 0.8517735617081388, 0.999531130422794, 0.9883725426562961, 0.9829770627019896, 0.9717732650046669, 0.9853477655894894, 0.9638011992967542, 1.0, 0.9447020708242396, 0.947692218281527, 0.6804017554830029, 0.958170786992379, 0.9774558546105124, 0.9199971431511088, 0.955297403568788, 0.8821779197766376, 0.9677644317086196, 0.9500887011886999, 0.9658029513956148, 0.97516470227818, 0.9122709132246914, 0.9350156145757382, 0.9367771468938622, 0.968815459988831, 0.9943735694259018, 0.9559640365498979, 0.963285672114657, 0.9303857244022459, 0.97516470227818, 0.9670115419431878, 0.999531130422794, 0.951204134282715, 0.9362025829373746, 0.9759893933573281, 0.9519938701110225, 0.9981382168119164, 0.9823878069477275, 0.9663303000714263, 0.9434615821671267, 0.9969454432081227, 0.9581898139390723, 0.97516470227818, 0.9926862423640277, 0.9494541986037857, 0.999531130422794, 0.9377886489890709, 0.9646662400937597, 0.97516470227818, 0.7802528604746619, 0.926347502013595, 0.9918581425536479, 0.9432772297252924, 0.9500595413949339, 0.9580468549084178, 0.999531130422794, 0.999837716407068, 0.9878826839406581, 0.9734753210947414, 0.9265629811180051, 0.9714114153951946, 0.8569011606566187, 0.97516470227818, 0.8944942532301207, 0.9149954916893123, 0.9572506278281597, 0.9756831580591374, 0.9926862423640277, 0.9767467551405568, 0.97516470227818, 0.9765129029945007, 0.9788690330635855, 0.9917954046184126, 0.9931803913397855, 0.9521257246549499, 0.96875617884665, 0.8985525466422382, 0.999531130422794, 0.9635624987399751, 0.97516470227818, 0.9799511442865618, 0.9359026490408479, 0.8555676764308717, 0.97516470227818, 0.9609224594165219, 0.9689474995622849, 0.9276029579220032, 0.9733563534049128, 0.8318199380746272, 0.9830345114649823, 0.9585342437718255, 0.9618195274766393, 0.8959892602194282, 0.7535973624984614, 0.97516470227818, 0.9686240935824604], [0.996234597239925, 0.8270573203753937, 0.9789258077341553, 0.980495062187495, 0.9855933699730064, 0.947732173053063, 0.8659373933907261, 0.9442836116927928, 0.9679799613882194, 0.9769310028581614, 0.9822922738646128, 0.9744457381751604, 0.9888950087491718, 0.9447020708242396, 1.0, 0.9794967015085188, 0.712156813772167, 0.9864269198740393, 0.9751018645405999, 0.9924205058776153, 0.9860940041949657, 0.8970665000226813, 0.9873409842950495, 0.9894530504176006, 0.9740961672217152, 0.9801032791224621, 0.956130692396341, 0.9928899680702287, 0.9835888031185565, 0.9848900510877946, 0.9589608766085067, 0.9908341517989656, 0.9916288823770378, 0.9689709782920308, 0.9801032791224621, 0.9797127337298314, 0.9442836116927928, 0.9793175343251145, 0.9952199928012926, 0.9808260203916483, 0.9750382178188708, 0.9485651248475496, 0.9703448498049153, 0.9833402171530776, 0.9946081644008643, 0.9490570946531999, 0.9893313560134254, 0.9801032791224621, 0.9668321788140768, 0.9935689133467873, 0.9442836116927928, 0.9900849695709366, 0.9860652572005582, 0.9801032791224621, 0.9237162450529639, 0.9937720340155404, 0.9559378698447282, 0.9958613113337124, 0.9909743366624302, 0.9860651444870211, 0.9442836116927928, 0.9458669315937199, 0.9611949791720482, 0.9743947770800768, 0.9607570436968561, 0.9839241648958575, 0.874351099418501, 0.9801032791224621, 0.9327958599773712, 0.9855893033992394, 0.9873581981326744, 0.9804811189809601, 0.9668321788140768, 0.9815431127457077, 0.9801032791224621, 0.981134857241073, 0.9778653103210634, 0.954315933008804, 0.9650036985410755, 0.9821540581649348, 0.9866633169291661, 0.9190356641838299, 0.9442836116927928, 0.9868171364444114, 0.9801032791224621, 0.9750996326479533, 0.9842918400653039, 0.9189207853825755, 0.9801032791224621, 0.9791862886174924, 0.9835504869985402, 0.9887906415108361, 0.9775375523318003, 0.8759625444600854, 0.9743521348866908, 0.9859153812482903, 0.9807426790862781, 0.8956107541768928, 0.7716400575368583, 0.9801032791224621, 0.9830221329314315], [0.9719107618180407, 0.8354393048359781, 0.9970760935312676, 0.9668460060956267, 0.9547836592569034, 0.9505534603765067, 0.8856939962672029, 0.9429989187632919, 0.9645764444086635, 0.9632617887874445, 0.9767728613176666, 0.9643201090526183, 0.9627926784935488, 0.947692218281527, 0.9794967015085188, 1.0, 0.7093494595649229, 0.9898167355369495, 0.9666278048087934, 0.9688075061492566, 0.9898995422824216, 0.9139989186494264, 0.9789280053461881, 0.9583411002440456, 0.9892323878683831, 0.9514057357313895, 0.9755584709364477, 0.9862348498343497, 0.9746950122825804, 0.9734895959655323, 0.9556766304379385, 0.962126304069756, 0.9620268201792153, 0.9837609390430657, 0.9514057357313895, 0.9846238705660285, 0.9429989187632919, 0.9953399427398127, 0.9851823377350709, 0.9737007275159881, 0.9879330019770347, 0.9518845602113384, 0.9679891380517595, 0.9845496744870526, 0.9646980197428741, 0.9560654896297174, 0.9758379000248482, 0.9514057357313895, 0.9581358429937216, 0.9795602825885985, 0.9429989187632919, 0.9528771658616807, 0.9842978648612696, 0.9514057357313895, 0.8245944814169573, 0.9766686428786062, 0.9610464713935603, 0.9658787892336467, 0.9855180929592277, 0.9892938752588238, 0.9429989187632919, 0.9488065817468083, 0.9637363050855453, 0.9826851733791219, 0.9787742883104968, 0.9550057343164483, 0.8920952854736915, 0.9514057357313895, 0.9336988891778534, 0.9679086290913893, 0.9863700109315752, 0.9674412131770198, 0.9581358429937216, 0.9679582828915022, 0.9514057357313895, 0.9732317024026735, 0.9716115506232329, 0.965230398391963, 0.9575751564449854, 0.9921494367831559, 0.9575860290123134, 0.9338601484686023, 0.9429989187632919, 0.9588733019121245, 0.9514057357313895, 0.9699507949360346, 0.9795514887638759, 0.9018457293364724, 0.9514057357313895, 0.9861373394752501, 0.97778346217492, 0.9735251445910946, 0.9831626226058007, 0.8776329083041406, 0.9664596341123558, 0.9862420149948525, 0.9806680131105462, 0.9216493203443693, 0.7846224767539273, 0.9514057357313895, 0.9731353733744389], [0.7079602207066319, 0.8301647951366178, 0.7085778878750718, 0.6926566702775779, 0.7048134175052903, 0.6819721503051688, 0.7741546513708325, 0.6801846613988424, 0.6877377543977072, 0.6908151666572167, 0.6962473869049736, 0.6895715335233069, 0.7016748473760592, 0.6804017554830029, 0.712156813772167, 0.7093494595649229, 1.0, 0.7035901329583832, 0.6934899898526614, 0.7258158154427778, 0.7051475747197025, 0.7510702060069785, 0.6985054882481303, 0.7086235109138275, 0.6987074430363406, 0.6957721604202473, 0.7305530265228908, 0.7177622242618499, 0.7156181974455383, 0.6979854479627285, 0.6850402897082005, 0.7058879450017941, 0.7019483428024252, 0.7192528455694513, 0.6957721604202473, 0.6988186051868261, 0.6801846613988424, 0.7073673623883224, 0.7170643307480858, 0.6942300584091593, 0.706686892955538, 0.682403346459128, 0.6908729525271463, 0.6992279449177663, 0.7123555723129431, 0.6826579258485106, 0.7036336850347954, 0.6957721604202473, 0.6859456786611532, 0.7094798964930163, 0.6801846613988424, 0.7151124094588258, 0.7000485414955743, 0.6957721604202473, 0.8329120913689387, 0.7224330027739616, 0.6858299932416471, 0.7124607062833889, 0.7080834162254527, 0.7036300643273277, 0.6801846613988424, 0.6810057949872733, 0.6878979709439444, 0.6953500092751053, 0.7216957284126838, 0.6976955336888409, 0.7702894460608497, 0.6957721604202473, 0.7436217336507601, 0.7294912612730908, 0.7040601734960601, 0.6944637083030475, 0.6859456786611532, 0.6939258733943033, 0.6957721604202473, 0.6939916003620804, 0.6927282300584194, 0.6853745930836529, 0.6856843774191442, 0.7067771068638693, 0.6990717072111959, 0.7396548319629548, 0.6801846613988424, 0.7018014189647525, 0.6957721604202473, 0.6921352398801407, 0.7161572394970541, 0.7728540935027962, 0.6957721604202473, 0.702086981033228, 0.6977581317473722, 0.722192455972337, 0.6952530630077253, 0.7933129142296917, 0.6905793856189715, 0.7033673959205626, 0.7013949105989888, 0.7403864723097241, 0.892774927985424, 0.6957721604202473, 0.6980583268792463], [0.9840585262029385, 0.8261864406552859, 0.987993373951178, 0.9835204099138619, 0.9709439334699206, 0.9610957496542718, 0.8749205416112235, 0.953373389395794, 0.9804112325951444, 0.9798117355181125, 0.9909928583548777, 0.9809067551828661, 0.9795940416708004, 0.958170786992379, 0.9864269198740393, 0.9898167355369495, 0.7035901329583832, 1.0, 0.9831949825848251, 0.973512856026358, 0.9966432767658441, 0.9063708205805437, 0.9934359884507048, 0.9746783051610739, 0.9941108577119739, 0.9675473749030364, 0.9646662026856508, 0.9831807431940072, 0.985774902565581, 0.9901681370044705, 0.9685047563216476, 0.9785382274274005, 0.9798967143771238, 0.9847287196443428, 0.9675473749030364, 0.9943449033195787, 0.953373389395794, 0.9905604837256823, 0.984737894421144, 0.9909453426870641, 0.9873860977150583, 0.9624565599718906, 0.981584039652384, 0.995486422569209, 0.9771206279344161, 0.9667310836894689, 0.9902762664454826, 0.9675473749030364, 0.9742919804086089, 0.9820168700592052, 0.953373389395794, 0.9683396995991799, 0.9946268677326836, 0.9675473749030364, 0.8168220020719197, 0.9797417819326592, 0.9718241141679869, 0.9793400367181386, 0.995268352778003, 0.9962966093554375, 0.953373389395794, 0.959309944388599, 0.9745747026887447, 0.9878084686815873, 0.9667751450436914, 0.971270804605782, 0.8821068021100172, 0.9675473749030364, 0.9254335508001723, 0.9735772677789357, 0.9957073361054812, 0.9842643366718401, 0.9742919804086089, 0.9843310600883981, 0.9675473749030364, 0.9887484513860837, 0.98863757311606, 0.976102617430052, 0.9734893130339209, 0.9931460216752738, 0.973939862567875, 0.9261255189596193, 0.953373389395794, 0.9755353849575208, 0.9675473749030364, 0.9862994219281562, 0.9891791826335912, 0.8925569231531074, 0.9675473749030364, 0.9929141864166805, 0.9912118350978414, 0.9814077622117726, 0.992192247666699, 0.8670802845062364, 0.9830209984017845, 0.9969240610000694, 0.9937769879379836, 0.9123361054502396, 0.7777653201861292, 0.9675473749030364, 0.9892981540971959], [0.9821153711318987, 0.8118942603008094, 0.9656940166529344, 0.995038365150072, 0.9840905363293423, 0.9806942996032988, 0.8579863874993269, 0.9725667054076172, 0.9946348765769207, 0.9976444651934187, 0.9912369020033232, 0.997338623595593, 0.9840928538690629, 0.9774558546105124, 0.9751018645405999, 0.9666278048087934, 0.6934899898526614, 0.9831949825848251, 1.0, 0.9587695847154976, 0.9790025572105939, 0.8924691747795543, 0.9930663349558224, 0.9801723202770712, 0.9811452186848381, 0.9858456932855729, 0.9526838945365923, 0.9590142769310167, 0.9763861455135955, 0.9963698990544108, 0.9915730089948089, 0.982725982805185, 0.9829152024678053, 0.9723855844821164, 0.9858456932855729, 0.9791829563566447, 0.9725667054076172, 0.9788057578179395, 0.96572423725148, 0.9906339658479695, 0.9688990074469719, 0.9817915384687204, 0.9847169709729, 0.9869988728934347, 0.9770411926932263, 0.9861473012007287, 0.9904069109503283, 0.9858456932855729, 0.9941922721922135, 0.9642506226756901, 0.9725667054076172, 0.9720220539437638, 0.9887764653708504, 0.9858456932855729, 0.8117841842378268, 0.9628236075430648, 0.9911609117281657, 0.9741466873328256, 0.9828579941928947, 0.9815034214312038, 0.9725667054076172, 0.9786105676175382, 0.988094439023124, 0.977659332945818, 0.9449502109158323, 0.9865679585982202, 0.8638572425999773, 0.9858456932855729, 0.9082547294103481, 0.9623486637168353, 0.9869379206717593, 0.9979578226014766, 0.9941922721922135, 0.9976067853885838, 0.9858456932855729, 0.9928708906935428, 0.9908382927207412, 0.9893691200931184, 0.9934789267516407, 0.9756381656255783, 0.9840061897557516, 0.9114205328408567, 0.9725667054076172, 0.9879466587212756, 0.9858456932855729, 0.9927748309687165, 0.9805982706258198, 0.8853133107947674, 0.9858456932855729, 0.9902840722797908, 0.991984150975697, 0.9731381560669536, 0.9794492113258635, 0.8476814563283811, 0.9980927498931517, 0.9875242698423236, 0.991518164256088, 0.8946129465689703, 0.7669273649222288, 0.9858456932855729, 0.996221863773694], [0.9883257019799536, 0.826547804420459, 0.9655977117806742, 0.9638349660488572, 0.9803544993953073, 0.9228705960137362, 0.8500710373902611, 0.9196002795189044, 0.9379738583780994, 0.9602729974480134, 0.9554217365862577, 0.9508510358582022, 0.9822097789325319, 0.9199971431511088, 0.9924205058776153, 0.9688075061492566, 0.7258158154427778, 0.973512856026358, 0.9587695847154976, 1.0, 0.9742170921854255, 0.8839353485693607, 0.9686683421080752, 0.986368956155347, 0.9448460122115873, 0.9712462138581754, 0.9581982475956655, 0.9901146300013629, 0.9825484370702622, 0.9694354597832076, 0.9284980784997815, 0.9841669744811378, 0.9825303827114839, 0.9645675650016453, 0.9712462138581754, 0.9623010447031585, 0.9196002795189044, 0.9690840094190949, 0.9922916131906603, 0.9589969023404056, 0.9509475557643294, 0.9236604016436467, 0.9404895353480875, 0.9667845154470746, 0.9908042342441996, 0.9241268707426082, 0.9758525589621102, 0.9712462138581754, 0.9388230444690847, 0.9854217540650986, 0.9196002795189044, 0.989588813842231, 0.96202213606377, 0.9712462138581754, 0.9473209142100549, 0.9947840282179661, 0.9299494274165696, 0.9918624639587376, 0.9849437352522163, 0.9710998853125969, 0.9196002795189044, 0.9211018403129366, 0.9337556829254544, 0.9474073532511793, 0.9523854946972345, 0.9749982217908094, 0.8562550394298988, 0.9712462138581754, 0.9299261288279926, 0.9934315231884033, 0.9686153572070927, 0.9637476976733096, 0.9388230444690847, 0.9643879460534581, 0.9712462138581754, 0.961601856686212, 0.9525720390904611, 0.9291123295087957, 0.9362235218937901, 0.9638573251192171, 0.9776878333558064, 0.9094757305893056, 0.9196002795189044, 0.9788430231382393, 0.9712462138581754, 0.9477006688881443, 0.9814163316596435, 0.9362939938656004, 0.9712462138581754, 0.9691850589710276, 0.9584527069524674, 0.9912750426877974, 0.949135020885017, 0.8829261457348732, 0.9496950990814789, 0.9706650059169907, 0.9600707513949819, 0.8744836771067772, 0.7726814029692243, 0.9712462138581754, 0.964313791759358], [0.9818972049863154, 0.8271959226663357, 0.9901884496266662, 0.9786585075600104, 0.9668551189093343, 0.9582048230356387, 0.876755523210295, 0.950528664309659, 0.9750298059954208, 0.