[[0.9999999999999994, 0.5026477276031729, 0.5417844118378391, 0.5951582770629718, 0.918080671021275, 0.2883133488721302, 0.44090334954709165, 0.0, 0.48482105942379244, 0.587529003991031, 0.5365467642904134, 0.5362651665221386, 0.9717392413394119, 0.08390989255381684, 0.9830668299981642, 0.5639434207024993, 0.6844431578065956, 0.5928470498899644, 0.5028309718185433, 0.9050412896586656, 0.5984666957330498, 0.32761124967788435, 0.6072578790661083, 0.9228018907036979, 0.35409954897808205, 0.9273998828447417, 0.5493190329889546, 0.9540758921548049, 0.5801787621434745, 0.6431956937252621, 0.5156603408395292, 0.9479208840537773, 0.9727826742832144, 0.5397868020970198, 0.9273998828447417, 0.5187713943920953, 0.0, 0.5384296768500639, 0.9633127325780896, 0.5466159773035896, 0.4469493062851849, 0.274314764215903, 0.4499260956745833, 0.5591287888832928, 0.9411982299113615, 0.22556597860623193, 0.7194713329288396, 0.9273998828447417, 0.49279531333076365, 0.9178245948366696, 0.0, 0.8784326485129716, 0.5590333659115667, 0.9273998828447417, 0.7741958898455454, 0.9513713051786981, 0.41836834597323147, 0.9369045000822631, 0.7159898146548096, 0.543530064781685, 0.0, 0.17452854209194127, 0.43578857976372465, 0.4491119160863924, 0.540592722360877, 0.9422878613053889, 0.411860505869896, 0.9273998828447417, 0.6832078392923407, 0.9481134048043672, 0.5877522544301015, 0.6117650014640762, 0.49279531333076365, 0.628005010053818, 0.9273998828447417, 0.550523796240697, 0.5289577253804508, 0.27695294240635115, 0.4969414984052655, 0.5419194731421566, 0.9459358119241316, 0.3624753280264742, 0.0, 0.9630397901729434, 0.9273998828447417, 0.5406220711822114, 0.6820805448542325, 0.8321370192505132, 0.9273998828447417, 0.5464309600275562, 0.543939120588656, 0.9448928412650462, 0.4314535859617894, 0.7360700737144761, 0.5117925683599907, 0.5664866910626972, 0.5388891870222732, 0.28496358446213155, 0.4922676995839118, 0.9273998828447414, 0.5974693195456852], [0.5026477276031729, 1.0, 0.9251883787880032, 0.6573805475258555, 0.3454577358850856, 0.8548798793500283, 0.9474011996984472, 0.0, 0.7387005898292595, 0.5602291870943079, 0.7656764077551074, 0.6501139011915832, 0.4201996829792747, 0.40755152529970584, 0.6079498040110584, 0.917085240636748, 0.9315421777598685, 0.831528941749152, 0.4834553588469747, 0.5356534401273898, 0.8418289589220694, 0.9329289098820391, 0.7498285057947686, 0.3920874007594315, 0.8802819463339323, 0.24264648715657183, 0.8737251171345388, 0.6964383132938402, 0.5635562938652579, 0.6294181606137202, 0.5938726457714153, 0.42107924506837624, 0.414068740966066, 0.8211758568490785, 0.24264648715657183, 0.9165353153885137, 0.0, 0.7853076075734416, 0.6738446074755303, 0.8163699126896563, 0.9259130043681049, 0.879150197750156, 0.8977690274514352, 0.790434455108839, 0.4543087375206002, 0.806302121070267, 0.6382775084930289, 0.24264648715657183, 0.518964257615254, 0.6290120787759858, 0.0, 0.3955316542713555, 0.8030759796043924, 0.24264648715657183, 0.6585501561282263, 0.6043648642294092, 0.853211327719585, 0.46641066886684834, 0.7560836789686506, 0.8118097217549223, 0.0, 0.7103981738513868, 0.9130958971196669, 0.9446648604858028, 0.9758568299532516, 0.31268875445971056, 0.9581615172463843, 0.24264648715657183, 0.8878294140567055, 0.6255252907135671, 0.781863482138358, 0.528333775726881, 0.518964257615254, 0.5573576832102214, 0.24264648715657183, 0.7999447933301421, 0.8185035778947702, 0.8640597588664319, 0.5376584704185162, 0.8639958245289957, 0.36363107775779685, 0.9329728317537672, 0.0, 0.3433944294381751, 0.24264648715657183, 0.7735451925994488, 0.654158769304005, 0.8316024953450446, 0.24264648715657183, 0.6699242437712816, 0.7219515998824437, 0.6031043824699112, 0.9267781691496796, 0.8734223100097521, 0.5727023690655157, 0.7517470374717666, 0.7251680587422626, 0.9189356765223229, 0.9490432251976834, 0.24264648715657178, 0.5974373219985291], [0.5417844118378391, 0.9251883787880032, 1.0, 0.7015700131962683, 0.38119449670098776, 0.7588140495807335, 0.9025434559078868, 0.0, 0.813663592530618, 0.6234892843323713, 0.8796924910129216, 0.8271433896391277, 0.4186006106498986, 0.3032064470948425, 0.6261885080145976, 0.9662202077446947, 0.9705075557724324, 0.9364400273139449, 0.7060621045036497, 0.5630467434119444, 0.9444789522842378, 0.8344887852021211, 0.8811551889068504, 0.39798059128012114, 0.8075525657492962, 0.2489757077273861, 0.9567707044227906, 0.7048643342429934, 0.7295775815972918, 0.752458205619435, 0.7629216801451955, 0.48647933967629775, 0.42352408759769383, 0.9078440951949505, 0.2489757077273861, 0.9624557556903429, 0.0, 0.920405912303067, 0.6883851199506782, 0.9228847191022195, 0.9021614626622423, 0.757190256754375, 0.9086849655118611, 0.9318428399821359, 0.4612324693807588, 0.6856447762151928, 0.7298943564919856, 0.2489757077273861, 0.7098547989649086, 0.5873134845064054, 0.0, 0.42103582695252734, 0.921637533241958, 0.2489757077273861, 0.8181428158685946, 0.6077462335895597, 0.817767954236607, 0.4663970596954375, 0.8087093160395112, 0.9367687223359821, 0.0, 0.5689615335545666, 0.8807635448742733, 0.9230109287735186, 0.9451608477356583, 0.310876984718839, 0.8967990928357616, 0.2489757077273861, 0.8015460995259068, 0.6597274995176723, 0.9345007986449826, 0.6606141469545243, 0.7098547989649086, 0.6796026359389019, 0.2489757077273861, 0.9338440447554863, 0.9038636730800964, 0.7586295196484233, 0.7215016991007883, 0.9461028464628888, 0.3540041642754129, 0.8176784132608271, 0.0, 0.39392348175493647, 0.2489757077273861, 0.8851922085566939, 0.7756475253279084, 0.8894843319738733, 0.2489757077273861, 0.8553076994517564, 0.866168669658567, 0.6944315198226785, 0.9060119319360366, 0.9080282195547664, 0.7505790741679933, 0.9218037800302752, 0.8528652538518451, 0.7897604752244441, 0.9662892779633987, 0.24897570772738603, 0.7958273024943963], [0.5951582770629718, 0.6573805475258555, 0.7015700131962683, 1.0000000000000004, 0.7058139359722642, 0.46415649097549233, 0.5126319552986339, 0.0, 0.46830264096725377, 0.9882316487754024, 0.5565173115900339, 0.7197378212777837, 0.5390842486477844, 0.13508677776547812, 0.6206534164551972, 0.7699136463416104, 0.7642981190726978, 0.8120440136193053, 0.6752920105925327, 0.813937221493511, 0.7864403420854257, 0.5058024348859963, 0.7927285552474223, 0.6527501430159971, 0.47340662524399496, 0.46099963602147925, 0.6903905553527854, 0.6420881572094244, 0.9022740616920844, 0.9245076893426319, 0.5143786389852633, 0.6434591582758975, 0.541924855298285, 0.5926185869905745, 0.46099963602147925, 0.6532211479579693, 0.0, 0.7422907304039146, 0.6610105768226884, 0.6978810924400031, 0.5339681341312241, 0.4416201292077288, 0.5645190142301681, 0.7494885625121754, 0.67600565113573, 0.36313931881023015, 0.7767035683089654, 0.46099963602147925, 0.5797958955688507, 0.6157773261363392, 0.0, 0.7611888807508438, 0.6376955037138968, 0.46099963602147925, 0.8051558035515326, 0.7209146167599952, 0.4593956712308919, 0.6784906387224116, 0.8405567716684055, 0.7596619999330186, 0.0, 0.28097400272781703, 0.5152790290888208, 0.5486887053211014, 0.7646003423595868, 0.496170144490932, 0.5271787390725599, 0.46099963602147925, 0.6099771588627892, 0.7201535549907306, 0.7108479216529303, 0.9303060657796831, 0.5797958955688507, 0.9414784066028548, 0.46099963602147925, 0.7838553553038399, 0.6300043408040514, 0.445867339877081, 0.5586509562271126, 0.6237569003745528, 0.5142831019335314, 0.5800721243506333, 0.0, 0.557201030138326, 0.46099963602147925, 0.5852890876479887, 0.7755884366431458, 0.8280084909857469, 0.46099963602147925, 0.7387476092519488, 0.578028713925663, 0.6593461502702644, 0.5175109190778749, 0.6186391316616922, 0.5408808428245222, 0.7545012606514812, 0.5294639596141537, 0.4412608515941433, 0.607571820437611, 0.4609996360214791, 0.7741265178657305], [0.918080671021275, 0.3454577358850856, 0.38119449670098776, 0.7058139359722642, 1.0000000000000004, 0.12870820936048202, 0.2023837979980243, 0.0, 0.24157932787684822, 0.7318247843831741, 0.30817042323077654, 0.4764448002501646, 0.9376847430939346, 0.03745886917994237, 0.878973334353345, 0.4402506413164035, 0.5368670638290987, 0.5012486200963416, 0.4860085363425228, 0.9559974156706628, 0.488875260403611, 0.18921940711604715, 0.5225665505951907, 0.9663518237015285, 0.15807633972763585, 0.9457810693314858, 0.38208855301908295, 0.834034145434172, 0.6635919785340436, 0.6725045577274703, 0.3168140635363665, 0.9647714356811062, 0.9432762313241486, 0.32382662337969936, 0.9457810693314858, 0.3421285034716526, 0.0, 0.46487203955266976, 0.862206439522755, 0.4203360635979439, 0.21506319435174098, 0.12245899207057011, 0.25833834310063475, 0.4649201157938299, 0.9585434770758097, 0.1006966667087238, 0.672886276261667, 0.9457810693314858, 0.39270102419947744, 0.8515797585592999, 0.0, 0.9753371713144847, 0.36684022014843287, 0.9457810693314858, 0.7047909962998583, 0.9189234004001344, 0.18676707434452888, 0.9580830728921865, 0.6822521213986267, 0.45078809164398553, 0.0, 0.07791264685740219, 0.19884761439083412, 0.24199488986889478, 0.42459687499697935, 0.9466550902061617, 0.19822571344193105, 0.9457810693314858, 0.5453259564689414, 0.8777223944810704, 0.4423306025497279, 0.7021224450422151, 0.39270102419947744, 0.7055434369018488, 0.9457810693314858, 0.4773770266936398, 0.3580785459081553, 0.1236367217601415, 0.3694777227658035, 0.3304651905353461, 0.9419766121024424, 0.2653696776226533, 0.0, 0.9563757063852097, 0.9457810693314858, 0.32996992621978183, 0.623500045920332, 0.7374107273526451, 0.9457810693314858, 0.5009313063793035, 0.34035925769115044, 0.828649826654461, 0.21124505459809292, 0.5147861193467215, 0.3453863818976852, 0.47192111098971257, 0.2979184060788266, 0.12721281492010314, 0.2889755822252619, 0.9457810693314856, 0.5469122993488105], [0.2883133488721302, 0.8548798793500283, 0.7588140495807335, 0.46415649097549233, 0.12870820936048202, 0.9999999999999999, 0.8312501266619541, 0.0, 0.5412198903682234, 0.330119600226448, 0.5660632918811812, 0.44723269740722765, 0.23896875175390325, 0.29103714025753175, 0.40890791785538977, 0.7456458597074652, 0.7240232901761372, 0.6468316919478602, 0.27704363140530747, 0.29588977233502545, 0.6115506707106277, 0.8829015006098342, 0.5006184312834009, 0.16856764635075142, 0.8621202195543672, 0.08406526797522766, 0.7030152181656228, 0.5009607053484334, 0.3204991274881994, 0.3531927012049126, 0.40625787859227375, 0.22025274939704131, 0.22413091330210902, 0.6186363549269662, 0.08406526797522766, 0.749260643035052, 0.0, 0.5768300052288794, 0.4688112930380488, 0.591345228318195, 0.8436719185226872, 0.9514466301647532, 0.807558892880455, 0.5850770217559071, 0.21826190054856257, 0.7823639782501803, 0.3584129242864958, 0.08406526797522766, 0.32775114254630267, 0.5506966414975905, 0.0, 0.15142728456892646, 0.5984685535318112, 0.08406526797522766, 0.38972003832181196, 0.3580325338998602, 0.7145728791217377, 0.23283501106169535, 0.4853539233434571, 0.6658699560817671, 0.0, 0.6053432585577104, 0.8404038025794182, 0.8045016882830047, 0.7925925252404021, 0.16630552991431932, 0.8951504569229065, 0.08406526797522766, 0.8551190960990515, 0.36146004812455684, 0.5475418377858386, 0.2625191984342421, 0.32775114254630267, 0.28436481881078707, 0.08406526797522766, 0.6579783529078034, 0.610269854652938, 0.9605970153299509, 0.34835174471957175, 0.6974210080238512, 0.21951256711441006, 0.8301033931166715, 0.0, 0.15365038629642613, 0.08406526797522766, 0.5738721236928771, 0.39908412560557904, 0.6070925441979188, 0.08406526797522766, 0.4227929273626284, 0.5137903380912545, 0.3884830205907109, 0.8333006080597476, 0.6487387474758227, 0.38239377587764256, 0.5860302438444045, 0.5212528032725583, 0.9136159138969445, 0.8103846137533837, 0.08406526797522762, 0.3549937168276328], [0.44090334954709165, 0.9474011996984472, 0.9025434559078868, 0.5126319552986339, 0.2023837979980243, 0.8312501266619541, 1.0, 0.0, 0.8444588499710234, 0.40969701282173343, 0.8404861314628174, 0.621764115191742, 0.33519108768744044, 0.355122764621362, 0.5587418614202837, 0.8771685998771338, 0.8895856976217161, 0.7793849932781165, 0.4356298841663946, 0.38253947231115937, 0.8084395570895923, 0.8418060138200294, 0.7425158157407592, 0.25161369534071565, 0.9193269814978283, 0.13218619307256071, 0.8972254492017898, 0.6397609941501653, 0.44053270599060473, 0.5466148910523421, 0.6388093878755261, 0.2922868303089114, 0.310708155758748, 0.8891915430693478, 0.13218619307256071, 0.9073500777086057, 0.0, 0.6970911707544177, 0.6087349806565129, 0.8023482981398304, 0.9785692143503445, 0.8295387408300041, 0.8564863600263339, 0.7445169836076079, 0.32816680383210045, 0.6967150690788216, 0.563576862960776, 0.13218619307256071, 0.515363560384352, 0.5290721106196599, 0.0, 0.2299988602762011, 0.8496187999673728, 0.13218619307256071, 0.610933981985162, 0.4968997264304895, 0.9412764480899821, 0.33381220176498877, 0.6531824835890899, 0.7674604647579292, 0.0, 0.5755853876404551, 0.975894015764028, 0.9303354166066933, 0.9065118659229164, 0.2020438573903607, 0.9748294932713237, 0.13218619307256071, 0.8092447428032647, 0.5558649617389757, 0.7924973502436949, 0.4127913261361213, 0.515363560384352, 0.44528370669100054, 0.13218619307256071, 0.7545228208529261, 0.8418743006181796, 0.8199779415885473, 0.5477564289479684, 0.8956001686792436, 0.2466867487108039, 0.8104617113811475, 0.0, 0.24160346023803814, 0.13218619307256071, 0.8353175124193681, 0.5796785570980592, 0.7632427732757372, 0.13218619307256071, 0.6016408919109476, 0.7810272578532046, 0.5580104731058493, 0.9310751276920732, 0.8891529107362173, 0.6012849147498445, 0.7163787233912409, 0.8016269313508768, 0.848956483006026, 0.9402944168715808, 0.1321861930725607, 0.5582004212007197], [0.0, 0.0, 0.0, 0.0, 0.0, 0.0, 0.0, 0.0, 0.0, 0.0, 0.0, 0.0, 0.0, 0.0, 0.0, 0.0, 0.0, 0.0, 0.0, 0.0, 0.0, 0.0, 0.0, 0.0, 0.0, 0.0, 0.0, 0.0, 0.0, 0.0, 0.0, 0.0, 0.0, 0.0, 0.0, 0.0, 0.0, 0.0, 0.0, 0.0, 0.0, 0.0, 0.0, 0.0, 0.0, 0.0, 0.0, 0.0, 0.0, 0.0, 0.0, 0.0, 0.0, 0.0, 0.0, 0.0, 0.0, 0.0, 0.0, 0.0, 0.0, 0.0, 0.0, 0.0, 0.0, 0.0, 0.0, 0.0, 0.0, 0.0, 0.0, 0.0, 0.0, 0.0, 0.0, 0.0, 0.0, 0.0, 0.0, 0.0, 0.0, 0.0, 0.0, 0.0, 0.0, 0.0, 0.0, 0.0, 0.0, 0.0, 0.0, 0.0, 0.0, 0.0, 0.0, 0.0, 0.0, 0.0, 0.0, 0.0, 0.0], [0.48482105942379244, 0.7387005898292595, 0.813663592530618, 0.46830264096725377, 0.24157932787684822, 0.5412198903682234, 0.8444588499710234, 0.0, 1.0000000000000004, 0.4106087393939778, 0.9265583450263186, 0.6281416175415978, 0.3240510332578676, 0.15751508914326257, 0.5661265147506092, 0.7587625237052168, 0.8128831927215073, 0.7471412764266855, 0.5199980218822373, 0.3946203025290582, 0.7955738063976701, 0.5483858781026254, 0.8194351971457352, 0.2739512035984222, 0.6647133052529995, 0.15778660146194246, 0.8081698452890772, 0.6332347146278424, 0.47559506647172367, 0.6217095655076061, 0.7625271592437307, 0.3066250794275492, 0.3333831047288435, 0.8930293315926048, 0.15778660146194246, 0.8030628572401279, 0.0, 0.657396590450712, 0.561042000701835, 0.7445490749180329, 0.8073598086609854, 0.514941840868983, 0.7201699347123824, 0.6964194099840364, 0.35062699715104934, 0.4234309465366096, 0.6727244033750971, 0.15778660146194246, 0.6151736639070616, 0.40752944077604336, 0.0, 0.26580452353939277, 0.856088344107124, 0.15778660146194246, 0.7232706875687768, 0.5045704808555972, 0.7853582611660164, 0.3387358307136168, 0.659408286540846, 0.686574238356511, 0.0, 0.3276238120317472, 0.836157107579443, 0.7532318218903793, 0.7384421692959903, 0.2029185275836691, 0.7473680846757536, 0.15778660146194246, 0.5670362802774098, 0.6212258907808799, 0.8337003349449289, 0.49273633614846274, 0.6151736639070616, 0.5253656710743523, 0.15778660146194246, 0.6744199416718428, 0.7836561113741489, 0.5198942113249184, 0.6538400368727376, 0.8687201866084189, 0.22854273441191184, 0.5277547938645211, 0.0, 0.2883946349183342, 0.15778660146194246, 0.8934098291217001, 0.6465732676539663, 0.7301716345517332, 0.15778660146194246, 0.6277708805179198, 0.8744920413890266, 0.6096338409844456, 0.8388745153043887, 0.8912920132570449, 0.7177353474173537, 0.7240719128387759, 0.89689478466904, 0.5349317350197766, 0.8168830129641198, 0.1577866014619424, 0.6663067098659741], [0.587529003991031, 0.5602291870943079, 0.6234892843323713, 0.9882316487754024, 0.7318247843831741, 0.330119600226448, 0.40969701282173343, 0.0, 0.4106087393939778, 0.9999999999999997, 0.5006343766366854, 0.6943036495966584, 0.5358209819971037, 0.09607706439286505, 0.5948985472301151, 0.6979850538262826, 0.696021407269938, 0.7583428909735789, 0.6748717534299298, 0.8196336555045058, 0.7383718546455704, 0.3935965889825832, 0.7633945493428674, 0.668660186045429, 0.36328754172717886, 0.4779885208237061, 0.6209360359938753, 0.6025502773481438, 0.9094402169606893, 0.9282229523856342, 0.4819564152331683, 0.6501993497283248, 0.5412502395108884, 0.5305038597345929, 0.4779885208237061, 0.5735368836528559, 0.0, 0.6968541211593737, 0.6280462728992753, 0.6472313761182881, 0.43025164253711357, 0.3140911811867892, 0.46908739832234425, 0.7033212434054743, 0.6852986956557285, 0.25827368373152304, 0.769681648920361, 0.4779885208237061, 0.5646550047115773, 0.5652246699793073, 0.0, 0.7871564339037135, 0.5819098244154244, 0.4779885208237061, 0.7948876564537081, 0.7101893375711247, 0.37260165544105106, 0.6855447086983047, 0.8168829529286276, 0.7009093747927945, 0.0, 0.19983567451484668, 0.4094623810254183, 0.4528587809810887, 0.6847360862951579, 0.5013732144588451, 0.414651777005706, 0.4779885208237061, 0.509302163455642, 0.7088509473759514, 0.6682977162991203, 0.9493185112053781, 0.5646550047115773, 0.9576415232443612, 0.4779885208237061, 0.7278488050448355, 0.5717302797104576, 0.31711190267944256, 0.5387093968666865, 0.5506794238686794, 0.5124752004328668, 0.4819629057333091, 0.0, 0.5691777167631985, 0.4779885208237061, 0.5300451542904966, 0.761789262029807, 0.783410881944213, 0.4779885208237061, 0.7185247717553939, 0.5321788923942341, 0.6395359030580998, 0.4147418118988017, 0.5532224772244733, 0.5141539762850519, 0.7083911715524709, 0.4791411381349633, 0.3196446637161061, 0.5145006878301777, 0.477988520823706, 0.7674945831943861], [0.5365467642904134, 0.7656764077551074, 0.8796924910129216, 0.5565173115900339, 0.30817042323077654, 0.5660632918811812, 0.8404861314628174, 0.0, 0.9265583450263186, 0.5006343766366854, 1.0000000000000009, 0.7534035266506162, 0.36825552066388045, 0.16474544167386349, 0.6018435937087007, 0.8532805452518262, 0.8858162778225457, 0.8538105977981415, 0.6633349462926994, 0.4729669440332596, 0.8844031533649303, 0.5868477346327311, 0.8558233649440113, 0.332833622515802, 0.6952253759054114, 0.20128031723583847, 0.8930045975547258, 0.6611155641863586, 0.5941466502970848, 0.7347981885661741, 0.8970410005590636, 0.3812059146195458, 0.3768028193491611, 0.9557408937719292, 0.20128031723583847, 0.8712629718107014, 0.0, 0.7713441150507693, 0.6314930853704162, 0.8352823856053999, 0.8473761410429784, 0.538579011520317, 0.8231700567695673, 0.8354480106248962, 0.4034839280162627, 0.4428675289775542, 0.7577666999331063, 0.20128031723583847, 0.7847456569765335, 0.4563567115571249, 0.0, 0.3373587905597003, 0.9440086538800286, 0.20128031723583847, 0.8349778254673729, 0.5468254229384597, 0.7982423640355839, 0.3964824046657095, 0.7368463026042733, 0.8055844702142944, 0.0, 0.3426625976572587, 0.8276355242161902, 0.8383060277879542, 0.7967557254092691, 0.24809042368471307, 0.7795788766006788, 0.20128031723583847, 0.609447967593535, 0.6507440627462785, 0.9243615193113135, 0.6285586046893133, 0.7847456569765335, 0.6435014163436596, 0.20128031723583847, 0.770648292358218, 0.8879174784762522, 0.5437587086689095, 0.8340703762161932, 0.95447232070015, 0.27446090189420025, 0.567677866587726, 0.0, 0.3678903219135315, 0.20128031723583847, 0.9747272065018792, 0.8047085929306261, 0.817191378722838, 0.20128031723583847, 0.7479808248200416, 0.9713567509103835, 0.726961561730017, 0.8332094642259941, 0.9158609701096693, 0.8962251202129979, 0.8456663360748009, 0.9651817507050852, 0.5594864938370808, 0.8904306667161689, 0.2012803172358384, 0.8073778352617698], [0.5362651665221386, 0.6501139011915832, 0.8271433896391277, 0.7197378212777837, 0.4764448002501646, 0.44723269740722765, 0.621764115191742, 0.0, 0.6281416175415978, 0.6943036495966584, 0.7534035266506162, 1.0000000000000004, 0.42833320908715067, 0.1301613252830615, 0.5674052228675588, 0.827790435986614, 0.8244849905832976, 0.8622840192809512, 0.9510760218258973, 0.6019212751531922, 0.862325485130144, 0.51943609721321, 0.8524184399609162, 0.4636735554719234, 0.5492804861782056, 0.3111880742296409, 0.8773079001164426, 0.5994112234796601, 0.8754005369853988, 0.8177063769775794, 0.7068797345440684, 0.5551522774746246, 0.4261541790742896, 0.800850371228255, 0.3111880742296409, 0.8305893240883456, 0.0, 0.9116976163390051, 0.6383255013560287, 0.9430999556407769, 0.6501563171598086, 0.4255180428475991, 0.6636437100327635, 0.9024630046649442, 0.5062387524756681, 0.3498987523470777, 0.7198967129954882, 0.3111880742296409, 0.8084919831439176, 0.48698605736589506, 0.0, 0.5156709252510748, 0.8678151286375912, 0.3111880742296409, 0.8717515061788, 0.5899613034547788, 0.5996697051720973, 0.5054299864061353, 0.8140151597168137, 0.9091195652826565, 0.0, 0.27072929838204557, 0.6118588217852324, 0.6719112731230241, 0.7225784433333259, 0.34651992274683086, 0.6162996872254473, 0.3111880742296409, 0.5502777664374617, 0.6347410695322498, 0.8942901622277498, 0.7783168143122273, 0.8084919831439176, 0.7594634309693378, 0.3111880742296409, 0.901576170696626, 0.8484383117293907, 0.4296103942873457, 0.7760773576999929, 0.8079167936820036, 0.3655499098826614, 0.5143989151542709, 0.0, 0.47389849639538056, 0.3111880742296409, 0.7942849500121888, 0.8187244929201057, 0.7981368767582299, 0.3111880742296409, 0.9360163648079082, 0.7891977363567406, 0.6825155644958689, 0.6012979090929605, 0.7122764416078359, 0.7473309120853348, 0.9215418954523891, 0.7183352276010758, 0.4420365308799992, 0.7464534861815088, 0.31118807422964107, 0.8521719938536445], [0.9717392413394119, 0.4201996829792747, 0.4186006106498986, 0.5390842486477844, 0.9376847430939346, 0.23896875175390325, 0.33519108768744044, 0.0, 0.3240510332578676, 0.5358209819971037, 0.36825552066388045, 0.42833320908715067, 1.0000000000000002, 0.06954878212136807, 0.9550436102817522, 0.4525901557420863, 0.5719787013120774, 0.46630966905174975, 0.3901307235345514, 0.8902115577703305, 0.46848018833395877, 0.2714396316720922, 0.4804180099008168, 0.9429552774791773, 0.29349569677206194, 0.9746629606328291, 0.43206467664041354, 0.9142359087609386, 0.49909771757862864, 0.530108873075204, 0.32708868906221716, 0.9573596486830172, 0.9874590800066648, 0.39808404295323535, 0.9746629606328291, 0.3979252831332182, 0.0, 0.4217732296077207, 0.9358939490267997, 0.435775088648024, 0.3436336196909755, 0.22736601357092878, 0.32312283085437327, 0.4356276950932368, 0.945753261329845, 0.18696054329966366, 0.6092445252059293, 0.9746629606328291, 0.3487364658232461, 0.9318926037032207, 0.0, 0.887432853955183, 0.4116406142977142, 0.9746629606328291, 0.6494816081551337, 0.932079952991505, 0.3381704609896827, 0.9486495604563413, 0.628461036084101, 0.4344197405552969, 0.0, 0.1446581228801765, 0.3263297923639744, 0.3362917314443584, 0.4437022546621544, 0.9847669490590828, 0.32773949365021976, 0.9746629606328291, 0.6593711344467824, 0.893399517419334, 0.4431019018961134, 0.5191974689238231, 0.3487364658232461, 0.5273367576132921, 0.9746629606328291, 0.454483997193881, 0.4082082811305234, 0.22955266969192362, 0.34100735436871943, 0.38888646690413015, 0.9853474912492135, 0.31121087077312076, 0.0, 0.9724648246079698, 0.9746629606328291, 0.3824996756700009, 0.5581823625243036, 0.7432701116665619, 0.9746629606328291, 0.42611539136261056, 0.3763391095136201, 0.8675971413584274, 0.3119397060427463, 0.6123289563616433, 0.33707579667224896, 0.4351386876493375, 0.35247947927609474, 0.23619229682089898, 0.36609286820489717, 0.9746629606328291, 0.4529618700623163], [0.08390989255381684, 0.40755152529970584, 0.3032064470948425, 0.13508677776547812, 0.03745886917994237, 0.29103714025753175, 0.355122764621362, 0.0, 0.15751508914326257, 0.09607706439286505, 0.16474544167386349, 0.1301613252830615, 0.06954878212136807, 0.9999999999999998, 0.11900739104129433, 0.3009275156817191, 0.3053762717032196, 0.2121448081659012, 0.08062998621076242, 0.09990996717903707, 0.25148246176283384, 0.5010309837450879, 0.1456985566009327, 0.049059445733865656, 0.2509090032572985, 0.024466115186493317, 0.20460353865244763, 0.1817824664500059, 0.11423598980566313, 0.10279219371851069, 0.11823613119258695, 0.08167220347107065, 0.09241792345206518, 0.18004615559728773, 0.024466115186493317, 0.30517401161435, 0.0, 0.27578885026571875, 0.17265314538495743, 0.2420374378198124, 0.2508757455228003, 0.4712007220419597, 0.34125396919629586, 0.30825741047109734, 0.06352231936282743, 0.3758533956466552, 0.10431147251568094, 0.024466115186493317, 0.09538775524281458, 0.1626297350681818, 0.0, 0.05341075454984766, 0.17417657635395994, 0.024466115186493317, 0.11342300545423584, 0.11597859983908725, 0.20796724724518154, 0.0796176968141676, 0.1675798071628349, 0.21277377268835454, 0.0, 0.4807803442809559, 0.24458871936426918, 0.4008267193491013, 0.38791897762313127, 0.0484010858352769, 0.30146278018144496, 0.024466115186493317, 0.28748787327887804, 0.1051982987235208, 0.17575020976541572, 0.07640283677500134, 0.09538775524281458, 0.10247680685715978, 0.024466115186493317, 0.1933903670302746, 0.26988866432604725, 0.36297235775108017, 0.1013832955869059, 0.2507236710013632, 0.07173110265995435, 0.5282569561894783, 0.0, 0.04471796902717692, 0.024466115186493317, 0.16701810175309148, 0.12735353694360418, 0.22654888772844364, 0.024466115186493317, 0.2607743925816287, 0.14953207069002913, 0.11306298735132829, 0.3024221104247527, 0.24170839627589075, 0.11129079098370863, 0.17731561032122695, 0.15170392521566717, 0.4801649016397792, 0.3639508695532863, 0.024466115186493314, 0.10331635615490631], [0.9830668299981642, 0.6079498040110584, 0.6261885080145976, 0.6206534164551972, 0.878973334353345, 0.40890791785538977, 0.5587418614202837, 0.0, 0.5661265147506092, 0.5948985472301151, 0.6018435937087007, 0.5674052228675588, 0.9550436102817522, 0.11900739104129433, 0.9999999999999994, 0.6395777548095843, 0.755326151575718, 0.645012847493225, 0.49892367804945664, 0.8913199506640325, 0.6548899823411996, 0.43542380429130545, 0.6577732659710108, 0.8924552965080204, 0.49081447453360927, 0.8839999014651683, 0.6323766255939668, 0.984771358724702, 0.5813374532466531, 0.6488003010432789, 0.5220090874351332, 0.919067682118603, 0.9512223136595859, 0.6142109568566606, 0.8839999014651683, 0.6020346553412121, 0.0, 0.5800021446663673, 0.9805486074594212, 0.6051108960907224, 0.5624339755746256, 0.38905406049119606, 0.5245657284432029, 0.6072639721049574, 0.9193752492496203, 0.31991482535134064, 0.7348930610990241, 0.8839999014651683, 0.4937338633938713, 0.9433570176076347, 0.0, 0.8441219878170843, 0.6219988164421842, 0.8839999014651683, 0.7816396928525994, 0.9537130852331646, 0.5278650129624213, 0.9173010120558203, 0.7475340031567507, 0.6081184923422123, 0.0, 0.2475296514446302, 0.5576260748634566, 0.5413591985250087, 0.6282750575837032, 0.9097968948419889, 0.5344093631749349, 0.8839999014651683, 0.772661163007992, 0.9554160146652628, 0.636133039286016, 0.6006912872017378, 0.4937338633938713, 0.6182215991027867, 0.8839999014651683, 0.6097669251000152, 0.591877244557027, 0.39279572543667207, 0.49940070979455126, 0.6155901732878309, 0.9200861498642662, 0.46093727425919656, 0.0, 0.9235976053130923, 0.8839999014651683, 0.6008724754451523, 0.6862642721364243, 0.87544981526685, 0.8839999014651683, 0.567980477006399, 0.5971444453238782, 0.9394242310250263, 0.5401515542340878, 0.8028184894459902, 0.5163287994850384, 0.6114070127444423, 0.5830915361197698, 0.4030524884987348, 0.5859463227731352, 0.883999901465168, 0.5991445362111201], [0.5639434207024993, 0.917085240636748, 0.9662202077446947, 0.7699136463416104, 0.4402506413164035, 0.7456458597074652, 0.8771685998771338, 0.0, 0.7587625237052168, 0.6979850538262826, 0.8532805452518262, 0.827790435986614, 0.4525901557420863, 0.3009275156817191, 0.6395777548095843, 0.9999999999999997, 0.9688447795544609, 0.9687915711181152, 0.7071754735842437, 0.6142851980028955, 0.9752892472670024, 0.8102541826366239, 0.9133160590908139, 0.44862163269726757, 0.8048598742521965, 0.2875479996374854, 0.9525775434878435, 0.709615102303226, 0.7788089478097924, 0.8004797740621573, 0.7509454465529823, 0.51355455418165, 0.44898765733787976, 0.8901953891668474, 0.2875479996374854, 0.9402167415589893, 0.0, 0.9001229040440958, 0.7103776170430374, 0.9136429606691449, 0.8879448377799373, 0.7440440790456223, 0.8900650506118399, 0.9290916743865432, 0.507482834072145, 0.6424373750302961, 0.7420927933191324, 0.2875479996374854, 0.7145928284305471, 0.6132544818477341, 0.0, 0.4836370020397471, 0.9022850226806713, 0.2875479996374854, 0.8334031505713076, 0.6393008519075319, 0.8091036876350374, 0.5141649974937877, 0.8329702923890285, 0.9302869639879557, 0.0, 0.5466915666032718, 0.8552032710884447, 0.9132527269013694, 0.9510421658298641, 0.34818758780280024, 0.880487930646017, 0.2875479996374854, 0.8014617576325005, 0.6780597618451802, 0.9198938548518347, 0.7230772800823692, 0.7145928284305471, 0.7391222143111892, 0.2875479996374854, 0.9244949183531924, 0.899136429007004, 0.7344139424788313, 0.7274366886445964, 0.9257424559521553, 0.3872766439896144, 0.8095407393858824, 0.0, 0.4302843551137957, 0.2875479996374854, 0.8693401796285478, 0.8075823932787088, 0.910915480266118, 0.2875479996374854, 0.8405134816696089, 0.838416966020708, 0.7166192882503326, 0.8558910601023949, 0.8805353035313742, 0.7582239045700457, 0.9047218308679407, 0.8181366407760036, 0.765745954850324, 0.9416879249852839, 0.28754799963748545, 0.8440265411987558], [0.6844431578065956, 0.9315421777598685, 0.9705075557724324, 0.7642981190726978, 0.5368670638290987, 0.7240232901761372, 0.8895856976217161, 0.0, 0.8128831927215073, 0.696021407269938, 0.8858162778225457, 0.8244849905832976, 0.5719787013120774, 0.3053762717032196, 0.755326151575718, 0.9688447795544609, 1.0, 0.9427650387734618, 0.7128338575965694, 0.7031110369111091, 0.954900661772356, 0.8018186614265409, 0.8966004853483629, 0.5611075348284161, 0.7894227643421192, 0.41298113321535457, 0.9458569346235823, 0.8199809021320129, 0.7546583418288686, 0.8141057675634745, 0.7747016409711802, 0.6115756811329099, 0.5769021525260406, 0.9134178220582838, 0.41298113321535457, 0.953164784285653, 0.0, 0.8999277458145106, 0.8088435356724668, 0.9169582247134567, 0.8885592231669168, 0.7279240714714807, 0.8925345663100156, 0.9177268541583424, 0.6202643161551255, 0.6442706834816393, 0.8155603075964205, 0.41298113321535457, 0.7295165934479189, 0.7076276629964067, 0.0, 0.5757277543797675, 0.9231223815624888, 0.41298113321535457, 0.8819328858691515, 0.748458925896511, 0.8109932554425674, 0.6244056214535918, 0.8864333074923205, 0.9185707677004773, 0.0, 0.55133509913042, 0.8651386885817786, 0.9128403677203889, 0.9576748847834984, 0.47041220299458103, 0.8772951006880637, 0.41298113321535457, 0.8463307317016231, 0.790553884825893, 0.9268969168882049, 0.729534722654668, 0.7295165934479189, 0.7487829876915884, 0.41298113321535457, 0.9021016360433022, 0.9110462135437043, 0.7201653813206191, 0.7413579588894095, 0.9464725427633097, 0.5081851359377701, 0.8076067601843493, 0.0, 0.548412774595395, 0.41298113321535457, 0.8928877709147529, 0.84714102343422, 0.958941583751993, 0.41298113321535457, 0.8419797838749646, 0.8737937356979426, 0.8083219492552317, 0.8825535007686741, 0.9513299748898322, 0.7695051131667902, 0.9063869062393001, 0.8556703943993773, 0.7584296847213599, 0.9538389437916283, 0.41298113321535446, 0.8186615192739576], [0.5928470498899644, 0.831528941749152, 0.9364400273139449, 0.8120440136193053, 0.5012486200963416, 0.6468316919478602, 0.7793849932781165, 0.0, 0.7471412764266855, 0.7583428909735789, 0.8538105977981415, 0.8622840192809512, 0.46630966905174975, 0.2121448081659012, 0.645012847493225, 0.9687915711181152, 0.9427650387734618, 1.0000000000000002, 0.788332337574759, 0.6625382107059319, 0.9815200729431811, 0.7086627437059096, 0.9468741283576324, 0.4935502753589039, 0.6831822395963069, 0.32738859300415213, 0.9143226206355408, 0.7031191399759209, 0.8578335716789153, 0.8720935163771733, 0.7800460964873632, 0.5651940150231176, 0.4765693385603834, 0.8646459185865109, 0.32738859300415213, 0.9055953921414478, 0.0, 0.9161907141343544, 0.7078207518881757, 0.8977068811792811, 0.7931418199011387, 0.6270773405745272, 0.8443259360447077, 0.9420322595058105, 0.547071535422337, 0.5686144047955644, 0.7910354001269868, 0.32738859300415213, 0.7851608461833778, 0.5967264747751653, 0.0, 0.5460799084120527, 0.8911929318866046, 0.32738859300415213, 0.8987701493501737, 0.6630819749207166, 0.7015612185369133, 0.5469644731114487, 0.8598665786110107, 0.9365322421094446, 0.0, 0.4412510009808743, 0.7745968733966093, 0.8263795070593539, 0.8905643506098123, 0.3793915358786929, 0.7773751814379243, 0.32738859300415213, 0.728485294934061, 0.7105042944702944, 0.9398041925184645, 0.811026024491298, 0.7851608461833778, 0.8130680993981708, 0.32738859300415213, 0.9301574633273572, 0.8731231852929957, 0.6342747669671663, 0.7957526907124574, 0.9022273635846222, 0.41219957388430406, 0.7148405777402635, 0.0, 0.4832349127652632, 0.32738859300415213, 0.8708523904363611, 0.8673214291749126, 0.9156618703040975, 0.32738859300415213, 0.8812819418565966, 0.8522292260596731, 0.7484302126006132, 0.7959132289571774, 0.8503370011981651, 0.8105717693883889, 0.9402777748479796, 0.8199785477440753, 0.6507937956406253, 0.8839317231861137, 0.32738859300415213, 0.9174370373056734], [0.5028309718185433, 0.4834553588469747, 0.7060621045036497, 0.6752920105925327, 0.4860085363425228, 0.27704363140530747, 0.4356298841663946, 0.0, 0.5199980218822373, 0.6748717534299298, 0.6633349462926994, 0.9510760218258973, 0.3901307235345514, 0.08062998621076242, 0.49892367804945664, 0.7071754735842437, 0.7128338575965694, 0.788332337574759, 1.0, 0.5838836181222727, 0.7762131592804048, 0.36747301917464553, 0.7755524466517735, 0.4566067120448485, 0.340258351934229, 0.317434591382224, 0.7408366261753495, 0.5185222403565684, 0.8748954311322181, 0.8053574228401302, 0.6819403290473844, 0.5519732810577878, 0.4076759806276691, 0.6970348211089028, 0.317434591382224, 0.7364295057790794, 0.0, 0.8606353808374897, 0.5667922495707677, 0.8493805756865814, 0.4629222070672792, 0.26359222950918587, 0.556071699384585, 0.8403391696819033, 0.48671357941181453, 0.21674895761513305, 0.6910551210384819, 0.317434591382224, 0.8452865465332997, 0.4052529183523824, 0.0, 0.5235516576771821, 0.7896213243927592, 0.317434591382224, 0.8602375366354484, 0.5387543044846349, 0.40201498226452786, 0.48145775347004194, 0.77330176331978, 0.8392344440383921, 0.0, 0.1677064945975501, 0.42801827063591646, 0.5208925165218765, 0.5834563578208585, 0.3379681211478617, 0.4266796326569205, 0.317434591382224, 0.39721747131583307, 0.5838462600737334, 0.82206793799454, 0.7953127080873935, 0.8452865465332997, 0.7601926381117468, 0.317434591382224, 0.812902973339026, 0.770761874317447, 0.2661272854441096, 0.7952985326033937, 0.7113242962035118, 0.3482779049455895, 0.37263450813651217, 0.0, 0.48823171788612213, 0.317434591382224, 0.710258242801238, 0.8137258241463686, 0.714982122255042, 0.317434591382224, 0.9164574090025834, 0.7326212150856242, 0.6492541131863894, 0.4547036846605149, 0.5936451850711257, 0.7434420691136925, 0.8846030113484518, 0.6412675422388462, 0.2738248040422017, 0.6168679707450283, 0.31743459138222396, 0.8469984908173465], [0.9050412896586656, 0.5356534401273898, 0.5630467434119444, 0.813937221493511, 0.9559974156706628, 0.29588977233502545, 0.38253947231115937, 0.0, 0.3946203025290582, 0.8196336555045058, 0.4729669440332596, 0.6019212751531922, 0.8902115577703305, 0.09990996717903707, 0.8913199506640325, 0.6142851980028955, 0.7031110369111091, 0.6625382107059319, 0.5838836181222727, 1.0000000000000002, 0.651477939776067, 0.36219900512187575, 0.6640290116720694, 0.9665537541028941, 0.3262188631114774, 0.8585600139876379, 0.5507276807395444, 0.8734758567719509, 0.7610707292604885, 0.7857530473233257, 0.46026059967825966, 0.9324029792973441, 0.8988291929883688, 0.48875868363181557, 0.8585600139876379, 0.5193254930068163, 0.0, 0.6186256413758597, 0.8920068469308601, 0.573787216646396, 0.39727703133953984, 0.28825060118393614, 0.4427674973038115, 0.6193373597390937, 0.9727550065625011, 0.2525353926356474, 0.836855198534474, 0.8585600139876379, 0.5084544055965697, 0.8626099142043621, 0.0, 0.984468055129265, 0.5317215458796211, 0.8585600139876379, 0.8189244189692342, 0.9688369992260193, 0.3447290662280457, 0.9737144923017422, 0.8512384214811236, 0.609651234924111, 0.0, 0.20425614966887165, 0.37599432027500396, 0.42739535885784286, 0.6038263097649177, 0.8745743753194202, 0.3809615054295522, 0.8585600139876379, 0.6555217270377149, 0.9417085606624495, 0.5975638717908413, 0.7949138008143938, 0.5084544055965697, 0.8051780948419169, 0.8585600139876379, 0.6280906715367119, 0.5170419130146686, 0.2903114996570276, 0.4924972901485717, 0.5092272197352309, 0.8810122290963455, 0.4327390676805352, 0.0, 0.9037992238141727, 0.8585600139876379, 0.49113133820993476, 0.7800156289636302, 0.8509638055514953, 0.8585600139876379, 0.6314304700766294, 0.4995095215777986, 0.8713573672130338, 0.3966583140069507, 0.6516134699588992, 0.48041596790806435, 0.624822323372435, 0.4608392602693095, 0.29908643593175954, 0.4788363785380978, 0.8585600139876378, 0.6723109802279732], [0.5984666957330498, 0.8418289589220694, 0.9444789522842378, 0.7864403420854257, 0.488875260403611, 0.6115506707106277, 0.8084395570895923, 0.0, 0.7955738063976701, 0.7383718546455704, 0.8844031533649303, 0.862325485130144, 0.46848018833395877, 0.25148246176283384, 0.6548899823411996, 0.9752892472670024, 0.954900661772356, 0.9815200729431811, 0.7762131592804048, 0.651477939776067, 0.9999999999999998, 0.7029035892856897, 0.9643513214517506, 0.4861710364268139, 0.7015471609637035, 0.31930698108917294, 0.9330158896215124, 0.7163429888834476, 0.8399460954804848, 0.864724429744684, 0.8098002995667727, 0.5511913604597213, 0.47715458465862554, 0.8956226216657794, 0.31930698108917294, 0.9106698605014941, 0.0, 0.9150999465795006, 0.7119967751317555, 0.9146875351658065, 0.8141328901574846, 0.6123713040776467, 0.8431673131255637, 0.9449319602928923, 0.5425564861793011, 0.5379614637245519, 0.8058077156686861, 0.31930698108917294, 0.7781885423151874, 0.5751082779809026, 0.0, 0.5335395047967083, 0.9164840824754857, 0.31930698108917294, 0.9045622868858461, 0.6637187770081604, 0.7455728481585716, 0.5439397719013802, 0.8611027095630578, 0.9248709621733211, 0.0, 0.45938016734456694, 0.7860609491016797, 0.8535414838859785, 0.9018211655761871, 0.36837548851254814, 0.7867389460343189, 0.31930698108917294, 0.7077238125005808, 0.7190176185206588, 0.9536711174653741, 0.7963445132085868, 0.7781885423151874, 0.8111320585293647, 0.31930698108917294, 0.9174319780937416, 0.896407238720479, 0.6049023742287911, 0.7902780001478594, 0.9213548322489282, 0.3992054134275333, 0.7140974557015215, 0.0, 0.4742150102703602, 0.31930698108917294, 0.8939983020080777, 0.8644122413581501, 0.9207232586408028, 0.31930698108917294, 0.8888549895833848, 0.8799612430847994, 0.7579291437275192, 0.8027348982945517, 0.881790190535744, 0.8212354314503317, 0.9295624217662328, 0.8549887370636775, 0.6420558512086814, 0.8994265588699664, 0.3193069810891729, 0.9232849191464874], [0.32761124967788435, 0.9329289098820391, 0.8344887852021211, 0.5058024348859963, 0.18921940711604715, 0.8829015006098342, 0.8418060138200294, 0.0, 0.5483858781026254, 0.3935965889825832, 0.5868477346327311, 0.51943609721321, 0.2714396316720922, 0.5010309837450879, 0.43542380429130545, 0.8102541826366239, 0.8018186614265409, 0.7086627437059096, 0.36747301917464553, 0.36219900512187575, 0.7029035892856897, 1.0, 0.5580029349263078, 0.21972873095131, 0.816082