[[0.9999999999999998, 0.9820837303090769, 0.9781334367004422, 0.9560575532831282, 0.9895662781163481, 0.9841610232174354, 0.9781458444654554, 0.0, 0.9922838362591361, 0.9893089314780857, 0.998958418954586, 0.9900585933456755, 0.9893229627123896, 0.9946718170896993, 0.9894976828329416, 0.9653471442179391, 0.9191616945069186, 0.9787940267216924, 0.982206681467728, 0.9804392468994105, 0.9821577902824666, 0.9929616003627388, 0.9958389515059342, 0.9958532143796938, 0.9709331283431581, 0.9659296046146374, 0.9966739341134088, 0.9813191525371562, 0.9967942685292728, 0.9967593857255542, 0.9901905762161884, 0.9908056478985569, 0.9796910824782461, 0.9950535798079185, 0.9852769830802405, 0.9758934793030225, 0.9397900804657063, 0.9816537130402929, 0.9790970936174552, 0.9803733376775257, 0.9891922783054475, 0.9914200921682578, 0.9794097614896828, 0.9760885406077746, 0.9888017544947313, 0.9792401877973421, 0.9762922847923798, 0.9842871916354117, 0.9851792206094055, 0.9824962609483459, 0.9321699521505717, 0.9909520686498686, 0.9970810078610094, 0.9695395544581161, 0.8598477724945812, 0.9877371568094367, 0.9841590755115093, 0.9967481816219235, 0.9854912074390151, 0.9796941292399035, 0.9828895094395353, 0.9579438129975427, 0.9814487196126089, 0.9803415684794329, 0.9887022192815645, 0.993249679828109, 0.9882669325443069, 0.986399269853025, 0.9815654516604213, 0.9906918557745598, 0.984838940106735, 0.9491861100385729, 0.9773586470250426, 0.9952549793789908, 0.9715630146680171, 0.9835478851583168, 0.9806051159047461, 0.9795450850196799, 0.9934500654613019, 0.9773354760450521, 0.9882895018043705, 0.9945998878201755, 0.9822147498793204, 0.9973035667871698, 0.9492995124128907, 0.9987832559875438, 0.9957859692269773, 0.9775957608298006, 0.9868922371917498, 0.9896532501724434, 0.9958528155817722, 0.972374548515624, 0.9842400073899964, 0.9638605428469347, 0.9922082838240952, 0.9980215184317099, 0.9789260932246028, 0.9881674298623939, 0.9945948565356116, 0.9938666316656961, 0.990501318488501], [0.9820837303090769, 0.9999999999999996, 0.9424513944778149, 0.9087607461202076, 0.9718206619428907, 0.9493887756952867, 0.9626488504634909, 0.0, 0.9898504942898646, 0.9967571676707226, 0.9844148410900605, 0.9684599825355625, 0.9694097637640678, 0.979108923661481, 0.9630865052428427, 0.9218861066185725, 0.9539203977000272, 0.9412186193209476, 0.9909995029274457, 0.9449049702825535, 0.9509012672695593, 0.9684163859249475, 0.9698272324902237, 0.9906085157110901, 0.920428582538571, 0.9932561933474431, 0.9830539019698723, 0.9490575900585468, 0.9721396639148095, 0.9866328594392996, 0.9925147637062725, 0.9679768510410895, 0.968844958715574, 0.9924659460725028, 0.9674017174695098, 0.9412916672900682, 0.9271769802301939, 0.9534113647595331, 0.9549816226342238, 0.9453292904321398, 0.9590172877625961, 0.9866769186459594, 0.9451977593285649, 0.9377136642461547, 0.9986087990521303, 0.9605989351763088, 0.9960962169265243, 0.9821594778335688, 0.9651697906997062, 0.9496425865441444, 0.974626697001338, 0.9693725089101227, 0.977594249024539, 0.9805150472260827, 0.754702930326163, 0.9621365149787731, 0.9510238081664756, 0.9843304794493022, 0.9524855529976861, 0.947865085148497, 0.9918488852542986, 0.9306952137129304, 0.9498186007863003, 0.9479629122364348, 0.9597284864056423, 0.9839211406662781, 0.9694851935574468, 0.9992369373206161, 0.9784115885223577, 0.9945174104739084, 0.9557716720817119, 0.9867658801610916, 0.9537304228368757, 0.9929898431571763, 0.9636666938542048, 0.9547727015209282, 0.9522679694807845, 0.9505497214367647, 0.9961098364558919, 0.9404063254214022, 0.9876626531310441, 0.9744398265329488, 0.9877331340716133, 0.9808449614393715, 0.9897116387199226, 0.9851756713794898, 0.9762104634780818, 0.9387696005381613, 0.9784668554873588, 0.9703227742563562, 0.9724342753335182, 0.9951219973055879, 0.9536460718254209, 0.9830149909076773, 0.9754828483139358, 0.9772156803013432, 0.9419889628463025, 0.9780912455215172, 0.9687271829037745, 0.9860779654814857, 0.97533099462716], [0.9781334367004422, 0.9424513944778149, 1.0, 0.9895726463583565, 0.9939571205725478, 0.9931062403315565, 0.9926006054023971, 0.0, 0.9766691329135301, 0.9598596747218987, 0.9803477413482419, 0.9957898635539252, 0.9923208026183546, 0.9890875238240786, 0.996649462956894, 0.9976748489018291, 0.9058330460420789, 0.9994980390678222, 0.9684775598038025, 0.9992901751368541, 0.999495787847874, 0.9946837988971015, 0.990148523855425, 0.9621768341599495, 0.9940686884220734, 0.9181013395232596, 0.9844413169836209, 0.9994052286928076, 0.988794914446232, 0.9819765298650398, 0.9733234318726242, 0.995476936526084, 0.9888013526755496, 0.9747168244633212, 0.994659469547565, 0.999732019533428, 0.9752445412025614, 0.9984928345268378, 0.9976569737851951, 0.999595443891778, 0.9974597446533684, 0.9804066770489078, 0.9996608087335429, 0.997416372016219, 0.9547603293536283, 0.9936629136731665, 0.9420392292077107, 0.9562948003228116, 0.9953881289269573, 0.9970180899015254, 0.8848196039871159, 0.9913043405956161, 0.9881204802616135, 0.9589860087864286, 0.9104233555592186, 0.9970631620713407, 0.9993241046647592, 0.9850921903871096, 0.9981128851481846, 0.9996503024680597, 0.9648776560058218, 0.9929404081884642, 0.9994988093276673, 0.9996748940425473, 0.9977448135117801, 0.9860535519810275, 0.9920746991989943, 0.9472658898847958, 0.9785444022272846, 0.9619494315183765, 0.998901600111804, 0.9091089223450124, 0.9901347203960023, 0.970477716693579, 0.9846237095467063, 0.9990244231996529, 0.9987328373423362, 0.9961692352201874, 0.962237489201765, 0.9992242471116574, 0.9776772111856147, 0.991836747964898, 0.9666045362727318, 0.9855963794611766, 0.9001949918947653, 0.9788032874550175, 0.9906000439922353, 0.9987745215929829, 0.9856308066666495, 0.9948317327729312, 0.9904923261398844, 0.9404076851447477, 0.9989416192032349, 0.9470058938715247, 0.9921784214506493, 0.98494675291468, 0.9972743548347246, 0.9890448940186296, 0.9872485247896876, 0.9772576409003682, 0.9898361277879162], [0.9560575532831282, 0.9087607461202076, 0.9895726463583565, 1.0000000000000004, 0.9759338559165298, 0.9869150726005088, 0.9745634650973677, 0.0, 0.9470383432292664, 0.9316844051188414, 0.9602691806744617, 0.9799261957746985, 0.9810157056187342, 0.9700788474563251, 0.9835578112576223, 0.9915126453371031, 0.8723550097618554, 0.9905482274314141, 0.939331235378675, 0.987064656383778, 0.9862245178833009, 0.9807362548644041, 0.9747280287342631, 0.933886512239065, 0.9897008853520188, 0.875395308825104, 0.9636348309423436, 0.9862151555673452, 0.970938383613206, 0.9606715965540432, 0.947905084660948, 0.9804955505298882, 0.9672513552988166, 0.9505571634422191, 0.9753410741410915, 0.9901819918570204, 0.9700714220432557, 0.9877433377378927, 0.9839284222611996, 0.987017383258554, 0.9838749570025354, 0.9599818391908682, 0.9883033791297343, 0.9867372912769208, 0.9213431522798744, 0.9753808035003186, 0.9049657730711558, 0.9319096814808169, 0.9772660023627657, 0.9921359621523447, 0.8467331544277459, 0.973948873109983, 0.9725877315689274, 0.9420940144241137, 0.9362884544926154, 0.9836073199675291, 0.987080776438468, 0.9633856160837412, 0.9862425346359839, 0.9877820330961306, 0.9364685993052035, 0.983720235967836, 0.9868605012243282, 0.9875724351356244, 0.9829750594336897, 0.9654573176873352, 0.9689108141155537, 0.9135357431826637, 0.9638097509133483, 0.9290604617061344, 0.9867515336943616, 0.8736250703931367, 0.9786873815572074, 0.9433010508953839, 0.9715324236314333, 0.985533113709433, 0.9836178924985403, 0.9921069746235304, 0.9321508404172781, 0.9869556648614916, 0.9571328060406274, 0.977373885302922, 0.9408503616642616, 0.9687547888427629, 0.8600229090902988, 0.9571840580483852, 0.9709185558661985, 0.986977235233897, 0.9599388001103004, 0.9772329680558708, 0.9753298724223184, 0.906317903146149, 0.9847225595334562, 0.9218188121826474, 0.9731473727681496, 0.9647587087192553, 0.9871720059074527, 0.9690728740604065, 0.9678546849532654, 0.9576274872270716, 0.9766095639656086], [0.9895662781163481, 0.9718206619428907, 0.9939571205725478, 0.9759338559165298, 0.9999999999999998, 0.9905166837433266, 0.9971363529773725, 0.0, 0.9934609013170294, 0.9831037223928422, 0.9923708870771509, 0.9992226192129152, 0.9973803447473976, 0.9974982141238553, 0.9982983509763205, 0.9859243666049202, 0.9369455417766919, 0.9932809504277493, 0.988315121013286, 0.9942428599573109, 0.9964080681195892, 0.9978268534838852, 0.9950791674968097, 0.9810563057058621, 0.9813546126474042, 0.9528889756217217, 0.9954833179865107, 0.9957296622944457, 0.9944140691611807, 0.9950167680673981, 0.9916869042565445, 0.9989206404094431, 0.9969124794264643, 0.9918197406191166, 0.9989790437193867, 0.9937754060726826, 0.976022625659911, 0.9971133645356468, 0.9968682861262221, 0.9943659452387292, 0.9972581460204608, 0.9945606620046051, 0.9947626433014766, 0.9900777678036664, 0.9799703660095701, 0.9966194443337423, 0.970688908829688, 0.9767114756726835, 0.9984553996042271, 0.9942208248304427, 0.924508409821204, 0.9959865890039695, 0.9959579600332741, 0.9791378919871283, 0.8681640704699423, 0.9984193912770026, 0.9961113514678595, 0.9965738388028889, 0.9959171699574917, 0.9955882569738465, 0.9862920514752456, 0.9870970693802852, 0.9961200222679587, 0.9955836879896044, 0.9976505970590194, 0.9974780344809451, 0.9978757123665757, 0.9749282389766245, 0.9913305607754633, 0.9824963885447581, 0.9975638239002171, 0.9461737486772696, 0.9903366774653322, 0.988521057965086, 0.9924736238926308, 0.9973134759800047, 0.99663668933379, 0.9940153981252139, 0.9842869542044779, 0.9927830488501223, 0.9936359407299693, 0.9979045108514636, 0.985222516374021, 0.9951064728657046, 0.9403986913449798, 0.9912543308369254, 0.9978729783915813, 0.9916949607984298, 0.9966355307034523, 0.9991409815249284, 0.9955229897299482, 0.9700060980340959, 0.9970830112166581, 0.9718138522899782, 0.9995857092652253, 0.9931634439583977, 0.991301517546195, 0.9977174099216077, 0.9918916596989752, 0.9917592697113182, 0.9972833343519165], [0.9841610232174354, 0.9493887756952867, 0.9931062403315565, 0.9869150726005088, 0.9905166837433266, 1.0, 0.984691509021797, 0.0, 0.976459535930779, 0.9660312670737107, 0.9861474262860268, 0.9923137925298535, 0.9920665273060955, 0.9912470819113847, 0.9955712421397194, 0.9891538815757144, 0.8993119306951671, 0.994990612961657, 0.9670212386536186, 0.993638542902821, 0.9936661338248292, 0.995269921575202, 0.9922055024465796, 0.9685278944240752, 0.9898815695906947, 0.9306039653259547, 0.9881693178597946, 0.9938493811565701, 0.992039221890821, 0.9844310253550552, 0.9756052231222286, 0.9937754990103566, 0.9816262845530326, 0.9776476468643626, 0.9890175140416977, 0.9926887431915203, 0.9615569658247451, 0.9937674310289264, 0.98986106814322, 0.9929129309041482, 0.9960687143760143, 0.9797976680953457, 0.9943240435293254, 0.9916170960128453, 0.9594041290036083, 0.9843594988105577, 0.9420921009582127, 0.9597272612570868, 0.9894173490275732, 0.9951349582399276, 0.8827403114165199, 0.99129001807226, 0.9914820451741315, 0.9570379923233602, 0.9122776529833617, 0.9952456693311253, 0.9949183715536565, 0.9872773249085112, 0.9963031132940317, 0.9936907326361829, 0.9655100735626474, 0.9827750321188446, 0.9925764168461375, 0.9939539278696607, 0.9951168298805891, 0.9865996714402211, 0.9868439163018626, 0.9537527224866451, 0.9792823643463137, 0.9644389149541569, 0.9949626088710212, 0.9087031879256897, 0.9797779211003245, 0.9737293686179661, 0.9772091629261134, 0.9940926975522413, 0.9907803105340408, 0.994231608082235, 0.9678003517162331, 0.9931097665418072, 0.976789557983855, 0.9934752644568215, 0.962666620793986, 0.9905741238334332, 0.9050662382366317, 0.9851199303043251, 0.9899521328355226, 0.9923704023612915, 0.979000285328348, 0.9917894421108667, 0.9920621644532915, 0.9400372700341963, 0.993773397286887, 0.9418345502490929, 0.9905735390464145, 0.986926105288386, 0.9934112486427262, 0.9859509003434721, 0.9849640824112981, 0.9787815664864787, 0.9901191781749636], [0.9781458444654554, 0.9626488504634909, 0.9926006054023971, 0.9745634650973677, 0.9971363529773725, 0.984691509021797, 1.0, 0.0, 0.9883351234190905, 0.9751046226048327, 0.9820987582151641, 0.995714049738564, 0.9923063271685898, 0.9918215324101238, 0.9946901118098244, 0.9860151485595373, 0.9364679312657901, 0.9910774266687519, 0.9859029415578066, 0.992287851326599, 0.9947881261107576, 0.9919574909921276, 0.9862860066147291, 0.9684807523903174, 0.9779369312421236, 0.9429313216657333, 0.9883990043031144, 0.9945473524713527, 0.9852608045655556, 0.9875157702106283, 0.9872123963561128, 0.995143133449379, 0.9985183335970786, 0.9837550307133958, 0.9984191536280864, 0.9935298547153513, 0.9834917285186782, 0.9961770077308855, 0.9972889160071446, 0.9922912956781623, 0.9928755564015317, 0.9886439781458444, 0.9937310868198488, 0.9882205003847513, 0.9709694998077335, 0.9971195068737129, 0.9641499904436033, 0.9680848276568205, 0.9969209939431617, 0.9904151489591034, 0.9169365457322244, 0.9915177140702623, 0.987542993711571, 0.9760228498253172, 0.8581620540232562, 0.995519203256724, 0.993019932567665, 0.9896675007895122, 0.9925564245280105, 0.9946649816525297, 0.9821444260836093, 0.9925026578826371, 0.9947882069577881, 0.9944549374461613, 0.9938562565198811, 0.9925280516005163, 0.9961215568608971, 0.9648513511356458, 0.9872723479037321, 0.9733947733557966, 0.9952075580466119, 0.9406061237309776, 0.9885081275613252, 0.9792850942156216, 0.9933416325081218, 0.9955594356592117, 0.9962078963514536, 0.9914600344532519, 0.9747296940998236, 0.9915589045827139, 0.989350327538662, 0.9917189383365344, 0.9800457518689619, 0.9865763219696019, 0.933043218030354, 0.9807352040253985, 0.9917679566185511, 0.9896712744325409, 0.9957575396557594, 0.9960151486410713, 0.9876044595291251, 0.9640589355720102, 0.9952592089449597, 0.969291192042799, 0.9955240795346726, 0.9839972124781532, 0.9889177363877811, 0.9954620706834143, 0.9836801099365502, 0.983580037051413, 0.992574845266321], [0.0, 0.0, 0.0, 0.0, 0.0, 0.0, 0.0, 0.0, 0.0, 0.0, 0.0, 0.0, 0.0, 0.0, 0.0, 0.0, 0.0, 0.0, 0.0, 0.0, 0.0, 0.0, 0.0, 0.0, 0.0, 0.0, 0.0, 0.0, 0.0, 0.0, 0.0, 0.0, 0.0, 0.0, 0.0, 0.0, 0.0, 0.0, 0.0, 0.0, 0.0, 0.0, 0.0, 0.0, 0.0, 0.0, 0.0, 0.0, 0.0, 0.0, 0.0, 0.0, 0.0, 0.0, 0.0, 0.0, 0.0, 0.0, 0.0, 0.0, 0.0, 0.0, 0.0, 0.0, 0.0, 0.0, 0.0, 0.0, 0.0, 0.0, 0.0, 0.0, 0.0, 0.0, 0.0, 0.0, 0.0, 0.0, 0.0, 0.0, 0.0, 0.0, 0.0, 0.0, 0.0, 0.0, 0.0, 0.0, 0.0, 0.0, 0.0, 0.0, 0.0, 0.0, 0.0, 0.0, 0.0, 0.0, 0.0, 0.0, 0.0], [0.9922838362591361, 0.9898504942898646, 0.9766691329135301, 0.9470383432292664, 0.9934609013170294, 0.976459535930779, 0.9883351234190905, 0.0, 0.9999999999999999, 0.9947588827807134, 0.9938094918952102, 0.9908791658294035, 0.9886624815648081, 0.9950782667456732, 0.9884093315591463, 0.9632656820508819, 0.9480685421836399, 0.975873477889935, 0.9955238160295914, 0.9789173474939669, 0.9823832965521879, 0.9896854299704035, 0.9890114704386442, 0.9919257210050607, 0.9602255213054871, 0.978209426553211, 0.996440917268531, 0.9814976703328857, 0.9907398437404097, 0.996618795674555, 0.997547142822135, 0.9904004827305967, 0.9921030471689164, 0.9971081901513844, 0.991818162952803, 0.9760987823671565, 0.9572454356912845, 0.9831649642517853, 0.9834772197742144, 0.9786041406724969, 0.9863763436086828, 0.995155243931754, 0.9788252264315643, 0.9735421938719825, 0.9947873522877585, 0.9874193104459382, 0.9880938323922214, 0.9846164470549875, 0.9898651521875409, 0.9779927898296807, 0.9498474349562223, 0.9904582991929121, 0.9924861490006337, 0.9804162189333605, 0.8195895229571607, 0.98805579506117, 0.981709922220808, 0.9973241029146404, 0.983027912575731, 0.9801406483899269, 0.9938148973222749, 0.9670930570704016, 0.9814863610078399, 0.9803848102327137, 0.9871078638158631, 0.9965576573820986, 0.9939515885344887, 0.9920173301257763, 0.9871859190782817, 0.994887477796627, 0.9844743313662604, 0.9677380463028676, 0.9783152027209799, 0.9958863827866731, 0.982847767284532, 0.9843355020900793, 0.9829144851666227, 0.9773334864213734, 0.9959795281164711, 0.976411476737979, 0.9955182629002713, 0.9919674346232865, 0.9909530912019408, 0.9932850309465828, 0.9664676437056202, 0.9940526747602765, 0.9943147935198208, 0.9748423610507316, 0.9958922167947718, 0.9923108977732363, 0.9905952333561118, 0.9858268905551438, 0.9843674656305409, 0.9786599769838317, 0.9951342926389973, 0.9925650666482531, 0.9757139048180845, 0.9939830109316845, 0.9887499917650122, 0.9925482188957526, 0.9910134845242328], [0.9893089314780857, 0.9967571676707226, 0.9598596747218987, 0.9316844051188414, 0.9831037223928422, 0.9660312670737107, 0.9751046226048327, 0.0, 0.9947588827807134, 0.9999999999999998, 0.991951154550155, 0.9809232887070327, 0.9815326035457206, 0.9887809178221583, 0.9770987423975382, 0.9417482068566764, 0.9528633420634053, 0.9592702034035706, 0.9940777713173576, 0.961367578491417, 0.9666702614175993, 0.9809158792799589, 0.9820997497761468, 0.9930687552167053, 0.9409342928856552, 0.9868068491165556, 0.9915461390505195, 0.9654190623122783, 0.9832687022708282, 0.9940043308471571, 0.9967130949151499, 0.9810361089946227, 0.9797409397148985, 0.9969391909480886, 0.9795000854665707, 0.9590063640199062, 0.943525179870797, 0.9694065906912537, 0.9693861813574424, 0.9620833007670928, 0.9738212213670038, 0.9932244609337885, 0.9623458246439746, 0.9540502076653947, 0.9979573793641658, 0.9739039567368523, 0.9938947210548903, 0.9896339164674877, 0.9777444677533466, 0.9664629260963289, 0.959391044746407, 0.9791665595093743, 0.9876376656232672, 0.9840063771300434, 0.7904278708717031, 0.9757913424415289, 0.9669809207116394, 0.9919660667261907, 0.9687010957367408, 0.9640677941458013, 0.9950620324584319, 0.9488294892537594, 0.9660281298545073, 0.9642016274552812, 0.9741605274468816, 0.9917505940060938, 0.9805945171354935, 0.9977765140492456, 0.9852934380988586, 0.9945204464768732, 0.9707005427213351, 0.9781069765424386, 0.9652177827372328, 0.9967435037820128, 0.9750049685454841, 0.969780938408127, 0.9670381671361926, 0.9668506908372759, 0.9982871677705437, 0.958455135773628, 0.9936870789354033, 0.9855793678203768, 0.9878977278826196, 0.98961489087271, 0.9800979912306279, 0.9920017440951996, 0.9866746418571394, 0.9558064914153674, 0.9872596778059979, 0.9819825566267081, 0.9829287409786654, 0.9926070077199397, 0.9692292509486407, 0.9836397964427748, 0.9860672142134265, 0.9862417530941789, 0.9575820100390355, 0.9864385462530221, 0.9789948219440869, 0.992469189610403, 0.9862947138599449], [0.998958418954586, 0.9844148410900605, 0.9803477413482419, 0.9602691806744617, 0.9923708870771509, 0.9861474262860268, 0.9820987582151641, 0.0, 0.9938094918952102, 0.991951154550155, 1.0000000000000004, 0.9925248906450347, 0.9927999089029733, 0.9967590278716527, 0.9914689809880504, 0.9676211989717458, 0.9303524625575739, 0.9808239189842877, 0.9860648505346424, 0.9816295630704648, 0.9842114610889819, 0.9949619170766861, 0.996908879176561, 0.9948091830417263, 0.9702496364225971, 0.9687907655963753, 0.9976587995721008, 0.9831549130139382, 0.9969304367377735, 0.998473413357043, 0.9932709174287803, 0.9931729083114045, 0.9832201151761061, 0.9972083441061173, 0.9879664633638002, 0.9785424497056927, 0.9485829448120081, 0.9845720830124961, 0.9826712538600172, 0.9821732627598415, 0.9906714048772507, 0.9948201885313985, 0.9814890520091292, 0.9766342699755933, 0.9902241313265024, 0.9825428842960785, 0.978911209039489, 0.9863495919199426, 0.9881235849742717, 0.9855285109787264, 0.9352473125684793, 0.9915239866970094, 0.9985415228245188, 0.9768416231072905, 0.8569019285674278, 0.990048202605146, 0.986129629949792, 0.9981794489566578, 0.9870716683720182, 0.9821617112629211, 0.9875020388486235, 0.9636723334495283, 0.9836444497349758, 0.9825710060827179, 0.9902958965995003, 0.9960583548768496, 0.9891389755992122, 0.9879314644124608, 0.9880673886054205, 0.991044398789657, 0.9872387956038835, 0.9545374193966318, 0.978943922344671, 0.9966090010839536, 0.9784366968606668, 0.9858687944370977, 0.9831575342313955, 0.9836670655710278, 0.9945988394807885, 0.9790103584653395, 0.9923008585777245, 0.9967041242184609, 0.9847669971118558, 0.9989959655038527, 0.9539055697305381, 0.9993864696202254, 0.9969422743696598, 0.9783630108916047, 0.9894015989402815, 0.9920183015492174, 0.9964620938378199, 0.9767611498015975, 0.9860326120282953, 0.970713611784295, 0.9944972990151685, 0.9975554490838894, 0.9795337112485225, 0.9916677279962847, 0.9929286593366251, 0.9965519385696716, 0.9942488545084538], [0.9900585933456755, 0.9684599825355625, 0.9957898635539252, 0.9799261957746985, 0.9992226192129152, 0.9923137925298535, 0.995714049738564, 0.0, 0.9908791658294035, 0.9809232887070327, 0.9925248906450347, 1.0000000000000002, 0.9979153650549016, 0.9973598965713126, 0.9988291016925028, 0.9881984227827827, 0.9304250472041006, 0.9949945082399911, 0.9855367466185635, 0.9955606445774012, 0.997530443830787, 0.9987869226792572, 0.996094880813098, 0.9805117603751967, 0.9851521678461973, 0.9474434518772569, 0.994847086436849, 0.9968868195174158, 0.9951101522283169, 0.9945887662247089, 0.9894682813742417, 0.999460821794752, 0.9944016340929194, 0.9907768084977847, 0.9984234849688767, 0.9953045109214124, 0.9745773991092671, 0.9977258043379462, 0.9976886722083518, 0.9961307882140866, 0.998254968608459, 0.9937969435139983, 0.9961024827530356, 0.9918819779102135, 0.977202990918238, 0.9964095674860471, 0.9676792358594485, 0.9756001283528504, 0.9986785775480495, 0.9960285999210219, 0.9196260183024998, 0.9958626366357063, 0.9966244448343746, 0.9772849376032716, 0.8786854688413799, 0.9986836930911772, 0.9975038001955562, 0.9957195112503265, 0.996872038276325, 0.9968289706671903, 0.9835609914975537, 0.9872896755221079, 0.9975301505692613, 0.9968744027971412, 0.9985949055417027, 0.9965800392663476, 0.9967200771124312, 0.9719206174614383, 0.9904427305968726, 0.9809941367757385, 0.9984993211760268, 0.9411537291629317, 0.9921332936318588, 0.9877451508211472, 0.9911260372786181, 0.9981910883462753, 0.9974688441216486, 0.9957979664744988, 0.9822236841174259, 0.9942757201798769, 0.9919243131884916, 0.9985281983909945, 0.9834219204513782, 0.9953482486822269, 0.9350285747684081, 0.9913457759185922, 0.9980123571558147, 0.9934743269256503, 0.9949888764578924, 0.9994347330047461, 0.9967371489829874, 0.9666095922120655, 0.9978918542392078, 0.9691152280983021, 0.9989265138825142, 0.9937673905726611, 0.9930109382121638, 0.9971580226498548, 0.9934580627860901, 0.9914385784405331, 0.9977773019785605], [0.9893229627123896, 0.9694097637640678, 0.9923208026183546, 0.9810157056187342, 0.9973803447473976, 0.9920665273060955, 0.9923063271685898, 0.0, 0.9886624815648081, 0.9815326035457206, 0.9927999089029733, 0.9979153650549016, 1.0000000000000002, 0.9961490765744798, 0.9971099199296884, 0.983819040064052, 0.9372436809015616, 0.9923038443318879, 0.9846061551381092, 0.9916707338566207, 0.9939129913085893, 0.9976460687938443, 0.9956093566802998, 0.9805645744863059, 0.9799823584490818, 0.9476648014617215, 0.9938640603833148, 0.9928469791600689, 0.9939080777249278, 0.9940130470308578, 0.9893040935316886, 0.997485132139576, 0.9915718633761376, 0.9913253923561498, 0.9947090867395505, 0.9919592737069771, 0.9771845725914475, 0.9959726501199747, 0.9948087368637142, 0.9921824231094294, 0.9962523204118608, 0.9952820826064378, 0.9924411293395022, 0.987226743447329, 0.9771494012081743, 0.9937476579881794, 0.9666631212560657, 0.9763796284721199, 0.9961804671259259, 0.996838528163415, 0.9239522387942989, 0.9926890613573683, 0.9970406478116682, 0.9825840815273538, 0.8757971435546279, 0.9967552035110725, 0.9945961668755323, 0.9948987611279114, 0.9943426303429462, 0.9934070609459613, 0.984453738424205, 0.9836200404184093, 0.994138138144695, 0.9932708199640845, 0.9955867176761947, 0.9957177071637459, 0.9924877327961654, 0.972431913016371, 0.9937064099342435, 0.978529091441458, 0.9960884055473701, 0.9452387004825307, 0.9910213201645672, 0.9879360005679065, 0.9930858499585752, 0.9952175309301005, 0.9932522740880679, 0.9969322477951332, 0.9821142584863595, 0.9895331184114786, 0.9933534327932366, 0.9983095380374345, 0.984267745627019, 0.9956110649167311, 0.9386647143914569, 0.9909360893371952, 0.9963617952018969, 0.9888855133221987, 0.9908022663210251, 0.9971629137552995, 0.9953729427614424, 0.968217690848123, 0.994381633791307, 0.9727237515046449, 0.9972879471367806, 0.9914894421870177, 0.9891211201602846, 0.9951550219066851, 0.9907872921357802, 0.9924423057975067, 0.9988906159089137], [0.9946718170896993, 0.979108923661481, 0.9890875238240786, 0.9700788474563251, 0.9974982141238553, 0.9912470819113847, 0.9918215324101238, 0.0, 0.9950782667456732, 0.9887809178221583, 0.9967590278716527, 0.9973598965713126, 0.9961490765744798, 1.0000000000000002, 0.9968305189432691, 0.9794517981984185, 0.9332776142370803, 0.9891961354626727, 0.9890564952709924, 0.9903189120465554, 0.9925387078906885, 0.9982541788760093, 0.996118917403548, 0.9878918949380489, 0.9782619973025526, 0.9635428123072506, 0.9988720639254036, 0.9919770889529167, 0.9971892919373033, 0.9974344922024001, 0.9939898547700174, 0.9974745084835163, 0.9920243741285638, 0.9950731799226344, 0.9959140630797828, 0.9884932704557181, 0.9638873292617608, 0.9929543368892351, 0.9919633688515513, 0.9900918855061321, 0.9957261289358372, 0.9948796514352748, 0.990465598876769, 0.9864792336022373, 0.9856514404717939, 0.991117168180225, 0.9750254882886584, 0.9797720720447645, 0.995014270887967, 0.9911818495026482, 0.9283481628028496, 0.9957382870370405, 0.9983114950521937, 0.9772218181345569, 0.8641279413542828, 0.9965185389298956, 0.9927043271466588, 0.9987386138553948, 0.9937564005459207, 0.9912684120647334, 0.9873555075679766, 0.9790758003688463, 0.9916856990759468, 0.9914224984699471, 0.9959661217181615, 0.9982862159737084, 0.9954681088706528, 0.9818621985185043, 0.9901567559613569, 0.9884521604052752, 0.9944328096526558, 0.9487203299020063, 0.9853634551211783, 0.99265017122034, 0.9860276716129297, 0.9938561747529988, 0.9916383041646042, 0.9907371680014689, 0.9898030943124965, 0.9886479116964721, 0.9939941281231964, 0.9987895268681484, 0.9851410360149575, 0.9984709747213395, 0.9465346826450871, 0.996690304318295, 0.9980483308255965, 0.9876390376167115, 0.9939865607763982, 0.997832008806034, 0.9976010593752603, 0.9727713229551621, 0.9935015324451074, 0.9697540019829494, 0.9985151104711536, 0.9959480699109049, 0.988450033052293, 0.9970106582674907, 0.9927849086389313, 0.9930928756555332, 0.9973835110662486], [0.9894976828329416, 0.9630865052428427, 0.996649462956894, 0.9835578112576223, 0.9982983509763205, 0.9955712421397194, 0.9946901118098244, 0.0, 0.9884093315591463, 0.9770987423975382, 0.9914689809880504, 0.9988291016925028, 0.9971099199296884, 0.9968305189432691, 1.0, 0.9907354651034794, 0.9201697663928566, 0.9970143130969109, 0.9804720912547714, 0.9972461595777091, 0.9981693087292338, 0.9990675585516867, 0.9960390440228305, 0.9780466030875618, 0.9891668972644792, 0.9425850675931979, 0.9947695676358251, 0.9979625696861547, 0.9960176646140921, 0.9922941789426246, 0.9860955037587491, 0.9991893491836628, 0.993300208257484, 0.987375572525329, 0.9974080099097392, 0.9963439758585162, 0.9722097490788524, 0.9985012598597812, 0.9964774899868686, 0.9966168866949876, 0.9994035819836947, 0.9899637538266087, 0.9974583485134221, 0.9943835290501796, 0.9725685284667888, 0.9942598354296011, 0.9596079165350597, 0.971255165519513, 0.9968127919986332, 0.9974216663789897, 0.9080469769005558, 0.9966412465564405, 0.9962557734649476, 0.9702792142078767, 0.8913206055214482, 0.9997538656694381, 0.9983092422444634, 0.994897329929672, 0.9990539465775994, 0.9976138800971092, 0.9778783101416813, 0.9877561649637465, 0.9976624019861304, 0.9977148072779363, 0.9994012326083819, 0.9948321377158141, 0.9964685241047072, 0.9670650345655737, 0.986216004872543, 0.9767197965665851, 0.9990839067611393, 0.9306757913947651, 0.9900012516430016, 0.9837190146907813, 0.9875416487933629, 0.9986990631260926, 0.9969186025361049, 0.9963292623516052, 0.9787598832191373, 0.9961198563028111, 0.9882393912913506, 0.9981273157397877, 0.9776746447507678, 0.9950248839678453, 0.9249770252200645, 0.9906190196013679, 0.9972071918379931, 0.9953521566922355, 0.9918358321046175, 0.9982971442141609, 0.996829118154198, 0.9581122165163383, 0.9987861244639358, 0.9597682350004507, 0.998020663669746, 0.9935805922942695, 0.9956235429430393, 0.9945299305377931, 0.9929416454244187, 0.987947586047009, 0.995998565547543], [0.9653471442179391, 0.9218861066185725, 0.9976748489018291, 0.9915126453371031, 0.9859243666049202, 0.9891538815757144, 0.9860151485595373, 0.0, 0.9632656820508819, 0.9417482068566764, 0.9676211989717458, 0.9881984227827827, 0.983819040064052, 0.9794517981984185, 0.9907354651034794, 1.0000000000000002, 0.883603099148017, 0.997502550719001, 0.9531997877877203, 0.9971341476490809, 0.9960530495019339, 0.9875273827447872, 0.9808725976048923, 0.9459532359320628, 0.9955707804737179, 0.8960946848869169, 0.9735074045155212, 0.9963131508193214, 0.979962510262095, 0.9688139168471148, 0.9583846815321511, 0.987972820460247, 0.9809794954145589, 0.9597468761156789, 0.9878573548906918, 0.9977691901052922, 0.9709698120179013, 0.9942472222035331, 0.9927456005257933, 0.9965911206609103, 0.9920533409379441, 0.966684847011228, 0.9971277328072358, 0.9975351347620932, 0.9359405254813452, 0.9865836125524076, 0.9203890226687098, 0.936846701784466, 0.9880970240139725, 0.9926348968284495, 0.8597987931313074, 0.9852502520227322, 0.9779638424410639, 0.9420157434341234, 0.9255195075497858, 0.9918106606044264, 0.9954610764370644, 0.9739083602334457, 0.9943694516977425, 0.9967903833292894, 0.9477312683837191, 0.9923205758623546, 0.9956276278939133, 0.9967612415943714, 0.9924202747780337, 0.9748119584771969, 0.9844480737339983, 0.9270637884660357, 0.9661097419231816, 0.9463530972469403, 0.9944573895587897, 0.884813170772871, 0.9841827174380758, 0.9540129044075858, 0.9753079408660156, 0.9949889044099774, 0.9945529953421762, 0.9915783870571456, 0.9446029186579032, 0.9977072578766623, 0.9639365890592936, 0.982839870102487, 0.9524361077012198, 0.9748579212547885, 0.8733840821096163, 0.9661720236237946, 0.980762725122646, 0.9973929507068547, 0.974528183384139, 0.9872856074310811, 0.9825469943407671, 0.9184435905799164, 0.9947492805863754, 0.9270844444701257, 0.9833289009926847, 0.9750833345406165, 0.9966220894353828, 0.9793497581430276, 0.9784806308746965, 0.9625504098190549, 0.9799579407859548], [0.9191616945069186, 0.9539203977000272, 0.9058330460420789, 0.8723550097618554, 0.9369455417766919, 0.8993119306951671, 0.9364679312657901, 0.0, 0.9480685421836399, 0.9528633420634053, 0.9303524625575739, 0.9304250472041006, 0.9372436809015616, 0.9332776142370803, 0.9201697663928566, 0.883603099148017, 0.9999999999999991, 0.9025412774604188, 0.9618994151787719, 0.9029727373787013, 0.9125769832318995, 0.9226246828406165, 0.9202412022735112, 0.9258334595212113, 0.8599666030900674, 0.9488500870023809, 0.9313493521984029, 0.9089293762651639, 0.9172434466035275, 0.939621582019305, 0.9536360892828903, 0.9267282841343503, 0.9439479466171548, 0.9488886695434204, 0.9328040848835569, 0.9070675495701866, 0.9425272326443564, 0.9197263929473406, 0.9269873514285916, 0.906638828342942, 0.9152576293710291, 0.954753182447115, 0.9063527368908002, 0.8886824699784076, 0.9514916555818619, 0.9385224527250109, 0.9595412016045518, 0.9402123201746672, 0.9350743909961945, 0.914175716059119, 0.9483445600680348, 0.9134613550819015, 0.9281432067771104, 0.9725173702934293, 0.681017695853223, 0.9213102211658527, 0.9110352170551006, 0.9370899216737413, 0.9085916373894375, 0.9114780059592777, 0.9667728580971682, 0.9147446412730373, 0.9138306254780159, 0.9101300578778735, 0.9162032244002155, 0.9442734033763868, 0.9291980749784328, 0.9506810886096557, 0.9599434861534085, 0.9371774811312037, 0.9173049571384665, 0.9657084418776495, 0.919006702222803, 0.946289335432175, 0.9589804698619052, 0.9172466800124157, 0.9180201826217058, 0.9196974978690982, 0.9459968563661161, 0.9001223149136851, 0.9580294266928795, 0.9289511523356205, 0.9530796606948968, 0.9297259864055274, 0.9646949887704513, 0.9280373407166503, 0.9299643128885811, 0.8957392351629044, 0.9438621444234452, 0.931871379010501, 0.9152050530578428, 0.9712462141855767, 0.9140626647272239, 0.9767132445432448, 0.9365091820091531, 0.9147796635357883, 0.8912218706345967, 0.9433338997129354, 0.9086288143578487, 0.944748433029732, 0.9405202640375856], [0.9787940267216924, 0.9412186193209476, 0.9994980390678222, 0.9905482274314141, 0.9932809504277493, 0.994990612961657, 0.9910774266687519, 0.0, 0.975873477889935, 0.9592702034035706, 0.9808239189842877, 0.9949945082399911, 0.9923038443318879, 0.9891961354626727, 0.9970143130969109, 0.997502550719001, 0.9025412774604188, 1.0000000000000002, 0.9662316471219213, 0.9992999743719042, 0.9990427829718354, 0.994904748162476, 0.9905722629246765, 0.9624441589278413, 0.9947660203597767, 0.9178567142209786, 0.984975879512652, 0.9990729013948079, 0.9899831605503819, 0.9814163905460128, 0.972092462034462, 0.9951723338033329, 0.9875935411032855, 0.9739413639125805, 0.9935328020296185, 0.9992695135951041, 0.973065171031872, 0.9982537692432674, 0.9961849218930077, 0.9989958464620424, 0.9978558267411338, 0.9791093469460789, 0.9994700344961337, 0.997548108319147, 0.9537827898559443, 0.9918056086476006, 0.9387768643848773, 0.9551546320926841, 0.9942211600431986, 0.9975290695552905, 0.8801597655914474, 0.9913118548643491, 0.9886178195862747, 0.9561889908219168, 0.9157481608655933, 0.9972936989003234, 0.9991312071374695, 0.9851396442632144, 0.9989100341807408, 0.9991713559801236, 0.9627754776724935, 0.9919489544769844, 0.9987537354604848, 0.9992392371235527, 0.9979040850852164, 0.9853518247212679, 0.9913930883464078, 0.9463248189956871, 0.9770262503247925, 0.9605443104004169, 0.9986218167959181, 0.9052774222366626, 0.9881687073621938, 0.9695215964118882, 0.9825966810103458, 0.9986186376737578, 0.9974770093557721, 0.9962373193559005, 0.9617771056822673, 0.9992167399008299, 0.9762763016321927, 0.991919678233074, 0.9640505338620989, 0.9861429120847679, 0.8969786640399149, 0.9794487184444427, 0.9904577074931424, 0.9987173522654295, 0.983559311682713, 0.9940258600525091, 0.9907770137631149, 0.937462632518221, 0.9987476431268065, 0.9429591190257192, 0.99184796600388, 0.985248126347423, 0.9976911268213097, 0.9874916926808817, 0.9871695134969479, 0.9761062472287501, 0.9893573282057594], [0.982206681467728, 0.9909995029274457, 0.9684775598038025, 0.939331235378675, 0.988315121013286, 0.9670212386536186, 0.9859029415578066, 0.0, 0.9955238160295914, 0.9940777713173576, 0.9860648505346424, 0.9855367466185635, 0.9846061551381092, 0.9890564952709924, 0.9804720912547714, 0.9531997877877203, 0.9618994151787719, 0.9662316471219213, 1.0000000000000007, 0.9690311633186717, 0.9745436219865979, 0.9819463310151068, 0.9790014213958782, 0.9843759763594143, 0.9453094334486427, 0.9795817823788319, 0.989299498741329, 0.9733139368056843, 0.9796537407182399, 0.9917836422726953, 0.9977942836114234, 0.9840312965435644, 0.9897515093527728, 0.9942678824807484, 0.987586352027792, 0.9687280802126356, 0.9644595633167942, 0.9770999020689091, 0.9802163578263267, 0.9697583839109286, 0.9773274447432307, 0.9946900388367758, 0.970622479034356, 0.9627444095557451, 0.9931450724335872, 0.9852943084991447, 0.992682797840343, 0.9808191577028432, 0.9856112640404668, 0.9707469718667615, 0.9624145485423601, 0.9826707758167637, 0.9848474070790093, 0.9894400941401638, 0.7880494034281764, 0.980727802824874, 0.9730647778506564, 0.9909242697430479, 0.9727338249300106, 0.9730241642316949, 0.9974419920032318, 0.964310079668466, 0.9740141652929144, 0.9727796128838297, 0.9780070910875475, 0.9935009331243322, 0.9866553943721424, 0.9906533370494971, 0.9902217872219815, 0.9923888879253381, 0.9772905043190326, 0.9798470976264885, 0.975205148508839, 0.9930451036456878, 0.9864125200543652, 0.9774958595968398, 0.9764825920227334, 0.9734588901051672, 0.9919876047335233, 0.9662817046312598, 0.995766232776178, 0.9857336489550493, 0.9934123592318737, 0.9862498431983374, 0.9775522835147845, 0.9855864964290606, 0.9865553326724016, 0.9638473577552559, 0.9927460764283661, 0.9875080865105604, 0.9817002362197751, 0.9916961151927932, 0.9757661808050089, 0.989201754933407, 0.9892477251953188, 0.981950909515926, 0.9652647707461611, 0.9920243310629179, 0.9775009649865393, 0.989600191714699, 0.9883231412600274], [0.9804392468994105, 0.9449049702825535, 0.9992901751368541, 0.987064656383778, 0.9942428599573109, 0.993638542902821, 0.992287851326599, 0.0, 0.9789173474939669, 0.961367578491417, 0.9816295630704648, 0.9955606445774012, 0.9916707338566207, 0.9903189120465554, 0.9972461595777091, 0.9971341476490809, 0.9029727373787013, 0.9992999743719042, 0.9690311633186717, 1.0000000000000004, 0.999469426028283, 0.9951596504235082, 0.9904213164134363, 0.9650899726027085, 0.9948564396024966, 0.9220117458960944, 0.9867160183638157, 0.9995280089254699, 0.9908231176279074, 0.9827098828263723, 0.9741605538308051, 0.9954553541224249, 0.989515256274885, 0.975763854626856, 0.9951020188794605, 0.9990471198799772, 0.9715186448803372, 0.9981289448535827, 0.9964817587065082, 0.999079939016395, 0.9978280977029139, 0.9800542109619066, 0.999440693529944, 0.9988516424344852, 0.9571866917641598, 0.9926476346928825, 0.9427360926545673, 0.9553311361242147, 0.9949444017059559, 0.996042359124391, 0.8869871664868882, 0.9936015209961018, 0.9890568686067897, 0.9562171149646502, 0.9094058362526167, 0.9977465337311414, 0.9989575855682022, 0.9868038008370208, 0.9988465148435927, 0.9993181753974729, 0.9642503251068644, 0.9915176443157828, 0.9988738020427439, 0.9994311549494654, 0.9982747690106801, 0.9867566098462686, 0.9938968116463613, 0.9497219185598814, 0.9763338305726964, 0.9648100073780114, 0.998782346442971, 0.9090207491617198, 0.9899202376549978, 0.9713573547374651, 0.9819863552888819, 0.99903559295194, 0.9981277763132615, 0.9946200472818372, 0.9642490281912873, 0.9994202687611986, 0.9777393117425738, 0.992251467407081, 0.9679204435400627, 0.9867723387363819, 0.9010490908734373, 0.9809067397207565, 0.9914203768611389, 0.9995064997330866, 0.9859215150332293, 0.9951694446793692, 0.991917370673297, 0.9404324052272367, 0.9991238255604799, 0.9442235075338195, 0.9929852033029265, 0.9870252042929415, 0.9987877269937866, 0.9892255335544943, 0.9894631525560684, 0.9767072227697706, 0.9891719223347388], [0.9821577902824666, 0.9509012672695593, 0.999495787847874, 0.9862245178833009, 0.9964080681195892, 0.9936661338248292, 0.9947881261107576, 0.0, 0.9823832965521879, 0.9666702614175993, 0.9842114610889819, 0.997530443830787, 0.9939129913085893, 0.9925387078906885, 0.9981693087292338, 0.9960530495019339, 0.9125769832318995, 0.9990427829718354, 0.9745436219865979, 0.999469426028283, 0.9999999999999998, 0.9964944992975527, 0.9920046133143176, 0.968122345139641, 0.9924882434514476, 0.9287912248552616, 0.98871405618077, 0.9998648232719152, 0.991549022996926, 0.9860967092854297, 0.978916451115256, 0.9972460633449197, 0.9920998056039917, 0.9797713706865675, 0.9971415811199379, 0.9993226635306468, 0.9751161521568285, 0.9991088787784015, 0.9983203830692511, 0.9994243567377459, 0.998542004492102, 0.9842375360385442, 0.9996764935494392, 0.997419180860674, 0.9622364624393515, 0.995274103086846, 0.950015852984634, 0.9612440192680859, 0.9971805586948155, 0.9966962467256272, 0.8948906856573411, 0.9942004386153676, 0.990903588016147, 0.9631054838408337, 0.9005285915161253, 0.9986282543005512, 0.9995173875765688, 0.9891847901721472, 0.998893938190258, 0.9998140456111255, 0.9706744979711367, 0.9925872059083627, 0.9996421973725483, 0.9998810191636914, 0.9990057531227179, 0.9899015651488579, 0.9951963286534404, 0.9552613268595492, 0.9814442272770507, 0.968866326454399, 0.9996260029480168, 0.918265231692248, 0.9907832511580994, 0.9757134431087781, 0.9863562484959711, 0.9998154085148984, 0.9992465560353003, 0.995944371907519, 0.9687979660938408, 0.9991325381870856, 0.982183443405373, 0.9941839376159406, 0.9719821349843163, 0.98893234