[[1.0, 0.9950580308259824, 0.9951131272447152, 0.9949531831634686, 0.9970136282886506, 0.9975271762513163, 0.9950029344072497, 0.9949531831634686, 0.9949531831634686, 0.9949034319196874, 0.9950029344072497, 0.9950526856510309, 0.9951214141733675, 0.9951024368948119, 0.9951711654171486, 0.9951131272447152, 0.9950219116858054, 0.9951024368948119, 0.9950029344072497, 0.9952209166609298, 0.9949531831634686, 0.9949531831634686, 0.9960086496327744, 0.9950219116858054, 0.9950526856510309, 0.9951711654171486, 0.9949531831634686, 0.9950580308259824, 0.9949034319196874, 0.9950526856510309, 0.9950136247571533, 0.9951711654171486, 0.9951214141733675, 0.9949034319196874, 0.9955026520291123, 0.9951521881385931, 0.9950580308259824, 0.9950029344072497, 0.9951267593483191, 0.9951024368948119, 0.9951077820697635, 0.9951024368948119, 0.9953121322198396, 0.9951628784884964, 0.9951765105921001, 0.9951131272447152, 0.9949531831634686, 0.9950082795822015, 0.9956710812762103, 0.9951024368948119, 0.9950526856510309, 0.9950219116858054, 0.9950526856510309, 0.9950029344072497, 0.9949531831634686, 0.9952262618358815, 0.9954009443574982, 0.9949721604420242, 0.9949531831634686, 0.9951077820697635, 0.9949531831634686, 0.9949531831634686, 0.9952570358011069, 0.9951024368948119, 0.9950082795822015, 0.9951214141733675, 0.9950526856510307, 0.9949721604420242, 0.9950716629295864, 0.9952262618358815, 0.9952516906261551, 0.9949531831634686, 0.9950029344072497, 0.9951077820697635, 0.9951575333135446, 0.9954116347074018, 0.9951131272447152, 0.9950029344072497, 0.9949034319196874, 0.9951521881385931, 0.9950219116858054, 0.9950029344072497, 0.9949585283384204, 0.9950219116858054, 0.9950219116858054, 0.9950029344072497, 0.9950526856510309, 0.9951711654171486, 0.9965137124295886, 0.9950526856510307, 0.9951024368948119, 0.9949721604420242, 0.9950029344072497, 0.9950219116858054, 0.9950029344072497, 0.9949531831634686, 0.9956603909263071, 0.9951077820697635, 0.9949034319196874, 0.9950716629295864, 0.9950029344072497], [0.9950580308259824, 1.0, 0.9951077820697635, 0.9950029344072497, 0.9949034319196874, 0.9949531831634686, 0.9949531831634686, 0.9949531831634686, 0.9951521881385931, 0.9950029344072497, 0.9952019393823741, 0.9949531831634686, 0.9950526856510309, 0.9949531831634686, 0.9950526856510309, 0.9952516906261551, 0.998671454858281, 0.9950029344072497, 0.9949034319196874, 0.9951575333135446, 0.9951575333135444, 0.9962406337571758, 0.9950526856510309, 0.9950029344072497, 0.9950526856510309, 0.9950029344072497, 0.9953511931137172, 0.9950029344072497, 0.9949531831634686, 0.9949531831634686, 0.995027256860757, 0.9950526856510309, 0.9950526856510309, 0.9951024368948119, 0.9949034319196874, 0.9951077820697635, 0.9949585283384204, 0.9951711654171486, 0.9952135378318444, 0.9951521881385931, 0.99540628953245, 0.9952019393823741, 0.9950082795822015, 0.9951628784884962, 0.9950029344072497, 0.9951024368948119, 0.9949034319196874, 0.9950580308259824, 0.9950029344072497, 0.9951521881385931, 0.9949531831634686, 0.9949531831634686, 0.9950526856510309, 0.9950082795822015, 0.9950029344072497, 0.9957598934138697, 0.9949531831634686, 0.9952019393823741, 0.9950526856510309, 0.9951521881385931, 0.9949531831634686, 0.9950029344072497, 0.9949034319196874, 0.9952072845573255, 0.9959695887388967, 0.9950526856510309, 0.9963515631642903, 0.9949034319196874, 0.9961081521203364, 0.9951575333135446, 0.9950029344072497, 0.9950082795822015, 0.9949034319196874, 0.9949531831634686, 0.9949034319196874, 0.9950029344072497, 0.9950029344072497, 0.9950580308259822, 0.9949531831634686, 0.9950029344072497, 0.9949585283384204, 0.9949585283384204, 0.9949034319196874, 0.9949531831634686, 0.9950029344072497, 0.9950526856510309, 0.9950029344072497, 0.995306787044888, 0.9949034319196874, 0.9949531831634686, 0.9949034319196874, 0.9950029344072497, 0.9951077820697635, 0.996173938888973, 0.9949531831634686, 0.9950029344072497, 0.9949531831634686, 0.9950526856510309, 0.9964173499329262, 0.9949034319196874, 0.9949034319196874], [0.9951131272447152, 0.9951077820697635, 1.0, 0.9952516906261551, 0.9951628784884962, 0.9951575333135446, 0.995188109041571, 0.9951077820697635, 0.9950580308259822, 0.9951077820697635, 0.9950526856510307, 0.9950029344072497, 0.9951521881385931, 0.9951024368948119, 0.9953014418699361, 0.9949531831634686, 0.9952072845573255, 0.9952623809760586, 0.9951521881385931, 0.9951521881385931, 0.9952072845573255, 0.9952706679047109, 0.9951024368948119, 0.9950580308259822, 0.9951131272447152, 0.9951024368948119, 0.9951765105921001, 0.9950082795822015, 0.9953257643234434, 0.9953808607421765, 0.9951628784884962, 0.9952072845573255, 0.9951131272447152, 0.9952072845573255, 0.9952570358011069, 0.9951024368948117, 0.9953257643234434, 0.9950580308259824, 0.9951077820697635, 0.9950580308259824, 0.9952623809760586, 0.9950580308259824, 0.9951628784884962, 0.9953672286385724, 0.9951575333135446, 0.9952623809760586, 0.9951575333135446, 0.9950580308259822, 0.9951024368948119, 0.9952072845573255, 0.9951711654171486, 0.995168223663448, 0.9951077820697635, 0.9952019393823741, 0.9951077820697635, 0.9950580308259822, 0.9952813582546142, 0.9951131272447152, 0.9951024368948119, 0.995168223663448, 0.9952072845573255, 0.9952570358011067, 0.9951077820697635, 0.9951077820697635, 0.9951711654171486, 0.9951628784884962, 0.9951575333135446, 0.9951077820697635, 0.9951575333135446, 0.9951521881385931, 0.9952677261510102, 0.9953565382886689, 0.9951077820697635, 0.9951628784884962, 0.9951077820697635, 0.9952072845573258, 0.9952072845573255, 0.9952019393823741, 0.9950580308259822, 0.9949585283384204, 0.9953618834636205, 0.9951193805192342, 0.9952126297322774, 0.9951077820697635, 0.9951575333135446, 0.9951521881385931, 0.9950633760009341, 0.9951575333135446, 0.9950526856510309, 0.9951214141733675, 0.9952760130796623, 0.9950580308259824, 0.9951024368948119, 0.9951521881385931, 0.9951024368948119, 0.9950580308259824, 0.9951575333135446, 0.9952188830067962, 0.9952876115291331, 0.9952019393823741, 0.9950580308259822], [0.9949531831634686, 0.9950029344072497, 0.9952516906261551, 1.0, 0.9949531831634686, 0.9953014418699363, 0.9951077820697635, 0.9949531831634686, 0.9951024368948119, 0.9950580308259824, 0.9950580308259824, 0.9949034319196874, 0.9949034319196874, 0.9954506956012797, 0.9950580308259824, 0.9952126297322774, 0.9950029344072497, 0.9954199216360539, 0.9950526856510309, 0.9956329284818998, 0.9954116347074016, 0.9951521881385931, 0.9950029344072497, 0.9949531831634686, 0.9951711654171486, 0.9950082795822015, 0.9951024368948119, 0.9951628784884962, 0.9951024368948119, 0.9952516906261551, 0.9950029344072497, 0.9951077820697635, 0.9950029344072497, 0.9949531831634686, 0.9950029344072497, 0.9951024368948119, 0.9974223285888024, 0.9950526856510309, 0.9950029344072497, 0.9953618834636205, 0.9954836747505565, 0.9952072845573258, 0.9952072845573255, 0.9951077820697635, 0.9949585283384204, 0.9955831772381187, 0.9954062895324503, 0.9949531831634686, 0.9953174773947912, 0.9952072845573255, 0.9950082795822015, 0.9952072845573258, 0.9950029344072497, 0.9972730748574592, 0.9949531831634686, 0.9949531831634686, 0.9950526856510309, 0.9949531831634686, 0.9950526856510309, 0.9951575333135446, 0.9950029344072497, 0.9951575333135446, 0.9951521881385931, 0.9953311094983953, 0.9955769239635999, 0.9949531831634686, 0.9950526856510309, 0.9949531831634686, 0.9949531831634686, 0.9968420857579332, 0.9951131272447152, 0.9975662371451939, 0.9949034319196874, 0.9950029344072497, 0.9949531831634686, 0.9951024368948119, 0.9950029344072497, 0.9950716629295864, 0.9950716629295864, 0.995224228181748, 0.9950082795822015, 0.9950580308259824, 0.9950029344072497, 0.9950029344072497, 0.9950029344072497, 0.9949531831634686, 0.9951267593483191, 0.9951521881385931, 0.9950029344072497, 0.9949531831634686, 0.9949531831634686, 0.9950029344072497, 0.9950716629295864, 0.9950029344072497, 0.9953565382886691, 0.9950526856510309, 0.9949034319196874, 0.9950716629295864, 0.9950526856510309, 0.9950029344072497, 0.9949034319196874], [0.9970136282886506, 0.9949034319196874, 0.9951628784884962, 0.9949531831634686, 1.0, 0.9967702172446967, 0.9951024368948119, 0.9949531831634686, 0.9949034319196874, 0.9953014418699363, 0.9950029344072497, 0.9953511931137172, 0.9949531831634686, 0.9955501980888414, 0.9953067870448878, 0.9951131272447152, 0.9949531831634686, 0.9951024368948119, 0.9950029344072497, 0.9951575333135446, 0.9950029344072497, 0.9950580308259824, 0.9954062895324498, 0.9949531831634686, 0.9950029344072497, 0.9949034319196874, 0.9949531831634686, 0.9951765105921003, 0.9950526856510309, 0.9952516906261551, 0.9949531831634686, 0.9950526856510309, 0.9951077820697635, 0.9949034319196874, 0.9954339235067754, 0.9951024368948119, 0.9950526856510309, 0.9952516906261551, 0.9950580308259824, 0.9951024368948119, 0.9951575333135444, 0.9951024368948117, 0.9952072845573255, 0.9950580308259824, 0.9951131272447152, 0.9950136247571533, 0.9958593959014314, 0.9951765105921003, 0.9951628784884962, 0.9950716629295864, 0.9949531831634686, 0.9952516906261551, 0.9949531831634686, 0.9950219116858054, 0.9949721604420242, 0.9950526856510309, 0.9953511931137172, 0.9949531831634686, 0.9950526856510309, 0.995168223663448, 0.9949034319196874, 0.9951521881385931, 0.9955057920200119, 0.9951077820697635, 0.9950029344072497, 0.9949531831634686, 0.9949531831634686, 0.9953014418699363, 0.9949034319196874, 0.9950082795822015, 0.9951077820697635, 0.9950029344072497, 0.9950580308259824, 0.9954613859511827, 0.9951711654171486, 0.9954169798823534, 0.9950136247571533, 0.9954062895324503, 0.9949034319196874, 0.9950526856510307, 0.9952570358011069, 0.9950029344072497, 0.9952019393823741, 0.9950580308259824, 0.9950029344072497, 0.9958593959014314, 0.9952019393823739, 0.9950526856510309, 0.9959972227132222, 0.9952072845573255, 0.9951521881385931, 0.9952072845573258, 0.9952516906261551, 0.9949034319196874, 0.9949034319196874, 0.9949585283384204, 0.9954169798823532, 0.9949531831634686, 0.9949034319196874, 0.9949034319196874, 0.9949034319196874], [0.9975271762513163, 0.9949531831634686, 0.9951575333135446, 0.9953014418699363, 0.9967702172446967, 1.0, 0.9949531831634686, 0.9950029344072497, 0.9950219116858054, 0.9950029344072497, 0.9950029344072497, 0.9950526856510309, 0.9952019393823741, 0.9952516906261551, 0.9950029344072497, 0.9951131272447152, 0.9949034319196874, 0.9950029344072497, 0.9952262618358815, 0.9950029344072497, 0.9951024368948119, 0.9950029344072497, 0.9955111371949638, 0.9950029344072497, 0.9950029344072497, 0.9949531831634686, 0.9949531831634686, 0.9952570358011069, 0.9949531831634686, 0.9949034319196874, 0.9950029344072497, 0.9949034319196874, 0.9950029344072497, 0.9950526856510307, 0.9955334259943377, 0.9950580308259824, 0.9950526856510309, 0.9950029344072497, 0.9949585283384204, 0.9949531831634686, 0.9950580308259822, 0.9951521881385931, 0.9951575333135446, 0.9952623809760586, 0.9950580308259822, 0.9951735688383998, 0.9950526856510309, 0.9949531831634686, 0.9961188424702403, 0.9950029344072497, 0.9949034319196874, 0.9950029344072497, 0.9950580308259824, 0.9949531831634686, 0.9950029344072497, 0.9950526856510307, 0.9953511931137172, 0.9950580308259824, 0.9950029344072497, 0.9953121322198396, 0.9950029344072497, 0.9951521881385931, 0.9954252668110057, 0.9952019393823741, 0.9949531831634686, 0.9949531831634686, 0.9950526856510307, 0.9949531831634686, 0.9949531831634686, 0.9951077820697635, 0.9950029344072497, 0.9949034319196874, 0.9950716629295864, 0.9951077820697635, 0.9950029344072497, 0.9954169798823532, 0.9951131272447152, 0.9950029344072497, 0.9949531831634686, 0.9950526856510307, 0.9950526856510309, 0.9950029344072497, 0.9950029344072497, 0.9950526856510309, 0.9949531831634686, 0.9950029344072497, 0.9949531831634686, 0.9949531831634686, 0.9964005778384225, 0.9951521881385931, 0.9949585283384204, 0.9950029344072497, 0.9949531831634686, 0.9949034319196874, 0.9949531831634686, 0.9949531831634686, 0.9954667311261344, 0.9952019393823741, 0.9949034319196874, 0.9950029344072497, 0.9949034319196874], [0.9950029344072497, 0.9949531831634686, 0.995188109041571, 0.9951077820697635, 0.9951024368948119, 0.9949531831634686, 1.0, 0.9949531831634686, 0.9950029344072497, 0.9950029344072497, 0.9951575333135446, 0.9950526856510309, 0.995555543263793, 0.9951521881385931, 0.9952623809760586, 0.9951521881385931, 0.9950029344072497, 0.9950082795822015, 0.9950526856510309, 0.9950082795822015, 0.9951024368948119, 0.9955745205423486, 0.9955057920200119, 0.9950029344072497, 0.9953565382886689, 0.9951077820697635, 0.9950770081045383, 0.9949585283384204, 0.9949721604420242, 0.9950770081045383, 0.9950526856510309, 0.9949531831634686, 0.9949531831634686, 0.9951077820697635, 0.9950029344072497, 0.9950029344072497, 0.9951214141733675, 0.9950633760009341, 0.9950136247571533, 0.9950029344072497, 0.9950580308259824, 0.9950580308259824, 0.9950580308259822, 0.9950526856510309, 0.9950580308259824, 0.9950029344072497, 0.9951521881385929, 0.9949585283384204, 0.9949531831634686, 0.9952516906261551, 0.9950770081045383, 0.9950082795822015, 0.9950029344072497, 0.9951024368948119, 0.9952179749072292, 0.9950029344072497, 0.9955354596484713, 0.9950082795822015, 0.9950526856510309, 0.9951521881385931, 0.9949034319196874, 0.9950580308259824, 0.9950580308259824, 0.9950526856510307, 0.9952209166609296, 0.9949585283384204, 0.9950029344072497, 0.9950526856510309, 0.9950029344072497, 0.9952570358011069, 0.9951077820697637, 0.9950029344072497, 0.9950029344072497, 0.9951131272447152, 0.9950526856510309, 0.9951521881385931, 0.9950633760009341, 0.9951521881385931, 0.9950082795822015, 0.9952623809760586, 0.9951077820697635, 0.9962459789321274, 0.9950633760009341, 0.9949531831634686, 0.9949034319196874, 0.9952019393823741, 0.9949531831634686, 0.9950633760009341, 0.9951024368948119, 0.9953755155672248, 0.9952209166609298, 0.9950082795822015, 0.9949531831634686, 0.9950526856510307, 0.9953618834636205, 0.9952072845573255, 0.9951024368948119, 0.9964893899760809, 0.9962596110357318, 0.9954560407762311, 0.9954560407762311], [0.9949531831634686, 0.9949531831634686, 0.9951077820697635, 0.9949531831634686, 0.9949531831634686, 0.9950029344072497, 0.9949531831634686, 1.0, 0.9949531831634686, 0.9949034319196874, 0.9950526856510309, 0.9949034319196874, 0.9949034319196874, 0.9949585283384204, 0.9949531831634686, 0.9951024368948119, 0.9950029344072497, 0.9951575333135446, 0.9949531831634686, 0.9950526856510309, 0.99526772615101, 0.9950580308259824, 0.9949034319196874, 0.9949531831634686, 0.9950029344072497, 0.9949034319196874, 0.9950082795822015, 0.9951521881385931, 0.9949531831634686, 0.9949531831634686, 0.9949034319196874, 0.9950082795822013, 0.9950580308259824, 0.9982290388392027, 0.9950580308259824, 0.9951024368948119, 0.9949531831634686, 0.9950029344072497, 0.9949585283384204, 0.9951521881385931, 0.9950029344072497, 0.9949034319196874, 0.9951521881385931, 0.9951077820697635, 0.9949531831634686, 0.9949585283384204, 0.9950526856510309, 0.9949034319196874, 0.9949721604420242, 0.9950580308259824, 0.9949034319196874, 0.9949034319196874, 0.9950029344072497, 0.9949531831634686, 0.9949034319196874, 0.9951077820697635, 0.9949531831634686, 0.9950526856510309, 0.9952072845573255, 0.9951628784884962, 0.9949034319196874, 0.9950526856510307, 0.9949531831634686, 0.9952570358011067, 0.9949034319196874, 0.9950526856510309, 0.9965658670946208, 0.9949034319196874, 0.9949034319196874, 0.9950029344072497, 0.995224228181748, 0.9949034319196874, 0.9949034319196874, 0.9949531831634686, 0.9949034319196874, 0.9950219116858054, 0.9951214141733675, 0.9949531831634686, 0.9949585283384204, 0.9951765105921003, 0.9949531831634686, 0.9950526856510309, 0.9949034319196874, 0.9950029344072497, 0.9949531831634686, 0.9949034319196874, 0.9950580308259824, 0.9950526856510307, 0.9949034319196874, 0.9949531831634686, 0.9949034319196874, 0.9949034319196874, 0.9952623809760586, 0.9949034319196874, 0.9950082795822015, 0.9949531831634686, 0.9958870298757571, 0.9950029344072497, 0.9950526856510309, 0.9949034319196874, 0.9949585283384204], [0.9949531831634686, 0.9951521881385931, 0.9950580308259822, 0.9951024368948119, 0.9949034319196874, 0.9950219116858054, 0.9950029344072497, 0.9949531831634686, 1.0, 0.9950029344072497, 0.9950029344072497, 0.995322822569743, 0.9949034319196874, 0.9951575333135446, 0.9949531831634686, 0.9950633760009341, 0.9949531831634686, 0.9951575333135444, 0.9950770081045383, 0.9955218275448673, 0.9952019393823741, 0.9949531831634686, 0.9951521881385931, 0.9949531831634686, 0.9949531831634686, 0.9949034319196874, 0.9949034319196874, 0.9952570358011067, 0.9957047969951363, 0.9949034319196874, 0.9951077820697635, 0.9951521881385931, 0.9963515631642905, 0.9949034319196874, 0.9951521881385931, 0.9951024368948119, 0.9949034319196874, 0.9949034319196874, 0.9953014418699361, 0.9952623809760586, 0.9951024368948119, 0.9951024368948119, 0.9950580308259824, 0.9954116347074016, 0.9950082795822015, 0.9950526856510309, 0.9957928725631462, 0.9949034319196874, 0.9953672286385724, 0.9950526856510309, 0.9949531831634686, 0.9949531831634686, 0.9949034319196874, 0.9950526856510309, 0.9950029344072497, 0.9953014418699363, 0.995322822569743, 0.9949034319196874, 0.9951077820697637, 0.9952019393823741, 0.995814989832602, 0.996306420525812, 0.9952209166609296, 0.9952072845573255, 0.9953014418699363, 0.9966546792322796, 0.9950526856510309, 0.9949034319196874, 0.9953511931137174, 0.9949531831634686, 0.9951628784884962, 0.9950029344072497, 0.995132104523271, 0.9950029344072497, 0.9950029344072497, 0.9952135378318444, 0.9950526856510309, 0.9950082795822015, 0.9950526856510309, 0.9952516906261551, 0.9949034319196874, 0.9950029344072497, 0.9949531831634686, 0.997173572369897, 0.9965061620705855, 0.9949034319196874, 0.9950526856510309, 0.9950029344072497, 0.9959038019702606, 0.9951575333135444, 0.9951628784884964, 0.9950082795822015, 0.9950526856510309, 0.9950029344072497, 0.9949531831634686, 0.9951024368948117, 0.9950526856510309, 0.9950029344072497, 0.9951024368948119, 0.9950029344072497, 0.9949531831634686], [0.9949034319196874, 0.9950029344072497, 0.9951077820697635, 0.9950580308259824, 0.9953014418699363, 0.9950029344072497, 0.9950029344072497, 0.9949034319196874, 0.9950029344072497, 1.0, 0.9950526856510309, 0.9949531831634686, 0.9953511931137172, 0.9949034319196874, 0.9953067870448878, 0.9951521881385931, 0.9949034319196874, 0.9950580308259824, 0.9949034319196874, 0.9951521881385931, 0.9953871140166952, 0.9950029344072497, 0.9950082795822015, 0.9950526856510309, 0.9950029344072497, 0.9950029344072497, 0.9951024368948119, 0.9950526856510309, 0.9950526856510309, 0.9950082795822015, 0.9949034319196874, 0.9950526856510309, 0.9950082795822015, 0.9950716629295864, 0.9949034319196874, 0.9950526856510309, 0.9949531831634686, 0.9950029344072497, 0.9949531831634686, 0.9951711654171486, 0.9949531831634686, 0.9951765105921003, 0.9951077820697635, 0.9952072845573255, 0.9950029344072497, 0.9951214141733675, 0.9950219116858054, 0.9952019393823741, 0.9956052945075742, 0.9951575333135446, 0.9951024368948119, 0.9950526856510309, 0.9978310288889541, 0.9949034319196874, 0.9950029344072497, 0.9950526856510309, 0.9949531831634686, 0.9950029344072497, 0.9951077820697637, 0.9951024368948119, 0.9949531831634686, 0.9950029344072497, 0.9950526856510309, 0.9952632890756257, 0.9951077820697637, 0.9950029344072497, 0.9949531831634686, 0.9950526856510309, 0.9949531831634686, 0.9950029344072497, 0.9950029344072497, 0.9949034319196874, 0.9951024368948119, 0.9950526856510309, 0.9949531831634686, 0.9952516906261551, 0.9950029344072497, 0.9951575333135446, 0.9949531831634686, 0.9951521881385931, 0.9949531831634686, 0.9951214141733675, 0.9949034319196874, 0.9949034319196874, 0.9950029344072497, 0.9949034319196874, 0.9949034319196874, 0.9952135378318444, 0.9949585283384204, 0.9950082795822015, 0.9949531831634686, 0.9950526856510309, 0.9951521881385931, 0.9949531831634686, 0.9949034319196874, 0.9950029344072497, 0.9950770081045383, 0.9950029344072497, 0.9949531831634686, 0.9949531831634686, 0.9950219116858054], [0.9950029344072497, 0.9952019393823741, 0.9950526856510307, 0.9950580308259824, 0.9950029344072497, 0.9950029344072497, 0.9951575333135446, 0.9950526856510309, 0.9950029344072497, 0.9950526856510309, 1.0, 0.9949531831634686, 0.9950029344072497, 0.9953121322198396, 0.9952516906261551, 0.9951077820697635, 0.9950029344072497, 0.9951077820697635, 0.9949034319196874, 0.9952019393823741, 0.9951077820697635, 0.9950580308259824, 0.9951024368948119, 0.9950029344072497, 0.9950029344072497, 0.9983338865017167, 0.9949531831634686, 0.9952623809760586, 0.9949034319196874, 0.9949034319196874, 0.9949034319196874, 0.9950029344072497, 0.9952570358011067, 0.9950526856510309, 0.9949531831634686, 0.9953311094983953, 0.9949531831634686, 0.9950082795822015, 0.9949531831634686, 0.9951024368948119, 0.9950526856510309, 0.9950029344072497, 0.9952632890756257, 0.9952570358011067, 0.9979749374453458, 0.9951024368948119, 0.9950082795822015, 0.9950526856510309, 0.9950029344072497, 0.9951521881385931, 0.9981846327703734, 0.9949531831634686, 0.9950716629295864, 0.9952019393823741, 0.9949531831634686, 0.9952570358011069, 0.9950029344072497, 0.9950526856510309, 0.9950580308259822, 0.9954252668110057, 0.9950029344072497, 0.9952126297322774, 0.9951521881385931, 0.9951024368948119, 0.9950029344072497, 0.9955111371949638, 0.9949531831634686, 0.9951077820697635, 0.9950029344072497, 0.9952126297322774, 0.9950526856510309, 0.9950029344072497, 0.9950082795822015, 0.9950082795822015, 0.9950029344072497, 0.99526772615101, 0.9950526856510309, 0.9967425832703711, 0.9949531831634686, 0.9952126297322774, 0.9951077820697635, 0.9950580308259824, 0.9949531831634686, 0.9950029344072497, 0.9949531831634686, 0.9951077820697635, 0.9949034319196874, 0.9952019393823741, 0.9950580308259824, 0.9949034319196874, 0.9950029344072497, 0.9951521881385931, 0.9952126297322774, 0.9950029344072497, 0.9951521881385931, 0.9950580308259824, 0.9950029344072497, 0.9949034319196874, 0.9951024368948119, 0.9949034319196874, 0.9951077820697635], [0.9950526856510309, 0.9949531831634686, 0.9950029344072497, 0.9949034319196874, 0.9953511931137172, 0.9950526856510309, 0.9950526856510309, 0.9949034319196874, 0.995322822569743, 0.9949531831634686, 0.9949531831634686, 1.0, 0.9950580308259824, 0.9954422104354278, 0.9949531831634686, 0.9951575333135446, 0.9950029344072497, 0.9955724868882153, 0.9950580308259824, 0.9949531831634686, 0.9950526856510307, 0.9949034319196874, 0.9949531831634686, 0.9950029344072497, 0.9954613859511827, 0.9950526856510309, 0.9951024368948119, 0.9953672286385722, 0.9951628784884962, 0.9964226951078781, 0.9949531831634686, 0.9951575333135446, 0.9954116347074016, 0.9950029344072497, 0.9954116347074018, 0.9951077820697635, 0.9951521881385931, 0.9952072845573255, 0.99540628953245, 0.9951077820697635, 0.9956657361012587, 0.9950029344072497, 0.9951077820697635, 0.9952570358011067, 0.9949531831634686, 0.9951077820697635, 0.9952233200821805, 0.9950526856510309, 0.9951077820697635, 0.9951131272447152, 0.9950029344072497, 0.9963285377952676, 0.9950029344072497, 0.9950029344072497, 0.9949531831634686, 0.9957759289387241, 0.9953618834636205, 0.9949034319196874, 0.9951744769379669, 0.9951521881385931, 0.9953565382886691, 0.9954413023358608, 0.9952570358011067, 0.9950029344072497, 0.9950526856510309, 0.9952730713259618, 0.9951575333135446, 0.9950029344072497, 0.9953672286385724, 0.9949647816129392, 0.9950029344072497, 0.9950526856510309, 0.9949531831634686, 0.9966821416766868, 0.9952570358011069, 0.9951575333135446, 0.9949531831634686, 0.9951521881385931, 0.9951521881385931, 0.9952126297322774, 0.9950526856510309, 0.9951024368948119, 0.995935873019971, 0.9954276702322568, 0.9954169798823534, 0.9951691317630151, 0.9964777915266109, 0.9952623809760586, 0.9950526856510309, 0.9951575333135446, 0.9950082795822013, 0.9951024368948119, 0.9950526856510309, 0.9949034319196874, 0.9950029344072497, 0.9949531831634686, 0.9951521881385931, 0.9950580308259824, 0.9950029344072497, 0.9950029344072497, 0.9951024368948119], [0.9951214141733675, 0.9950526856510309, 0.9951521881385931, 0.9949034319196874, 0.9949531831634686, 0.9952019393823741, 0.995555543263793, 0.9949034319196874, 0.9949034319196874, 0.9953511931137172, 0.9950029344072497, 0.9950580308259824, 1.0, 0.9949531831634686, 0.9950219116858054, 0.9952135378318444, 0.9950219116858054, 0.9950580308259824, 0.9950029344072497, 0.9956349621360332, 0.9950029344072497, 0.9950029344072497, 0.9970189734636022, 0.9950716629295864, 0.9962566692820312, 0.9950716629295864, 0.9951077820697635, 0.9951521881385931, 0.9949531831634686, 0.9949585283384204, 0.9949531831634686, 0.9950716629295864, 0.995132104523271, 0.9950526856510309, 0.9951711654171486, 0.9952516906261551, 0.9949531831634686, 0.9950029344072497, 0.9951214141733675, 0.9951077820697635, 0.9950580308259824, 0.9949531831634686, 0.9950526856510309, 0.9952072845573255, 0.9951214141733675, 0.9950526856510309, 0.9949034319196874, 0.9949531831634686, 0.9950029344072497, 0.9950029344072497, 0.9950029344072497, 0.9951711654171486, 0.9949531831634686, 0.9949034319196874, 0.9950029344072497, 0.9953755155672248, 0.9949531831634686, 0.9951214141733675, 0.9950029344072497, 0.9952570358011067, 0.9950029344072497, 0.995306787044888, 0.9950580308259824, 0.9950029344072497, 0.9950029344072497, 0.9951214141733675, 0.9951628784884964, 0.9951267593483191, 0.9951765105921003, 0.9952209166609298, 0.9950029344072497, 0.9949531831634686, 0.9949531831634686, 0.9949531831634686, 0.9950029344072497, 0.9951575333135446, 0.9957377761444136, 0.9949531831634686, 0.9950526856510309, 0.9951077820697635, 0.9952706679047109, 0.9950526856510309, 0.9951024368948119, 0.9951267593483191, 0.9950770081045383, 0.9949531831634686, 0.9950029344072497, 0.9951267593483191, 0.9950716629295864, 0.9949531831634686, 0.9951521881385931, 0.9949721604420242, 0.9953121322198396, 0.9971765141235975, 0.9968092781385742, 0.9950029344072497, 0.9950029344072497, 0.9951024368948119, 0.9950029344072497, 0.9979334731302171, 0.9967595268947935], [0.9951024368948119, 0.9949531831634686, 0.9951024368948119, 0.9954506956012797, 0.9955501980888414, 0.9952516906261551, 0.9951521881385931, 0.9949585283384204, 0.9951575333135446, 0.9949034319196874, 0.9953121322198396, 0.9954422104354278, 0.9949531831634686, 1.0, 0.9951521881385931, 0.9951575333135446, 0.9949034319196874, 0.9951691317630149, 0.9949034319196874, 0.9950526856510307, 0.9952570358011067, 0.9951521881385931, 0.9951024368948119, 0.9950029344072497, 0.9951575333135446, 0.9953121322198396, 0.9950029344072497, 0.9953121322198396, 0.9950082795822015, 0.99571548734504, 0.9950029344072497, 0.9949531831634686, 0.9952072845573255, 0.9950580308259824, 0.9950526856510309, 0.9952126297322774, 0.9949531831634686, 0.9953067870448878, 0.9951024368948117, 0.9950029344072497, 0.9951077820697635, 0.9953014418699361, 0.9951521881385931, 0.9951024368948119, 0.9952623809760586, 0.9951131272447152, 0.9970748064519837, 0.9950029344072497, 0.9951024368948119, 0.9949531831634686, 0.9952623809760586, 0.9952570358011069, 0.9950029344072497, 0.9949531831634686, 0.9950029344072497, 0.9950526856510309, 0.9953618834636205, 0.9950526856510309, 0.9963845423135673, 0.9952019393823741, 0.9950580308259824, 0.9952760130796623, 0.9952570358011067, 0.9951024368948119, 0.9950526856510309, 0.9951077820697635, 0.9950580308259824, 0.9950526856510309, 0.9950526856510309, 0.99501453285672, 0.9951024368948119, 0.9949531831634686, 0.9951131272447152, 0.9952072845573258, 0.9951024368948119, 0.9954116347074016, 0.995118472419667, 0.9951077820697635, 0.9950029344072497, 0.9954062895324498, 0.9949531831634686, 0.9950029344072497, 0.9952072845573258, 0.9950082795822015, 0.9950082795822015, 0.9973565418201662, 0.9950580308259824, 0.9951575333135446, 0.9949531831634686, 0.9958700862513346, 0.9949531831634686, 0.9950029344072497, 0.9950029344072497, 0.9949531831634686, 0.9951131272447152, 0.9949034319196874, 0.9954506956012793, 0.9950029344072497, 0.9949034319196874, 0.9950580308259824, 0.9949531831634686], [0.9951711654171486, 0.9950526856510309, 0.9953014418699361, 0.9950580308259824, 0.9953067870448878, 0.9950029344072497, 0.9952623809760586, 0.9949531831634686, 0.9949531831634686, 0.9953067870448878, 0.9952516906261551, 0.9949531831634686, 0.9950219116858054, 0.9951521881385931, 1.0, 0.9951521881385931, 0.9950770081045383, 0.995168223663448, 0.9951024368948119, 0.9951214141733675, 0.9953565382886691, 0.9951077820697635, 0.9950029344072497, 0.9950716629295864, 0.9950526856510309, 0.9951711654171486, 0.997118475951164, 0.9951193805192342, 0.9949531831634686, 0.9951024368948119, 0.9950526856510309, 0.9951765105921001, 0.9951765105921003, 0.9949531831634686, 0.9949721604420242, 0.9950526856510309, 0.9952019393823741, 0.9961518216195171, 0.9950716629295864, 0.9950526856510309, 0.9949034319196874, 0.9951575333135446, 0.9952072845573255, 0.9953067870448878, 0.9951214141733675, 0.9950082795822015, 0.9952072845573255, 0.9951575333135446, 0.9949531831634686, 0.9950082795822015, 0.9950526856510309, 0.9950716629295864, 0.9952516906261551, 0.9951521881385931, 0.9950526856510309, 0.9951765105921003, 0.9951024368948119, 0.9951711654171486, 0.9950580308259824, 0.9952072845573255, 0.9950526856510309, 0.9951575333135446, 0.9952072845573255, 0.9951575333135446, 0.9951024368948119, 0.9952209166609298, 0.9950082795822015, 0.9951214141733675, 0.9951765105921003, 0.9952209166609298, 0.9954169798823532, 0.9949531831634686, 0.9950526856510309, 0.9950526856510307, 0.9951024368948119, 0.9950633760009341, 0.9954613859511827, 0.9951131272447152, 0.9950526856510309, 0.9952072845573255, 0.9950716629295864, 0.9949531831634686, 0.9950029344072497, 0.9951711654171486, 0.9951711654171486, 0.9951077820697635, 0.9951024368948117, 0.9953257643234434, 0.9950219116858054, 0.9949034319196874, 0.9951521881385931, 0.9952262618358815, 0.99580964465765, 0.9951214141733675, 0.9951077820697635, 0.9951575333135446, 0.9950526856510309, 0.9950029344072497, 0.9950029344072497, 0.9950716629295864, 0.9950029344072497], [0.9951131272447152, 0.9952516906261551, 0.9949531831634686, 0.9952126297322774, 0.9951131272447152, 0.9951131272447152, 0.9951521881385931, 0.9951024368948119, 0.9950633760009341, 0.9951521881385931, 0.9951077820697635, 0.9951575333135446, 0.9952135378318444, 0.9951575333135446, 0.9951521881385931, 1.0, 0.9953511931137172, 0.9952570358011069, 0.9951077820697635, 0.9952677261510102, 0.9953565382886689, 0.9951521881385931, 0.9952822663541812, 0.9951575333135446, 0.9953130403194067, 0.9951077820697635, 0.9952019393823741, 0.9952126297322774, 0.9951628784884964, 0.9951024368948119, 0.9950029344072497, 0.9951024368948119, 0.9950580308259824, 0.9950526856510307, 0.995168223663448, 0.9953121322198396, 0.9951628784884962, 0.9951024368948119, 0.9951024368948119, 0.9951521881385931, 0.9950526856510309, 0.9952126297322774, 0.9952623809760586, 0.9951077820697635, 0.9950580308259822, 0.9952126297322774, 0.9950526856510309, 0.9951131272447152, 0.9952072845573255, 0.9951575333135446, 0.9950580308259822, 0.9951575333135444, 0.9951575333135446, 0.9954116347074016, 0.9950136247571533, 0.9952072845573255, 0.9952072845573255, 0.9951131272447152, 0.9953014418699361, 0.9952570358011069, 0.9952677261510102, 0.9951077820697635, 0.9951521881385931, 0.9953067870448878, 0.9953618834636205, 0.9951131272447152, 0.9954009443574982, 0.9952072845573255, 0.9951024368948117, 0.9954116347074016, 0.9951077820697635, 0.9954116347074016, 0.9952623809760586, 0.9952072845573255, 0.9952072845573258, 0.9952019393823741, 0.9953627915631879, 0.9951575333135446, 0.9952126297322774, 0.9950526856510307, 0.9953067870448878, 0.9950526856510307, 0.9954116347074018, 0.9951077820697635, 0.9950633760009341, 0.9951521881385931, 0.9952072845573255, 0.9951024368948119, 0.995068721175886, 0.9951024368948119, 0.9952072845573255, 0.9951628784884962, 0.9951077820697635, 0.9952632890756257, 0.9952632890756257, 0.9951628784884962, 0.9953067870448878, 0.99540628953245, 0.9952516906261551, 0.9951637865880635, 0.9951637865880635], [0.9950219116858054, 0.998671454858281, 0.9952072845573255, 0.9950029344072497, 0.9949531831634686, 0.9949034319196874, 0.9950029344072497, 0.9950029344072497, 0.9949531831634686, 0.9949034319196874, 0.9950029344072497, 0.9950029344072497, 0.9950219116858054, 0.9949034319196874, 0.9950770081045383, 0.9953511931137172, 1.0, 0.9951024368948119, 0.9950082795822015, 0.9951711654171486, 0.9953618834636205, 0.9961908825133947, 0.9950526856510309, 0.9949721604420242, 0.9950526856510307, 0.9949721604420242, 0.9955501980888416, 0.9951575333135446, 0.9951024368948119, 0.9950029344072497, 0.9949531831634686, 0.9950716629295864, 0.9950219116858054, 0.9952019393823741, 0.9949721604420242, 0.9951077820697635, 0.9949034319196874, 0.9951024368948119, 0.9952325151104005, 0.9950526856510309, 0.9953511931137172, 0.9949531831634686, 0.9950082795822015, 0.9951628784884962, 0.9950716629295864, 0.9949531831634686, 0.9950029344072497, 0.9949034319196874, 0.9949034319196874, 0.9951024368948117, 0.9949034319196874, 0.9950219116858054, 0.9950029344072497, 0.9949034319196874, 0.9949531831634686, 0.9951765105921003, 0.9949531831634686, 0.9950716629295864, 0.9950580308259824, 0.9951521881385931, 0.9949034319196874, 0.9949034319196874, 0.9949531831634686, 0.9951575333135446, 0.9959144923201642, 0.9950219116858054, 0.9964564108268041, 0.9949721604420242, 0.9960773781551112, 0.9950219116858054, 0.9950029344072497, 0.9949531831634686, 0.9949531831634686, 0.9949531831634686, 0.9949034319196874, 0.9950029344072497, 0.9950029344072497, 0.9951077820697635, 0.9949034319196874, 0.9950029344072497, 0.995027256860757, 0.9950580308259824, 0.9949034319196874, 0.9949721604420242, 0.9949721604420242, 0.9950029344072497, 0.9949531831634686, 0.9955745205423491, 0.9949721604420242, 0.9950526856510309, 0.9949531831634686, 0.9952706679047109, 0.9951077820697635, 0.9965962712927292, 0.9950029344072497, 0.9950029344072497, 0.9950029344072497, 0.9950029344072497, 0.9968153598831749, 0.9949721604420242, 0.9949531831634686], [0.9951024368948119, 0.9950029344072497, 0.9952623809760586, 0.9954199216360539, 0.9951024368948119, 0.9950029344072497, 0.9950082795822015, 0.9951575333135446, 0.9951575333135444, 0.9950580308259824, 0.9951077820697635, 0.9955724868882153, 0.9950580308259824, 0.9951691317630149, 0.995168223663448, 0.9952570358011069, 0.9951024368948119, 1.0, 0.9952019393823741, 0.9952516906261551, 0.9952072845573258, 0.9953014418699363, 0.9952126297322774, 0.9949531831634686, 0.9958890635298903, 0.9950580308259824, 0.9951628784884962, 0.995168223663448, 0.9953067870448878, 0.9956106396825258, 0.9950029344072497, 0.9951521881385931, 0.9951628784884962, 0.9950580308259824, 0.9950526856510309, 0.9951024368948119, 0.9951024368948119, 0.9951575333135446, 0.9952516906261549, 0.9950029344072497, 0.9957652385888208, 0.9950526856510309, 0.9953067870448878, 0.9951024368948119, 0.9952072845573255, 0.9953565382886691, 0.9951575333135446, 0.9950029344072497, 0.9949531831634686, 0.9950526856510309, 0.9950580308259824, 0.9960193399826777, 0.9951077820697635, 0.9950029344072497, 0.9952072845573255, 0.9959802790888, 0.9953121322198396, 0.9951521881385931, 0.9952188830067962, 0.9950029344072497, 0.9949531831634686, 0.9951575333135446, 0.9952623809760586, 0.9950770081045383, 0.9951024368948119, 0.9951575333135446, 0.9951024368948119, 0.9950526856510309, 0.9951024368948119, 0.9950696292754531, 0.9949531831634686, 0.9950526856510309, 0.9949034319196874, 0.9958149898326015, 0.9952570358011067, 0.9952570358011067, 0.9951077820697635, 0.9951214141733675, 0.9951214141733675, 0.9951077820697635, 0.9950526856510309, 0.9951575333135446, 0.9955164823699154, 0.9953067870448878, 0.9950526856510309, 0.9952739794255291, 0.9959388147736713, 0.9953121322198396, 0.9950029344072497, 0.9950526856510309, 0.9949034319196874, 0.9951024368948119, 0.9950219116858054, 0.9951628784884962, 0.9952623809760586, 0.9952019393823741, 0.9950580308259824, 0.9952209166609296, 0.9950526856510309, 0.9951628784884962, 0.9951077820697635], [0.9950029344072497, 0.9949034319196874, 0.9951521881385931, 0.9950526856510309, 0.9950029344072497, 0.9952262618358815, 0.9950526856510309, 0.9949531831634686, 0.9950770081045383, 0.9949034319196874, 0.9949034319196874, 0.9950580308259824, 0.9950029344072497, 0.9949034319196874, 0.9951024368948119, 0.9951077820697635, 0.9950082795822015, 0.9952019393823741, 1.0, 0.9949531831634686, 0.9950633760009341, 0.9949531831634686, 0.9949531831634686, 0.9949531831634686, 0.9952570358011067, 0.9949585283384204, 0.9950082795822015, 0.9950580308259824, 0.9952570358011067, 0.9949531831634686, 0.9949531831634686, 0.9949647816129392, 0.9951077820697635, 0.9949531831634686, 0.9953565382886689, 0.9952570358011067, 0.9949531831634686, 0.9949531831634686, 0.9950526856510309, 0.9951077820697635, 0.9950029344072497, 0.9949531831634686, 0.9951575333135446, 0.9952570358011067, 0.9949531831634686, 0.9950580308259824, 0.9950082795822015, 0.9949034319196874, 0.9954667311261344, 0.9952072845573255, 0.9949531831634686, 0.9949531831634686, 0.9950526856510309, 0.9949531831634686, 0.9950029344072497, 0.9950029344072497, 0.9953237306693099, 0.9950526856510309, 0.9950526856510309, 0.9951575333135446, 0.9949531831634686, 0.9949585283384204, 0.995027256860757, 0.9951024368948119, 0.9950029344072497, 0.9949585283384204, 0.9949531831634686, 0.9951024368948119, 0.9950580308259824, 0.9950580308259822, 0.9956159848574774, 0.9949531831634686, 0.9961041040298697, 0.9949531831634686, 0.9949647816129392, 0.9952072845573255, 0.9950526856510309, 0.9950136247571533, 0.9949034319196874, 0.9950526856510307, 0.9950526856510309, 0.9949034319196874, 0.9949034319196874, 0.9949585283384204, 0.9951077820697635, 0.9950029344072497, 0.9952570358011069, 0.9950029344072497, 0.9953672286385722, 0.9949531831634686, 0.9953237306693099, 0.9949034319196874, 0.9951077820697635, 0.9949034319196874, 0.9956052945075744, 0.9950526856510309, 0.9949531831634686, 0.9950029344072497, 0.9951024368948119, 0.9949531831634686, 0.9949034319196874], [0.9952209166609298, 0.9951575333135446, 0.9951521881385931, 0.9956329284818998, 0.9951575333135446, 0.9950029344072497, 0.9950082795822015, 0.9950526856510309, 0.9955218275448673, 0.9951521881385931, 0.9952019393823741, 0.9949531831634686, 0.9956349621360332, 0.9950526856510307, 0.9951214141733675, 0.9952677261510102, 0.9951711654171486, 0.9952516906261551, 0.9949531831634686, 1.0, 0.9950580308259824, 0.9951575333135446, 0.9955164823699154, 0.9952262618358815, 0.9951077820697635, 0.9950716629295864, 0.9949531831634686, 0.9950580308259822, 0.9951575333135446, 0.9950029344072497, 0.9950029344072497, 0.9951711654171486, 0.9952209166609296, 0.9950029344072497, 0.9953257643234434, 0.9952516906261551, 0.9955334259943375, 0.9951024368948119, 0.9953257643234434, 0.9950580308259824, 0.9955885224130705, 0.9950029344072497, 0.9951575333135446, 0.9952570358011067, 0.9951267593483191, 0.9955227356444343, 0.9951521881385931, 0.9950526856510309, 0.9951131272447152, 0.9952072845573258, 0.9950580308259824, 0.9953257643234434, 0.9951024368948119, 0.9956382736568515, 0.9952019393823741, 0.9952209166609296, 0.9950580308259824, 0.9953204191484918, 0.9951131272447152, 0.9952623809760586, 0.9951077820697637, 0.9952072845573255, 0.9950526856510309, 0.9951077820697635, 0.9952516906261551, 0.9952262618358815, 0.9951024368948119, 0.9952262618358815, 0.9952760130796625, 0.9953755155672248, 0.9952126297322774, 0.9955885224130705, 0.9950580308259824, 0.9952019393823741, 0.9952019393823741, 0.9950526856510309, 0.9952072845573255, 0.9951024368948119, 0.9950526856510309, 0.9952188830067962, 0.9952760130796625, 0.9950029344072497, 0.9951024368948119, 0.9954857084046901, 0.9952760130796625, 0.9951521881385931, 0.9951521881385931, 0.9951711654171486, 0.9951214141733675, 0.9951077820697635, 0.9952126297322774, 0.9952209166609298, 0.9950580308259822, 0.9955798657173007, 0.9955164823699154, 0.9952019393823741, 0.9952516906