[[2.384185791015625e-07, 0.7722982644132348, 5.3984804554964425, 1.7968766461630536, 1.462225060107276, 5.2054165514205835, 4.333338102253372, 4.656827945988677, 1.2413588911684434, 5.780014036648264, 3.453142695346915, 3.5479196716802757, 1.4845463261822793, 4.954954196319963, 2.8814831201076556, 3.7407269100162854, 0.8349718985542511, 2.3911822733899895, 4.335445970458541, 1.8660136305718487, 0.9429411995179091, 0.962707866048652, 1.02558099880529, 1.743825458223256, 1.4842127697323406, 2.267912431441398], [0.7722982644132348, 2.384185791015625e-07, 4.9641640632224755, 1.6323578340471783, 0.9684908421304647, 4.826374142412443, 3.949881895061912, 4.210025052437166, 1.2289345449686122, 6.242585669645526, 3.0677061438324467, 3.112499013445617, 1.2355585120812542, 4.58514805803734, 3.2558101698700814, 3.4022214581086807, 0.8086985931344407, 2.5248680310113882, 4.741791167003247, 2.1616400316330906, 0.556483554433863, 0.5095738478635299, 0.7068496974302731, 2.042947047521002, 1.1814368562698272, 1.9495435571689044], [5.3984804554964425, 4.9641640632224755, 1.884864366154897e-07, 4.668488573250172, 4.197154038220184, 1.3729573669628088, 1.68695184764169, 1.0775562986323683, 5.507598200564243, 11.04212897880927, 2.2520052735102185, 2.2053986522218874, 4.547941878453009, 1.308941494609238, 8.08395390968941, 2.4214910717581026, 5.212956929684832, 6.257415332428891, 9.247654757805478, 6.269027069519451, 4.8593172686346895, 4.734660171937803, 4.983315390494584, 6.949637604740449, 4.177403837521418, 4.517991623159525], [1.7968766461630536, 1.6323578340471783, 4.668488573250172, 2.384185791015625e-07, 1.7746500337238396, 4.3319059315763395, 3.398435342983811, 3.9312497585238164, 2.0317768067214925, 6.723151776262693, 2.77120028535617, 2.6627443427153317, 0.6468504076864715, 4.2154551738401835, 3.9527109467554573, 2.824575002465066, 1.7999919848856205, 3.2915002535256797, 5.000753529711492, 3.0954534458515677, 1.5885156498136856, 1.442076012043701, 1.6140983250234324, 2.7997524729123384, 1.6322060166185863, 2.1708471260347175], [1.462225060107276, 0.9684908421304647, 4.197154038220185, 1.7746500337238396, 0.0, 4.049306757017779, 3.280713836347606, 3.496981286588582, 1.611824645819591, 7.016027661324313, 2.296939492760865, 2.5027668653642525, 1.3956636062546341, 3.9472952165702604, 3.9805910853819695, 2.6735218498277065, 1.449452384514745, 3.1235322210898944, 5.359876925922658, 2.7838617130332994, 1.1287665175713808, 0.7789528731016123, 1.0257443093683558, 2.8630920416273886, 1.0976805892222066, 1.5934298987087718], [5.2054165514205835, 4.826374142412443, 1.3729573669628088, 4.3319059315763395, 4.049306757017779, 0.0, 1.2777001384550626, 1.6873474536876232, 5.2628957155646185, 10.672750532168237, 1.9678954418004404, 2.2647667617189597, 4.301778919049124, 1.7539071098852022, 7.768453530857608, 1.7080817638778159, 5.12603610116713, 6.386674502063899, 8.700986291962732, 6.274757410984447, 4.7802873614138495, 4.514436777301861, 4.763596016477753, 6.726136197482754, 4.125255823069735, 4.372003732453821], [4.333338102253372, 3.949881895061912, 1.6869518476416911, 3.398435342983811, 3.280713836347606, 1.2777001384550626, 0.0, 1.3629143114695081, 4.515691454971083, 9.819920072150085, 1.5309739025382567, 1.3319870784450376, 3.361766583251483, 1.3004945867980973, 6.938745048808488, 1.3194526222418579, 4.194772531308431, 5.358243369097432, 7.966572999695263, 5.325976967519604, 3.85257722556521, 3.675986616369428, 3.9580630806446324, 5.833301236539301, 3.1725670289903785, 3.762369365816124], [4.656827945988677, 4.210025052437166, 1.0775562986323683, 3.9312497585238164, 3.496981286588582, 1.6873474536876232, 1.3629143114695081, 2.0647654623614278e-07, 4.772736786211722, 10.331648551306513, 1.7661843149838554, 1.4258557480517335, 3.8184610665143457, 1.224233394299987, 7.391756488632996, 2.1253762498624935, 4.450133763485157, 5.4195942892244755, 8.629003864163543, 5.51006582551732, 4.065867892920814, 3.9909861273307783, 4.2733816909352145, 6.190459598827429, 3.4458737826588286, 3.751512225125495], [1.2413588911684434, 1.2289345449686122, 5.507598200564242, 2.0317768067214925, 1.611824645819591, 5.2628957155646185, 4.515691454971083, 4.772736786211722, 4.460403188197543e-07, 5.9251496781842174, 3.433127064931605, 3.65589315169179, 1.9130460286567799, 5.273372893882224, 2.994051440505324, 3.7727582086114015, 1.6774536356471799, 3.1041803139867397, 4.381718604413838, 2.5699050877302017, 1.5275977332676922, 1.1514053786347491, 1.3989888147419411, 2.002284119021261, 2.1259111356618243, 1.9573983196920106], [5.780014036648264, 6.242585669645526, 11.04212897880927, 6.723151776262694, 7.016027661324313, 10.672750532168237, 9.819920072150085, 10.331648551306513, 5.9251496781842174, 0.0, 8.998844884403903, 9.149519301812854, 6.677862795955773, 10.532859813644214, 3.222384657374343, 9.100133918763431, 6.094710125517948, 5.967466671452954, 2.716663235796532, 5.438018697940919, 6.395429107242991, 6.455351731294587, 6.243450668956141, 4.347905486245653, 7.055780482515307, 7.362295021752366], [3.453142695346915, 3.0677061438324467, 2.2520052735102194, 2.77120028535617, 2.296939492760865, 1.9678954418004404, 1.5309739025382567, 1.7661843149838554, 3.4331270649316035, 8.998844884403903, 0.0, 1.2733982065204137, 2.6739875565064404, 2.3178649394482744, 6.046291570924233, 1.0629110782977154, 3.4516433295548463, 4.818079820469017, 7.143193856655665, 4.608789650546214, 3.0439994387573375, 2.760426322125433, 3.053084729199081, 4.9781889732280975, 2.5358610050468013, 2.6594771801836603], [3.5479196716802757, 3.112499013445617, 2.2053986522218874, 2.6627443427153317, 2.5027668653642525, 2.2647667617189597, 1.3319870784450376, 1.4258557480517335, 3.65589315169179, 9.149519301812854, 1.2733982065204137, 0.0, 2.6011027000145273, 1.892361872887059, 6.230393995142402, 1.6071213439942322, 3.332290160199087, 4.463326881038365, 7.451716231372491, 4.484521381191884, 2.9868644550847265, 2.869938297255332, 3.2066482059559576, 5.017366413273614, 2.364962346765965, 2.8403129956926327], [1.4845463261822793, 1.2355585120812542, 4.547941878453009, 0.6468504076864715, 1.3956636062546341, 4.301778919049124, 3.361766583251483, 3.8184610665143457, 1.9130460286567799, 6.677862795955773, 2.6739875565064404, 2.6011027000145273, 0.0, 4.0942810721605065, 3.8257433160061094, 2.812109877195571, 1.4100521201555762, 3.02134466654848, 5.004923641094715, 2.786417307349578, 1.1756069067386021, 1.12201631115228, 1.2482096832570893, 2.642590261736578, 1.2141837402890394, 2.1149846989787537], [4.954954196319964, 4.5851480580373405, 1.308941494609238, 4.2154551738401835, 3.947295216570261, 1.7539071098852022, 1.3004945867980986, 1.224233394299987, 5.273372893882224, 10.532859813644214, 2.317864939448274, 1.892361872887059, 4.0942810721605065, 0.0, 7.672993011087207, 2.3985976534257536, 4.7192084386936255, 5.58428039670503, 8.8406520613746, 5.698439049595243, 4.4234301822015345, 4.394341371781606, 4.657260757731357, 6.510534949074429, 3.657191288182431, 4.431708121736207], [2.8814831201076556, 3.2558101698700814, 8.08395390968941, 3.9527109467554573, 3.9805910853819695, 7.768453530857609, 6.938745048808487, 7.391756488632997, 2.994051440505324, 3.222384657374345, 6.046291570924233, 6.230393995142402, 3.8257433160061094, 7.672993011087207, 3.769728732309794e-07, 6.200065216126507, 3.221026163210771, 3.820883089206899, 2.0291475452750416, 3.1273536646042164, 3.476882690076104, 3.4592203897486677, 3.2255176279353917, 1.4476489844651201, 4.160474698813001, 4.444408473712754], [3.7407269100162854, 3.4022214581086807, 2.421491071758103, 2.824575002465066, 2.6735218498277065, 1.7080817638778159, 1.3194526222418579, 2.1253762498624935, 3.7727582086114015, 9.100133918763431, 1.0629110782977154, 1.6071213439942322, 2.812109877195571, 2.3985976534257527, 6.200065216126507, 0.0, 3.739601479005423, 5.221084319783955, 7.101011942637408, 4.971825730329549, 3.4218502710977656, 3.0511600121293876, 3.3009466873770634, 5.195466083924532, 2.8471278703422622, 3.0867101588399795], [0.8349718985542511, 0.8086985931344407, 5.212956929684832, 1.7999919848856205, 1.449452384514745, 5.12603610116713, 4.194772531308431, 4.450133763485157, 1.6774536356471799, 6.09471012551795, 3.4516433295548463, 3.332290160199087, 1.4100521201555762, 4.719208438693625, 3.221026163210771, 3.739601479005423, 0.0, 2.0920889320448954, 4.753829583698, 1.816076535248434, 0.8537106177205795, 1.1020798077783398, 1.0651713466952886, 1.9649274587447438, 1.1149535485162831, 2.3164713501402483], [2.3911822733899895, 2.5248680310113882, 6.257415332428891, 3.2915002535256797, 3.1235322210898944, 6.386674502063899, 5.358243369097432, 5.4195942892244755, 3.1041803139867397, 5.967466671452955, 4.818079820469017, 4.463326881038365, 3.02134466654848, 5.584280396705029, 3.820883089206899, 5.221084319783955, 2.0920889320448954, 0.0, 5.5044602896362855, 1.3075349298655625, 2.3204094585206843, 2.8451159338398124, 2.883806799646589, 2.7445006034882877, 2.6085083614143962, 3.6695618433719988], [4.335445970458541, 4.741791167003247, 9.247654757805478, 5.000753529711491, 5.359876925922658, 8.700986291962732, 7.966572999695263, 8.629003864163543, 4.381718604413838, 2.716663235796532, 7.143193856655665, 7.451716231372491, 5.004923641094715, 8.8406520613746, 2.0291475452750385, 7.101011942637408, 4.753829583698002, 5.504460289636287, 3.371747880871523e-07, 4.772140172491661, 4.991743974652618, 4.829908619482654, 4.5983267776486905, 3.13209128951579, 5.564017840015372, 5.739410998783222], [1.8660136305718487, 2.1616400316330906, 6.269027069519451, 3.0954534458515677, 2.7838617130332994, 6.274757410984447, 5.325976967519604, 5.51006582551732, 2.5699050877302017, 5.438018697940919, 4.608789650546214, 4.484521381191884, 2.786417307349578, 5.698439049595243, 3.1273536646042164, 4.971825730329549, 1.816076535248434, 1.3075349298655625, 4.772140172491661, 4.1295309247228556e-07, 2.1542893587199647, 2.456223678832189, 2.4847380583735803, 2.2527571725613544, 2.454620257621062, 3.5512933273411083], [0.9429411995179091, 0.556483554433863, 4.8593172686346895, 1.5885156498136856, 1.1287665175713808, 4.7802873614138495, 3.85257722556521, 4.065867892920814, 1.5275977332676922, 6.395429107242993, 3.0439994387573375, 2.9868644550847265, 1.1756069067386021, 4.423430182201534, 3.476882690076104, 3.4218502710977656, 0.8537106177205795, 2.3204094585206843, 4.991743974652616, 2.1542893587199647, 0.0, 0.8180396468533463, 0.9771808786426476, 2.2012449839069372, 1.070856378009191, 2.01113570581834], [0.962707866048652, 0.5095738478635299, 4.7346601719378025, 1.442076012043701, 0.7789528731016123, 4.514436777301861, 3.675986616369428, 3.9909861273307783, 1.1514053786347491, 6.455351731294587, 2.760426322125433, 2.869938297255332, 1.12201631115228, 4.394341371781606, 3.4592203897486677, 3.0511600121293876, 1.1020798077783398, 2.8451159338398124, 4.829908619482654, 2.456223678832189, 0.8180396468533463, 0.0, 0.7324567937867916, 2.2987299317707066, 1.1832242289889332, 1.7338955227331703], [1.02558099880529, 0.7068496974302731, 4.9833153904945835, 1.6140983250234324, 1.0257443093683558, 4.763596016477753, 3.9580630806446324, 4.2733816909352145, 1.3989888147419411, 6.24345066895614, 3.053084729199081, 3.2066482059559576, 1.2482096832570893, 4.657260757731357, 3.2255176279353917, 3.3009466873770634, 1.0651713466952886, 2.883806799646589, 4.59832677764869, 2.4847380583735803, 0.9771808786426476, 0.7324567937867916, 0.0, 2.0907598890880594, 1.3876176139157397, 1.86443767057939], [1.743825458223256, 2.042947047521002, 6.949637604740449, 2.7997524729123384, 2.8630920416273886, 6.726136197482754, 5.8333012365393015, 6.190459598827429, 2.002284119021261, 4.347905486245655, 4.978188973228097, 5.017366413273614, 2.642590261736578, 6.510534949074429, 1.4476489844651201, 5.195466083924533, 1.9649274587447438, 2.7445006034882877, 3.132091289515792, 2.2527571725613544, 2.2012449839069372, 2.2987299317707066, 2.0907598890880594, 3.371747880871523e-07, 2.9477380672482734, 3.292372404560135], [1.4842127697323406, 1.1814368562698272, 4.177403837521418, 1.6322060166185863, 1.0976805892222066, 4.125255823069735, 3.1725670289903785, 3.4458737826588286, 2.1259111356618243, 7.055780482515307, 2.5358610050468013, 2.364962346765965, 1.2141837402890336, 3.6571912881824304, 4.160474698813001, 2.8471278703422622, 1.1149535485162831, 2.6085083614143962, 5.564017840015372, 2.454620257621062, 1.070856378009191, 1.1832242289889332, 1.3876176139157397, 2.9477380672482734, 0.0, 2.203714560004201], [2.2679124314413994, 1.9495435571689044, 4.517991623159524, 2.1708471260347175, 1.5934298987087718, 4.372003732453821, 3.762369365816124, 3.751512225125495, 1.9573983196920124, 7.362295021752366, 2.6594771801836603, 2.8403129956926327, 2.1149846989787573, 4.431708121736207, 4.4444084737127545, 3.0867101588399795, 2.3164713501402483, 3.6695618433719988, 5.739410998783223, 3.551293327341109, 2.01113570581834, 1.7338955227331703, 1.8644376705793917, 3.2923724045601364, 2.203714560004207, 0.0]]