[[1.0, 0.5986413590036868, 0.5487473933872615, 0.5465849300301535, 0.5831497803174887, 0.5733902301970395, 0.5821309445984097, 0.5642006947312687, 0.608441643686675, 0.6167549504176402, 0.5917077851810597, 0.5681993145217239, 0.5509310015480032, 0.5756150743196078, 0.6210254199724129, 0.5412837965069678, 0.5934391899861917, 0.6079585776946845, 0.6193603801971661, 0.5787984970533243, 0.5970440018703177, 0.5676811702767749, 0.5816277781571431, 0.5963283937363596, 0.5811627879082585, 0.563833649289199], [0.5986413590036868, 1.0, 0.5443914536213611, 0.5793970222259117, 0.6068595324906856, 0.5696020943886029, 0.5419580412833126, 0.5792918271323647, 0.5807854418757331, 0.6044158941193273, 0.5981953932633174, 0.5529298475367432, 0.5741543324802234, 0.5548300506247414, 0.5973457247388043, 0.539040946548925, 0.5938664214351664, 0.6053186894770471, 0.6143104752397878, 0.6052418036948045, 0.550084839379375, 0.6380787295944506, 0.6092065558232502, 0.6078723854871058, 0.5735527641971913, 0.5598742693842533], [0.5487473933872615, 0.5443914536213611, 1.0, 0.6803277916877715, 0.5635346653479626, 0.673675014881131, 0.6324869324774254, 0.6390431716432305, 0.521180828165078, 0.46972891959055146, 0.6007786690166232, 0.6068443384814705, 0.5943937272586712, 0.8138644786907488, 0.5303830859734582, 0.645719076206795, 0.5422820048374137, 0.5463137833624206, 0.5123672529244657, 0.5462983950568963, 0.5788105376645566, 0.5674304323173066, 0.5558297760713026, 0.5330499700889035, 0.5693340883996957, 0.6471972432587327], [0.5465849300301535, 0.5793970222259117, 0.6803277916877715, 1.0, 0.5620178620103463, 0.6211223063793667, 0.6209671425342468, 0.6687092055426296, 0.5789893886252354, 0.5314017965801665, 0.5365590239100142, 0.5951468579348049, 0.6168168559875422, 0.625439159062538, 0.5484169997624889, 0.6285699100736208, 0.55390316338516, 0.5596154801580013, 0.5519175952947798, 0.5558948224837534, 0.5350372350030239, 0.5878361817262444, 0.5540105504401882, 0.5750494632831297, 0.5499322610008203, 0.6809491577675133], [0.5831497803174887, 0.6068595324906856, 0.5635346653479626, 0.5620178620103463, 1.0, 0.5802151705362598, 0.5773076048655377, 0.574260959095588, 0.5933027239977261, 0.5987500659910053, 0.5920094729332308, 0.5838762508502731, 0.5769598003089994, 0.5635575021212829, 0.5627075105669862, 0.5871653593983108, 0.5937419148871297, 0.5818233886120554, 0.6000702995958871, 0.5955875953107586, 0.5692017071912792, 0.5833095213966415, 0.5935393150851177, 0.5712290432427384, 0.577335293406013, 0.556188035766092], [0.5733902301970395, 0.5696020943886029, 0.673675014881131, 0.6211223063793667, 0.5802151705362598, 1.0, 0.6536916020358304, 0.6781062760405069, 0.5570715572819201, 0.4642241768405608, 0.6229568822458575, 0.6420532227844621, 0.5733677305477264, 0.6549448205113146, 0.5146792605019227, 0.6804001986792004, 0.5576994377345071, 0.5203554823604584, 0.5016096911480168, 0.5459660976542046, 0.5708924878009757, 0.5982454200709346, 0.5673503848964823, 0.5298134792027372, 0.5917440342330731, 0.6164777430525221], [0.5821309445984097, 0.5419580412833126, 0.6324869324774254, 0.6209671425342468, 0.5773076048655377, 0.6536916020358304, 1.0, 0.6200306575154234, 0.5770071726115412, 0.4849233619111026, 0.6500858776210237, 0.6596882801227998, 0.5878928513145217, 0.6381413783768767, 0.5356754865078514, 0.6674037498810103, 0.5647463405480655, 0.5564248772083176, 0.5341458543320742, 0.5475224382464482, 0.5743580986611951, 0.5558582842033738, 0.536581118304672, 0.5448118127741962, 0.6378818190190896, 0.5782476954487654], [0.5642006947312687, 0.5792918271323647, 0.6390431716432305, 0.6687092055426296, 0.574260959095588, 0.6781062760405069, 0.6200306575154234, 1.0, 0.5604836090523692, 0.492642040206177, 0.569835586002835, 0.6258945894800209, 0.5905950650040792, 0.6011535050735498, 0.5204327930814467, 0.6346844829443192, 0.5592928715270156, 0.5603965868242118, 0.5181816398187045, 0.5530222764106022, 0.5752258233144754, 0.5725893305580636, 0.5906725119872097, 0.5573191739281891, 0.6050952412317075, 0.6177166341962468], [0.608441643686675, 0.5807854418757331, 0.521180828165078, 0.5789893886252354, 0.5933027239977261, 0.5570715572819201, 0.5770071726115412, 0.5604836090523692, 1.0, 0.6193156945124075, 0.6143122078073241, 0.5812249128737681, 0.5896200012407993, 0.5142090921456471, 0.5795582220664891, 0.5601281770784666, 0.584133524026852, 0.5922571608306693, 0.6018798045934596, 0.6237182458100794, 0.5743273772596202, 0.5869407683791733, 0.5823146871317382, 0.6107381738393599, 0.5930423077037223, 0.5779810332588928], [0.6167549504176402, 0.6044158941193273, 0.46972891959055146, 0.5314017965801665, 0.5987500659910053, 0.4642241768405608, 0.4849233619111026, 0.492642040206177, 0.6193156945124075, 1.0, 0.5454782901074418, 0.5141651250459994, 0.5790468726091056, 0.4740180729698025, 0.6875832473323, 0.4933509463889006, 0.6271141126784475, 0.652442294810204, 0.7102934897408469, 0.6286581148186361, 0.6300102004667878, 0.5960437725397457, 0.6195694451398224, 0.646747945336615, 0.6101887199277322, 0.5532149411844212], [0.5917077851810597, 0.5981953932633174, 0.6007786690166232, 0.5365590239100142, 0.5920094729332308, 0.6229568822458575, 0.6500858776210237, 0.569835586002835, 0.6143122078073241, 0.5454782901074418, 1.0, 0.6333855282517091, 0.6048098498201411, 0.6199804510570078, 0.5510220379197105, 0.5873537176304138, 0.5503304223299618, 0.5695984971708207, 0.5748088428616511, 0.5860026608973151, 0.5757107339051136, 0.5752579121963292, 0.5614577649426994, 0.5583779382683592, 0.5930823528825244, 0.5372946811978525], [0.5681993145217239, 0.5529298475367432, 0.6068443384814705, 0.5951468579348049, 0.5838762508502731, 0.6420532227844621, 0.6596882801227998, 0.6258945894800209, 0.5812249128737681, 0.5141651250459994, 0.6333855282517091, 1.0, 0.6091090331244048, 0.589022565616679, 0.5566889910777607, 0.6005550403106387, 0.5805528152914705, 0.5409141541840551, 0.5316879293292153, 0.5631869210274342, 0.5791767027970263, 0.5717381246910889, 0.5626436863157342, 0.5653232846815306, 0.5982390032962772, 0.6028719665603287], [0.5509310015480032, 0.5741543324802234, 0.5943937272586712, 0.6168168559875422, 0.5769598003089994, 0.5733677305477264, 0.5878928513145217, 0.5905950650040792, 0.5896200012407993, 0.5790468726091056, 0.6048098498201411, 0.6091090331244048, 1.0, 0.5842496508519994, 0.5701623761525252, 0.625177677533997, 0.5781394792838823, 0.5794733266619444, 0.5543304360649162, 0.5505176011469936, 0.5762646621330438, 0.5914832400345282, 0.5903934822990264, 0.5837490202659814, 0.5804150763275938, 0.5738699628962726], [0.5756150743196078, 0.5548300506247414, 0.8138644786907488, 0.625439159062538, 0.5635575021212829, 0.6549448205113146, 0.6381413783768767, 0.6011535050735498, 0.5142090921456471, 0.4740180729698025, 0.6199804510570078, 0.589022565616679, 0.5842496508519994, 1.0, 0.5308097584779089, 0.645454804717957, 0.569891789905124, 0.5477749696550638, 0.511736512956325, 0.5449112193655542, 0.5920066265204605, 0.5638128268016213, 0.5736016622531352, 0.5397880059872467, 0.5753454339357863, 0.6566702649863486], [0.6210254199724129, 0.5973457247388043, 0.5303830859734582, 0.5484169997624889, 0.5627075105669862, 0.5146792605019227, 0.5356754865078514, 0.5204327930814467, 0.5795582220664891, 0.6875832473323, 0.5510220379197105, 0.5566889910777607, 0.5701623761525252, 0.5308097584779089, 1.0, 0.5460816015889893, 0.6059267985923396, 0.6125952227257652, 0.6659274500735674, 0.6164151753792523, 0.5900962021734385, 0.5799488140457342, 0.6206516891221979, 0.6215325851715223, 0.5739675881694685, 0.58101636089313], [0.5412837965069678, 0.539040946548925, 0.645719076206795, 0.6285699100736208, 0.5871653593983108, 0.6804001986792004, 0.6674037498810103, 0.6346844829443192, 0.5601281770784666, 0.4933509463889006, 0.5873537176304138, 0.6005550403106387, 0.625177677533997, 0.645454804717957, 0.5460816015889893, 1.0, 0.5717919076114978, 0.5523275128415136, 0.5396577932888736, 0.5373129588593845, 0.5666234577037693, 0.5697539479307392, 0.5908324413676894, 0.5607079782168123, 0.5638274718934433, 0.597760857098291], [0.5934391899861917, 0.5938664214351664, 0.5422820048374137, 0.55390316338516, 0.5937419148871297, 0.5576994377345071, 0.5647463405480655, 0.5592928715270156, 0.584133524026852, 0.6271141126784475, 0.5503304223299618, 0.5805528152914705, 0.5781394792838823, 0.569891789905124, 0.6059267985923396, 0.5717919076114978, 1.0, 0.5987370047403827, 0.6169473977943625, 0.5778973413015457, 0.5757994790122282, 0.6061722839699941, 0.6100446809116743, 0.57543812622871, 0.6182176227526234, 0.5679810705385323], [0.6079585776946845, 0.6053186894770471, 0.5463137833624206, 0.5596154801580013, 0.5818233886120554, 0.5203554823604584, 0.5564248772083176, 0.5603965868242118, 0.5922571608306693, 0.652442294810204, 0.5695984971708207, 0.5409141541840551, 0.5794733266619444, 0.5477749696550638, 0.6125952227257652, 0.5523275128415136, 0.5987370047403827, 1.0, 0.5970359567753132, 0.616124653119606, 0.5928664597304764, 0.607643485018707, 0.5885316978700689, 0.5747779148911125, 0.5824126704132255, 0.5376434746368783], [0.6193603801971661, 0.6143104752397878, 0.5123672529244657, 0.5519175952947798, 0.6000702995958871, 0.5016096911480168, 0.5341458543320742, 0.5181816398187045, 0.6018798045934596, 0.7102934897408469, 0.5748088428616511, 0.5316879293292153, 0.5543304360649162, 0.511736512956325, 0.6659274500735674, 0.5396577932888736, 0.6169473977943625, 0.5970359567753132, 1.0, 0.6372945590716498, 0.5985930368731308, 0.5705704323657904, 0.6156439547729833, 0.6207680335197826, 0.5673849088104361, 0.5624672689523307], [0.5787984970533243, 0.6052418036948045, 0.5462983950568963, 0.5558948224837534, 0.5955875953107586, 0.5459660976542046, 0.5475224382464482, 0.5530222764106022, 0.6237182458100794, 0.6286581148186361, 0.5860026608973151, 0.5631869210274342, 0.5505176011469936, 0.5449112193655542, 0.6164151753792523, 0.5373129588593845, 0.5778973413015457, 0.616124653119606, 0.6372945590716498, 1.0, 0.5700700638192755, 0.5750109034582845, 0.6050804125921211, 0.5930660675744953, 0.5771445243572437, 0.5670387747579472], [0.5970440018703177, 0.550084839379375, 0.5788105376645566, 0.5350372350030239, 0.5692017071912792, 0.5708924878009757, 0.5743580986611951, 0.5752258233144754, 0.5743273772596202, 0.6300102004667878, 0.5757107339051136, 0.5791767027970263, 0.5762646621330438, 0.5920066265204605, 0.5900962021734385, 0.5666234577037693, 0.5757994790122282, 0.5928664597304764, 0.5985930368731308, 0.5700700638192755, 1.0, 0.6127583038887688, 0.5683407685424161, 0.6012812382720454, 0.6227369577521877, 0.604485374901575], [0.5676811702767749, 0.6380787295944506, 0.5674304323173066, 0.5878361817262444, 0.5833095213966415, 0.5982454200709346, 0.5558582842033738, 0.5725893305580636, 0.5869407683791733, 0.5960437725397457, 0.5752579121963292, 0.5717381246910889, 0.5914832400345282, 0.5638128268016213, 0.5799488140457342, 0.5697539479307392, 0.6061722839699941, 0.607643485018707, 0.5705704323657904, 0.5750109034582845, 0.6127583038887688, 1.0, 0.5691794260781702, 0.5914875228953752, 0.580046188210205, 0.5717740528696963], [0.5816277781571431, 0.6092065558232502, 0.5558297760713026, 0.5540105504401882, 0.5935393150851177, 0.5673503848964823, 0.536581118304672, 0.5906725119872097, 0.5823146871317382, 0.6195694451398224, 0.5614577649426994, 0.5626436863157342, 0.5903934822990264, 0.5736016622531352, 0.6206516891221979, 0.5908324413676894, 0.6100446809116743, 0.5885316978700689, 0.6156439547729833, 0.6050804125921211, 0.5683407685424161, 0.5691794260781702, 1.0, 0.5966690669828149, 0.5641241529815852, 0.5723923672059763], [0.5963283937363596, 0.6078723854871058, 0.5330499700889035, 0.5750494632831297, 0.5712290432427384, 0.5298134792027372, 0.5448118127741962, 0.5573191739281891, 0.6107381738393599, 0.646747945336615, 0.5583779382683592, 0.5653232846815306, 0.5837490202659814, 0.5397880059872467, 0.6215325851715223, 0.5607079782168123, 0.57543812622871, 0.5747779148911125, 0.6207680335197826, 0.5930660675744953, 0.6012812382720454, 0.5914875228953752, 0.5966690669828149, 1.0, 0.5781192573653016, 0.5920772254445226], [0.5811627879082585, 0.5735527641971913, 0.5693340883996957, 0.5499322610008203, 0.577335293406013, 0.5917440342330731, 0.6378818190190896, 0.6050952412317075, 0.5930423077037223, 0.6101887199277322, 0.5930823528825244, 0.5982390032962772, 0.5804150763275938, 0.5753454339357863, 0.5739675881694685, 0.5638274718934433, 0.6182176227526234, 0.5824126704132255, 0.5673849088104361, 0.5771445243572437, 0.6227369577521877, 0.580046188210205, 0.5641241529815852, 0.5781192573653016, 1.0, 0.5437484508116114], [0.563833649289199, 0.5598742693842533, 0.6471972432587327, 0.6809491577675133, 0.556188035766092, 0.6164777430525221, 0.5782476954487654, 0.6177166341962468, 0.5779810332588928, 0.5532149411844212, 0.5372946811978525, 0.6028719665603287, 0.5738699628962726, 0.6566702649863486, 0.58101636089313, 0.597760857098291, 0.5679810705385323, 0.5376434746368783, 0.5624672689523307, 0.5670387747579472, 0.604485374901575, 0.5717740528696963, 0.5723923672059763, 0.5920772254445226, 0.5437484508116114, 1.0]]