[[1.0, 0.9943739494944575, 0.7090857485123893, 0.983765832690777, 0.9970808648188735, 0.874855443134381, 0.9521951975088437, 0.9420896357096529, 0.9864513783340365, 0.6928702800742196, 0.9724706737104434, 0.977160973561675, 0.9791056626204148, 0.852152640700368, 0.9516604277280044, 0.9419398755183758, 0.9967173136182877, 0.817730245372996, 0.8690922098655439, 0.9905025397237471, 0.9960491856552165, 0.9959621697109955, 0.9955406700882525, 0.9925358432213218, 0.9984107627145962, 0.979992586750432], [0.9943739494944575, 1.0, 0.7394046333189198, 0.9732190708376633, 0.9965639683770198, 0.8688044191384662, 0.9599667343916166, 0.9556485073270136, 0.9802458326587902, 0.7210803567253866, 0.9722247022401567, 0.985949986325245, 0.9718814663554708, 0.8744173886793253, 0.9669257352317955, 0.9326558022288032, 0.9928356276442818, 0.8107861579454188, 0.8674560269858578, 0.9825069885555286, 0.9966644337368863, 0.9962916477502756, 0.9896995720400301, 0.9985441777960584, 0.9927070133454401, 0.9677664906151098], [0.7090857485123893, 0.7394046333189198, 1.0, 0.7423117876902879, 0.7049309301704404, 0.8374862587149072, 0.8262313604025308, 0.8500277967438059, 0.7206365312136087, 0.9642721710753619, 0.77740787076602, 0.7904145936220776, 0.7294997286899684, 0.920114260772194, 0.8373207755372708, 0.7661386542027485, 0.7325376287513943, 0.7302665099180173, 0.8326541286529275, 0.7242185272439944, 0.6979461555424014, 0.6972904560910403, 0.7028455224625062, 0.7529532830485864, 0.7080334832172103, 0.7309413572444521], [0.983765832690777, 0.9732190708376633, 0.7423117876902879, 1.0, 0.9745032244492726, 0.918398249884611, 0.961508048676861, 0.953373133541949, 0.982741165678086, 0.7322777278443087, 0.9832462266339513, 0.9734373622837088, 0.9831322144231477, 0.8722175362386371, 0.9526749098365813, 0.9595467037461529, 0.9865371075036137, 0.8360078166336775, 0.9009043516057292, 0.9894309467020209, 0.9703690109063925, 0.9706401503996246, 0.9855301217524762, 0.9753841215175371, 0.9821089814876609, 0.9920902082909547], [0.9970808648188735, 0.9965639683770198, 0.7049309301704404, 0.9745032244492726, 1.0, 0.8584278734895066, 0.9485780193271197, 0.9404738957565654, 0.9816498109689101, 0.6847623596717274, 0.966903705036682, 0.9766188301569434, 0.9708870145258832, 0.8490108299205369, 0.9502515083742598, 0.9284698370922644, 0.9933853446356727, 0.8026856195660657, 0.8535288030413754, 0.985385707525717, 0.9987294934615586, 0.9985841302333409, 0.9929248957780088, 0.9943882976650735, 0.9959216417973448, 0.9693034264243128], [0.874855443134381, 0.8688044191384662, 0.8374862587149072, 0.918398249884611, 0.8584278734895066, 1.0, 0.9465201047778478, 0.9344249241902065, 0.9010007084951182, 0.8536425567283173, 0.941504116389974, 0.9084812738490343, 0.8940921015147222, 0.911776865141724, 0.9193352897816996, 0.9599993037942937, 0.8984342265574169, 0.9136825205260684, 0.9731303062294785, 0.9056689417982137, 0.8495505897666625, 0.8501000873874051, 0.8704428623722015, 0.8796060490415928, 0.8774988204754325, 0.9256281190211046], [0.9521951975088437, 0.9599667343916166, 0.8262313604025308, 0.961508048676861, 0.9485780193271197, 0.9465201047778478, 1.0, 0.9943034068670703, 0.9465720632224384, 0.8349307377775925, 0.9795841214209632, 0.9901939252794124, 0.9337472853108605, 0.9564332360659119, 0.9882991034147245, 0.9496936630683037, 0.9675069683634054, 0.8382544390461334, 0.9184893169176535, 0.9544373125121349, 0.9464013841893282, 0.9467860647149521, 0.9428270236049932, 0.9698957550646131, 0.9518390679951415, 0.9524401707174491], [0.9420896357096529, 0.9556485073270136, 0.8500277967438059, 0.953373133541949, 0.9404738957565654, 0.9344249241902065, 0.9943034068670703, 1.0, 0.9350664665221212, 0.8582683497073106, 0.9718094421257091, 0.9879097021378817, 0.9287096062203836, 0.9668864890803696, 0.9939716815573689, 0.9342076028998435, 0.9569075145047378, 0.8219701680851991, 0.9127554419881087, 0.9405650868712082, 0.9374254688417394, 0.9371845320566417, 0.9329865291344714, 0.9657505630771568, 0.9393386357588396, 0.9386662756503081], [0.9864513783340365, 0.9802458326587902, 0.7206365312136087, 0.982741165678086, 0.9816498109689101, 0.9010007084951182, 0.9465720632224384, 0.9350664665221212, 1.0, 0.705716982242278, 0.9768291742131071, 0.9634909278280956, 0.9912710015538262, 0.8429961900182242, 0.94494764123901, 0.9611144405212069, 0.9865224673335021, 0.8647366038984292, 0.9089431050946919, 0.9957236250290302, 0.9775941255679408, 0.97769920141068, 0.9903206156434669, 0.9768690434867864, 0.9874334743233808, 0.9897186469504098], [0.6928702800742196, 0.7210803567253866, 0.9642721710753619, 0.7322777278443087, 0.6847623596717274, 0.8536425567283173, 0.8349307377775925, 0.8582683497073106, 0.705716982242278, 1.0, 0.7747006521066897, 0.7891203607036801, 0.7154720804986558, 0.9236211002443452, 0.841331704443584, 0.7674833650200837, 0.7209763866868564, 0.7365202130736451, 0.8442553784756828, 0.7075201586141687, 0.678215744142534, 0.6776339416864989, 0.6810915122270139, 0.7362643616341167, 0.690778465587783, 0.7229280025821245], [0.9724706737104434, 0.9722247022401567, 0.77740787076602, 0.9832462266339513, 0.966903705036682, 0.941504116389974, 0.9795841214209632, 0.9718094421257091, 0.9768291742131071, 0.7747006521066897, 1.0, 0.9823777707729865, 0.9683616550966615, 0.902211432751951, 0.9728108717951053, 0.9803123095829178, 0.9812447860974369, 0.8797003721522446, 0.9307294627821249, 0.9794637337563902, 0.9646725405243364, 0.9643135035975878, 0.9719681589858798, 0.9757796535802886, 0.9711066971920999, 0.9812458203614278], [0.977160973561675, 0.985949986325245, 0.7904145936220776, 0.9734373622837088, 0.9766188301569434, 0.9084812738490343, 0.9901939252794124, 0.9879097021378817, 0.9634909278280956, 0.7891203607036801, 0.9823777707729865, 1.0, 0.9542520344912088, 0.9308031219187385, 0.9899747041700262, 0.9409143727215803, 0.9845277058694932, 0.8135827074819822, 0.8904118065559113, 0.9692937256549056, 0.9766727192374102, 0.9765854880918299, 0.9699423827468728, 0.9916282673271363, 0.9748009733053143, 0.9615126078489291], [0.9791056626204148, 0.9718814663554708, 0.7294997286899684, 0.9831322144231477, 0.9708870145258832, 0.8940921015147222, 0.9337472853108605, 0.9287096062203836, 0.9912710015538262, 0.7154720804986558, 0.9683616550966615, 0.9542520344912088, 1.0, 0.8362942410582662, 0.9393490877997773, 0.9579241893047281, 0.9774471566691916, 0.8628146851610459, 0.9105581298735046, 0.985826896102212, 0.9653537578706206, 0.9647227431115898, 0.9833449697418732, 0.9668982573275046, 0.9784079011588572, 0.9894636805609018], [0.852152640700368, 0.8744173886793253, 0.920114260772194, 0.8722175362386371, 0.8490108299205369, 0.911776865141724, 0.9564332360659119, 0.9668864890803696, 0.8429961900182242, 0.9236211002443452, 0.902211432751951, 0.9308031219187385, 0.8362942410582662, 1.0, 0.9560941216318298, 0.8667434881578386, 0.8752764192083161, 0.7619977977208411, 0.8761626701447797, 0.8521144731218961, 0.8472253336412436, 0.8470200576778509, 0.84074298362005, 0.8920958527432573, 0.8501496557202661, 0.8519784795710922], [0.9516604277280044, 0.9669257352317955, 0.8373207755372708, 0.9526749098365813, 0.9502515083742598, 0.9193352897816996, 0.9882991034147245, 0.9939716815573689, 0.94494764123901, 0.841331704443584, 0.9728108717951053, 0.9899747041700262, 0.9393490877997773, 0.9560941216318298, 1.0, 0.9361124795775407, 0.9633018046311359, 0.8253542096663277, 0.9108344600126967, 0.9451389566520049, 0.9494612266212291, 0.9482497681394867, 0.944038269574839, 0.9740138741633458, 0.9484303155555723, 0.940848141085677], [0.9419398755183758, 0.9326558022288032, 0.7661386542027485, 0.9595467037461529, 0.9284698370922644, 0.9599993037942937, 0.9496936630683037, 0.9342076028998435, 0.9611144405212069, 0.7674833650200837, 0.9803123095829178, 0.9409143727215803, 0.9579241893047281, 0.8667434881578386, 0.9361124795775407, 1.0, 0.9524982169935591, 0.9431707097672608, 0.9644526348796707, 0.959257880329498, 0.9230980058797184, 0.9224950939224592, 0.9407565496642175, 0.9337945666285853, 0.9426028263158668, 0.9739167464142908], [0.9967173136182877, 0.9928356276442818, 0.7325376287513943, 0.9865371075036137, 0.9933853446356727, 0.8984342265574169, 0.9675069683634054, 0.9569075145047378, 0.9865224673335021, 0.7209763866868564, 0.9812447860974369, 0.9845277058694932, 0.9774471566691916, 0.8752764192083161, 0.9633018046311359, 0.9524982169935591, 1.0, 0.8321078987523565, 0.8875058216331045, 0.9912656818054865, 0.9920427020445165, 0.992220833305739, 0.9912557208994016, 0.9938432428200188, 0.9977707196060406, 0.9843551047033648], [0.817730245372996, 0.8107861579454188, 0.7302665099180173, 0.8360078166336775, 0.8026856195660657, 0.9136825205260684, 0.8382544390461334, 0.8219701680851991, 0.8647366038984292, 0.7365202130736451, 0.8797003721522446, 0.8135827074819822, 0.8628146851610459, 0.7619977977208411, 0.8253542096663277, 0.9431707097672608, 0.8321078987523565, 1.0, 0.9587025666347414, 0.8513133288140096, 0.7923817052722122, 0.7912268412470241, 0.8152653961011467, 0.8070191255334831, 0.8213716738625334, 0.8744480708795411], [0.8690922098655439, 0.8674560269858578, 0.8326541286529275, 0.9009043516057292, 0.8535288030413754, 0.9731303062294785, 0.9184893169176535, 0.9127554419881087, 0.9089431050946919, 0.8442553784756828, 0.9307294627821249, 0.8904118065559113, 0.9105581298735046, 0.8761626701447797, 0.9108344600126967, 0.9644526348796707, 0.8875058216331045, 0.9587025666347414, 1.0, 0.8991594524225704, 0.8435190181890756, 0.8422680105446934, 0.8666525052168444, 0.8709956114082485, 0.8707144799127371, 0.9196462175157138], [0.9905025397237471, 0.9825069885555286, 0.7242185272439944, 0.9894309467020209, 0.985385707525717, 0.9056689417982137, 0.9544373125121349, 0.9405650868712082, 0.9957236250290302, 0.7075201586141687, 0.9794637337563902, 0.9692937256549056, 0.985826896102212, 0.8521144731218961, 0.9451389566520049, 0.959257880329498, 0.9912656818054865, 0.8513133288140096, 0.8991594524225704, 1.0, 0.9817128042370972, 0.9825403330740355, 0.9932992293472235, 0.981353172785978, 0.9916006075830524, 0.9924783264627248], [0.9960491856552165, 0.9966644337368863, 0.6979461555424014, 0.9703690109063925, 0.9987294934615586, 0.8495505897666625, 0.9464013841893282, 0.9374254688417394, 0.9775941255679408, 0.678215744142534, 0.9646725405243364, 0.9766727192374102, 0.9653537578706206, 0.8472253336412436, 0.9494612266212291, 0.9230980058797184, 0.9920427020445165, 0.7923817052722122, 0.8435190181890756, 0.9817128042370972, 1.0, 0.9997405281910947, 0.9920076222933023, 0.9946051482765718, 0.994776615038248, 0.964369571437694], [0.9959621697109955, 0.9962916477502756, 0.6972904560910403, 0.9706401503996246, 0.9985841302333409, 0.8501000873874051, 0.9467860647149521, 0.9371845320566417, 0.97769920141068, 0.6776339416864989, 0.9643135035975878, 0.9765854880918299, 0.9647227431115898, 0.8470200576778509, 0.9482497681394867, 0.9224950939224592, 0.992220833305739, 0.7912268412470241, 0.8422680105446934, 0.9825403330740355, 0.9997405281910947, 1.0, 0.9918004289688405, 0.9945203418240506, 0.9950457555192398, 0.9648913654200526], [0.9955406700882525, 0.9896995720400301, 0.7028455224625062, 0.9855301217524762, 0.9929248957780088, 0.8704428623722015, 0.9428270236049932, 0.9329865291344714, 0.9903206156434669, 0.6810915122270139, 0.9719681589858798, 0.9699423827468728, 0.9833449697418732, 0.84074298362005, 0.944038269574839, 0.9407565496642175, 0.9912557208994016, 0.8152653961011467, 0.8666525052168444, 0.9932992293472235, 0.9920076222933023, 0.9918004289688405, 1.0, 0.9869358449782643, 0.9940658053192677, 0.981923251367244], [0.9925358432213218, 0.9985441777960584, 0.7529532830485864, 0.9753841215175371, 0.9943882976650735, 0.8796060490415928, 0.9698957550646131, 0.9657505630771568, 0.9768690434867864, 0.7362643616341167, 0.9757796535802886, 0.9916282673271363, 0.9668982573275046, 0.8920958527432573, 0.9740138741633458, 0.9337945666285853, 0.9938432428200188, 0.8070191255334831, 0.8709956114082485, 0.981353172785978, 0.9946051482765718, 0.9945203418240506, 0.9869358449782643, 1.0, 0.9911249861876874, 0.9673633640568957], [0.9984107627145962, 0.9927070133454401, 0.7080334832172103, 0.9821089814876609, 0.9959216417973448, 0.8774988204754325, 0.9518390679951415, 0.9393386357588396, 0.9874334743233808, 0.690778465587783, 0.9711066971920999, 0.9748009733053143, 0.9784079011588563, 0.8501496557202661, 0.9484303155555723, 0.9426028263158668, 0.9977707196060406, 0.8213716738625334, 0.8707144799127371, 0.9916006075830524, 0.994776615038248, 0.9950457555192398, 0.9940658053192677, 0.9911249861876874, 1.0, 0.9818974641401008], [0.979992586750432, 0.9677664906151098, 0.7309413572444521, 0.9920902082909547, 0.9693034264243128, 0.9256281190211046, 0.9524401707174491, 0.9386662756503081, 0.9897186469504098, 0.7229280025821245, 0.9812458203614278, 0.9615126078489291, 0.989463680560901, 0.8519784795710922, 0.940848141085677, 0.9739167464142908, 0.9843551047033648, 0.8744480708795411, 0.9196462175157138, 0.9924783264627248, 0.964369571437694, 0.9648913654200526, 0.981923251367244, 0.9673633640568957, 0.981897464140099, 1.0]]