[[1.0, 0.9911823527332283, 0.9983213836217236, 0.9996580114567181, 0.9999463699751812, 0.9996584533874853, 0.9995385991703345, 0.9988104536075639, 0.9990666360461731, 0.9824650424353911, 0.9965714780644229, 0.9945549136283385, 0.9931350549410685, 0.9990894574615351, 0.9961008684244206, 0.9994298472532032, 0.9740761505888633, 0.9979664466184959, 0.9927493326680761, 0.9996083071423465], [0.9911823527332283, 0.9999999999999999, 0.9951541568297124, 0.9900726225162442, 0.991570633308205, 0.9901193700759332, 0.9899641677248181, 0.9953187993824927, 0.9909912208824851, 0.9963433307320017, 0.9932001741962941, 0.9799182416833877, 0.9986554656611609, 0.9930817885392129, 0.9947057051575448, 0.9895494630732168, 0.9569212617024554, 0.9828483944500982, 0.9980438589732923, 0.9903904035230814], [0.9983213836217236, 0.9951541568297124, 1.0, 0.9973774606583621, 0.9984070122171752, 0.9974033972958136, 0.9974646886697055, 0.9994467682559598, 0.9970283127843544, 0.9902316824050568, 0.9944766656444222, 0.9924294666531501, 0.9964908374771989, 0.9985564182891229, 0.9967499090633699, 0.9966903369678785, 0.9741601928067158, 0.9946879032663172, 0.9949197221646069, 0.9974211153750945], [0.9996580114567181, 0.9900726225162442, 0.9973774606583621, 1.0000000000000002, 0.9996164120616453, 0.9999835213266888, 0.9998613986621301, 0.9985229178561252, 0.9987294787860254, 0.9802628474379221, 0.9964369770379474, 0.994945241849977, 0.9920617664974405, 0.9988579249850702, 0.9953824757611353, 0.9998089247374522, 0.9740366358669923, 0.9980971184744195, 0.9916191470901948, 0.9999242156478532], [0.9999463699751812, 0.991570633308205, 0.9984070122171752, 0.9996164120616453, 1.0000000000000004, 0.9996240743549377, 0.9995508562081786, 0.9989296354083903, 0.9992064073809483, 0.9829164549887726, 0.9967901300862515, 0.9940596889745913, 0.9932276602128463, 0.999163897843195, 0.9958704649227039, 0.9994289703516048, 0.973397817933449, 0.9975863383835546, 0.9930531085467007, 0.9996047574916845], [0.9996584533874853, 0.9901193700759332, 0.9974033972958136, 0.9999835213266888, 0.9996240743549377, 1.0, 0.9998964959644342, 0.9985303994280721, 0.998816230670898, 0.9803416104477641, 0.9965099087813254, 0.9949571206626271, 0.9921042506703545, 0.9988661088344086, 0.99533173772962, 0.9998273734476483, 0.9741406430439983, 0.9980784558864424, 0.9917013995608186, 0.9999254854752218], [0.9995385991703345, 0.9899641677248181, 0.9974646886697055, 0.9998613986621301, 0.9995508562081786, 0.9998964959644342, 1.0000000000000004, 0.9984328902552925, 0.9988366774617362, 0.980493097309839, 0.9963357549201542, 0.99481953926246, 0.9917948028722117, 0.9989276091236159, 0.99478812615337, 0.9996814236858251, 0.9745891294910191, 0.9979144534614377, 0.9916702849682437, 0.9998655591533314], [0.9988104536075639, 0.9953187993824927, 0.9994467682559598, 0.9985229178561252, 0.9989296354083903, 0.9985303994280721, 0.9984328902552925, 0.9999999999999998, 0.9977788599203146, 0.9884666986384549, 0.9960503735631587, 0.9925668165013503, 0.9964822916273929, 0.9990453906090299, 0.9969313337119874, 0.9980763793595362, 0.9720888031894996, 0.9951392200020678, 0.995110997482753, 0.9984944917247474], [0.9990666360461731, 0.9909912208824851, 0.9970283127843544, 0.9987294787860254, 0.9992064073809483, 0.998816230670898, 0.9988366774617362, 0.9977788599203146, 0.9999999999999999, 0.9815950636777082, 0.99742086721945, 0.9903473171143719, 0.9913932690015843, 0.9983691908152199, 0.9932626042347875, 0.999030085034097, 0.9666453348531985, 0.9953875701542054, 0.9931911748467412, 0.9990325084422025], [0.9824650424353911, 0.9963433307320017, 0.9902316824050568, 0.9802628474379221, 0.9829164549887726, 0.9803416104477641, 0.980493097309839, 0.9884666986384549, 0.9815950636777082, 0.9999999999999998, 0.98181411401484, 0.9725795940624806, 0.9944077338481688, 0.9845661304725115, 0.9892315597537578, 0.9788163402565544, 0.9525161334572629, 0.9726689543112237, 0.9910882625126232, 0.9807421960761799], [0.9965714780644229, 0.9932001741962941, 0.9944766656444222, 0.9964369770379474, 0.9967901300862515, 0.9965099087813254, 0.9963357549201542, 0.9960503735631587, 0.99742086721945, 0.98181411401484, 1.0, 0.9854792657785317, 0.9935445027476375, 0.9967383220317554, 0.9937728888908216, 0.9968951660680253, 0.9600858239106883, 0.9917675105145143, 0.9959395476920427, 0.9966271959404662], [0.9945549136283385, 0.9799182416833877, 0.9924294666531501, 0.994945241849977, 0.9940596889745913, 0.9949571206626271, 0.99481953926246, 0.9925668165013503, 0.9903473171143719, 0.9725795940624806, 0.9854792657785317, 1.0000000000000002, 0.9855007489436852, 0.9927156378117021, 0.9922834668550797, 0.9935974430102421, 0.9889845972557568, 0.9978556151344405, 0.9803653713514728, 0.9943239701642408], [0.9931350549410685, 0.9986554656611609, 0.9964908374771989, 0.9920617664974405, 0.9932276602128463, 0.9921042506703545, 0.9917948028722117, 0.9964822916273929, 0.9913932690015843, 0.9944077338481688, 0.9935445027476375, 0.9855007489436852, 1.0, 0.9945034595784715, 0.9975023668095859, 0.9911800849287846, 0.966380749698102, 0.9875429769791821, 0.9972034387809324, 0.9919436350044313], [0.9990894574615351, 0.9930817885392129, 0.9985564182891229, 0.9988579249850702, 0.999163897843195, 0.9988661088344086, 0.9989276091236159, 0.9990453906090299, 0.9983691908152199, 0.9845661304725115, 0.9967383220317554, 0.9927156378117021, 0.9945034595784715, 1.0000000000000002, 0.9954315628491744, 0.9984438530313922, 0.9742692101719427, 0.9963065045917132, 0.9949012126777663, 0.9989977291205494], [0.9961008684244206, 0.9947057051575448, 0.9967499090633699, 0.9953824757611353, 0.9958704649227039, 0.99533173772962, 0.99478812615337, 0.9969313337119874, 0.9932626042347875, 0.9892315597537578, 0.9937728888908216, 0.9922834668550797, 0.9975023668095859, 0.9954315628491744, 0.9999999999999998, 0.9943641795052152, 0.9725879445843997, 0.9933079550710185, 0.9937174575872807, 0.9950093162997373], [0.9994298472532032, 0.9895494630732168, 0.9966903369678785, 0.9998089247374522, 0.9994289703516048, 0.9998273734476483, 0.9996814236858251, 0.9980763793595362, 0.999030085034097, 0.9788163402565544, 0.9968951660680253, 0.9935974430102421, 0.9911800849287846, 0.9984438530313922, 0.9943641795052152, 0.9999999999999998, 0.9712960094693353, 0.9975354710769186, 0.9916549635381706, 0.9997559873952755], [0.9740761505888633, 0.9569212617024554, 0.9741601928067158, 0.9740366358669923, 0.973397817933449, 0.9741406430439983, 0.9745891294910191, 0.9720888031894996, 0.9666453348531985, 0.9525161334572629, 0.9600858239106883, 0.9889845972557568, 0.966380749698102, 0.9742692101719427, 0.9725879445843997, 0.9712960094693353, 1.0000000000000004, 0.9827703697236123, 0.9594095771369943, 0.9730996949130309], [0.9979664466184959, 0.9828483944500982, 0.9946879032663172, 0.9980971184744195, 0.9975863383835546, 0.9980784558864424, 0.9979144534614377, 0.9951392200020678, 0.9953875701542054, 0.9726689543112237, 0.9917675105145143, 0.9978556151344405, 0.9875429769791821, 0.9963065045917132, 0.9933079550710185, 0.9975354710769186, 0.9827703697236123, 0.9999999999999999, 0.9856403206911344, 0.9976584493192817], [0.9927493326680761, 0.9980438589732923, 0.9949197221646069, 0.9916191470901948, 0.9930531085467007, 0.9917013995608186, 0.9916702849682437, 0.995110997482753, 0.9931911748467412, 0.9910882625126232, 0.9959395476920427, 0.9803653713514728, 0.9972034387809324, 0.9949012126777663, 0.9937174575872807, 0.9916549635381706, 0.9594095771369943, 0.9856403206911344, 0.9999999999999999, 0.9919867581086946], [0.9996083071423465, 0.9903904035230814, 0.9974211153750945, 0.9999242156478532, 0.9996047574916845, 0.9999254854752218, 0.9998655591533314, 0.9984944917247474, 0.9990325084422025, 0.9807421960761799, 0.9966271959404662, 0.9943239701642408, 0.9919436350044313, 0.9989977291205494, 0.9950093162997373, 0.9997559873952755, 0.9730996949130309, 0.9976584493192817, 0.9919867581086946, 1.0000000000000002]]