[[0.9999999999999997, 0.8438299683228347, 0.8383614858899848, 0.846150108674548, 0.8541160898844083, 0.8310483300715674, 0.8441151120998559, 0.8314542980687878, 0.8466830170586027, 0.8331413149547544, 0.8393605319286326, 0.8687367036532121, 0.8484236058254775, 0.8894624268970537, 0.8889987224048577, 0.863686414449852, 0.9243972812492951, 0.8650208328935935, 0.8508932961206686, 0.8415487727247037], [0.8438299683228347, 1.0, 0.8243225126096434, 0.7938496914968466, 0.8300185745302916, 0.8063503103394258, 0.8035554239992462, 0.8137259292003007, 0.8300493461664566, 0.8021983851157275, 0.8243900436950075, 0.8462562307623351, 0.8259360376355553, 0.8472700760534481, 0.8292882989976645, 0.8253992625461062, 0.8785787969137648, 0.8488661447190495, 0.8434940560337463, 0.8213263310447836], [0.8383614858899848, 0.8243225126096434, 1.0000000000000002, 0.840413559228024, 0.8538038358030288, 0.8429993380772385, 0.8645864559565823, 0.8826573435106949, 0.8203384394971023, 0.8348194289830573, 0.8426014679478521, 0.8677666483330788, 0.8582172267048378, 0.839861363766538, 0.9092288278651615, 0.8859031712324568, 0.9134844793756133, 0.8465434136335583, 0.8721814042215791, 0.8589218911698662], [0.846150108674548, 0.7938496914968466, 0.840413559228024, 0.9999999999999998, 0.8421538190454636, 0.8496918057442955, 0.8161147346372748, 0.8415473484936341, 0.8138012582650473, 0.8441192019559355, 0.8466089406544561, 0.8652661404084308, 0.8372949482941282, 0.8726783346354674, 0.8712295973086377, 0.8515901070135117, 0.8915073717299067, 0.8185220245858313, 0.8593252211287471, 0.8572317353123807], [0.8541160898844083, 0.8300185745302916, 0.8538038358030288, 0.8421538190454636, 0.9999999999999997, 0.8569651053880224, 0.8616748901805888, 0.8138654566579175, 0.8217568098280945, 0.8466475689119171, 0.8678615273630393, 0.8692670223360023, 0.8547442316430969, 0.8679738991812409, 0.8611380558333732, 0.8602176058272152, 0.9043323514559971, 0.8624595395237863, 0.8555217531701392, 0.8370843990754407], [0.8310483300715674, 0.8063503103394258, 0.8429993380772385, 0.8496918057442955, 0.8569651053880224, 0.9999999999999998, 0.844859734803008, 0.8129658812891348, 0.8367484829386325, 0.8611890719405492, 0.8346144775972244, 0.8543122045196033, 0.8408121870360034, 0.8626938467431462, 0.8865939171690751, 0.8575105406592645, 0.9162358755950842, 0.8559953998500682, 0.884773149371495, 0.8387127078066214], [0.8441151120998559, 0.8035554239992462, 0.8645864559565823, 0.8161147346372748, 0.8616748901805888, 0.844859734803008, 0.9999999999999996, 0.8581697574538016, 0.8637930864717629, 0.8354946110166676, 0.8792256237806522, 0.8704970360840437, 0.8677403206040621, 0.8717083396303047, 0.8763701074629541, 0.8591764628329439, 0.9288053647776099, 0.8516148555594447, 0.8512638656045415, 0.8348967499647459], [0.8314542980687878, 0.8137259292003007, 0.8826573435106949, 0.8415473484936341, 0.8138654566579175, 0.8129658812891348, 0.8581697574538016, 1.0000000000000002, 0.8269988192357801, 0.8011091588077168, 0.8289319973467549, 0.865731006231752, 0.8700176724134583, 0.8571585100310548, 0.873013391523102, 0.8605147898400591, 0.9068822832437414, 0.85285070920155, 0.8384780349851595, 0.8242515817097719], [0.8466830170586027, 0.8300493461664566, 0.8203384394971023, 0.8138012582650473, 0.8217568098280945, 0.8367484829386325, 0.8637930864717629, 0.8269988192357801, 0.9999999999999998, 0.8220218746428367, 0.8421662592106743, 0.8833798942512939, 0.831363531153678, 0.8716611782119688, 0.8642991394503876, 0.8483209133987432, 0.9022597821041889, 0.8579045554992624, 0.8578871456998336, 0.8430465650962423], [0.8331413149547544, 0.8021983851157275, 0.8348194289830573, 0.8441192019559355, 0.8466475689119171, 0.8611890719405492, 0.8354946110166676, 0.8011091588077168, 0.8220218746428367, 1.0, 0.8459670401719525, 0.8721957797357345, 0.877354029470701, 0.8757480685258897, 0.8728209508201109, 0.8340612850824662, 0.9106599174516556, 0.8599093841902661, 0.8594503164253485, 0.8300733439113414], [0.8393605319286326, 0.8243900436950075, 0.8426014679478521, 0.8466089406544561, 0.8678615273630393, 0.8346144775972244, 0.8792256237806522, 0.8289319973467549, 0.8421662592106743, 0.8459670401719525, 0.9999999999999997, 0.8855773031938758, 0.8624810696868636, 0.8866623544444678, 0.888404587602203, 0.8648563809533887, 0.9124642085506128, 0.8737521061423115, 0.8521166713741314, 0.845586181867792], [0.8687367036532121, 0.8462562307623351, 0.8677666483330788, 0.8652661404084308, 0.8692670223360023, 0.8543122045196033, 0.8704970360840437, 0.865731006231752, 0.8833798942512939, 0.8721957797357345, 0.8855773031938758, 1.0, 0.8903346411022135, 0.8843052711876864, 0.9092411367844191, 0.866228024706944, 0.9285085525924461, 0.8984978517748099, 0.8583882084372101, 0.872505758464877], [0.8484236058254775, 0.8259360376355553, 0.8582172267048378, 0.8372949482941282, 0.8547442316430969, 0.8408121870360034, 0.8677403206040621, 0.8700176724134583, 0.831363531153678, 0.877354029470701, 0.8624810696868636, 0.8903346411022135, 0.9999999999999998, 0.8905129015756157, 0.8763996293875866, 0.8521974450785554, 0.9286591587471622, 0.8892750662028006, 0.882770381063711, 0.8522405842604248], [0.8894624268970537, 0.8472700760534481, 0.839861363766538, 0.8726783346354674, 0.8679738991812409, 0.8626938467431462, 0.8717083396303047, 0.8571585100310548, 0.8716611782119688, 0.8757480685258897, 0.8866623544444678, 0.8843052711876864, 0.8905129015756157, 1.0000000000000002, 0.8957934219569286, 0.866313022650119, 0.9388575498075973, 0.8921837863125777, 0.8739986209290131, 0.837418363692387], [0.8889987224048577, 0.8292882989976645, 0.9092288278651615, 0.8712295973086377, 0.8611380558333732, 0.8865939171690751, 0.8763701074629541, 0.873013391523102, 0.8642991394503876, 0.8728209508201109, 0.888404587602203, 0.9092411367844191, 0.8763996293875866, 0.8957934219569286, 1.0000000000000002, 0.8938605477039863, 0.9517874042186788, 0.8938174723067827, 0.892528507462068, 0.8771495036718084], [0.863686414449852, 0.8253992625461062, 0.8859031712324568, 0.8515901070135117, 0.8602176058272152, 0.8575105406592645, 0.8591764628329439, 0.8605147898400591, 0.8483209133987432, 0.8340612850824662, 0.8648563809533887, 0.866228024706944, 0.8521974450785554, 0.866313022650119, 0.8938605477039863, 1.0, 0.9273132617712395, 0.8797192229917392, 0.8890598957166296, 0.8791392184988677], [0.9243972812492951, 0.8785787969137648, 0.9134844793756133, 0.8915073717299067, 0.9043323514559971, 0.9162358755950842, 0.9288053647776099, 0.9068822832437414, 0.9022597821041889, 0.9106599174516556, 0.9124642085506128, 0.9285085525924461, 0.9286591587471622, 0.9388575498075973, 0.9517874042186788, 0.9273132617712395, 0.9999999999999996, 0.9311386341700384, 0.9251334051575579, 0.903857304505548], [0.8650208328935935, 0.8488661447190495, 0.8465434136335583, 0.8185220245858313, 0.8624595395237863, 0.8559953998500682, 0.8516148555594447, 0.85285070920155, 0.8579045554992624, 0.8599093841902661, 0.8737521061423115, 0.8984978517748099, 0.8892750662028006, 0.8921837863125777, 0.8938174723067827, 0.8797192229917392, 0.9311386341700384, 1.0000000000000002, 0.8883208064690064, 0.8391250615080929], [0.8508932961206686, 0.8434940560337463, 0.8721814042215791, 0.8593252211287471, 0.8555217531701392, 0.884773149371495, 0.8512638656045415, 0.8384780349851595, 0.8578871456998336, 0.8594503164253485, 0.8521166713741314, 0.8583882084372101, 0.882770381063711, 0.8739986209290131, 0.892528507462068, 0.8890598957166296, 0.9251334051575579, 0.8883208064690064, 0.9999999999999998, 0.8529437427437336], [0.8415487727247037, 0.8213263310447836, 0.8589218911698662, 0.8572317353123807, 0.8370843990754407, 0.8387127078066214, 0.8348967499647459, 0.8242515817097719, 0.8430465650962423, 0.8300733439113414, 0.845586181867792, 0.872505758464877, 0.8522405842604248, 0.837418363692387, 0.8771495036718084, 0.8791392184988677, 0.903857304505548, 0.8391250615080929, 0.8529437427437336, 0.9999999999999999]]