[[1.0, 0.9123232323232305, 0.9092929292929278, 0.915656565656564, 0.9085858585858573, 0.9159595959595945, 0.9148484848484831, 0.9208080808080794, 0.9126262626262611, 0.9134343434343422, 0.9134343434343419, 0.9148484848484831, 0.9148484848484836, 0.9315151515151503, 0.9108080808080794, 0.9163636363636348, 0.9181818181818168, 0.9126262626262611, 0.9152525252525237, 0.9130303030303014], [0.9123232323232305, 1.0, 0.9141414141414126, 0.9122222222222208, 0.9163636363636348, 0.9130303030303019, 0.9052525252525236, 0.9163636363636348, 0.917474747474746, 0.9081818181818166, 0.9152525252525241, 0.9134343434343422, 0.9108080808080794, 0.9096969696969684, 0.9092929292929277, 0.9196969696969681, 0.9067676767676751, 0.9152525252525239, 0.9112121212121198, 0.9167676767676755], [0.9092929292929278, 0.9141414141414126, 1.0, 0.9219191919191906, 0.9285858585858574, 0.9230303030303018, 0.9199999999999986, 0.9178787878787864, 0.9141414141414128, 0.9134343434343419, 0.9178787878787864, 0.9230303030303018, 0.917474747474746, 0.908585858585857, 0.9192929292929279, 0.9248484848484836, 0.9130303030303014, 0.917474747474746, 0.9130303030303014, 0.9163636363636352], [0.915656565656564, 0.9122222222222208, 0.9219191919191906, 1.0, 0.9230303030303018, 0.9196969696969686, 0.9096969696969684, 0.9252525252525238, 0.9152525252525241, 0.9181818181818168, 0.9163636363636349, 0.9189898989898976, 0.9108080808080794, 0.9185858585858572, 0.9070707070707057, 0.9163636363636348, 0.9101010101010087, 0.9074747474747459, 0.9134343434343422, 0.9245454545454531], [0.9085858585858573, 0.9163636363636348, 0.9285858585858574, 0.9230303030303018, 1.0, 0.9201010101010089, 0.9119191919191902, 0.9130303030303014, 0.9089898989898976, 0.9170707070707057, 0.9241414141414128, 0.9208080808080794, 0.9212121212121199, 0.9167676767676755, 0.9159595959595945, 0.9219191919191906, 0.912323232323231, 0.9178787878787864, 0.909696969696968, 0.920404040404039], [0.9159595959595945, 0.9130303030303019, 0.9230303030303018, 0.9196969696969686, 0.9201010101010089, 1.0, 0.9141414141414126, 0.9130303030303014, 0.9255555555555541, 0.9219191919191907, 0.9108080808080794, 0.9163636363636348, 0.9155555555555541, 0.9233333333333319, 0.912323232323231, 0.9101010101010086, 0.9137373737373722, 0.9188888888888873, 0.9185858585858572, 0.9123232323232305], [0.9148484848484831, 0.9052525252525236, 0.9199999999999986, 0.9096969696969684, 0.9119191919191902, 0.9141414141414126, 1.0, 0.9078787878787863, 0.9219191919191906, 0.9067676767676753, 0.9189898989898977, 0.925252525252524, 0.9208080808080794, 0.9119191919191904, 0.9192929292929282, 0.9159595959595945, 0.9141414141414126, 0.9174747474747461, 0.917474747474746, 0.9119191919191904], [0.9208080808080794, 0.9163636363636348, 0.9178787878787864, 0.9252525252525238, 0.9130303030303014, 0.9130303030303014, 0.9078787878787863, 1.0, 0.917474747474746, 0.9096969696969679, 0.9145454545454531, 0.9152525252525237, 0.9174747474747461, 0.9130303030303014, 0.9163636363636348, 0.9167676767676755, 0.920404040404039, 0.917474747474746, 0.9141414141414128, 0.9145454545454532], [0.9126262626262611, 0.917474747474746, 0.9141414141414128, 0.9152525252525241, 0.9089898989898976, 0.9255555555555541, 0.9219191919191906, 0.917474747474746, 1.0, 0.9152525252525239, 0.9119191919191904, 0.9219191919191906, 0.9133333333333319, 0.9099999999999985, 0.9089898989898973, 0.9112121212121198, 0.9148484848484831, 0.9222222222222207, 0.9219191919191906, 0.9145454545454531], [0.9134343434343422, 0.9081818181818166, 0.9134343434343419, 0.9181818181818168, 0.9170707070707057, 0.9219191919191907, 0.9067676767676753, 0.9096969696969679, 0.9152525252525239, 1.0, 0.9170707070707057, 0.9167676767676755, 0.9230303030303018, 0.9230303030303018, 0.9141414141414126, 0.9134343434343419, 0.9101010101010086, 0.9185858585858574, 0.9108080808080792, 0.9074747474747459], [0.9134343434343419, 0.9152525252525241, 0.9178787878787864, 0.9163636363636349, 0.9241414141414128, 0.9108080808080794, 0.9189898989898977, 0.9145454545454531, 0.9119191919191904, 0.9170707070707057, 1.0, 0.933030303030302, 0.9163636363636349, 0.917474747474746, 0.9101010101010086, 0.9185858585858574, 0.9112121212121198, 0.9196969696969681, 0.9108080808080792, 0.9192929292929278], [0.9148484848484831, 0.9134343434343422, 0.9230303030303018, 0.9189898989898976, 0.9208080808080794, 0.9163636363636348, 0.925252525252524, 0.9152525252525237, 0.9219191919191906, 0.9167676767676755, 0.933030303030302, 1.0, 0.9252525252525238, 0.9163636363636348, 0.917474747474746, 0.9192929292929278, 0.8908080808080788, 0.9374747474747465, 0.9067676767676751, 0.920404040404039], [0.9148484848484836, 0.9108080808080794, 0.917474747474746, 0.9108080808080794, 0.9212121212121199, 0.9155555555555541, 0.9208080808080794, 0.9174747474747461, 0.9133333333333319, 0.9230303030303018, 0.9163636363636349, 0.9252525252525238, 1.0, 0.9233333333333319, 0.904545454545453, 0.9145454545454531, 0.9170707070707057, 0.9322222222222212, 0.9141414141414126, 0.9101010101010086], [0.9315151515151503, 0.9096969696969684, 0.908585858585857, 0.9185858585858572, 0.9167676767676755, 0.9233333333333319, 0.9119191919191904, 0.9130303030303014, 0.9099999999999985, 0.9230303030303018, 0.917474747474746, 0.9163636363636348, 0.9233333333333319, 1.0, 0.9156565656565644, 0.9089898989898973, 0.9192929292929278, 0.9244444444444432, 0.9185858585858572, 0.9023232323232308], [0.9108080808080794, 0.9092929292929277, 0.9192929292929279, 0.9070707070707057, 0.9159595959595945, 0.912323232323231, 0.9192929292929282, 0.9163636363636348, 0.9089898989898973, 0.9141414141414126, 0.9101010101010086, 0.917474747474746, 0.904545454545453, 0.9156565656565644, 1.0, 0.9192929292929279, 0.9301010101010088, 0.9145454545454531, 0.9167676767676752, 0.9130303030303014], [0.9163636363636348, 0.9196969696969681, 0.9248484848484836, 0.9163636363636348, 0.9219191919191906, 0.9101010101010086, 0.9159595959595945, 0.9167676767676755, 0.9112121212121198, 0.9134343434343419, 0.9185858585858574, 0.9192929292929278, 0.9145454545454531, 0.9089898989898973, 0.9192929292929279, 1.0, 0.9123232323232305, 0.9223232323232313, 0.9234343434343423, 0.9215151515151502], [0.9181818181818168, 0.9067676767676751, 0.9130303030303014, 0.9101010101010087, 0.912323232323231, 0.9137373737373722, 0.9141414141414126, 0.920404040404039, 0.9148484848484831, 0.9101010101010086, 0.9112121212121198, 0.8908080808080788, 0.9170707070707057, 0.9192929292929278, 0.9301010101010088, 0.9123232323232305, 1.0, 0.8981818181818164, 0.9192929292929278, 0.912323232323231], [0.9126262626262611, 0.9152525252525239, 0.917474747474746, 0.9074747474747459, 0.9178787878787864, 0.9188888888888873, 0.9174747474747461, 0.917474747474746, 0.9222222222222207, 0.9185858585858574, 0.9196969696969681, 0.9374747474747465, 0.9322222222222212, 0.9244444444444432, 0.9145454545454531, 0.9223232323232313, 0.8981818181818164, 1.0, 0.9241414141414128, 0.9167676767676752], [0.9152525252525237, 0.9112121212121198, 0.9130303030303014, 0.9134343434343422, 0.909696969696968, 0.9185858585858572, 0.917474747474746, 0.9141414141414128, 0.9219191919191906, 0.9108080808080792, 0.9108080808080792, 0.9067676767676751, 0.9141414141414126, 0.9185858585858572, 0.9167676767676752, 0.9234343434343423, 0.9192929292929278, 0.9241414141414128, 1.0, 0.9130303030303014], [0.9130303030303014, 0.9167676767676755, 0.9163636363636352, 0.9245454545454531, 0.920404040404039, 0.9123232323232305, 0.9119191919191904, 0.9145454545454532, 0.9145454545454531, 0.9074747474747459, 0.9192929292929278, 0.920404040404039, 0.9101010101010086, 0.9023232323232308, 0.9130303030303014, 0.9215151515151502, 0.912323232323231, 0.9167676767676752, 0.9130303030303014, 1.0]]