[[0.9999999701976785, 0.1623264784721517, 0.43151148498686526, 0.45170322841788724, 0.6011632806224028, 0.4058534080230201, 0.21562204046647976, 0.40139488882302615, 0.4265490609362683, 0.4489209201471881, 0.44264849574745896, 0.4350578487646536, 0.7321246522771542, 0.40176558865059014, 0.7721819946398627, 0.4353704425921016, 0.10570766853904723, 0.4524727701125173, 0.4368086446818719, 0.4314165221531409, 0.45240415653321214, 0.23181314392064367, 0.45750334249615926, 0.5598059451590678, 0.4046035138384798, 0.6379430005752559, 0.3550735868110918, 0.6505809992312711, 0.3836229399396815, 0.466671720794955, 0.42128164499690246, 0.6713407929190279, 0.7359212054342921, 0.39003614525126096, 0.6379430005752559, 0.4394082563272761, 0.40139488882302615, 0.42861711181305007, 0.6749494628085878, 0.4424442323780509, 0.4073529727442043, 0.40642470540506764, 0.4270079480794179, 0.44706036900574236, 0.5688222294460644, 0.4060450865546569, 0.4893642591010423, 0.6379430005752559, 0.42373398750945296, 0.6188143181949937, 0.40139488882302615, 0.44348403451620466, 0.4467899653982407, 0.6379430005752559, 0.15937860079538757, 0.5346866771387226, 0.41796955291717847, 0.5647934436320344, 0.48351634917001846, 0.43930681310066066, 0.40139488882302615, 0.40300772012537767, 0.42222717806800963, 0.42865995620168806, 0.38689980676753927, 0.6614522682303265, 0.2175865784671178, 0.6379430005752559, 0.32126558024485885, 0.48186019690288223, 0.4501190756135823, 0.4580055858455231, 0.42373398750945296, 0.4604023285838654, 0.6379430005752559, 0.44305255719392095, 0.4380615347599827, 0.4104205555741156, 0.4229219317371302, 0.4343690961273993, 0.6691593222612761, 0.2642686009874182, 0.40139488882302615, 0.7125545158318247, 0.6379430005752559, 0.4389515208407873, 0.4353222317934483, 0.2908220846419088, 0.6379430005752559, 0.43922442966816233, 0.44411676581369514, 0.5817554515186278, 0.4259338889124964, 0.2309403974926144, 0.4353737471757368, 0.4449582486394876, 0.4392383445957106, 0.24349605502632507, 0.13604514896891895, 0.6379430005752562, 0.4553739656597036], [0.1623264784721517, 1.0, 0.17709863101861617, 0.1583401062066625, 0.1562062449208561, 0.15026806219680897, 0.3017653739830054, 0.14822739632979393, 0.15480991592986895, 0.15604218433437594, 0.1616066781205872, 0.15513144814189997, 0.15817423012449272, 0.14850648818229373, 0.16810733248877474, 0.17764757021730632, 0.17972532903614055, 0.16887449497508603, 0.155908521065761, 0.1698889925141309, 0.17043952261386475, 0.26378735100165907, 0.16302753274448437, 0.1588009188583515, 0.16974202796406837, 0.15207138597337302, 0.1994611520310658, 0.1750531142696198, 0.16870627639780228, 0.16076770638364127, 0.15166885298637955, 0.15905492075708152, 0.1579732808401014, 0.18409746952101677, 0.15207138597337302, 0.16651393898988762, 0.14822739632979393, 0.1715649869788311, 0.17339390178587918, 0.16045875698051917, 0.17806638149623383, 0.15082934193324193, 0.15883634314604383, 0.16421283130460956, 0.16236200477820642, 0.15121659824231187, 0.16486468553146377, 0.15207138597337302, 0.15190109139699207, 0.1687511623944278, 0.14822739632979393, 0.15928003210735814, 0.16519099450708447, 0.15207138597337302, 0.16597348685704189, 0.17351148610074332, 0.1540371435869568, 0.1630472436422018, 0.17139093953261958, 0.1687693164283993, 0.14822739632979393, 0.14924593159952226, 0.15629170770649828, 0.16425637718979214, 0.1986618459697733, 0.15428588838889304, 0.3059340647738516, 0.15207138597337302, 0.22288207308897784, 0.1771417695955629, 0.16789001266840203, 0.15725685078577828, 0.15190109139699207, 0.1573778295201172, 0.15207138597337302, 0.1601749569573135, 0.15917195413491644, 0.1543459950129295, 0.15182462074608993, 0.1730464224383474, 0.15601328461837774, 0.23953882308945973, 0.14822739632979393, 0.15558364822247076, 0.15207138597337302, 0.15813677110773253, 0.17238220322738124, 0.22597996728286937, 0.15207138597337302, 0.16429430520065885, 0.16195049560821223, 0.17147035125572857, 0.16440387419550467, 0.25664050216945555, 0.15518408070785408, 0.16667836461281052, 0.16532071515079846, 0.24462888650895037, 0.2985463738910117, 0.15207138597337302, 0.15988684333328565], [0.43151148498686526, 0.17709863101861617, 1.0, 0.5322573478507608, 0.37758775022819113, 0.46858652683176977, 0.25057415181094506, 0.4517771953915119, 0.5209044031991378, 0.5116213002121418, 0.6045673632122779, 0.5377969010693084, 0.41901054161543744, 0.453645589783247, 0.44438586225838117, 0.756655173501038, 0.10824717451845811, 0.6952824847484569, 0.5367349921011016, 0.3247261371380921, 0.7126857079537975, 0.28058313174708, 0.6206840059878751, 0.35558063919778765, 0.5827778782038162, 0.3955647061590567, 0.48990249426317645, 0.45029899511656035, 0.43028897854035, 0.5557881279791625, 0.4935883556477085, 0.41354215636383446, 0.4195466299661822, 0.551142124482269, 0.3955647061590567, 0.6761149414516539, 0.4517771953915119, 0.6701737007941317, 0.4470350913280946, 0.600475187052924, 0.6471738256107843, 0.4725200589912387, 0.5612165267581863, 0.6605688134353419, 0.3604530687739728, 0.47483371542957853, 0.5299690354096356, 0.3955647061590567, 0.4981291042892246, 0.4379349926801136, 0.4517771953915119, 0.3187552422625499, 0.6579411289870319, 0.3955647061590567, 0.15634069372975615, 0.36812549105763354, 0.5043309629054552, 0.3619129721515164, 0.5603940352263448, 0.6985115059084226, 0.4517771953915119, 0.459205354685869, 0.5279335835448705, 0.6148433821387156, 0.5740573982761972, 0.40444774672259776, 0.25606885236395754, 0.3955647061590567, 0.33407248274048496, 0.354236519960095, 0.6959123947024114, 0.5232438717305522, 0.4981291042892246, 0.5286301783058908, 0.3955647061590567, 0.605435007181211, 0.5770848038026821, 0.5005909170848022, 0.4966180336235916, 0.7177545750548904, 0.41061438626113506, 0.324535674546149, 0.4517771953915119, 0.40873642731434895, 0.3955647061590567, 0.5674417144766992, 0.47802286661775045, 0.2842981000551748, 0.3955647061590567, 0.613453133871674, 0.6085812600538886, 0.41668716028326636, 0.6112003379025271, 0.237542341767942, 0.533518926978041, 0.6783222397204982, 0.6121421248945055, 0.2988400971541445, 0.14735342355819964, 0.3955647061590567, 0.5756972638435824], [0.45170322841788724, 0.1583401062066625, 0.5322573478507608, 0.999999985098839, 0.4388906687714613, 0.605381613948365, 0.21133220332805314, 0.5900566321996091, 0.6180265534592703, 0.899282381743079, 0.5926924630080148, 0.6744375615993153, 0.4679372565589913, 0.5912884639249372, 0.440737836185303, 0.5436955019498039, 0.10110293238444681, 0.6175612672735684, 0.6260745152160697, 0.3354534151286607, 0.5917662888692808, 0.23847807182776795, 0.6562846988666144, 0.39192250787928457, 0.5245615572795035, 0.46738536555746546, 0.36558592530811845, 0.4198767745174118, 0.430211271087943, 0.7253189141481579, 0.623840209379746, 0.45280787557046753, 0.4675901401021153, 0.4099885158280758, 0.46738536555746546, 0.6093864430565257, 0.5900566321996091, 0.5354591418654524, 0.42554468583202476, 0.6565490865150587, 0.48668146428454845, 0.6071010178693396, 0.6309655087976007, 0.6348915111248412, 0.38681125119787996, 0.6049644619526546, 0.5580638610246272, 0.46738536555746546, 0.6365433534160869, 0.4467035078104836, 0.5900566321996091, 0.3485321296616482, 0.5873896122396552, 0.46738536555746546, 0.14707921959054474, 0.36689323135849244, 0.6182865989279976, 0.3878880617510814, 0.5509926855162351, 0.5889984739883841, 0.5900566321996091, 0.5954698518110104, 0.6265766649307895, 0.6010537399883845, 0.43081395634938924, 0.47089414859987966, 0.21619105234641947, 0.46738536555746546, 0.2883764339237302, 0.3401856941774666, 0.5701440666581151, 0.7646604820132004, 0.6365433534160869, 0.79197619108292, 0.46738536555746546, 0.6928054398395579, 0.6418977291466725, 0.6165696263011662, 0.6322330157004131, 0.524021256530332, 0.47118452407911954, 0.27686509465660486, 0.5900566321996091, 0.46190813905073763, 0.46738536555746546, 0.6311791173205504, 0.4425753998831704, 0.2509258731260065, 0.46738536555746546, 0.5763931854365512, 0.5831765614306318, 0.3893590149925681, 0.5891473307415147, 0.20492102023905825, 0.6198197303432287, 0.587377665237578, 0.5298644755354426, 0.2535731164557465, 0.13242041880285743, 0.46738536555746557, 0.6348790113842532], [0.6011632806224028, 0.1562062449208561, 0.37758775022819113, 0.4388906687714613, 1.0, 0.3759537938683129, 0.19812614669257017, 0.37448835089175125, 0.38155568064106044, 0.43983948866146283, 0.383469587531242, 0.3996847828746024, 0.6174460553558476, 0.3746116817110187, 0.5543367843293937, 0.38688224947592553, 0.10384526643676227, 0.4067649880426729, 0.40646885851675235, 0.49214267192129113, 0.4029177125779753, 0.21877908134215254, 0.41251190819775535, 0.6564275121382495, 0.3565025282138282, 0.6171046441725987, 0.31705500461407227, 0.5055312936513849, 0.40187386314270146, 0.4436676262853837, 0.38369878545924363, 0.691305724817949, 0.6261062944653458, 0.33531569444883375, 0.6171046441725987, 0.3862370137797269, 0.37448835089175125, 0.3918281493260189, 0.5301037075560304, 0.39735921113696976, 0.3499984295481986, 0.3760400757242164, 0.38235313156517337, 0.40298040122895745, 0.6241549773203455, 0.3756826580448821, 0.4468430435270661, 0.6171046441725987, 0.38899180463086636, 0.5309730287322435, 0.37448835089175125, 0.5545177786264925, 0.3876209379803619, 0.6171046441725987, 0.15871236567973185, 0.5244490931279527, 0.37865058901717125, 0.6244370454931635, 0.44791143033566544, 0.39648423394238413, 0.37448835089175125, 0.3750229590741921, 0.37910854881690703, 0.3776612306280949, 0.35092134590685414, 0.6208473086465555, 0.20136966834065076, 0.6171046441725987, 0.2962971881440401, 0.4516449335683243, 0.39466985558360007, 0.44625449685490265, 0.38899180463086636, 0.4442078381090815, 0.6171046441725987, 0.4039791733575806, 0.39067622913595673, 0.3758189091673874, 0.38722259194111774, 0.3717208997882564, 0.6172226810000687, 0.2511393896611789, 0.37448835089175125, 0.6550038010233413, 0.6171046441725987, 0.388078960812405, 0.40462190288582256, 0.2805253280949328, 0.6171046441725987, 0.40552990770535696, 0.3856025006138046, 0.47934960460326365, 0.37392980510413476, 0.21278135943175744, 0.38947042761489004, 0.40044521212964046, 0.3729478591829363, 0.22718730331119458, 0.13050411184822686, 0.6171046441725994, 0.4169487900920425], [0.40585340802302017, 0.15026806219680897, 0.46858652683176977, 0.605381613948365, 0.3759537938683129, 0.9999999981373549, 0.20197307792804017, 0.9029416249470803, 0.7402560877203931, 0.6157463099430242, 0.5867441065186701, 0.6929163037725962, 0.42957886147602237, 0.9067513285727143, 0.3942556529916076, 0.46092582702410984, 0.09677655563831333, 0.5085924144442269, 0.5703457528629439, 0.2877451718966888, 0.49399212510068036, 0.22761468764853804, 0.5523592855776425, 0.34508174416629017, 0.5245413264011157, 0.4397269102645003, 0.3261097827875728, 0.37457381420069735, 0.34658711387998686, 0.5316830425476317, 0.8053019107689418, 0.3980675937235324, 0.42844007472991236, 0.3740853033411006, 0.4397269102645003, 0.5737318807005366, 0.9029416249470803, 0.45682511358115874, 0.3763967882152753, 0.6292827936174081, 0.4634474301873627, 0.956930289695657, 0.7016989501933257, 0.553177236531504, 0.3390618737299094, 0.9040392766959947, 0.4618002156360282, 0.4397269102645003, 0.7634457780287184, 0.40283149267428264, 0.9029416249470803, 0.3003865471635277, 0.5440226829304711, 0.4397269102645003, 0.13693620279059016, 0.3203277646538166, 0.8088475528443181, 0.33985590244768193, 0.4428480904467115, 0.5022021409951671, 0.9029416249470803, 0.9211841579669261, 0.7697607089256768, 0.6175659212806877, 0.3717088182415915, 0.4387467496729152, 0.20629254400236424, 0.4397269102645003, 0.2675279641846036, 0.2991917302172092, 0.4967317381064925, 0.5563354107384021, 0.7634457780287184, 0.571558078691589, 0.4397269102645003, 0.6321140295094174, 0.6574711745149594, 0.8257673312301314, 0.7756486801234372, 0.4786431189101952, 0.43686016789767396, 0.25878407812140525, 0.9029416249470803, 0.41898416808355987, 0.4397269102645003, 0.6631622569738761, 0.3732008213266616, 0.2236751701722817, 0.4397269102645003, 0.49047947016984694, 0.5595836525705672, 0.3451021159009804, 0.6107554108988605, 0.19222621808332296, 0.6533901426241472, 0.5001512394342389, 0.5052133949110726, 0.24476654446030366, 0.12716631931015396, 0.4397269102645003, 0.5330440920196797], [0.21562204046647976, 0.3017653739830054, 0.25057415181094506, 0.21133220332805314, 0.19812614669257017, 0.20197307792804017, 1.0, 0.1984105243678448, 0.21228155620862685, 0.20748057703349593, 0.22591451796806472, 0.21008087299657469, 0.2080584506551068, 0.198844644377894, 0.22629999191822553, 0.24962085286270413, 0.14079849521723428, 0.23258314182291687, 0.2097610287423494, 0.20601100851889192, 0.2366475047383231, 0.3142208040900416, 0.22468744108478048, 0.1995397179618499, 0.24110152464055737, 0.19711254611380086, 0.3011436119241073, 0.23680021586539676, 0.21600607618365428, 0.2163293546583763, 0.20507006549067303, 0.20493615553135408, 0.206553382211038, 0.2763476144952996, 0.19711254611380086, 0.23180757885340575, 0.1984105243678448, 0.23288017071112121, 0.2329391975624537, 0.22013876477130576, 0.26099737091485464, 0.2028148564007836, 0.21667690743777956, 0.22501089661904927, 0.20532637004596038, 0.20300898343961155, 0.22188224410117205, 0.19711254611380086, 0.2048666851752117, 0.22320629766592678, 0.1984105243678448, 0.19311829409892628, 0.23195923427246984, 0.19711254611380086, 0.16597653374034302, 0.2217679925726787, 0.21016170514615395, 0.2058538070362, 0.23059579839974723, 0.23268753462152322, 0.1984105243678448, 0.1998818281112054, 0.21429114462522608, 0.22746217894705517, 0.2821299360698233, 0.20058912742158835, 0.5261077606072924, 0.19711254611380086, 0.2929218738114398, 0.22930349588890706, 0.2347746978345626, 0.20936240204084713, 0.2048666851752117, 0.2100801695994963, 0.19711254611380086, 0.2184776975410299, 0.21901616917720956, 0.20884086169012728, 0.20493347181956073, 0.24727944389861223, 0.2029389214711241, 0.295127522958319, 0.1984105243678448, 0.20230091348086243, 0.19711254611380086, 0.21814973692039977, 0.22986703648805726, 0.27404203039123554, 0.19711254611380086, 0.2222995062914606, 0.22591001880903502, 0.22895984599660396, 0.22850859164936885, 0.33675854941301964, 0.21145372564600237, 0.22915837334953662, 0.23407725130574464, 0.3175418576078505, 0.22529574266675473, 0.19711254611380086, 0.2168026697125961], [0.40139488882302615, 0.14822739632979393, 0.4517771953915119, 0.5900566321996091, 0.37448835089175125, 0.9029416249470803, 0.1984105243678448, 1.0, 0.7157076151009097, 0.605610456332981, 0.5683203658148025, 0.6753584374112412, 0.42563339741721595, 0.9696650354170975, 0.3880112766407901, 0.44493850914427774, 0.09605582477987544, 0.49206400764452296, 0.5630667762911061, 0.2853089598812861, 0.4792661398582103, 0.22282044875906037, 0.537961769628013, 0.3432859007594304, 0.5006358020572617, 0.4388534727131061, 0.3184099300000254, 0.3675178882587697, 0.34282069522895403, 0.5227322028620552, 0.7907708475233384, 0.3949179064218101, 0.4248049667229265, 0.3652898151462608, 0.4388534727131061, 0.5494218522815629, 1.0, 0.4448835570617198, 0.36976216862051453, 0.6074364005084164, 0.44503974655520834, 0.8827808165475751, 0.6634976383999448, 0.5359310007660303, 0.33670590363949354, 0.8572881335522883, 0.4546205700483778, 0.4388534727131061, 0.753031197177501, 0.3938705979913098, 1.0, 0.2991418106911285, 0.5268556532613167, 0.4388534727131061, 0.13616956766083965, 0.31666485993106375, 0.768725358537161, 0.33730951103871526, 0.4335071827612233, 0.4855415834565245, 1.0, 0.9389061841182901, 0.7226931829518847, 0.5873931246384507, 0.3604638343835687, 0.4361675885125962, 0.20228961693850764, 0.4388534727131061, 0.26114585632786025, 0.2959414272838192, 0.4835556004334715, 0.549776340179966, 0.753031197177501, 0.5639990452630093, 0.4388534727131061, 0.6071411291982112, 0.6330830351048924, 0.7621226664021292, 0.7641922887887026, 0.4626462948616441, 0.43320332976844345, 0.25298349431449685, 1.0, 0.4168112635135342, 0.4388534727131061, 0.6402350162092154, 0.3677111173316381, 0.2205083874649455, 0.4388534727131061, 0.48084075414823096, 0.544410393340549, 0.34049914348965515, 0.5800084362104765, 0.18971222844139263, 0.6401220116225756, 0.485770393353924, 0.4923474134055626, 0.23903876338881966, 0.12577765532427132, 0.4388534727131061, 0.5240009966942292], [0.42654906093626827, 0.15480991592986895, 0.5209044031991378, 0.6180265534592703, 0.38155568064106044, 0.7402560877203931, 0.21228155620862685, 0.7157076151009097, 1.0, 0.6219597175167327, 0.7046889178960168, 0.7215152702020695, 0.4391257444452592, 0.7176146856090366, 0.418157517193226, 0.5048343530695172, 0.09910149817026567, 0.5613468790808692, 0.6013757691135249, 0.2961719552415338, 0.5533375011468629, 0.23326791882739104, 0.6329380882805442, 0.35159190295104686, 0.5582888916265453, 0.43904190047658603, 0.3527881142675686, 0.39980183177346074, 0.36192093445077905, 0.5763188542885994, 0.7937631829384477, 0.40647550638762836, 0.43903755775213044, 0.41765348439069805, 0.43904190047658603, 0.643420014467524, 0.7157076151009097, 0.4923554813309663, 0.39719841938237865, 0.6946773043682822, 0.5113820277539535, 0.741847872282579, 0.7389239612638956, 0.604373142323228, 0.34866419621122346, 0.7353721148942146, 0.5056532172238237, 0.43904190047658603, 0.755211456856836, 0.412540989644938, 0.7157076151009097, 0.3058246697006057, 0.6271299705466218, 0.43904190047658603, 0.14158897443266263, 0.3347501506830492, 0.802474569198336, 0.3486925432572286, 0.47923144278083357, 0.544021448184042, 0.7157076151009097, 0.7241682651748479, 0.8170655959372989, 0.675454445420543, 0.3992160970806381, 0.43995268545912725, 0.21477308721934718, 0.43904190047658603, 0.27589901481342594, 0.31696878989278315, 0.5653521202071343, 0.583895303676437, 0.755211456856836, 0.6031971352306013, 0.43904190047658603, 0.675967352660222, 0.7328660167416909, 0.7378044991282995, 0.7665811705698701, 0.5435437070517428, 0.4390709053784748, 0.26568441412107713, 0.7157076151009097, 0.42739903735560175, 0.43904190047658603, 0.785339141931643, 0.4010020363672779, 0.23494764199147591, 0.43904190047658603, 0.5302147268879617, 0.6552916085779182, 0.36714636154935076, 0.6912238433583489, 0.20320072289529723, 0.7186381149437188, 0.5499935381749009, 0.5891666458455256, 0.2506370723309461, 0.13106131239270877, 0.43904190047658603, 0.5852746852833299], [0.4489209201471881, 0.15604218433437594, 0.5116213002121418, 0.899282381743079, 0.43983948866146283, 0.6157463099430242, 0.20748057703349593, 0.605610456332981, 0.6219597175167327, 0.9999999789265761, 0.584395267953245, 0.6804829115091166, 0.46693261243407186, 0.6064398055415537, 0.4348041036608464, 0.5208537464694039, 0.10030551337299501, 0.5932514298770203, 0.6302551417042738, 0.3326458653960734, 0.5720339744061477, 0.23328610386696622, 0.6431742933852276, 0.39140511666030786, 0.5067987775079347, 0.47084319198651897, 0.35590705597382166, 0.41209905313429435, 0.42514821063924824, 0.7182394829282273, 0.6358390551300667, 0.45164391818565885, 0.4669694487586846, 0.4003947720884562, 0.47084319198651897, 0.589717364283743, 0.605610456332981, 0.5205182487570494, 0.41822874053075215, 0.6472743685646705, 0.4691534768683767, 0.6163631057402166, 0.6213229886526621, 0.6184298397317655, 0.38524200928291275, 0.6138231011354196, 0.5516374623808166, 0.47084319198651897, 0.6497967159534165, 0.43702797676816135, 0.605610456332981, 0.34796762673309983, 0.5741888507488198, 0.47084319198651897, 0.14620915748057406, 0.3628033395262277, 0.6222275246511988, 0.3860259692320612, 0.5373324589096065, 0.5677822006607645, 0.605610456332981, 0.6092360346065602, 0.6228380769448155, 0.5850128666741324, 0.4148465638489737, 0.4720352749878939, 0.21182541897384455, 0.47084319198651897, 0.2809215464082912, 0.33651011883965654, 0.5564997414288643, 0.7772009511660006, 0.6497967159534165, 0.8065995640118433, 0.47084319198651897, 0.6761625309030728, 0.635695776581393, 0.6147867201001836, 0.6450459080026844, 0.5077236728282721, 0.47088111843570846, 0.27027441496542604, 0.605610456332981, 0.4630623629717946, 0.47084319198651897, 0.627654278952624, 0.4358958956834348, 0.24680660315801953, 0.47084319198651897, 0.5677990149923952, 0.5754375040277163, 0.38451372015863905, 0.572569203243063, 0.2020889969991022, 0.6238067281960324, 0.5702367812595771, 0.5212207502057508, 0.2476120509274258, 0.13090705105401942, 0.47084319198651897, 0.6312567915699329], [0.44264849574745896, 0.1616066781205872, 0.6045673632122779, 0.5926924630080148, 0.383469587531242, 0.5867441065186701, 0.22591451796806472, 0.5683203658148025, 0.7046889178960168, 0.584395267953245, 1.0, 0.6632237874129598, 0.4382502042797585, 0.5697850449234445, 0.43979014529312865, 0.581929505674427, 0.10261800453480738, 0.6447445610190624, 0.6134245089755256, 0.30791344911530205, 0.6469899745852595, 0.2436818347549832, 0.6920693294917546, 0.35610858801198925, 0.5813927407193857, 0.4256358972460012, 0.3997233780294516, 0.4263576208400073, 0.386410329284355, 0.6151538935605867, 0.6513998012420188, 0.4119789893433402, 0.4388328877314817, 0.49116175357736347, 0.4256358972460012, 0.7117287599584007, 0.5683203658148025, 0.549565323683243, 0.42390387010106223, 0.7053205596165749, 0.5794608930713607, 0.5892428984955828, 0.6910104862461371, 0.6769336941375231, 0.35678301312912575, 0.5875786967899246, 0.5565026433796347, 0.4256358972460012, 0.6485999454944196, 0.4218500734539438, 0.5683203658148025, 0.3119383229914365, 0.7638629969776123, 0.4256358972460012, 0.14870244579089015, 0.35026531976997677, 0.6451113170872655, 0.3566685833659123, 0.5245085623863035, 0.6117091269353621, 0.5683203658148025, 0.5747773653138627, 0.6703879548342608, 0.7045752110701704, 0.4432827037866494, 0.42974576489476, 0.2280575175864304, 0.4256358972460012, 0.29054702083612816, 0.3365838130384117, 0.6817780963268171, 0.5944026001796207, 0.6485999454944196, 0.607097219196452, 0.4256358972460012, 0.6720604315029184, 0.7341853704278954, 0.6077552054797489, 0.653480961541714, 0.6703339974828314, 0.43097156175432927, 0.2779312463788133, 0.5683203658148025, 0.43031510614380397, 0.4256358972460012, 0.8024094385954508, 0.45526604094087136, 0.2533595518459528, 0.4256358972460012, 0.5819978148783023, 0.8292709428096644, 0.40328063845065776, 0.6993963231646669, 0.21793793749391263, 0.7368163496928389, 0.6324975460438179, 0.7363053849765079, 0.26113868256221523, 0.137292692669858, 0.4256358972460012, 0.6507783949721835], [0.4350578487646536, 0.15513144814189997, 0.5377969010693084, 0.6744375615993153, 0.3996847828746024, 0.6929163037725962, 0.21008087299657469, 0.6753584374112412, 0.7215152702020695, 0.6804829115091166, 0.6632237874129598, 1.0, 0.44979017683912986, 0.6767587319282419, 0.4231504003136952, 0.528719055595845, 0.09981643622263343, 0.6009635210316225, 0.7398062054911261, 0.3078212980270933, 0.5831822180276122, 0.23451191187631362, 0.660214564035354, 0.36456785998807084, 0.5445972674684019, 0.45085783965016846, 0.3657242753496322, 0.4026437186326904, 0.3977546620932473, 0.6293262802378157, 0.7417134002323831, 0.4297419229533751, 0.44869247747429136, 0.41965988868623944, 0.45085783965016846, 0.667218482369573, 0.6753584374112412, 0.5454721855435188, 0.4088717942509309, 0.7996609500818338, 0.49917567728271317, 0.6940182316699229, 0.7113209267316205, 0.676061729683667, 0.3602730468974867, 0.6895065352148827, 0.5217915157344156, 0.45085783965016846, 0.7755992725195653, 0.42181715179098256, 0.6753584374112412, 0.31896762883115626, 0.6506400314051146, 0.45085783965016846, 0.14431228072062094, 0.34316082106463325, 0.7220835082852896, 0.360888816427606, 0.5109588455346359, 0.6046120559440795, 0.6753584374112412, 0.6815255711200591, 0.7190996852464169, 0.6577560852513502, 0.4056718164805295, 0.4518657294145337, 0.2142819656806195, 0.45085783965016846, 0.27808845627879347, 0.32186104910375274, 0.5975812346925006, 0.6503975847868964, 0.7755992725195653, 0.6604829065463841, 0.45085783965016846, 0.770314514532252, 0.7651329651298565, 0.6912101049876074, 0.7634010951330804, 0.5484324163395583, 0.45088992618282575, 0.2676100162238862, 0.6753584374112412, 0.44533476870867716, 0.45085783965016846, 0.7445344960494078, 0.42473827406896203, 0.24011945227921874, 0.45085783965016846, 0.6052968767713484, 0.6474724441394373, 0.3778293444269107, 0.6327696539763632, 0.2022974980322461, 0.725462541652223, 0.6085401059610221, 0.5672215565502271, 0.2498710989870472, 0.13158798990835915, 0.45085783965016846, 0.6416040308302201], [0.7321246522771542, 0.15817423012449272, 0.41901054161543744, 0.4679372565589913, 0.6174460553558476, 0.42957886147602237, 0.2080584506551068, 0.42563339741721595, 0.4391257444452592, 0.46693261243407186, 0.4382502042797585, 0.44979017683912986, 0.9999999789265761, 0.4259623467472486, 0.669694047277151, 0.423475510214397, 0.10299310058871333, 0.44249095090536567, 0.441049726115692, 0.4096092339672489, 0.43939944050773966, 0.22825675225724176, 0.45411219845980627, 0.5610412207058116, 0.41265841461730074, 0.7668419179469372, 0.33595113399637067, 0.5772432190585994, 0.36942214864632605, 0.4627103210635904, 0.43717579115953137, 0.6858961432438023, 0.8236379959587352, 0.36706394439634993, 0.7668419179469372, 0.44053624530799945, 0.42563339741721595, 0.41681715627403754, 0.6065080577585363, 0.45127069029877537, 0.40163990725735016, 0.4300019291638857, 0.4387829521878949, 0.4452187512161302, 0.5492582132324457, 0.42947563292530266, 0.4684464338027371, 0.7668419179469372, 0.4399974458120892, 0.6391425717593171, 0.42563339741721595, 0.4341489314546797, 0.4392461722941079, 0.7668419179469372, 0.15237398035894348, 0.4939978180807253, 0.43870801333365805, 0.5534994689658573, 0.46609214079555444, 0.43395863355705316, 0.42563339741721595, 0.4270633855497089, 0.43920844501460377, 0.43574150452852684, 0.3722357832795498, 0.8081370772334441, 0.21159354216761814, 0.7668419179469372, 0.3135958861836907, 0.4308834530422556, 0.43518852746503617, 0.4631011537758025, 0.4399974458120892, 0.46550487561739656, 0.7668419179469372, 0.4540307161953677, 0.4479838885856153, 0.4322629482208982, 0.4390622635270527, 0.4172272737568987, 0.8122548184178832, 0.26048314120388333, 0.42563339741721595, 0.7539954835138839, 0.7668419179469372, 0.44490673829230365, 0.4033935521554373, 0.2711422338143015, 0.7668419179469372, 0.43084895889157, 0.4361486855854996, 0.49543615877885866, 0.4315065973103175, 0.21709567561274687, 0.43956170293551283, 0.434173337327622, 0.42024137675721457, 0.24093274871545653, 0.13196958897822833, 0.7668419179469386, 0.4465842030103043], [0.40176558865059003, 0.1485064881822937, 0.453645589783247, 0.5912884639249372, 0.3746116817110187, 0.9067513285727143, 0.198844644377894, 0.9696650354170975, 0.7176146856090366, 0.6064398055415537, 0.5697850449234445, 0.6767587319282419, 0.4259623467472486, 0.9999999993414554, 0.38852631851299535, 0.4467383432347422, 0.09614361583864216, 0.49356520521020664, 0.5636679406247855, 0.2855478236876344, 0.4809817680950454, 0.22359610839401584, 0.5391211734951188, 0.3434367388810423, 0.502493918602378, 0.4389272009447109, 0.31903783928891893, 0.36825021034453465, 0.34321148686619724, 0.5234665604607858, 0.7919331173988844, 0.39526714227054627, 0.42526241171535534, 0.3660063307408137, 0.4389272009447109, 0.5521520540338914, 0.9696650354170975, 0.4465250067577921, 0.37046378042752076, 0.6099748448505796, 0.44652586587579396, 0.8918815299427697, 0.6678426660181687, 0.5385652141418834, 0.3369032385261372, 0.8640029290809516, 0.4552121897503707, 0.4389272009447109, 0.7538801644623802, 0.3946130914643626, 0.9696650354170975, 0.2992727404509509, 0.5282241841781716, 0.4389272009447109, 0.13623397894476605, 0.3170065888627213, 0.7716436689527901, 0.3375649032981585, 0.43442568826256, 0.48701068265424563, 0.9696650354170975, 0.9460243066041484, 0.7260673150685824, 0.5915434153144191, 0.3620166779679823, 0.4363838359948595, 0.2026716342897144, 0.4389272009447109, 0.2617497439239174, 0.29621206738549904, 0.4847397661468506, 0.5503193021571982, 0.7538801644623802, 0.5648200249737005, 0.4389272009447109, 0.6091069112114541, 0.6361637675597225, 0.7679436742077851, 0.7651219222978839, 0.46424559832042833, 0.4335548048180467, 0.25403785381573857, 0.9696650354170975, 0.4169936938047923, 0.4389272009447109, 0.6420317861048083, 0.3682125601188765, 0.22084712360137665, 0.4389272009447109, 0.48263524551529197, 0.5456292545151247, 0.34088068750298395, 0.5829973286820829, 0.18998086629604236, 0.6411962683776016, 0.48697616689983686, 0.4933871490325152, 0.2398933367306838, 0.12595706700898612, 0.4389272009447109, 0.5247427054545416], [0.7721819946398627, 0.16810733248877474, 0.44438586225838117, 0.440737836185303, 0.5543367843293937, 0.3942556529916076, 0.22629999191822553, 0.3880112766407901, 0.418157517193226, 0.4348041036608464, 0.43979014529312865, 0.4231504003136952, 0.669694047277151, 0.38852631851299535, 1.0, 0.44727743875131803, 0.10771197642743915, 0.4534369977090799, 0.4224834841765015, 0.43266046995351487, 0.4559617074988698, 0.24151913122368243, 0.4542654423647554, 0.5339666298020099, 0.41802085721687426, 0.572622458723947, 0.3740767829505675, 0.7567488219043149, 0.38066342269554193, 0.45345819980673324, 0.4070477149594075, 0.6146081966289729, 0.6630840485594519, 0.40601601921073727, 0.572622458723947, 0.44130254414986625, 0.3880112766407901, 0.4296839685644099, 0.7421104048033866, 0.43611647144778054, 0.425010976343026, 0.3951818433781598, 0.42008540227222024, 0.44316697209324024, 0.552649156321348, 0.3949246737257099, 0.4829918924984122, 0.572622458723947, 0.4092043591667442, 0.6554039627253312, 0.3880112766407901, 0.4313261684853011, 0.44686814252955104, 0.572622458723947, 0.16116640419924821, 0.5532125577309345, 0.40962352649834627, 0.5512684912183522, 0.48652331329527815, 0.4432409907699949, 0.3880112766407901, 0.39025751814835524, 0.41666818995219734, 0.4283113217930953, 0.40720644513007903, 0.5988298012861758, 0.22857308038881177, 0.572622458723947, 0.34524876148057526, 0.5028477287249257, 0.45071703456670226, 0.44101251603720604, 0.4092043591667442, 0.44324767369360696, 0.572622458723947, 0.43685406762258866, 0.43109762742746033, 0.40278843816839627, 0.40849073624520327, 0.4429691727574605, 0.6119487570194615, 0.2755324090764675, 0.3880112766407901, 0.6221255975817341, 0.572622458723947, 0.4313190821895036, 0.43247792208103814, 0.3044069724015273, 0.572622458723947, 0.4326957959869476, 0.4406236934970108, 0.5859238982624672, 0.4285407919580086, 0.24104445307721398, 0.42121661373192826, 0.44411820961544746, 0.4374074640357407, 0.25456909053632093, 0.13965693598429113, 0.5726224587239471, 0.44182550345759025], [0.4353704425921016, 0.17764757021730632, 0.756655173501038, 0.5436955019498039, 0.38688224947592553, 0.46092582702410984, 0.24962085286270413, 0.44493850914427774, 0.5048343530695172, 0.5208537464694039, 0.581929505674427, 0.528719055595845, 0.423475510214397, 0.4467383432347422, 0.44727743875131803, 1.0, 0.10860363739752865, 0.7374849543736497, 0.5295479089164373, 0.3335581299342402, 0.766402128121996, 0.279113576238613, 0.632777089573529, 0.36317840094248616, 0.5745878704298634, 0.39873338809721465, 0.49379332847144103, 0.4519054154882015, 0.448985736415631, 0.5705862869879613, 0.4846689017619759, 0.41787553711240755, 0.4222060328991841, 0.5416322993478432, 0.39873338809721465, 0.6442181697673521, 0.44493850914427774, 0.6420055958977363, 0.4545077738298685, 0.5856088303616693, 0.6287528367549161, 0.46465697552716057, 0.5467527519206964, 0.6465668775222146, 0.3682669301215324, 0.46562132140615825, 0.5319418534401303, 0.39873338809721465, 0.490486698068342, 0.4438648725091401, 0.44493850914427774, 0.327455338504357, 0.6313121596251158, 0.39873338809721465, 0.1575117118850727, 0.37529257432655194, 0.4951656749878274, 0.37013923600786813, 0.574602458285511, 0.6809054248733161, 0.44493850914427774, 0.4518440559429359, 0.5153009324992877, 0.5987417121394663, 0.5872175313707252, 0.4080586631996399, 0.2560284581909228, 0.39873338809721465, 0.33605201269846335, 0.35888167662918696, 0.6686031456452683, 0.535982538157222, 0.490486698068342, 0.5395518100498121, 0.39873338809721465, 0.5901212823180202, 0.5651620638502777, 0.49017810854706384, 0.4890653059507664, 0.6794425336977249, 0.41397749290942726, 0.32505854239445475, 0.44493850914427774, 0.41349774723065674, 0.39873338809721465, 0.5530338659434197, 0.4941014635435555, 0.2895856294496065, 0.39873338809721465, 0.5964444605060889, 0.5843358538279231, 0.4240557239117815, 0.5777164650727907, 0.23655752686550824, 0.5265046520582913, 0.6510260541054324, 0.5822689497268755, 0.29689422960616485, 0.14725340665449743, 0.39873338809721465, 0.5936584445451618], [0.10570766853904723, 0.17972532903614055, 0.10824717451845811, 0.10110293238444681, 0.10384526643676227, 0.09677655563831333, 0.14079849521723428, 0.09605582477987544, 0.09910149817026567, 0.100305513372995, 0.10261800453480739, 0.09981643622263343, 0.10299310058871333, 0.09614361583864216, 0.10771197642743915, 0.10860363739752865, 0.9999998314126344, 0.10588221937694801, 0.10127437915614156, 0.11294340430778563, 0.10661772085193243, 0.126030730616929, 0.10363856200321903, 0.1054157832364622, 0.10368167713475623, 0.10041612471746196, 0.11878579469188238, 0.11037668863930403, 0.11034289022018012, 0.10326827847379041, 0.09797048638722833, 0.10460419717529794, 0.10309215121080081, 0.11292542013535443, 0.10041612471746196, 0.10381530281488353, 0.09605582477987544, 0.10746284652184875, 0.10995926423888498, 0.10181447845190153, 0.10726997125551133, 0.09695182399686166, 0.10039283185777283, 0.10391980487724402, 0.10714394296373701, 0.09704749644612808, 0.10569970886556647, 0.10041612471746196, 0.09828880362407333, 0.10646926125902507, 0.09605582477987544, 0.10768647013128135, 0.10429111704205199, 0.10041612471746196, 0.17100079025098275, 0.11203510561110928, 0.09834474536213526, 0.10722117463103334, 0.10782383319080503, 0.10584560832944755, 0.09605582477987544, 0.09638651684053279, 0.09919958596169023, 0.10231132773643138, 0.11456859344296508, 0.10125433941094107, 0.13803013337091177, 0.10041612471746196, 0.12230715748000523, 0.11534693354636909, 0.10604219336746225, 0.1017194569168177, 0.09828880362407333, 0.10155774025239435, 0.10041612471746196, 0.10171583403252613, 0.10115509053530125, 0.09815099610231266, 0.09819145005960592, 0.10729893823861258, 0.10185367043541395, 0.12138180026262846, 0.09605582477987544, 0.10285822515659669, 0.10041612471746196, 0.1008830500685631, 0.11103412725824902, 0.1407722156420729, 0.10041612471746196, 0.10502582644995061, 0.10321073821288544, 0.11201414156995773, 0.10226883040374046, 0.15368149200748696, 0.10014850116556326, 0.10567531147226421, 0.10476667095045245, 0.1205199166335559, 0.22335582049957617, 0.10041612471746196, 0.10327770654183728], [0.4524727701125173, 0.16887449497508605, 0.6952824847484569, 0.6175612672735684, 0.4067649880426729, 0.5085924144442269, 0.23258314182291687, 0.49206400764452296, 0.5613468790808692, 0.5932514298770203, 0.6447445610190624, 0.6009635210316225, 0.44249095090536567, 0.49356520521020664, 0.4534369977090799, 0.7374849543736497, 0.10588221937694801, 0.9999999578531533, 0.6111657405379475, 0.33575000476350164, 0.8259627252292173, 0.2596733690681216, 0.7393662092806466, 0.3750769208264883, 0.5529536569037645, 0.42461084376410446, 0.4409746593016676, 0.44711317104983017, 0.4629840458892598, 0.6643257872096006, 0.5428010589557373, 0.43958593732675855, 0.4441108860616822, 0.5021451785904575, 0.42461084376410446, 0.6884199568961586, 0.49206400764452296, 0.6612887200356121, 0.4511540187387376, 0.6517648457723245, 0.5679585760883931, 0.5116109672224404, 0.6015548475235148, 0.7340250867541742, 0.37740916167824173, 0.5134665474537395, 0.575170646457948, 0.42461084376410446, 0.5552685504745903, 0.44640217828296636, 0.49206400764452296, 0.3357708553604049, 0.6808428385406289, 0.42461084376410446, 0.15540259299892015, 0.3754097027939607, 0.5409168890259505, 0.3780359163276343, 0.5976001710790726, 0.7280126578132771, 0.49206400764452296, 0.4986930579498567, 0.5636790275042094, 0.6248168434412813, 0.506235940116503, 0.4323295118906827, 0.23767802353967324, 0.42461084376410446, 0.31305153587826895, 0.3572944415950429, 0.7320277209428142, 0.6233806600389458, 0.5552685504745903, 0.6232133897130048, 0.42461084376410446, 0.67041955519402, 0.6260669615413443, 0.5351944862557397, 0.5529136314470254, 0.6661582581870746, 0.4366886436795319, 0.3003377151415613, 0.49206400764452296, 0.4394297729106075, 0.42461084376410446, 0.6214553792800516, 0.5072896316240324, 0.27602927383568887, 0.42461084376410446, 0.6593691860422191, 0.6486166703274783, 0.42541362434100816, 0.6125594143892736, 0.22539884824960554, 0.6009836280616678, 0.7340879058800781, 0.617649771291527, 0.2754002947683162, 0.1416960983958963, 0.42461084376410446, 0.7079504151146006], [0.4368086446818719, 0.155908521065761, 0.5367349921011016, 0.6260745152160697, 0.40646885851675235, 0.5703457528629439, 0.2097610287423494, 0.5630667762911061, 0.6013757691135249, 0.6302551417042738, 0.6134245089755256, 0.7398062054911261, 0.441049726115692, 0.5636679406247855, 0.4224834841765015, 0.5295479089164373, 0.10127437915614156, 0.6111657405379475, 1.0, 0.3178218724371897, 0.592302190732213, 0.2334774624792796, 0.6438265874879957, 0.3697201555109173, 0.4915023001418845, 0.44096448326721405, 0.3773297972134058, 0.40385739105667884, 0.435947867134995, 0.6481896786055832, 0.6149276150405656, 0.4386886563537619, 0.4431606417187872, 0.43109124149088895, 0.44096448326721405, 0.6325632107871179, 0.5630667762911061, 0.5876263138580932, 0.413731232307291, 0.709344020106925, 0.4710196628803084, 0.5707838499641842, 0.606290946464469, 0.6794131450513298, 0.3662256917074579, 0.5689761296893202, 0.5351257563170934, 0.44096448326721405, 0.6541713923513255, 0.41406185435526843, 0.5630667762911061, 0.32825971158807793, 0.643052677127563, 0.44096448326721405, 0.1494762891757164, 0.3498200448791871, 0.5845877014559381, 0.3662594524276442, 0.5373178276985848, 0.630050283878531, 0.5630667762911061, 0.5656875608626528, 0.587127029459967, 0.5792262676258707, 0.4058385543517618, 0.44189050999132473, 0.2136819857665706, 0.44096448326721405, 0.2762664131092941, 0.3304246800084135, 0.6185784515533611, 0.661441481037242, 0.6541713923513255, 0.6508742053524288, 0.44096448326721405, 0.6885974234571418, 0.6690093642714581, 0.5696630576591587, 0.6399624801036158, 0.5500842576504611, 0.4409939719994694, 0.266007868110828, 0.5630667762911061, 0.44951908772130544, 0.44096448326721405, 0.6466814578730474, 0.45916519502245684, 0.24819209977596496, 0.44096448326721405, 0.6748112515348828, 0.6279728897965952, 0.3921833620898345, 0.560369414514126, 0.20570592472928032, 0.6582457821369794, 0.6582919208459156, 0.555724201535583, 0.24610866267126713, 0.13332248468395297, 0.44096448326721405, 0.6743350033854842], [0.43141652215314097, 0.1698889925141309, 0.3247261371380921, 0.3354534151286607, 0.49214267192129113, 0.2877451718966888, 0.20601100851889187, 0.2853089598812861, 0.2961719552415338, 0.3326458653960734, 0.30791344911530205, 0.3078212980270933, 0.4096092339672488, 0.2855478236876344, 0.43266046995351487, 0.3335581299342402, 0.11294340430778563, 0.33575000476350164, 0.3178218724371896, 0.9999999157063102, 0.3358909141182061, 0.22320787843186612, 0.3291145383809283, 0.5497165205664745, 0.2963147723538892, 0.3917903785796122, 0.3100715536960012, 0.43365686391725816, 0.3809622996474716, 0.34786869246227775, 0.2945733037921402, 0.45239380199234264, 0.4135490477428767, 0.3081815335846337, 0.3917903785796122, 0.3130850414327819, 0.2853089598812861, 0.33432116277337665, 0.4444033229265574, 0.31261621046097604, 0.30188117301627615, 0.28818676143854355, 0.3007234010211822, 0.3243844065685746, 0.5730409696411675, 0.2883344728273947, 0.37901471187483216, 0.3917903785796122, 0.2980440090570831, 0.41466699652789235, 0.2853089598812861, 0.6864809060907412, 0.31591333220596557, 0.3917903785796122, 0.1809383025320439, 0.5965591486935466, 0.2925850822847326, 0.5740261878220281, 0.39180457473578756, 0.32895470575922736, 0.285308