[[0.0, 0.00496651353078903, 0.004910871559714591, 0.0050724163929853905, 0.0029953168408294317, 0.0024789537644243076, 0.005022161664002711, 0.0050724163929853905, 0.0050724163929853905, 0.005122676148054506, 0.005022161664002711, 0.004971911960352404, 0.004902503108814127, 0.00492166728128085, 0.004852265369673647, 0.004910871559714591, 0.005002993658461685, 0.00492166728128085, 0.005022161664002711, 0.004802032653317356, 0.0050724163929853905, 0.0050724163929853905, 0.004007345085504266, 0.005002993658461685, 0.004971911960352404, 0.004852265369673647, 0.0050724163929853905, 0.00496651353078903, 0.005122676148054506, 0.004971911960352404, 0.005011363783147926, 0.004852265369673647, 0.004902503108814127, 0.005122676148054506, 0.004517665484587985, 0.00487142762603443, 0.00496651353078903, 0.005022161664002711, 0.004897105424913173, 0.00492166728128085, 0.004916269391503469, 0.00492166728128085, 0.0047099473907799005, 0.004860632983869406, 0.0048468682254467765, 0.004910871559714591, 0.0050724163929853905, 0.0050167626945722965, 0.004347739735737877, 0.00492166728128085, 0.004971911960352404, 0.005002993658461685, 0.004971911960352404, 0.005022161664002711, 0.0050724163929853905, 0.0047966360486835224, 0.004620304680814202, 0.005053246470476225, 0.0050724163929853905, 0.004916269391503469, 0.0050724163929853905, 0.0050724163929853905, 0.004765567113097946, 0.00492166728128085, 0.0050167626945722965, 0.004902503108814127, 0.004971911960352626, 0.005053246470476225, 0.004952745871492414, 0.0047966360486835224, 0.004770963384003402, 0.0050724163929853905, 0.005022161664002711, 0.004916269391503469, 0.004866030275961997, 0.00460951543322774, 0.004910871559714591, 0.005022161664002711, 0.005122676148054506, 0.00487142762603443, 0.005002993658461685, 0.005022161664002711, 0.005067016883607112, 0.005002993658461685, 0.005002993658461685, 0.005022161664002711, 0.004971911960352404, 0.004852265369673647, 0.003498484292716375, 0.004971911960352626, 0.00492166728128085, 0.005053246470476225, 0.005022161664002711, 0.005002993658461685, 0.005022161664002711, 0.0050724163929853905, 0.004358523361219113, 0.004916269391503469, 0.005122676148054506, 0.004952745871492414, 0.005022161664002711], [0.00496651353078903, 0.0, 0.004916269391503469, 0.005022161664002711, 0.005122676148054506, 0.0050724163929853905, 0.0050724163929853905, 0.0050724163929853905, 0.00487142762603443, 0.005022161664002711, 0.004821192993859746, 0.0050724163929853905, 0.004971911960352404, 0.0050724163929853905, 0.004971911960352404, 0.004770963384003402, 0.0013303125219570333, 0.005022161664002711, 0.005122676148054506, 0.004866030275961997, 0.004866030275962219, 0.003773552408363745, 0.004971911960352404, 0.005022161664002711, 0.004971911960352404, 0.005022161664002711, 0.004670519228233472, 0.005022161664002711, 0.0050724163929853905, 0.0050724163929853905, 0.004997594894969648, 0.004971911960352404, 0.004971911960352404, 0.00492166728128085, 0.005122676148054506, 0.004916269391503469, 0.005067016883607112, 0.004852265369673647, 0.004809482574547053, 0.00487142762603443, 0.004614910028052588, 0.004821192993859746, 0.0050167626945722965, 0.004860632983869628, 0.005022161664002711, 0.00492166728128085, 0.005122676148054506, 0.00496651353078903, 0.005022161664002711, 0.00487142762603443, 0.0050724163929853905, 0.0050724163929853905, 0.004971911960352404, 0.0050167626945722965, 0.005022161664002711, 0.004258161645367631, 0.0050724163929853905, 0.004821192993859746, 0.004971911960352404, 0.00487142762603443, 0.0050724163929853905, 0.005022161664002711, 0.005122676148054506, 0.004815796183411436, 0.004046721211846016, 0.004971911960352404, 0.0036617966695637882, 0.005122676148054506, 0.003907053537689942, 0.004866030275961997, 0.005022161664002711, 0.0050167626945722965, 0.005122676148054506, 0.0050724163929853905, 0.005122676148054506, 0.005022161664002711, 0.005022161664002711, 0.004966513530789252, 0.0050724163929853905, 0.005022161664002711, 0.005067016883607112, 0.005067016883607112, 0.005122676148054506, 0.0050724163929853905, 0.005022161664002711, 0.004971911960352404, 0.005022161664002711, 0.0047153430642690175, 0.005122676148054506, 0.0050724163929853905, 0.005122676148054506, 0.005022161664002711, 0.004916269391503469, 0.003840756078495877, 0.0050724163929853905, 0.005022161664002711, 0.0050724163929853905, 0.004971911960352404, 0.003595531598596713, 0.005122676148054506, 0.005122676148054506], [0.004910871559714591, 0.004916269391503469, 0.0, 0.004770963384003402, 0.004860632983869628, 0.004866030275961997, 0.0048351572076792415, 0.004916269391503469, 0.004966513530789252, 0.004916269391503469, 0.004971911960352626, 0.005022161664002711, 0.00487142762603443, 0.00492166728128085, 0.0047207387957124425, 0.0050724163929853905, 0.004815796183411436, 0.004760170900155236, 0.00487142762603443, 0.00487142762603443, 0.004815796183411436, 0.004751804958992301, 0.00492166728128085, 0.004966513530789252, 0.004910871559714591, 0.00492166728128085, 0.0048468682254467765, 0.0050167626945722965, 0.004696186760255072, 0.004640574718685508, 0.004860632983869628, 0.004815796183411436, 0.004910871559714591, 0.004815796183411436, 0.004765567113097946, 0.0049216672812810724, 0.004696186760255072, 0.00496651353078903, 0.004916269391503469, 0.00496651353078903, 0.004760170900155236, 0.00496651353078903, 0.004860632983869628, 0.0046543338258826505, 0.004866030275961997, 0.004760170900155236, 0.004866030275961997, 0.004966513530789252, 0.00492166728128085, 0.004815796183411436, 0.004852265369673647, 0.004855235749755993, 0.004916269391503469, 0.004821192993859746, 0.004916269391503469, 0.004966513530789252, 0.004741012886708473, 0.004910871559714591, 0.00492166728128085, 0.004855235749755993, 0.004815796183411436, 0.004765567113098168, 0.004916269391503469, 0.004916269391503469, 0.004852265369673647, 0.004860632983869628, 0.004866030275961997, 0.004916269391503469, 0.004866030275961997, 0.00487142762603443, 0.004754774745174162, 0.004665124036171697, 0.004916269391503469, 0.004860632983869628, 0.004916269391503469, 0.004815796183411214, 0.004815796183411436, 0.004821192993859746, 0.004966513530789252, 0.005067016883607112, 0.004659728902055127, 0.004904556756013756, 0.004810399430934087, 0.004916269391503469, 0.004866030275961997, 0.00487142762603443, 0.00496111515922304, 0.004866030275961997, 0.004971911960352404, 0.004902503108814127, 0.0047464088938709015, 0.00496651353078903, 0.00492166728128085, 0.00487142762603443, 0.00492166728128085, 0.00496651353078903, 0.004866030275961997, 0.004804085889888787, 0.004734700217585264, 0.004821192993859746, 0.004966513530789252], [0.0050724163929853905, 0.005022161664002711, 0.004770963384003402, 0.0, 0.0050724163929853905, 0.0047207387957122204, 0.004916269391503469, 0.0050724163929853905, 0.00492166728128085, 0.00496651353078903, 0.00496651353078903, 0.005122676148054506, 0.005122676148054506, 0.004570095152701015, 0.00496651353078903, 0.004810399430934087, 0.005022161664002711, 0.004601152000673681, 0.004971911960352404, 0.004386226482845368, 0.004609515433227962, 0.00487142762603443, 0.005022161664002711, 0.0050724163929853905, 0.004852265369673647, 0.0050167626945722965, 0.00492166728128085, 0.004860632983869628, 0.00492166728128085, 0.004770963384003402, 0.005022161664002711, 0.004916269391503469, 0.005022161664002711, 0.0050724163929853905, 0.005022161664002711, 0.00492166728128085, 0.002584332972417558, 0.004971911960352404, 0.005022161664002711, 0.004659728902055127, 0.004536814981496384, 0.004815796183411214, 0.004815796183411436, 0.004916269391503469, 0.005067016883607112, 0.0044364176322606586, 0.004614910028052366, 0.0050724163929853905, 0.004704551775243759, 0.004815796183411436, 0.0050167626945722965, 0.004815796183411214, 0.005022161664002711, 0.0027343815964655516, 0.0050724163929853905, 0.0050724163929853905, 0.004971911960352404, 0.0050724163929853905, 0.004971911960352404, 0.004866030275961997, 0.005022161664002711, 0.004866030275961997, 0.00487142762603443, 0.004690791292515373, 0.0044427265537563265, 0.0050724163929853905, 0.004971911960352404, 0.0050724163929853905, 0.0050724163929853905, 0.0031679182562458497, 0.004910871559714591, 0.002439700507277598, 0.005122676148054506, 0.005022161664002711, 0.0050724163929853905, 0.00492166728128085, 0.005022161664002711, 0.004952745871492414, 0.004952745871492414, 0.004798689263199707, 0.0050167626945722965, 0.00496651353078903, 0.005022161664002711, 0.005022161664002711, 0.005022161664002711, 0.0050724163929853905, 0.004897105424913173, 0.00487142762603443, 0.005022161664002711, 0.0050724163929853905, 0.0050724163929853905, 0.005022161664002711, 0.004952745871492414, 0.005022161664002711, 0.004665124036171475, 0.004971911960352404, 0.005122676148054506, 0.004952745871492414, 0.004971911960352404, 0.005022161664002711, 0.005122676148054506], [0.0029953168408294317, 0.005122676148054506, 0.004860632983869628, 0.0050724163929853905, 0.0, 0.003240248052586381, 0.00492166728128085, 0.0050724163929853905, 0.005122676148054506, 0.0047207387957122204, 0.005022161664002711, 0.004670519228233472, 0.0050724163929853905, 0.004469691151386401, 0.0047153430642692395, 0.004910871559714591, 0.0050724163929853905, 0.00492166728128085, 0.005022161664002711, 0.004866030275961997, 0.005022161664002711, 0.00496651353078903, 0.00461491002805281, 0.0050724163929853905, 0.005022161664002711, 0.005122676148054506, 0.0050724163929853905, 0.0048468682254465545, 0.004971911960352404, 0.004770963384003402, 0.0050724163929853905, 0.004971911960352404, 0.004916269391503469, 0.005122676148054506, 0.004587021182821394, 0.00492166728128085, 0.004971911960352404, 0.004770963384003402, 0.00496651353078903, 0.00492166728128085, 0.004866030275962219, 0.0049216672812810724, 0.004815796183411436, 0.00496651353078903, 0.004910871559714591, 0.005011363783147926, 0.0041578199850398345, 0.0048468682254465545, 0.004860632983869628, 0.004952745871492414, 0.0050724163929853905, 0.004770963384003402, 0.0050724163929853905, 0.005002993658461685, 0.005053246470476225, 0.004971911960352404, 0.004670519228233472, 0.0050724163929853905, 0.004971911960352404, 0.004855235749755993, 0.005122676148054506, 0.00487142762603443, 0.004514497068740075, 0.004916269391503469, 0.005022161664002711, 0.0050724163929853905, 0.0050724163929853905, 0.0047207387957122204, 0.005122676148054506, 0.0050167626945722965, 0.004916269391503469, 0.005022161664002711, 0.00496651353078903, 0.0045593069835456745, 0.004852265369673647, 0.004604120896338548, 0.005011363783147926, 0.004614910028052366, 0.005122676148054506, 0.004971911960352626, 0.004765567113097946, 0.005022161664002711, 0.004821192993859746, 0.00496651353078903, 0.005022161664002711, 0.0041578199850398345, 0.0048211929938599685, 0.004971911960352404, 0.004018863903931136, 0.004815796183411436, 0.00487142762603443, 0.004815796183411214, 0.004770963384003402, 0.005122676148054506, 0.005122676148054506, 0.005067016883607112, 0.00460412089633877, 0.0050724163929853905, 0.005122676148054506, 0.005122676148054506, 0.005122676148054506], [0.0024789537644243076, 0.0050724163929853905, 0.004866030275961997, 0.0047207387957122204, 0.003240248052586381, 0.0, 0.0050724163929853905, 0.005022161664002711, 0.005002993658461685, 0.005022161664002711, 0.005022161664002711, 0.004971911960352404, 0.004821192993859746, 0.004770963384003402, 0.005022161664002711, 0.004910871559714591, 0.005122676148054506, 0.005022161664002711, 0.0047966360486835224, 0.005022161664002711, 0.00492166728128085, 0.005022161664002711, 0.0045091035522559775, 0.005022161664002711, 0.005022161664002711, 0.0050724163929853905, 0.0050724163929853905, 0.004765567113097946, 0.0050724163929853905, 0.005122676148054506, 0.005022161664002711, 0.005122676148054506, 0.005022161664002711, 0.004971911960352626, 0.004486613798226902, 0.00496651353078903, 0.004971911960352404, 0.005022161664002711, 0.005067016883607112, 0.0050724163929853905, 0.004966513530789252, 0.00487142762603443, 0.004866030275961997, 0.004760170900155236, 0.004966513530789252, 0.004849838573620646, 0.004971911960352404, 0.0050724163929853905, 0.0038962796046855264, 0.005022161664002711, 0.005122676148054506, 0.005022161664002711, 0.00496651353078903, 0.0050724163929853905, 0.005022161664002711, 0.004971911960352626, 0.004670519228233472, 0.00496651353078903, 0.005022161664002711, 0.0047099473907799005, 0.005022161664002711, 0.00487142762603443, 0.004595757553603308, 0.004821192993859746, 0.0050724163929853905, 0.0050724163929853905, 0.004971911960352626, 0.0050724163929853905, 0.0050724163929853905, 0.004916269391503469, 0.005022161664002711, 0.005122676148054506, 0.004952745871492414, 0.004916269391503469, 0.005022161664002711, 0.00460412089633877, 0.004910871559714591, 0.005022161664002711, 0.0050724163929853905, 0.004971911960352626, 0.004971911960352404, 0.005022161664002711, 0.005022161664002711, 0.004971911960352404, 0.0050724163929853905, 0.005022161664002711, 0.0050724163929853905, 0.0050724163929853905, 0.003612424803472125, 0.00487142762603443, 0.005067016883607112, 0.005022161664002711, 0.0050724163929853905, 0.005122676148054506, 0.0050724163929853905, 0.0050724163929853905, 0.004553912985858721, 0.004821192993859746, 0.005122676148054506, 0.005022161664002711, 0.005122676148054506], [0.005022161664002711, 0.0050724163929853905, 0.0048351572076792415, 0.004916269391503469, 0.00492166728128085, 0.0050724163929853905, 0.0, 0.0050724163929853905, 0.005022161664002711, 0.005022161664002711, 0.004866030275961997, 0.004971911960352404, 0.00446429811604121, 0.00487142762603443, 0.004760170900155236, 0.00487142762603443, 0.005022161664002711, 0.0050167626945722965, 0.004971911960352404, 0.0050167626945722965, 0.00492166728128085, 0.004445151383786428, 0.004514497068740075, 0.005022161664002711, 0.004665124036171697, 0.004916269391503469, 0.004947347647836109, 0.005067016883607112, 0.005053246470476225, 0.004947347647836109, 0.004971911960352404, 0.0050724163929853905, 0.0050724163929853905, 0.004916269391503469, 0.005022161664002711, 0.005022161664002711, 0.004902503108814127, 0.00496111515922304, 0.005011363783147926, 0.005022161664002711, 0.00496651353078903, 0.00496651353078903, 0.004966513530789252, 0.004971911960352404, 0.00496651353078903, 0.005022161664002711, 0.004871427626034652, 0.005067016883607112, 0.0050724163929853905, 0.004770963384003402, 0.004947347647836109, 0.0050167626945722965, 0.005022161664002711, 0.00492166728128085, 0.004805002736427255, 0.005022161664002711, 0.004484561858906666, 0.0050167626945722965, 0.004971911960352404, 0.00487142762603443, 0.005122676148054506, 0.00496651353078903, 0.00496651353078903, 0.004971911960352626, 0.004802032653317578, 0.005067016883607112, 0.005022161664002711, 0.004971911960352404, 0.005022161664002711, 0.004765567113097946, 0.004916269391503247, 0.005022161664002711, 0.005022161664002711, 0.004910871559714591, 0.004971911960352404, 0.00487142762603443, 0.00496111515922304, 0.00487142762603443, 0.0050167626945722965, 0.004760170900155236, 0.004916269391503469, 0.00376816684559822, 0.00496111515922304, 0.0050724163929853905, 0.005122676148054506, 0.004821192993859746, 0.0050724163929853905, 0.00496111515922304, 0.00492166728128085, 0.004645969647083303, 0.004802032653317356, 0.0050167626945722965, 0.0050724163929853905, 0.004971911960352626, 0.004659728902055127, 0.004815796183411436, 0.00492166728128085, 0.00352297782518618, 0.003754432000289132, 0.004564701039159624, 0.004564701039159624], [0.0050724163929853905, 0.0050724163929853905, 0.004916269391503469, 0.0050724163929853905, 0.0050724163929853905, 0.005022161664002711, 0.0050724163929853905, 0.0, 0.0050724163929853905, 0.005122676148054506, 0.004971911960352404, 0.005122676148054506, 0.005122676148054506, 0.005067016883607112, 0.0050724163929853905, 0.00492166728128085, 0.005022161664002711, 0.004866030275961997, 0.0050724163929853905, 0.004971911960352404, 0.004754774745174384, 0.00496651353078903, 0.005122676148054506, 0.0050724163929853905, 0.005022161664002711, 0.005122676148054506, 0.0050167626945722965, 0.00487142762603443, 0.0050724163929853905, 0.0050724163929853905, 0.005122676148054506, 0.0050167626945725186, 0.00496651353078903, 0.001774103028355789, 0.00496651353078903, 0.00492166728128085, 0.0050724163929853905, 0.005022161664002711, 0.005067016883607112, 0.00487142762603443, 0.005022161664002711, 0.005122676148054506, 0.00487142762603443, 0.004916269391503469, 0.0050724163929853905, 0.005067016883607112, 0.004971911960352404, 0.005122676148054506, 0.005053246470476225, 0.00496651353078903, 0.005122676148054506, 0.005122676148054506, 0.005022161664002711, 0.0050724163929853905, 0.005122676148054506, 0.004916269391503469, 0.0050724163929853905, 0.004971911960352404, 0.004815796183411436, 0.004860632983869628, 0.005122676148054506, 0.004971911960352626, 0.0050724163929853905, 0.004765567113098168, 0.005122676148054506, 0.004971911960352404, 0.0034459668134039223, 0.005122676148054506, 0.005122676148054506, 0.005022161664002711, 0.004798689263199707, 0.005122676148054506, 0.005122676148054506, 0.0050724163929853905, 0.005122676148054506, 0.005002993658461685, 0.004902503108814127, 0.0050724163929853905, 0.005067016883607112, 0.0048468682254465545, 0.0050724163929853905, 0.004971911960352404, 0.005122676148054506, 0.005022161664002711, 0.0050724163929853905, 0.005122676148054506, 0.00496651353078903, 0.004971911960352626, 0.005122676148054506, 0.0050724163929853905, 0.005122676148054506, 0.005122676148054506, 0.004760170900155236, 0.005122676148054506, 0.0050167626945722965, 0.0050724163929853905, 0.004129956511991217, 0.005022161664002711, 0.004971911960352404, 0.005122676148054506, 0.005067016883607112], [0.0050724163929853905, 0.00487142762603443, 0.004966513530789252, 0.00492166728128085, 0.005122676148054506, 0.005002993658461685, 0.005022161664002711, 0.0050724163929853905, 0.0, 0.005022161664002711, 0.005022161664002711, 0.004699156217659484, 0.005122676148054506, 0.004866030275961997, 0.0050724163929853905, 0.00496111515922304, 0.0050724163929853905, 0.004866030275962219, 0.004947347647836109, 0.004498316693041904, 0.004821192993859746, 0.0050724163929853905, 0.00487142762603443, 0.0050724163929853905, 0.0050724163929853905, 0.005122676148054506, 0.005122676148054506, 0.004765567113098168, 0.004313731356749395, 0.005122676148054506, 0.004916269391503469, 0.00487142762603443, 0.003661796669563566, 0.005122676148054506, 0.00487142762603443, 0.00492166728128085, 0.005122676148054506, 0.005122676148054506, 0.0047207387957124425, 0.004760170900155236, 0.00492166728128085, 0.00492166728128085, 0.00496651353078903, 0.004609515433227962, 0.0050167626945722965, 0.004971911960352404, 0.0042249021385589725, 0.005122676148054506, 0.0046543338258826505, 0.004971911960352404, 0.0050724163929853905, 0.0050724163929853905, 0.005122676148054506, 0.004971911960352404, 0.005022161664002711, 0.0047207387957122204, 0.004699156217659484, 0.005122676148054506, 0.004916269391503247, 0.004821192993859746, 0.004202598083105302, 0.0037072725800950668, 0.004802032653317578, 0.004815796183411436, 0.0047207387957122204, 0.0033565495024789893, 0.004971911960352404, 0.005122676148054506, 0.00467051922823325, 0.0050724163929853905, 0.004860632983869628, 0.005022161664002711, 0.004891707798997169, 0.005022161664002711, 0.005022161664002711, 0.004809482574547053, 0.004971911960352404, 0.0050167626945722965, 0.004971911960352404, 0.004770963384003402, 0.005122676148054506, 0.005022161664002711, 0.0050724163929853905, 0.0028344389667143144, 0.0035060876313648404, 0.005122676148054506, 0.004971911960352404, 0.005022161664002711, 0.004113045880169919, 0.004866030275962219, 0.004860632983869406, 0.0050167626945722965, 0.004971911960352404, 0.005022161664002711, 0.0050724163929853905, 0.0049216672812810724, 0.004971911960352404, 0.005022161664002711, 0.00492166728128085, 0.005022161664002711, 0.0050724163929853905], [0.005122676148054506, 0.005022161664002711, 0.004916269391503469, 0.00496651353078903, 0.0047207387957122204, 0.005022161664002711, 0.005022161664002711, 0.005122676148054506, 0.005022161664002711, 0.0, 0.004971911960352404, 0.0050724163929853905, 0.004670519228233472, 0.005122676148054506, 0.0047153430642692395, 0.00487142762603443, 0.005122676148054506, 0.00496651353078903, 0.005122676148054506, 0.00487142762603443, 0.00463426331157768, 0.005022161664002711, 0.0050167626945722965, 0.004971911960352404, 0.005022161664002711, 0.005022161664002711, 0.00492166728128085, 0.004971911960352404, 0.004971911960352404, 0.0050167626945722965, 0.005122676148054506, 0.004971911960352404, 0.0050167626945722965, 0.004952745871492414, 0.005122676148054506, 0.004971911960352404, 0.0050724163929853905, 0.005022161664002711, 0.0050724163929853905, 0.004852265369673647, 0.0050724163929853905, 0.0048468682254465545, 0.004916269391503469, 0.004815796183411436, 0.005022161664002711, 0.004902503108814127, 0.005002993658461685, 0.004821192993859746, 0.004414104180311185, 0.004866030275961997, 0.00492166728128085, 0.004971911960352404, 0.0021736857726912806, 0.005122676148054506, 0.005022161664002711, 0.004971911960352404, 0.0050724163929853905, 0.005022161664002711, 0.004916269391503247, 0.00492166728128085, 0.0050724163929853905, 0.005022161664002711, 0.004971911960352404, 0.004759254135429547, 0.004916269391503247, 0.005022161664002711, 0.0050724163929853905, 0.004971911960352404, 0.0050724163929853905, 0.005022161664002711, 0.005022161664002711, 0.005122676148054506, 0.00492166728128085, 0.004971911960352404, 0.0050724163929853905, 0.004770963384003402, 0.005022161664002711, 0.004866030275961997, 0.0050724163929853905, 0.00487142762603443, 0.0050724163929853905, 0.004902503108814127, 0.005122676148054506, 0.005122676148054506, 0.005022161664002711, 0.005122676148054506, 0.005122676148054506, 0.004809482574547053, 0.005067016883607112, 0.0050167626945722965, 0.0050724163929853905, 0.004971911960352404, 0.00487142762603443, 0.0050724163929853905, 0.005122676148054506, 0.005022161664002711, 0.004947347647836109, 0.005022161664002711, 0.0050724163929853905, 0.0050724163929853905, 0.005002993658461685], [0.005022161664002711, 0.004821192993859746, 0.004971911960352626, 0.00496651353078903, 0.005022161664002711, 0.005022161664002711, 0.004866030275961997, 0.004971911960352404, 0.005022161664002711, 0.004971911960352404, 0.0, 0.0050724163929853905, 0.005022161664002711, 0.0047099473907799005, 0.004770963384003402, 0.004916269391503469, 0.005022161664002711, 0.004916269391503469, 0.005122676148054506, 0.004821192993859746, 0.004916269391503469, 0.00496651353078903, 0.00492166728128085, 0.005022161664002711, 0.005022161664002711, 0.001668894065212534, 0.0050724163929853905, 0.004760170900155236, 0.005122676148054506, 0.005122676148054506, 0.005122676148054506, 0.005022161664002711, 0.004765567113098168, 0.004971911960352404, 0.0050724163929853905, 0.004690791292515373, 0.0050724163929853905, 0.0050167626945722965, 0.0050724163929853905, 0.00492166728128085, 0.004971911960352404, 0.005022161664002711, 0.004759254135429547, 0.004765567113098168, 0.0020291717543909904, 0.00492166728128085, 0.0050167626945722965, 0.004971911960352404, 0.005022161664002711, 0.00487142762603443, 0.0018186687813337432, 0.0050724163929853905, 0.004952745871492414, 0.004821192993859746, 0.0050724163929853905, 0.004765567113097946, 0.005022161664002711, 0.004971911960352404, 0.004966513530789252, 0.004595757553603308, 0.005022161664002711, 0.004810399430934087, 0.00487142762603443, 0.00492166728128085, 0.005022161664002711, 0.0045091035522559775, 0.0050724163929853905, 0.004916269391503469, 0.005022161664002711, 0.004810399430934087, 0.004971911960352404, 0.005022161664002711, 0.0050167626945722965, 0.0050167626945722965, 0.005022161664002711, 0.004754774745174384, 0.004971911960352404, 0.0032680621700149626, 0.0050724163929853905, 0.004810399430934087, 0.004916269391503469, 0.00496651353078903, 0.0050724163929853905, 0.005022161664002711, 0.0050724163929853905, 0.004916269391503469, 0.005122676148054506, 0.004821192993859746, 0.00496651353078903, 0.005122676148054506, 0.005022161664002711, 0.00487142762603443, 0.004810399430934087, 0.005022161664002711, 0.00487142762603443, 0.00496651353078903, 0.005022161664002711, 0.005122676148054506, 0.00492166728128085, 0.005122676148054506, 0.004916269391503469], [0.004971911960352404, 0.0050724163929853905, 0.005022161664002711, 0.005122676148054506, 0.004670519228233472, 0.004971911960352404, 0.004971911960352404, 0.005122676148054506, 0.004699156217659484, 0.0050724163929853905, 0.0050724163929853905, 0.0, 0.00496651353078903, 0.004578658124793078, 0.0050724163929853905, 0.004866030275961997, 0.005022161664002711, 0.004447203162095681, 0.00496651353078903, 0.0050724163929853905, 0.004971911960352626, 0.005122676148054506, 0.0050724163929853905, 0.005022161664002711, 0.0045593069835456745, 0.004971911960352404, 0.00492166728128085, 0.004654333825882873, 0.004860632983869628, 0.003590147945932376, 0.0050724163929853905, 0.004866030275961997, 0.004609515433227962, 0.005022161664002711, 0.00460951543322774, 0.004916269391503469, 0.00487142762603443, 0.004815796183411436, 0.004614910028052588, 0.004916269391503469, 0.004353131519532871, 0.005022161664002711, 0.004916269391503469, 0.004765567113098168, 0.0050724163929853905, 0.004916269391503469, 0.0047996060998902745, 0.004971911960352404, 0.004916269391503469, 0.004910871559714591, 0.005022161664002711, 0.00368499151179269, 0.005022161664002711, 0.005022161664002711, 0.0050724163929853905, 0.004241989526476919, 0.004659728902055127, 0.005122676148054506, 0.004848921645258297, 0.00487142762603443, 0.004665124036171475, 0.004579574559988586, 0.004765567113098168, 0.005022161664002711, 0.004971911960352404, 0.004749378648154057, 0.004866030275961997, 0.005022161664002711, 0.0046543338258826505, 0.005060700117343053, 0.005022161664002711, 0.004971911960352404, 0.0050724163929853905, 0.0033289031523446866, 0.004765567113097946, 0.004866030275961997, 0.0050724163929853905, 0.00487142762603443, 0.00487142762603443, 0.004810399430934087, 0.004971911960352404, 0.00492166728128085, 0.004080711509773627, 0.004593331996363359, 0.004604120896338548, 0.004854318811543745, 0.003534658276721947, 0.004760170900155236, 0.004971911960352404, 0.004866030275961997, 0.0050167626945725186, 0.00492166728128085, 0.004971911960352404, 0.005122676148054506, 0.005022161664002711, 0.0050724163929853905, 0.00487142762603443, 0.00496651353078903, 0.005022161664002711, 0.005022161664002711, 0.00492166728128085], [0.004902503108814127, 0.004971911960352404, 0.00487142762603443, 0.005122676148054506, 0.0050724163929853905, 0.004821192993859746, 0.00446429811604121, 0.005122676148054506, 0.005122676148054506, 0.004670519228233472, 0.005022161664002711, 0.00496651353078903, 0.0, 0.0050724163929853905, 0.005002993658461685, 0.004809482574547053, 0.005002993658461685, 0.00496651353078903, 0.005022161664002711, 0.00438417495364174, 0.005022161664002711, 0.005022161664002711, 0.0029899396257644373, 0.004952745871492414, 0.003757395893436266, 0.004952745871492414, 0.004916269391503469, 0.00487142762603443, 0.0050724163929853905, 0.005067016883607112, 0.0050724163929853905, 0.004952745871492414, 0.004891707798997169, 0.004971911960352404, 0.004852265369673647, 0.004770963384003402, 0.0050724163929853905, 0.005022161664002711, 0.004902503108814127, 0.004916269391503469, 0.00496651353078903, 0.0050724163929853905, 0.004971911960352404, 0.004815796183411436, 0.004902503108814127, 0.004971911960352404, 0.005122676148054506, 0.0050724163929853905, 0.005022161664002711, 0.005022161664002711, 0.005022161664002711, 0.004852265369673647, 0.0050724163929853905, 0.005122676148054506, 0.005022161664002711, 0.004645969647083303, 0.0050724163929853905, 0.004902503108814127, 0.005022161664002711, 0.004765567113098168, 0.005022161664002711, 0.0047153430642690175, 0.00496651353078903, 0.005022161664002711, 0.005022161664002711, 0.004902503108814127, 0.004860632983869406, 0.004897105424913173, 0.0048468682254465545, 0.004802032653317356, 0.005022161664002711, 0.0050724163929853905, 0.0050724163929853905, 0.0050724163929853905, 0.005022161664002711, 0.004866030275961997, 0.0042804681691299695, 0.0050724163929853905, 0.004971911960352404, 0.004916269391503469, 0.004751804958992301, 0.004971911960352404, 0.00492166728128085, 0.004897105424913173, 0.004947347647836109, 0.0050724163929853905, 0.005022161664002711, 0.004897105424913173, 0.004952745871492414, 0.0050724163929853905, 0.00487142762603443, 0.005053246470476225, 0.0047099473907799005, 0.0028314805216647088, 0.003200935155202478, 0.005022161664002711, 0.005022161664002711, 0.00492166728128085, 0.005022161664002711, 0.002070806246533552, 0.0032510079089000943], [0.00492166728128085, 0.0050724163929853905, 0.00492166728128085, 0.004570095152701015, 0.004469691151386401, 0.004770963384003402, 0.00487142762603443, 0.005067016883607112, 0.004866030275961997, 0.005122676148054506, 0.0047099473907799005, 0.004578658124793078, 0.0050724163929853905, 0.0, 0.00487142762603443, 0.004866030275961997, 0.005122676148054506, 0.004854318811543967, 0.005122676148054506, 0.004971911960352626, 0.004765567113098168, 0.00487142762603443, 0.00492166728128085, 0.005022161664002711, 0.004866030275961997, 0.0047099473907799005, 0.005022161664002711, 0.0047099473907799005, 0.0050167626945722965, 0.004302948693089226, 0.005022161664002711, 0.0050724163929853905, 0.004815796183411436, 0.00496651353078903, 0.004971911960352404, 0.004810399430934087, 0.0050724163929853905, 0.0047153430642692395, 0.0049216672812810724, 0.005022161664002711, 0.004916269391503469, 0.0047207387957124425, 0.00487142762603443, 0.00492166728128085, 0.004760170900155236, 0.004910871559714591, 0.002933775408913819, 0.005022161664002711, 0.00492166728128085, 0.0050724163929853905, 0.004760170900155236, 0.004765567113097946, 0.005022161664002711, 0.0050724163929853905, 0.005022161664002711, 0.004971911960352404, 0.004659728902055127, 0.004971911960352404, 0.0036285766517791807, 0.004821192993859746, 0.00496651353078903, 0.0047464088938709015, 0.004765567113098168, 0.00492166728128085, 0.004971911960352404, 0.004916269391503469, 0.00496651353078903, 0.004971911960352404, 0.004971911960352404, 0.005010446559977844, 0.00492166728128085, 0.0050724163929853905, 0.004910871559714591, 0.004815796183411214, 0.00492166728128085, 0.004609515433227962, 0.00490547378591355, 0.004916269391503469, 0.005022161664002711, 0.00461491002805281, 0.0050724163929853905, 0.005022161664002711, 0.004815796183411214, 0.0050167626945722965, 0.0050167626945722965, 0.0026504645720872855, 0.00496651353078903, 0.004866030275961997, 0.0050724163929853905, 0.004147040668940338, 0.0050724163929853905, 0.005022161664002711, 0.005022161664002711, 0.0050724163929853905, 0.004910871559714591, 0.005122676148054506, 0.004570095152701459, 0.005022161664002711, 0.005122676148054506, 0.00496651353078903, 0.0050724163929853905], [0.004852265369673647, 0.004971911960352404, 0.0047207387957124425, 0.00496651353078903, 0.0047153430642692395, 0.005022161664002711, 0.004760170900155236, 0.0050724163929853905, 0.0050724163929853905, 0.0047153430642692395, 0.004770963384003402, 0.0050724163929853905, 0.005002993658461685, 0.00487142762603443, 0.0, 0.00487142762603443, 0.004947347647836109, 0.004855235749755993, 0.00492166728128085, 0.004902503108814127, 0.004665124036171475, 0.004916269391503469, 0.005022161664002711, 0.004952745871492414, 0.004971911960352404, 0.004852265369673647, 0.002889851224637363, 0.004904556756013756, 0.0050724163929853905, 0.00492166728128085, 0.004971911960352404, 0.0048468682254467765, 0.0048468682254465545, 0.0050724163929853905, 0.005053246470476225, 0.004971911960352404, 0.004821192993859746, 0.0038630440631295393, 0.004952745871492414, 0.004971911960352404, 0.005122676148054506, 0.004866030275961997, 0.004815796183411436, 0.0047153430642692395, 0.004902503108814127, 0.0050167626945722965, 0.004815796183411436, 0.004866030275961997, 0.0050724163929853905, 0.0050167626945722965, 0.004971911960352404, 0.004952745871492414, 0.004770963384003402, 0.00487142762603443, 0.004971911960352404, 0.0048468682254465545, 0.00492166728128085, 0.004852265369673647, 0.00496651353078903, 0.004815796183411436, 0.004971911960352404, 0.004866030275961997, 0.004815796183411436, 0.004866030275961997, 0.00492166728128085, 0.004802032653317356, 0.0050167626945722965, 0.004902503108814127, 0.0048468682254465545, 0.004802032653317356, 0.00460412089633877, 0.0050724163929853905, 0.004971911960352404, 0.004971911960352626, 0.00492166728128085, 0.00496111515922304, 0.0045593069835456745, 0.004910871559714591, 0.004971911960352404, 0.004815796183411436, 0.004952745871492414, 0.0050724163929853905, 0.005022161664002711, 0.004852265369673647, 0.004852265369673647, 0.004916269391503469, 0.0049216672812810724, 0.004696186760255072, 0.005002993658461685, 0.005122676148054506, 0.00487142762603443, 0.0047966360486835224, 0.004207988308639665, 0.004902503108814127, 0.004916269391503469, 0.004866030275961997, 0.004971911960352404, 0.005022161664002711, 0.005022161664002711, 0.004952745871492414, 0.005022161664002711], [0.004910871559714591, 0.004770963384003402, 0.0050724163929853905, 0.004810399430934087, 0.004910871559714591, 0.004910871559714591, 0.00487142762603443, 0.00492166728128085, 0.00496111515922304, 0.00487142762603443, 0.004916269391503469, 0.004866030275961997, 0.004809482574547053, 0.004866030275961997, 0.00487142762603443, 0.0, 0.004670519228233472, 0.004765567113097946, 0.004916269391503469, 0.004754774745174162, 0.004665124036171697, 0.00487142762603443, 0.004740096156942819, 0.004866030275961997, 0.00470903071770179, 0.004916269391503469, 0.004821192993859746, 0.004810399430934087, 0.004860632983869406, 0.00492166728128085, 0.005022161664002711, 0.00492166728128085, 0.00496651353078903, 0.004971911960352626, 0.004855235749755993, 0.0047099473907799005, 0.004860632983869628, 0.00492166728128085, 0.00492166728128085, 0.00487142762603443, 0.004971911960352404, 0.004810399430934087, 0.004760170900155236, 0.004916269391503469, 0.004966513530789252, 0.004810399430934087, 0.004971911960352404, 0.004910871559714591, 0.004815796183411436, 0.004866030275961997, 0.004966513530789252, 0.004866030275962219, 0.004866030275961997, 0.004609515433227962, 0.005011363783147926, 0.004815796183411436, 0.004815796183411436, 0.004910871559714591, 0.0047207387957124425, 0.004765567113097946, 0.004754774745174162, 0.004916269391503469, 0.00487142762603443, 0.0047153430642692395, 0.004659728902055127, 0.004910871559714591, 0.004620304680814202, 0.004815796183411436, 0.0049216672812810724, 0.004609515433227962, 0.004916269391503469, 0.004609515433227962, 0.004760170900155236, 0.004815796183411436, 0.004815796183411214, 0.004821192993859746, 0.004658812320610828, 0.004866030275961997, 0.004810399430934087, 0.004971911960352626, 0.0047153430642692395, 0.004971911960352626, 0.00460951543322774, 0.004916269391503469, 0.00496111515922304, 0.00487142762603443, 0.004815796183411436, 0.00492166728128085, 0.004955716845653324, 0.00492166728128085, 0.004815796183411436, 0.004860632983869628, 0.004916269391503469, 0.004759254135429547, 0.004759254135429547, 0.004860632983869628, 0.0047153430642692395, 0.004614910028052588, 0.004770963384003402, 0.004859716035807038, 0.004859716035807038], [0.005002993658461685, 0.0013303125219570333, 0.004815796183411436, 0.005022161664002711, 0.0050724163929853905, 0.005122676148054506, 0.005022161664002711, 0.005022161664002711, 0.0050724163929853905, 0.005122676148054506, 0.005022161664002711, 0.005022161664002711, 0.005002993658461685, 0.005122676148054506, 0.004947347647836109, 0.004670519228233472, 0.0, 0.00492166728128085, 0.0050167626945722965, 0.004852265369673647, 0.004659728902055127, 0.0038236823418769106, 0.004971911960352404, 0.005053246470476225, 0.004971911960352626, 0.005053246470476225, 0.004469691151386179, 0.004866030275961997, 0.00492166728128085, 0.005022161664002711, 0.0050724163929853905, 0.004952745871492414, 0.005002993658461685, 0.004821192993859746, 0.005053246470476225, 0.004916269391503469, 0.005122676148054506, 0.00492166728128085, 0.004790322680595649, 0.004971911960352404, 0.004670519228233472, 0.0050724163929853905, 0.0050167626945722965, 0.004860632983869628, 0.004952745871492414, 0.0050724163929853905, 0.005022161664002711, 0.005122676148054506, 0.005122676148054506, 0.0049216672812810724, 0.005122676148054506, 0.005002993658461685, 0.005022161664002711, 0.005122676148054506, 0.0050724163929853905, 0.0048468682254465545, 0.0050724163929853905, 0.004952745871492414, 0.00496651353078903, 0.00487142762603443, 0.005122676148054506, 0.005122676148054506, 0.0050724163929853905, 0.004866030275961997, 0.004102267525315284, 0.005002993658461685, 0.0035561908525989505, 0.005053246470476225, 0.003938069401951516, 0.005002993658461685, 0.005022161664002711, 0.0050724163929853905, 0.0050724163929853905, 0.0050724163929853905, 0.005122676148054506, 0.005022161664002711, 0.005022161664002711, 0.004916269391503469, 0.005122676148054506, 0.005022161664002711, 0.004997594894969648, 0.00496651353078903, 0.005122676148054506, 0.005053246470476225, 0.005053246470476225, 0.005022161664002711, 0.0050724163929853905, 0.0044451513837859835, 0.005053246470476225, 0.004971911960352404, 0.0050724163929853905, 0.004751804958992301, 0.004916269391503469, 0.0034153536445160615, 0.005022161664002711, 0.005022161664002711, 0.005022161664002711, 0.005022161664002711, 0.003194814451091821, 0.005053246470476225, 0.0050724163929853905], [0.00492166728128085, 0.005022161664002711, 0.004760170900155236, 0.004601152000673681, 0.00492166728128085, 0.005022161664002711, 0.0050167626945722965, 0.004866030275961997, 0.004866030275962219, 0.00496651353078903, 0.004916269391503469, 0.004447203162095681, 0.00496651353078903, 0.004854318811543967, 0.004855235749755993, 0.004765567113097946, 0.00492166728128085, 0.0, 0.004821192993859746, 0.004770963384003402, 0.004815796183411214, 0.0047207387957122204, 0.004810399430934087, 0.0050724163929853905, 0.00412790602955182, 0.00496651353078903, 0.004860632983869628, 0.004855235749755993, 0.0047153430642692395, 0.004408711741844984, 0.005022161664002711, 0.00487142762603443, 0.004860632983869628, 0.00496651353078903, 0.004971911960352404, 0.00492166728128085, 0.00492166728128085, 0.004866030275961997, 0.004770963384003624, 0.005022161664002711, 0.004252770881197465, 0.004971911960352404, 0.0047153430642692395, 0.00492166728128085, 0.004815796183411436, 0.004665124036171475, 0.004866030275961997, 0.005022161664002711, 0.0050724163929853905, 0.004971911960352404, 0.00496651353078903, 0.003996568999746097, 0.004916269391503469, 0.005022161664002711, 0.004815796183411436, 0.00403594428082199, 0.0047099473907799005, 0.00487142762603443, 0.004804085889888787, 0.005022161664002711, 0.0050724163929853905, 0.004866030275961997, 0.004760170900155236, 0.004947347647836109, 0.00492166728128085, 0.004866030275961997, 0.00492166728128085, 0.004971911960352404, 0.00492166728128085, 0.004954799724052439, 0.0050724163929853905, 0.004971911960352404, 0.005122676148054506, 0.004202598083105746, 0.004765567113098168, 0.004765567113098168, 0.004916269391503469, 0.004902503108814127, 0.004902503108814127, 0.004916269391503469, 0.004971911960352404, 0.004866030275961997, 0.004503710093690438, 0.0047153430642692395, 0.004971911960352404, 0.00474846190312217, 0.00407774570695052, 0.0047099473907799005, 0.005022161664002711, 0.004971911960352404, 0.005122676148054506, 0.00492166728128085, 0.005002993658461685, 0.004860632983869628, 0.004760170900155236, 0.004821192993859746, 0.00496651353078903, 0.004802032653317578, 0.004971911960352404, 0.004860632983869628, 0.004916269391503469], [0.005022161664002711, 0.005122676148054506, 0.00487142762603443, 0.004971911960352404, 0.005022161664002711, 0.0047966360486835224, 0.004971911960352404,