[[1.0, 0.610329374851587, 0.5613294572548265, 0.4793341332421824, 0.4152152395717386, 0.4157212520548207, 0.42414770454207246, 0.40877926978865686, 0.46670828908466433, 0.5113661980318198, 0.40877926978865686, 0.4182617889975656, 0.5199003135842961, 0.5620609552137829, 0.3783746756191684, 0.4378700322283677, 0.4859470573824534, 0.4706262124925391, 0.5658555486393623, 0.6090950184606614, 0.505084517600477, 0.46785495270732574, 0.5627116659749926, 0.564946629105776, 0.5976313680700133, 0.5288593823252548, 0.41617723999927714, 0.5568417717282961, 0.5294990434555746, 0.3742912978370363, 0.5342938100217001, 0.5040768378031623, 0.45583536750931797, 0.4651871274205449, 0.4375592414510698, 0.40799095186083795, 0.34910390621708387, 0.4876370197990876, 0.5765501641647217, 0.40984932772215077, 0.1032495081238791, 0.4375009090462894, 0.5358253002227408, 0.524030449648378, 0.547133435161669, 0.4675167099105013, 0.5287480961400859, 0.3874918713957257, 0.5881564351696581, 0.4227833897656311, 0.289090932496108, 0.5451093649982711, 0.5046741221232798, 0.4778605968619586, 0.5521704785342615, 0.4499350373980636, 0.4594290178442663, 0.4811613874814382, 0.41099177483867727, 0.4336829477153539, 0.5233877205331778, 0.4148647573781932, 0.5208098425630379, 0.5526398487673466, 0.3889721364386177, 0.5032923065327342, 0.4904946722030392, 0.4777560802288581, 0.6812188466999842, 0.45111479957720935, 0.5565299823837223, 0.5417499657661865, 0.5050956202839596, 0.5234453476834501, 0.47367735708604114, 0.43399154499117415, 0.42963013985459336, 0.5385336725096971, 0.47883039980277764, 0.5079604037816331, 0.5443740248453625, 0.5396126185002266, 0.4822183841807916, 0.5707576769658311, 0.47115265704506426, 0.34326084666274637, 0.517558731042547, 0.5291065343115966, 0.49973447718695735, 0.5655830827905287, 0.4745688918531057, 0.5140459793275508, 0.5327256194659786, 0.4662521308131871, 0.5031747899936531, 0.42188899290639653, 0.4585221175672623, 0.503677760328927, 0.44755893316753576, 0.49048543493361696, 0.4741057428130352, 0.5094551425716851, 0.5199832539780957, 0.43056586616529496], [0.610329374851587, 0.9999999701976785, 0.6618823252692749, 0.46116102202424236, 0.3896637588507357, 0.4791518547342577, 0.38719256419864806, 0.46572132442314157, 0.4529855538655506, 0.5290077346350412, 0.46572132442314157, 0.3860902365603287, 0.6230879724508249, 0.6221039243311518, 0.35070160239858267, 0.4236875286728024, 0.5675123027259023, 0.551828427242911, 0.5572067182171219, 0.8296299693865425, 0.6068889845218461, 0.45415552741081033, 0.6472656888516027, 0.6707607349160472, 0.6396361280226078, 0.6044191198821854, 0.4233460287966642, 0.6638802622460487, 0.5553246919878834, 0.35346729806250704, 0.6312719058873208, 0.5195120718360632, 0.4268854312163302, 0.46022892324498194, 0.39398470585586964, 0.4019278217848005, 0.3406276336614484, 0.5527499077692436, 0.6675711398248491, 0.3818704620807989, 0.10075355640003866, 0.5069826705633752, 0.5947228294148144, 0.6101416663181746, 0.6491039772470648, 0.5446905195157349, 0.6272225788786648, 0.35393038999417376, 0.6256921413054117, 0.41951103997382955, 0.2728439950086013, 0.6408596472613458, 0.5824284897537827, 0.5659235781034588, 0.635322159334704, 0.4483399943911339, 0.4594159542468844, 0.46763390445174347, 0.3604616025148552, 0.5019382415290896, 0.6137111902169698, 0.38423198892873983, 0.6151794465109468, 0.6796940425199492, 0.35301574633599014, 0.5976253551309687, 0.4575303602998578, 0.5695890256373202, 0.6499983437677834, 0.45355135772595057, 0.6287367383898806, 0.6271105628323117, 0.5982165057665965, 0.6186417308637348, 0.46163832151026324, 0.3836315204433768, 0.3910475642528013, 0.6358632018744043, 0.45026143156715376, 0.6143857661156169, 0.6332920005974502, 0.62766510673154, 0.5637328279756685, 0.6580636033614382, 0.43581984331779605, 0.31947119081329284, 0.6082133153729141, 0.5330819002354488, 0.580664426182611, 0.6406380404830712, 0.42665224043531225, 0.6058605289918227, 0.5434970683877851, 0.46105143020088973, 0.5068407915091967, 0.4862864847989039, 0.53576105633458, 0.49476368939075827, 0.42297320236112007, 0.46419830694775205, 0.46318657589521955, 0.6187911453039882, 0.6117151656811652, 0.5020042149926409], [0.5613294572548265, 0.6618823252692749, 0.9999999701976785, 0.4461483253520326, 0.37945021994161376, 0.5103867279488946, 0.3601002710039529, 0.4957327522947393, 0.43161327265256316, 0.5033296791925935, 0.4957327522947393, 0.36020526740674, 0.7000331567762201, 0.6950894837692239, 0.3202057962229807, 0.4044333452927258, 0.6348517802566864, 0.6008260018935231, 0.521930360947061, 0.6738296864242448, 0.6864482041494538, 0.43590623939981293, 0.7352019883714342, 0.7028336385044385, 0.5730719908389887, 0.6867204152110594, 0.41254288357788227, 0.6701811239110944, 0.5409525117520366, 0.35464453784026173, 0.7613942069198186, 0.49657871419535043, 0.4134718053922336, 0.4440162236613077, 0.36564522749841905, 0.3983062467731407, 0.34229561842823086, 0.6049933019557632, 0.6085649713217172, 0.3567704153192277, 0.09974134832080012, 0.550294699470057, 0.5939300827374099, 0.7293072960834469, 0.7603714014971609, 0.5982977189357608, 0.7605294183652319, 0.3223352223262302, 0.6161781479686459, 0.38550962496604135, 0.2550993592835484, 0.7597004462768242, 0.588085439939229, 0.6053422990338723, 0.5406362282912069, 0.4352483292460423, 0.4432377257727355, 0.44855385160182837, 0.3392716471476578, 0.5435703093027213, 0.7218525538109664, 0.35891149343412976, 0.7187187730664752, 0.7097625227056051, 0.3362935262636374, 0.6926465464176643, 0.4385329935272802, 0.635140351628191, 0.5814215934461406, 0.4393591511552014, 0.7210933066415636, 0.7363990211022409, 0.7019830983495274, 0.7308930815480534, 0.44065187308285597, 0.3606790484776232, 0.36441793341675316, 0.7559737466841753, 0.42844037604393276, 0.6296340139804214, 0.7073646005392101, 0.7351109783854309, 0.6258027007571156, 0.6754664049199579, 0.4135742487259542, 0.29253132185152825, 0.7124286534602406, 0.5539008611248297, 0.6491678164830698, 0.7531805087323477, 0.4092595639053472, 0.5845594954342744, 0.5168269282802375, 0.44562959754651466, 0.48917139469028886, 0.5215485068454073, 0.5928519504509817, 0.514567342081099, 0.38610965596458946, 0.445627290205272, 0.44832582232055385, 0.703065716654223, 0.5631567042962199, 0.5397599723185064], [0.4793341332421824, 0.46116102202424236, 0.4461483253520326, 0.9999999701976785, 0.43805058654092777, 0.4002414643067661, 0.5086823131531187, 0.39741352684221054, 0.6948065269109752, 0.4610839414881424, 0.39741352684221054, 0.5511762099580688, 0.4429600432656405, 0.4350120815270989, 0.4406150297701709, 0.5704902001001483, 0.43363955875263827, 0.42800349310275304, 0.4702372990859778, 0.4632834086310573, 0.4350545563359079, 0.7397507741492096, 0.43798401385730984, 0.44674854435665523, 0.42862324917561606, 0.44090929878217267, 0.6146094525859623, 0.4509322370922688, 0.42035402615240014, 0.3102153889964429, 0.4425495944318561, 0.4586450845542258, 0.5483373365069791, 0.8029914998135671, 0.5440650181452333, 0.33329489306498156, 0.2938048664593993, 0.4306920411870442, 0.4383962781136909, 0.5377356363455813, 0.10011510691830704, 0.4136187911329312, 0.44061713028043137, 0.44057109567254144, 0.4497533227933546, 0.4263885998218133, 0.43883821254972843, 0.43671268264551977, 0.4270515540954638, 0.5840332956825744, 0.28692478529105503, 0.44136130325445455, 0.4410119533150291, 0.43280232433014176, 0.4500904580250302, 0.7354816270165441, 0.7427721291869713, 0.7246631172210637, 0.4412589264222161, 0.4105951244184416, 0.4339280056587558, 0.5454144268535892, 0.4365872278306931, 0.45357831354541606, 0.3915483823595562, 0.43566658141325504, 0.6410734136877858, 0.4248363636658175, 0.48603125890152854, 0.7181170583311686, 0.44144991375011794, 0.43802409606311654, 0.44113157231444, 0.4392595564110643, 0.6774321945984929, 0.5268600011034668, 0.5643959304076852, 0.4404810383260978, 0.5902496299048706, 0.44511099591641695, 0.4515553478889172, 0.4378077805062822, 0.43120533442008735, 0.4494814930819394, 0.5861742764463171, 0.37661525242911786, 0.43358594679585666, 0.4028698655344344, 0.436612216116977, 0.43526868036436545, 0.5482327901564215, 0.4351968606662789, 0.4705835924079759, 0.7464065122921107, 0.38971553776846396, 0.4042283807641923, 0.4188059020648439, 0.3956878270226398, 0.5201352205567199, 0.7351369329543721, 0.7536901345448176, 0.433280723543001, 0.44986347488940137, 0.4067941888939323], [0.4152152395717386, 0.3896637588507357, 0.37945021994161376, 0.43805058654092777, 0.9999999403953588, 0.3045770498171277, 0.4613964970042687, 0.2965695532989244, 0.43726845873219644, 0.33065663417224067, 0.2965695532989244, 0.3757239703771152, 0.34667280855579086, 0.3799056020750915, 0.3513109671162496, 0.39870006312250333, 0.334086504050699, 0.3244105858143815, 0.3476622816864971, 0.3920319585965221, 0.35696110008625487, 0.4093399432660729, 0.40082213666742633, 0.3943089450607058, 0.43713549838054694, 0.3500619681565326, 0.355680495560504, 0.3637490886494798, 0.3696680315025365, 0.33727025059904703, 0.3683859303511599, 0.325818129097341, 0.5426278325552505, 0.42002928614556717, 0.44700600119748335, 0.4346918071174653, 0.38678733707495455, 0.3274827578557598, 0.42494774238824146, 0.36316835241639883, 0.11277774953140868, 0.3144099353233472, 0.34379039863789695, 0.3649701551305955, 0.37060230329428595, 0.3247145301057389, 0.371353192481477, 0.3931594609915395, 0.421456847616263, 0.367692017246366, 0.3615530475360628, 0.3746483715766318, 0.3317747802107247, 0.32894158880162, 0.35919819412969234, 0.39898597423783744, 0.42973998296681437, 0.5030016008415253, 0.4973772355857948, 0.31408501088969054, 0.3765378744931288, 0.36983527067170374, 0.3698289300768621, 0.3720068043627565, 0.45281027786223577, 0.3559430308666515, 0.5565081290859566, 0.34806361922316154, 0.39547670477179986, 0.4128489922266205, 0.366628123435746, 0.3745740225235347, 0.3446735812338754, 0.36474459728632896, 0.46783210193420316, 0.4445287060653189, 0.39654954470096326, 0.3703626220376315, 0.5592279302464623, 0.3436122631191307, 0.3511705839486837, 0.3736920057016932, 0.3329282266854803, 0.37433406475149417, 0.47608831974496235, 0.3250164113886644, 0.3715937919675557, 0.3792165949395586, 0.33860811543157526, 0.3974132345626549, 0.4944935386460298, 0.3516197439973967, 0.336754001636974, 0.45097421929212345, 0.4032791339798564, 0.30637221587313196, 0.3353525527104393, 0.3570802849174303, 0.5559931158293255, 0.487421199244273, 0.47286912805443876, 0.36424397000639197, 0.33486052655737175, 0.3156879342892431], [0.4157212520548207, 0.4791518547342577, 0.5103867279488946, 0.4002414643067661, 0.3045770498171277, 1.0, 0.32328077716345766, 0.8205005127083981, 0.3844307097682078, 0.5555403179843669, 0.8205005127083981, 0.3448246951263427, 0.5691510023486283, 0.4610409389071303, 0.29892544777985114, 0.3609072992610179, 0.6692510719040979, 0.6674108066463892, 0.4823120498318915, 0.4860900219602411, 0.5840472990236518, 0.4017950169273698, 0.4682465237078823, 0.4847550214706755, 0.3932028909943584, 0.5202850085750871, 0.4367957148983575, 0.5291789184809004, 0.4020133757021323, 0.27379197699099544, 0.556281058042964, 0.5512761835671702, 0.33664746055801636, 0.4140894785203525, 0.32730012544328213, 0.2978162491747527, 0.26219802571569584, 0.6256065996799367, 0.4334164100585412, 0.3468766840913807, 0.09166528875794527, 0.8055072692132731, 0.4860918931869312, 0.570603958002426, 0.5401335849156431, 0.7061789153809808, 0.5450120268231992, 0.28958015715565594, 0.40558949437240743, 0.3741833442663756, 0.22282886052790765, 0.5270463235275251, 0.5535058606482219, 0.665992389802516, 0.45030281539406936, 0.42018967021129666, 0.41728077736363, 0.3859799229054844, 0.28427719267292445, 0.8216064075136519, 0.5256436123266304, 0.3454704123760186, 0.5500219930155158, 0.5385696309724789, 0.27160022833503267, 0.6031250361527742, 0.3600358610668609, 0.6187500675653784, 0.4680324612621128, 0.42398407580447645, 0.5004899126813255, 0.5284586754282135, 0.6259391777954271, 0.5739382168316302, 0.38528178909557453, 0.31481490600892686, 0.33979595088272635, 0.5479517868574082, 0.3499601093909494, 0.6082330322521731, 0.5587398237395697, 0.5253379695585136, 0.6818120930583406, 0.47575643823677427, 0.3419346297392066, 0.26948071510134863, 0.5492077890662526, 0.40025556176687666, 0.6136022948243146, 0.4667077734689693, 0.3332155658492117, 0.4969658981614662, 0.5450149938555425, 0.4081328065329915, 0.34965153774842445, 0.8358125330410368, 0.6782907110574385, 0.3848957489408003, 0.3215303493947079, 0.38109993884249005, 0.39932798058696456, 0.5686064054629152, 0.5339532040432826, 0.7858247049002933], [0.42414770454207246, 0.38719256419864806, 0.3601002710039529, 0.5086823131531187, 0.4613964970042687, 0.32328077716345766, 1.0, 0.31661681144634884, 0.5491097859745013, 0.39035143075490575, 0.31661681144634884, 0.5800958983957458, 0.3491155015978063, 0.3550606892667856, 0.5237697967800342, 0.5068409240222003, 0.3399888656975295, 0.3324993011115528, 0.41092110025097456, 0.38843731276956683, 0.3457027789035066, 0.48869198954617254, 0.3658092591686498, 0.37331792841832545, 0.3820247109657202, 0.3529386292631587, 0.4442404532020307, 0.37112631346099517, 0.37094478122180113, 0.2901247764784556, 0.35398986170150437, 0.3843806215864346, 0.46353886180226883, 0.5008587128391477, 0.715918830196761, 0.3323861958548955, 0.2889028477438295, 0.3358509546673567, 0.3896557794973482, 0.5526607530200454, 0.10476681426697013, 0.32756830590773395, 0.3581112968535056, 0.35222258883061675, 0.36245782245201874, 0.337597254864378, 0.3558326824913399, 0.5917456318967371, 0.36913807170673846, 0.5010695778284795, 0.36842357128260633, 0.35248866757096387, 0.3537770401373271, 0.34747141796975634, 0.38718270446930264, 0.47871305057586594, 0.5174428828389582, 0.5421765054502824, 0.5166385681271185, 0.3284494689068123, 0.34953428576152695, 0.5641808734044252, 0.3490373072592878, 0.370601734540787, 0.39225596778795213, 0.34657950471881177, 0.5364726784856715, 0.34217020709055784, 0.42670644203724145, 0.5046093617046346, 0.3518990614364766, 0.35172726757322564, 0.3510764983435352, 0.3521875856731962, 0.5395883480888879, 0.5852989392904178, 0.6221216471074206, 0.35432070074215305, 0.5134565161827963, 0.3604532962179822, 0.3555644355377498, 0.3512247220380448, 0.33865153887672944, 0.37498822427838563, 0.5239096289685414, 0.44378720275715305, 0.3565034790053705, 0.3410536480702189, 0.33843960964435943, 0.3652967750163849, 0.47427634415960895, 0.3730018887577594, 0.3939421710545162, 0.5266941587170826, 0.36438708323103974, 0.32341630603120025, 0.3389879213338071, 0.3357869499555853, 0.5866324104907342, 0.5264654806931448, 0.5352655478109379, 0.3496692333169805, 0.3658987468833573, 0.32933322496048045], [0.40877926978865686, 0.46572132442314157, 0.4957327522947393, 0.39741352684221054, 0.2965695532989244, 0.8205005127083981, 0.31661681144634884, 1.0, 0.38017134078493575, 0.5531099838052352, 1.0, 0.3437880195873158, 0.559500950785138, 0.45106353486006295, 0.29829323946059455, 0.35822560598651226, 0.6582757514493942, 0.6707030492233538, 0.47875485965766806, 0.47079171010241616, 0.5632222082969229, 0.40000394843911474, 0.45240151107005644, 0.4682303853864682, 0.38242115667031423, 0.5154872786270517, 0.4388534727131061, 0.5124389612352263, 0.3962488232190471, 0.2710735970670378, 0.536191334404656, 0.5565267657068251, 0.3325782468202796, 0.4109398555896477, 0.32302946385324466, 0.29027698007250574, 0.2563631937321826, 0.6280072471737812, 0.4173520415785038, 0.34646168301311625, 0.09090909090909091, 0.8021830555152554, 0.4846459405034636, 0.5462431113679905, 0.5239717993639009, 0.6986023647564515, 0.524960843572807, 0.2868807629809684, 0.3947984742717009, 0.37448835089175125, 0.21811328530515417, 0.5098159064161035, 0.5548949337011623, 0.6520208993790235, 0.4447806322197492, 0.4193600322891648, 0.4114382473468999, 0.37895734523133223, 0.2809666475639348, 0.792247462768338, 0.5065237797466612, 0.34506130944306496, 0.5282256666438151, 0.5200703227529833, 0.26888611621516023, 0.5766337109961809, 0.35303288137681527, 0.5922912250225109, 0.4572156229363368, 0.41893694163933903, 0.49154589299744317, 0.5082137425602787, 0.609429971517314, 0.5510384608880999, 0.3791912868435999, 0.31269545918072356, 0.33821634928440253, 0.5256745226929839, 0.3437127871027626, 0.5936653785325424, 0.552316814760982, 0.5062608480953759, 0.6661798068881775, 0.46585041019724094, 0.33788748256781054, 0.2690358239947676, 0.522341994031965, 0.39226746009165975, 0.6097668153126824, 0.45046770694112215, 0.32952174795499406, 0.4837320213206254, 0.5463159666299195, 0.40174698206909637, 0.34231850799901153, 0.8496506642176933, 0.6408289921825213, 0.3815250959771631, 0.3156367366699267, 0.3761018563954175, 0.39262079629121843, 0.5413930509560738, 0.5351470745098403, 0.7398082133279986], [0.46670828908466433, 0.4529855538655506, 0.43161327265256316, 0.6948065269109752, 0.43726845873219644, 0.3844307097682078, 0.5491097859745013, 0.38017134078493575, 1.0, 0.45407683463932774, 0.38017134078493575, 0.585921222696919, 0.42813948796059764, 0.42291396505262957, 0.4798503902179821, 0.7003327124461052, 0.41336289967769196, 0.4034107551760716, 0.481409974734839, 0.4532960864277313, 0.4099724482288507, 0.6748957650855864, 0.42981619789446496, 0.43775161667340834, 0.41965756685413036, 0.4361653885103577, 0.5881097642790771, 0.45025943165100074, 0.4441314913440062, 0.31088012896657796, 0.42237220167617295, 0.45027527236762394, 0.5103075913049155, 0.6967723442918703, 0.5830134173059319, 0.33975413306623614, 0.29279324074713814, 0.4101965224608582, 0.4317238724307304, 0.57199415126124, 0.10095829384445786, 0.39377853132724383, 0.44359001108732615, 0.41789584648960043, 0.4398321960540062, 0.41094364388994503, 0.42397426850061076, 0.47561635544110464, 0.4209089084988021, 0.6307183180560382, 0.30552450596455355, 0.4183733043574759, 0.44010239883863, 0.42874667944024136, 0.46156262418367033, 0.6586647377565125, 0.6972919081078963, 0.6690078165805398, 0.4511389349836574, 0.3922907104648446, 0.40946925563719605, 0.5798446441499066, 0.4111904802583787, 0.4454788357745955, 0.3980092248540331, 0.410672490036345, 0.6126606495990076, 0.40521843335893626, 0.4767595415545135, 0.6823011639269746, 0.424117582085385, 0.4139171926534308, 0.428902110903385, 0.418968467200616, 0.7149067315017904, 0.5364433733519123, 0.6003287981486649, 0.4200647567736204, 0.5722759794722477, 0.4396565518590623, 0.4415315500689059, 0.4136322398400228, 0.40949897295067267, 0.45602755549130874, 0.6422547826128738, 0.41111831050967906, 0.4180062746253737, 0.3919989394089927, 0.4108348181764236, 0.42898758184842495, 0.535008665941154, 0.4554890047183692, 0.4601704759336145, 0.6912765786419185, 0.4082457147094993, 0.3873036970219485, 0.3998343257407189, 0.39314364795376244, 0.5502641728882729, 0.675937346375607, 0.684985727205833, 0.41057349005861643, 0.4488827633659701, 0.39156825582186705], [0.5113661980318198, 0.5290077346350412, 0.5033296791925935, 0.4610839414881424, 0.33065663417224067, 0.5555403179843669, 0.39035143075490575, 0.5531099838052352, 0.45407683463932774, 1.0, 0.5531099838052352, 0.4354529138029486, 0.5499030623121468, 0.4711601936102637, 0.37318901293693724, 0.43019877511048976, 0.5671892723183206, 0.5575511959221463, 0.7036415513596231, 0.5318872213604205, 0.5167390159663906, 0.46790570540683835, 0.4705016966350545, 0.49596574804734705, 0.42569738520321065, 0.5332081398139066, 0.4989008102026685, 0.5553393613843143, 0.4516791928505654, 0.291664483179525, 0.5178736545429288, 0.914093187502865, 0.37514052918514734, 0.47758171600087307, 0.4028200994450317, 0.31293940359935135, 0.27147793864417763, 0.5585140771256676, 0.4614364578174839, 0.43871532766381305, 0.0946638649819453, 0.5621800922174269, 0.5356954505494429, 0.5178013336317677, 0.529788778957823, 0.5777877240824291, 0.5136460377470247, 0.3553013500165574, 0.42964867756387165, 0.45939199797349956, 0.2511914361937157, 0.49984190392043865, 0.5896892825372906, 0.6000123186875738, 0.5390464838676579, 0.4846298650445058, 0.4763811329346261, 0.43703535217498585, 0.3350009781924867, 0.5575508405518784, 0.4867420297578065, 0.4367317487749363, 0.5010804612411761, 0.5461605913504349, 0.3055441417308154, 0.5237085322461325, 0.40698764155415396, 0.5229815610281832, 0.5998221213308441, 0.4842185638012032, 0.49893101818468666, 0.4937588149617316, 0.5693483515520006, 0.5215972383614679, 0.4438241569230333, 0.38335712748080303, 0.4266911255420592, 0.5105010595581905, 0.3941575410761192, 0.5986001701886074, 0.5590395211190269, 0.49337756080541656, 0.5628218928887855, 0.5176606749294893, 0.39896348816451005, 0.3294902581448094, 0.5043302670110376, 0.41194718651527895, 0.5454024654718754, 0.47110497833664017, 0.37874108047422106, 0.5442542362021071, 0.8815090954557205, 0.4633680211875541, 0.3847050165644309, 0.5566176700899158, 0.5327125357559128, 0.4088190464907018, 0.3733120455905989, 0.4369284042338862, 0.45234079482336365, 0.5076839077558639, 0.6208216867021449, 0.5489971258853639], [0.40877926978865686, 0.46572132442314157, 0.4957327522947393, 0.39741352684221054, 0.2965695532989244, 0.8205005127083981, 0.31661681144634884, 1.0, 0.38017134078493575, 0.5531099838052352, 1.0, 0.3437880195873158, 0.559500950785138, 0.45106353486006295, 0.29829323946059455, 0.35822560598651226, 0.6582757514493942, 0.6707030492233538, 0.47875485965766806, 0.47079171010241616, 0.5632222082969229, 0.40000394843911474, 0.45240151107005644, 0.4682303853864682, 0.38242115667031423, 0.5154872786270517, 0.4388534727131061, 0.5124389612352263, 0.3962488232190471, 0.2710735970670378, 0.536191334404656, 0.5565267657068251, 0.3325782468202796, 0.4109398555896477, 0.32302946385324466, 0.29027698007250574, 0.2563631937321826, 0.6280072471737812, 0.4173520415785038, 0.34646168301311625, 0.09090909090909091, 0.8021830555152554, 0.4846459405034636, 0.5462431113679905, 0.5239717993639009, 0.6986023647564515, 0.524960843572807, 0.2868807629809684, 0.3947984742717009, 0.37448835089175125, 0.21811328530515417, 0.5098159064161035, 0.5548949337011623, 0.6520208993790235, 0.4447806322197492, 0.4193600322891648, 0.4114382473468999, 0.37895734523133223, 0.2809666475639348, 0.792247462768338, 0.5065237797466612, 0.34506130944306496, 0.5282256666438151, 0.5200703227529833, 0.26888611621516023, 0.5766337109961809, 0.35303288137681527, 0.5922912250225109, 0.4572156229363368, 0.41893694163933903, 0.49154589299744317, 0.5082137425602787, 0.609429971517314, 0.5510384608880999, 0.3791912868435999, 0.31269545918072356, 0.33821634928440253, 0.5256745226929839, 0.3437127871027626, 0.5936653785325424, 0.552316814760982, 0.5062608480953759, 0.6661798068881775, 0.46585041019724094, 0.33788748256781054, 0.2690358239947676, 0.522341994031965, 0.39226746009165975, 0.6097668153126824, 0.45046770694112215, 0.32952174795499406, 0.4837320213206254, 0.5463159666299195, 0.40174698206909637, 0.34231850799901153, 0.8496506642176933, 0.6408289921825213, 0.3815250959771631, 0.3156367366699267, 0.3761018563954175, 0.39262079629121843, 0.5413930509560738, 0.5351470745098403, 0.7398082133279986], [0.4182617889975656, 0.3860902365603287, 0.36020526740674, 0.5511762099580688, 0.3757239703771152, 0.3448246951263427, 0.5800958983957458, 0.3437880195873158, 0.585921222696919, 0.4354529138029486, 0.3437880195873158, 1.0, 0.3657826710568965, 0.3560694635505033, 0.6201820984706755, 0.5648755870033009, 0.3589122211011978, 0.35458638971305273, 0.45127088898527906, 0.3856001758037059, 0.351483526105365, 0.5608424861281398, 0.35544621692018485, 0.36565023292908305, 0.35788331493367687, 0.36938879155813337, 0.5446583827160705, 0.3798013725103475, 0.3721758018924066, 0.27897725124138567, 0.3570750161175788, 0.43413602209968605, 0.4363037572811182, 0.562563271581694, 0.6585754748803627, 0.2937932448141269, 0.2601173116676132, 0.3588049309077785, 0.3658732873366215, 0.8873705703480628, 0.0992048599507454, 0.3492632002531195, 0.3807655533248115, 0.35479549375659397, 0.36624809707075834, 0.3588191573623882, 0.35715929177609174, 0.554094932525089, 0.3524037710025568, 0.6562385651285252, 0.3042296759203333, 0.35403906957915815, 0.38189837700266677, 0.3689432697192002, 0.4043701256242315, 0.5599112076179028, 0.5528201257217342, 0.5164617073340222, 0.45045325822334364, 0.34793668529573074, 0.3475343865657751, 0.9215631190837567, 0.35015584008876033, 0.3742119323939563, 0.3636757933000754, 0.3520821173941483, 0.4863891153327154, 0.34898828522838676, 0.43106333937670266, 0.5553237247708158, 0.3589223867482822, 0.35090096387795605, 0.3653601342635467, 0.3555988897213927, 0.5382549582717748, 0.5786107059585995, 0.8403053216974694, 0.35533348349784216, 0.46740672611685147, 0.37740571272805434, 0.3721353952275497, 0.350813429091146, 0.3564228746167305, 0.3797748341376049, 0.5101236828982061, 0.4823257260439975, 0.3525770926637458, 0.3356903444288597, 0.356682923867198, 0.35575095969676684, 0.4553595413487684, 0.3832531389857688, 0.43838844458789505, 0.5404886682203465, 0.34431150674514577, 0.34607021546228656, 0.3477693014767669, 0.3398973141306063, 0.48228423382142693, 0.5273600572738572, 0.5305279656658056, 0.35006526956608985, 0.3980861698653206, 0.3461652502669207], [0.5199003135842961, 0.6230879724508249, 0.7000331567762201, 0.4429600432656405, 0.34667280855579086, 0.5691510023486283, 0.3491155015978063, 0.559500950785138, 0.42813948796059764, 0.5499030623121468, 0.559500950785138, 0.36578267105689655, 1.0, 0.655768791441327, 0.3227757179784727, 0.4103816754166806, 0.7174922379373817, 0.7035917493759142, 0.5576028204063412, 0.6074889091935598, 0.6797513259883621, 0.44625661005439693, 0.59865809722349, 0.5962292179099046, 0.49632618724956673, 0.7530013319423864, 0.43453179552186016, 0.6750647428374852, 0.518468839996636, 0.3382191970331693, 0.6949481971611071, 0.5456315729851521, 0.3941415065871374, 0.44961349916081966, 0.3592223844898358, 0.35006801138874155, 0.31223587301574457, 0.7065016451258417, 0.5173888048638166, 0.3650595482001608, 0.09697520412732258, 0.6112330837583126, 0.6482962763378943, 0.662530018272016, 0.6783747413696457, 0.6760914708272905, 0.6745658920573855, 0.31705793812715677, 0.5340478487463285, 0.3980431554209467, 0.2434947349328675, 0.6938379390439411, 0.672623690238514, 0.683148089477774, 0.5465924805961057, 0.4468184475266578, 0.4428864086853443, 0.4326762940913199, 0.32522671535646996, 0.5917357569360695, 0.6327290349674211, 0.36539977292267267, 0.6579517692744502, 0.6569669602633165, 0.3230114529416326, 0.667132433104722, 0.4158945402627662, 0.6315672892015396, 0.5667862923125954, 0.44229911429727387, 0.6980356806733078, 0.6534203584994875, 0.7388919668131124, 0.678651727719283, 0.4326950005105887, 0.3514457034845976, 0.3649845747273662, 0.6798731834652989, 0.4101011295897832, 0.6636119555494379, 0.7586209732499175, 0.6633623056854105, 0.7053444224265676, 0.63239379341145, 0.4029032214626959, 0.2941846145759867, 0.624184626114063, 0.520475726806207, 0.7483753097894658, 0.6208665437090496, 0.3949369134268153, 0.6007781355081029, 0.5573957662793697, 0.43719263626650356, 0.44833344611143894, 0.5764831668246567, 0.5943584395848215, 0.5053047104957512, 0.3660890491572151, 0.4357474678176172, 0.43466247835579214, 0.6644818067812689, 0.6289633395752726, 0.579449284900224], [0.5620609552137829, 0.6221039243311518, 0.6950894837692239, 0.4350120815270989, 0.3799056020750915, 0.4610409389071303, 0.3550606892667856, 0.45106353486006295, 0.42291396505262957, 0.4711601936102637, 0.45106353486006295, 0.3560694635505033, 0.6557687914413269, 0.9999999634997598, 0.3208638052468644, 0.40596686734663245, 0.5738178421942487, 0.5457878856292699, 0.5039625375278065, 0.6065269386848051, 0.5975834016852588, 0.431543244253731, 0.6467886152598507, 0.608947623972866, 0.5724502376005702, 0.6815125726838792, 0.3966461931293859, 0.6360725755081582, 0.5513796719320133, 0.39140022487410603, 0.6673202118931051, 0.46593146828627047, 0.41975771330547357, 0.43125359755357057, 0.36368349901447483, 0.3979607973909074, 0.35834199415854373, 0.5691681810619926, 0.5576750997332698, 0.3522725020492239, 0.1011254677690611, 0.4902185576585184, 0.6131746876266785, 0.6200828365062216, 0.6314232109531343, 0.5452422350514112, 0.6508904502856732, 0.3230974320329129, 0.6391117069236266, 0.37979680780123376, 0.2572752079740301, 0.6875792999266107, 0.5717642132234052, 0.5399810490913305, 0.5259847680291161, 0.42163041275130564, 0.42557719005145317, 0.43693354593144373, 0.34639322168846326, 0.48240692501316357, 0.6129932478779165, 0.3543890836628512, 0.6152547781938137, 0.6070317685984022, 0.3553136163578296, 0.5847168507155807, 0.4373690081089585, 0.546683235537127, 0.5553509160403489, 0.4196792092506401, 0.7604291800914574, 0.6412616241356018, 0.593470436187234, 0.6291548358296619, 0.43801172602997146, 0.3597351083033822, 0.3601777585390009, 0.6567977082923593, 0.43558636703787407, 0.5555982766834938, 0.6380526671074995, 0.6430059504605005, 0.5595714616487059, 0.6320279170987352, 0.42428336436954384, 0.29604320023707564, 0.6093660349445708, 0.6085332156032116, 0.595573076996785, 0.7114655357710445, 0.4249669854132698, 0.5508693579200477, 0.48255833986526503, 0.42741882068814224, 0.5131990789216736, 0.46704403285702434, 0.5107379422519863, 0.6065070715681703, 0.38609070741754903, 0.4442078273409091, 0.43130535981082185, 0.59950453760514, 0.5495110868247619, 0.4770232849740623], [0.3783746756191684, 0.35070160239858267, 0.3202057962229807, 0.4406150297701709, 0.3513109671162496, 0.29892544777985114, 0.5237697967800342, 0.29829323946059455, 0.47985039021798204, 0.37318901293693724, 0.29829323946059455, 0.6201820984706756, 0.3227757179784727, 0.3208638052468644, 1.0, 0.49962791426002995, 0.31295625792149134, 0.3090812050966694, 0.3977276905446914, 0.3488878926769985, 0.30750797058338697, 0.4499807121382248, 0.3189832250150509, 0.3278079593062215, 0.3342597303351699, 0.32961001637951104, 0.4244179672097316, 0.339033319306977, 0.35065195759811413, 0.2757281669507967, 0.31418495327730867, 0.37244086020833217, 0.39133454266479173, 0.44114584053494277, 0.5797115856624766, 0.28465527522907486, 0.2535976752200294, 0.3142325651936759, 0.3350272119240777, 0.6115185651755661, 0.10169173907817344, 0.3027707167319496, 0.34547616978065054, 0.311152724017211, 0.3237883933697958, 0.312620054421997, 0.3153439081196314, 0.682705534911063, 0.32542254923874236, 0.5509060208079182, 0.3302546953022065, 0.3129015768414588, 0.3403783543293572, 0.32301588105299434, 0.37762295428044174, 0.43730816472255896, 0.4343550520972437, 0.4270567117376084, 0.4557330572108498, 0.30143710010326763, 0.30671501401968293, 0.6179264144948864, 0.30778608171713895, 0.33210225611901173, 0.3702390612647079, 0.3075972446800532, 0.4222318354284082, 0.3048197491497314, 0.3792959873901757, 0.43357076150603124, 0.3200567917124038, 0.3097018804893049, 0.3198922687077059, 0.31208805325846195, 0.4469072325042597, 0.5399671728427423, 0.6201712593004728, 0.31314930907509025, 0.4137727591740687, 0.3322647998293656, 0.3290716187551162, 0.3101205011373565, 0.31041297317263566, 0.34434154451220234, 0.4669979431803177, 0.6605760043734277, 0.31052912186568604, 0.3089439954648594, 0.3120080356265264, 0.3199537001201177, 0.4174822318009179, 0.3474029614306094, 0.3755473256630032, 0.4302313523222816, 0.3327095530141899, 0.3001128006874957, 0.302154618892048, 0.3171315386611007, 0.46711129089661496, 0.43863397116750935, 0.4283515081370165, 0.3072359351391983, 0.35857274114887644, 0.3004634978888129], [0.4378700322283677, 0.4236875286728024, 0.4044333452927258, 0.5704902001001483, 0.39870006312250333, 0.3609072992610179, 0.5068409240222003, 0.35822560598651226, 0.7003327124461052, 0.43019877511048976, 0.35822560598651226, 0.5648755870033009, 0.4103816754166806, 0.40596686734663245, 0.49962791426002995, 0.9999999701976785, 0.3878507857976324, 0.37944110555740657, 0.4750357129343469, 0.41966983970474186, 0.3768401429998992, 0.6017025835730363, 0.39737757697540005, 0.4033023441398384, 0.39292544753217856, 0.42594513540260687, 0.5293695540897966, 0.42916565513785304, 0.44903714398440187, 0.31841201533958985, 0.39114514375866316, 0.4277059311639743, 0.4603550799942187, 0.5739932147184683, 0.5426001474281431, 0.32395054522770733, 0.28546752479147947, 0.3902930119231296, 0.3952579640370084, 0.559719793686738, 0.10102664389679947, 0.3671370547515856, 0.44167074371284687, 0.384942908848094, 0.4080254177070871, 0.38716490468983, 0.39356471697657314, 0.47899574463675954, 0.398691523533965, 0.6152269297233303, 0.3049054813391068, 0.3884503591091614, 0.4295796934691002, 0.4065640382515138, 0.45060320349731714, 0.5617231907218083, 0.5602475889312846, 0.5419756715842923, 0.43904152847220573, 0.36476984379052185, 0.3755194440281555, 0.5614972894053514, 0.3779648605584141, 0.41289729889202903, 0.40423137422341165, 0.3773379488177297, 0.5300090500927036, 0.371717618638311, 0.44046672390938685, 0.5565776442252479, 0.40345404555851955, 0.38211990581286875, 0.40340257728064155, 0.38666911346444105, 0.5985553535861344, 0.5054581811106265, 0.5635525115971147, 0.3892122355965957, 0.5097359568107135, 0.41215439858943215, 0.4193925563966174, 0.3834043046120504, 0.3831504003523165, 0.43994637377275236, 0.6400852227254732, 0.4417496266087006, 0.3842907314261796, 0.3807148816951813, 0.38550156189193097, 0.40515811369218885, 0.5142690072288818, 0.4451670633975242, 0.432835926279687, 0.5471919788289742, 0.4098006955982854, 0.3619114453171002, 0.3664243609659706, 0.39642576537044316, 0.5028437975559826, 0.5698103142474034, 0.5423335083507461, 0.37745096644762677, 0.43757212984986993, 0.3633191648094005], [0.4859470573824534, 0.5675123027259023, 0.6348517802566864, 0.43363955875263827, 0.334086504050699, 0.6692510719040979, 0.3399888656975295, 0.6582757514493942, 0.41336289967769196, 0.5671892723183206, 0.6582757514493942, 0.3589122211011978, 0.7174922379373817, 0.5738178421942487, 0.31295625792149134, 0.3878507857976323, 0.9999999894632879, 0.7813412531336154, 0.5282989051047227, 0.5717025583330703, 0.7023734589146426, 0.43408406764997737, 0.5594760582260604, 0.5734854196987079, 0.45879049943675626, 0.6467476277035253, 0.44180294932886516, 0.6383608014140361, 0.4623394183240281, 0.3115907975934072, 0.7048671559501833, 0.5642663914141953, 0.37516698539800325, 0.4421508718140958, 0.34813599161097847, 0.33193345291909826, 0.2920679777448407, 0.7868079355880994, 0.4967131885539752, 0.35903823709161475, 0.09499860380699307, 0.7432861628124424, 0.5809165168422256, 0.7086633944681816, 0.6571228413648269, 0.8207878868385577, 0.6785215407822814, 0.3060458903222248, 0.48360739146263904, 0.39016107358613833, 0.23463671592933516, 0.6746766441969252, 0.6474109851392057, 0.7306779912025305, 0.5086493532701557, 0.4450869130198443, 0.4411923433024557, 0.4204934813748204, 0.31063963970585373, 0.7123651963594796, 0.639846704591335, 0.3590853965613871, 0.6728273955173094, 0.639762361777113, 0.302163709866212, 0.7231778405616869, 0.398695034880374, 0.7079736665267985, 0.5360259253896996, 0.4437201886673457, 0.6472295594133092, 0.6481192466786815, 0.764017069694449, 0.7301561223486432, 0.42011251320740656, 0.33914219996703715, 0.35707002612829286, 0.6908454708696083, 0.38891890767587756, 0.689548471972599, 0.7012810886692191, 0.6509272829236753, 0.8483939764127669, 0.5650719430074498, 0.3793114201034724, 0.2830023812010415, 0.6523925276538474, 0.4819273991522431, 0.7988550884398288, 0.5717350873036827, 0.373613260571228, 0.5569845787719109, 0.5723750381514923, 0.43494434354201994, 0.4014476603265574, 0.6904439359789964, 0.6918481227102872, 0.4622042377781728, 0.34992086952853985, 0.4202947831884438, 0.4294355270966034, 0.6743552927128964, 0.610304642820914, 0.6892981979638614], [0.4706262124925391, 0.551828427242911, 0.6008260018935231, 0.42800349310275304, 0.3244105858143815, 0.6674108066463892, 0.3324993011115528, 0.6707030492233538, 0.4034107551760716, 0.5575511959221463, 0.6707030492233538, 0.35458638971305273, 0.7035917493759142, 0.5457878856292699, 0.3090812050966694, 0.37944110555740657, 0.7813412531336154, 1.0, 0.5118108041918462, 0.5473479640582712, 0.6862418067899517, 0.4316941189085058, 0.5281329158802432, 0.5371516192407353, 0.44564845775803674, 0.6055746393676912, 0.4392383445957107, 0.5889331694514659, 0.4425349324625377, 0.3065958164846681, 0.6433894241547298, 0.5575220696299494, 0.36915374609253765, 0.43730498815270513, 0.34158564572536904, 0.32110572139910915, 0.28688663619971433, 0.7601067565392966, 0.4714220695538083, 0.3553056073892921, 0.09424939597704819, 0.7339283216548034, 0.5568497530351483, 0.6410483245714371, 0.608000867800388, 0.7445071699354482, 0.6163046643952007, 0.30076606842184983, 0.4660145016116457, 0.38560569385621973, 0.22981259802421006, 0.6305280227263352, 0.6149158621122466, 0.6854362116649759, 0.4900954800400181, 0.439394565520909, 0.432154144469761, 0.41170856126458116, 0.3045024201913019, 0.6981488041858743, 0.6108977339044457, 0.3549976658554772, 0.6430199531175195, 0.5957734046458462, 0.2982154012086856, 0.6940393304176596, 0.3903948560844548, 0.6661087318297128, 0.519648522691639, 0.43508922037532244, 0.6064533340641339, 0.6243693732736536, 0.6919772701927767, 0.6543630837632002, 0.40843153817331096, 0.33354714418871734, 0.351802887061042, 0.6414902432529822, 0.3819338472014903, 0.644051551033523, 0.6641793774387883, 0.6281887641511419, 0.8064051178192925, 0.5315649139853921, 0.3706445547663095, 0.27960233637996545, 0.5950027613236962, 0.4673158433298635, 0.7981415978568345, 0.5287373739932919, 0.3676639857911841, 0.5292452129238293, 0.5611388661495786, 0.42450530785913354, 0.3877612760555939, 0.6862105900928973, 0.6538628794768996, 0.44260556145512947, 0.34146264826862666, 0.4119696944162162, 0.4189017311517331, 0.6597125451650286, 0.5849914876545306, 0.6683519172051943], [0.5658555486393623, 0.5572067182171219, 0.521930360947061, 0.4702372990859778, 0.3476622816864971, 0.4823120498318915, 0.41092110025097456, 0.47875485965766806, 0.481409974734839, 0.7036415513596231, 0.47875485965766806, 0.45127088898527906, 0.5576028204063412, 0.5039625375278065, 0.3977276905446914, 0.4750357129343469, 0.5282989051047227, 0.5118108041918462, 0.9999999701976785, 0.5527005140121456, 0.4914037116103658, 0.4807367078066249, 0.48843479085920344, 0.5100130383603199, 0.4561791300137484, 0.5736468427031467, 0.47769406206217707, 0.582617107024418, 0.5221921498803025, 0.32001982042034555, 0.5114048384794785, 0.6934063213782684, 0.39303612405571164, 0.47966627024959196, 0.4265345373864121, 0.3344218659016236, 0.2893052425810451, 0.5293968958648759, 0.48030946494445725, 0.4522353523071124, 0.0973688588127223, 0.4941944457234639, 0.5922660529612407, 0.5025677228649068, 0.5353846276641678, 0.531168866683234, 0.5126313658260376, 0.38143137332417926, 0.46404475960066954, 0.4745939718345697, 0.2672134831996264, 0.4989359052810316, 0.6064065407260032, 0.5658569675797653, 0.5976029243521153, 0.4804765894329894, 0.47531891274429816, 0.44965127053839365, 0.3606519317530145, 0.48907230940636204, 0.47635182027519457, 0.4514892259287808, 0.4858823577330002, 0.5508580065359755, 0.3326542234612982, 0.49477282458786764, 0.4290828436528835, 0.4868969866353712, 0.6323979895197348, 0.4783375148797231, 0.5185738575320723, 0.4877186649442394, 0.5550950963104871, 0.5068520324387104, 0.46538239111705143, 0.40724897441980584, 0.44581325970540114, 0.5049432097620569, 0.4167502598029912, 0.5753632840125569, 0.5697212404761872, 0.4892543498488672, 0.5190390879068952, 0.573888804635467, 0.4382473998225857, 0.3553826635970863, 0.4952380796663075, 0.44051078204587996, 0.5163809740240478, 0.5022500428298172, 0.4082461059902444, 0.5919995961921182, 0.711050801889383, 0.4652268280770883, 0.4359298371110735, 0.4848235279339548, 0.4830207088445463, 0.45206913901679335, 0.39962828598756545, 0.4559975834457889, 0.4581760225707982, 0.487997191474414, 0.6422914492034911, 0.4841189039558648], [0.6090950184606614, 0.8296299693865425, 0.6738296864242448, 0.4632834086310573, 0.3920319585965221, 0.4860900219602411, 0.38843731276956683, 0.47079171010241616, 0.4532960864277313, 0.5318872213604205, 0.47079171010241616, 0.385600175803