[[6.743495761743046e-07, 2.0361795743166855, 2.860744496391899, 6.521420121503244, 3.1936584606694396, 12.125472361577033, 2.560053979005403, 28.20482988198381, 3.602222975548998, 10.681620838246394, 30.471594854821234, 3.496678760511569, 3.6759712534365705, 1.752592369609137, 8.660261882578569, 6.477619673315751, 5.082315270446211, 11.296252329780124, 5.287609145200999, 2.242662949501956, 1.5822216580891928, 2.4710294517921585, 1.1601973606967426, 2.580810245449625, 1.4370577773194007, 9.668902798759497, 8.907024406311987, 1.627151153750386, 3.436165999227685, 7.356448150273073, 2.3292258000418795, 9.541304255527805, 6.128023867911662, 1.1868645347123168, 3.930064118792145, 4.158442019703701, 7.298542228460166, 17.847956658936933, 2.099866239447676, 4.649754750099088, 37.85504174044573, 1.5614135069454305, 18.917227068542044, 1.886676142461595, 3.148589400918682, 3.578287053578862, 1.638464505701522, 1.715377276527083, 1.633008477300458, 12.19037304240271, 3.953423351774467, 2.007794161789446, 11.005495584385942, 1.7407307531165856, 5.533649297307979, 9.828245915830207, 1.3839554070854223, 2.186140100467829, 2.365252125555745, 7.35094101514069, 2.2502714096563983, 1.6689771153296895, 2.67484037352208, 1.353823801482465, 1.8039992437021846, 1.3424599579562941, 1.1124454881379928, 3.5055610767023015, 1.2739573335861838, 0.9060394043799058, 1.74067518091455, 1.8604632827823722, 1.742709707583426, 2.669823710020325, 3.552234046668304, 9.549678260831206, 2.2258519866799813, 2.494403409092583, 1.9868013595143366, 7.966173840907349, 6.21669381641433, 2.486970510091584, 12.525903267931808, 2.9938488099065936, 1.484954894961494, 6.371494282847207, 1.4693013035411855, 10.390533761235647, 3.2804229433412435, 2.2257703934486437, 1.4597595657280855, 3.9477965370546317, 3.6821080909493653, 2.396928129809503, 1.4722546325739325, 2.52323878629789, 0.7660023004642015, 8.627010312929157, 3.3544440282939, 2.933596493133443, 1.0738367966767073, 1.3578940980909566, 15.285552757829162, 5.43501493621422], [2.0361795743166855, 0.0, 2.3063490953353902, 7.393892973301252, 1.812479037388074, 14.034832500042054, 1.7520394242028683, 29.589845043133366, 2.358683462159057, 11.924334276576722, 32.20281518982311, 1.911115000695844, 5.262561254266658, 0.8825407474396879, 9.640066925516736, 7.747617339483765, 6.525978597211193, 11.936622793590976, 5.682803666661134, 1.219443060057105, 0.8568960032712868, 3.5985033764838303, 1.2805977256968228, 1.0846482398721575, 1.7431859723763659, 11.28918894135353, 10.575043701978451, 1.0304975680601163, 4.382666238470428, 9.147697024387487, 1.6966360066881965, 10.785871428988573, 7.551500041743779, 2.226480657774803, 2.17237125855051, 5.121545817884504, 8.594712503291712, 19.00640549761068, 1.9916891375938814, 5.961059648522655, 39.51170583628558, 1.4708614683669257, 20.05162353759807, 3.658880734135159, 1.5040197303967557, 5.035414541490564, 2.41911130327116, 2.1438237643081073, 1.165911897905492, 12.935323492034254, 4.3315657893553485, 1.3099466408984155, 12.048739751874384, 1.203643454760808, 5.38875007526137, 11.33285725418627, 1.1298360779636927, 1.7643361688087258, 3.845604915310987, 9.246377945491437, 0.7664475852463031, 2.206029218890673, 0.941601361469775, 1.448231622031379, 3.3592470762754476, 1.660844853642246, 2.038291928989703, 4.649114434015679, 2.5522436897242757, 1.7210068915830325, 0.9026643631351082, 1.6888274355364625, 1.4781415332814671, 1.4996446407810646, 4.508140863305427, 10.035013202803533, 1.8228518805569571, 1.1224892353482852, 0.7946418817333457, 9.778054639906797, 6.815719380851867, 0.7241418717562258, 13.568525511543692, 1.6728389225090994, 3.092403022764092, 7.630507818428613, 2.4606108413388594, 12.078740182079535, 3.769045832988115, 0.9662431622316191, 2.4498845353670977, 4.722543079486853, 4.499798986998019, 1.464518813721097, 2.2890188359819197, 4.128991322603873, 1.7782983669003802, 10.124800178554448, 1.7069163111824048, 1.1893231558117847, 2.2735022359130665, 1.0061007137884337, 16.34500541375345, 7.233733881053836], [2.860744496391899, 2.3063490953353902, 0.0, 7.953025492536979, 2.9048741879069357, 13.994898665102692, 3.0021789069409293, 30.29430138196753, 3.1810174466524517, 12.44081189128311, 32.413003362049324, 2.8114833883927277, 5.5809684273211575, 2.1284344833947317, 10.219476040686573, 8.270161760472451, 7.449569964611717, 12.54921174976528, 6.606606082193655, 1.6440282547396827, 2.321739869508938, 4.31083375158604, 2.258167961925277, 2.5615010891568177, 2.5858791152060085, 11.740874222392252, 11.119129837286986, 2.181865392753863, 3.451821020799997, 9.22697196007398, 1.5033513722219598, 11.538309957833828, 7.918637237560597, 3.258151763017935, 2.7555611567356397, 6.1311812241555685, 8.911281353491544, 19.4402065480637, 3.2841064197682637, 6.923194187200884, 39.83230709612497, 2.5295849480795347, 20.75494434227193, 4.166312920544181, 2.2854093299888807, 5.587205334076445, 3.73671744164298, 2.232541279473545, 2.299975333764623, 13.635754693467533, 3.9347996471340827, 2.507489286963686, 12.927604110039907, 2.1426819344346675, 6.092685676897231, 11.982014445372185, 2.3543372576297403, 1.5426767317290129, 3.5431679459299894, 9.283065714618779, 2.07086673560381, 2.72463902728486, 2.300804632444381, 2.642604551916725, 3.8160329631295733, 2.22195643692096, 2.9993778988248163, 5.383189971244846, 3.411456467939191, 2.3918565002919356, 2.432696847549722, 2.281605970618264, 1.7789622725302652, 1.8641990106214414, 5.376991893555283, 10.604317875469926, 2.8511115167642984, 1.8264811521006719, 2.0046225956392028, 10.088168730975617, 7.175855769488888, 2.1828732879074244, 14.216698343253645, 2.484802432293243, 3.1014294246642926, 7.982654176529305, 2.9952849622838746, 11.324376587927166, 4.123519489521565, 2.367361095070977, 3.017002283993732, 5.148686319182329, 5.063503010659792, 1.7297181883683452, 2.3580589102097917, 4.9931761249395334, 2.98110600182244, 9.98597484949435, 2.4652797346508413, 2.380000904328538, 2.675845276854866, 2.341268867804273, 16.83374245290308, 7.7945600417363305], [6.521420121503244, 7.393892973301252, 7.953025492536979, 6.743495761743046e-07, 7.027370254024311, 12.23603323073219, 6.424124957927863, 23.24241265489136, 6.829731256881352, 6.76760830190083, 26.574005445947037, 7.370576297879781, 4.931427449232608, 7.399551847056742, 3.863789366412198, 2.4733562871612023, 4.641084504005609, 5.038609241325807, 4.034989238900064, 7.546129102225798, 7.166474974950568, 4.400865144905659, 6.826434712051067, 7.1147913510026095, 6.414065874559948, 5.91475345793525, 6.489683087170864, 7.1606173910512005, 6.86201291969735, 6.059306102465421, 7.118054311262559, 5.271696428453975, 3.3028566989859383, 6.013197569847971, 8.400746125337784, 3.4866912130485446, 3.571084402258064, 11.986793392092647, 5.642315253765952, 4.584161865066691, 33.530750412215845, 6.458775399726361, 13.29996140345299, 5.645391295375946, 7.773707357824583, 5.706798377569099, 6.188714611933897, 6.550440242280361, 7.046587038210132, 5.9513411086384185, 5.000324705384178, 6.393784056606571, 6.390664198976303, 6.782622359796438, 3.7549186323380646, 5.802031422256765, 6.687713264781606, 7.2927420386446515, 7.446007801355353, 8.373744820185244, 7.2772464987625565, 5.818538838310749, 7.754237779710117, 6.5219270498863695, 6.458261372010509, 7.040331140791743, 6.158398229410225, 3.8174450458878986, 5.418598686943297, 6.486318133167292, 6.695987683261216, 6.747199699947907, 7.0144698548283575, 7.200307496706328, 3.93684925634735, 3.4890283210577895, 5.855431851189904, 7.589467094789328, 7.563725434302742, 7.496743872860925, 1.772362964550133, 7.816921124771352, 7.01180450921254, 7.112113404411823, 6.5802425822409685, 3.4049356359866967, 7.314988556564904, 9.62337042268371, 4.15978794759972, 6.999653314809329, 6.588596323601365, 4.6553492531964915, 3.350209793817485, 7.45776230018994, 7.130264755650628, 5.7388916834618335, 6.750417284692932, 5.186666311721806, 7.766536023429702, 7.784334874143938, 7.077347592202733, 7.002505526218753, 9.325007359524779, 6.602064463921623], [3.1936584606694396, 1.812479037388074, 2.9048741879069357, 7.027370254024311, 0.0, 14.98000353115489, 1.057384855114758, 29.551498720334685, 0.9962706331482609, 11.70382281568233, 32.55245326903278, 0.8377489812170607, 5.844974140917506, 2.1177908943145733, 9.246456603203239, 7.674202888042155, 6.8667117711896175, 11.356930336553502, 5.115962725992786, 1.983203322663521, 2.188762702313672, 4.050723116725724, 2.543916004683904, 0.9819386197581138, 2.3675919390300453, 11.59444890404481, 11.196546595872936, 2.1703949565492646, 4.912790193914431, 9.76097509035899, 2.1093978338178503, 10.724283703530414, 7.679670190430046, 3.077576883254241, 1.56268270336884, 5.07950040631447, 8.745189619573829, 18.57228897776472, 2.0622360537327875, 6.215049064598212, 39.71055928913926, 2.184261315244186, 19.725540521588247, 4.575947425265655, 1.208995594970142, 5.744046521393423, 3.3064074009832702, 2.8004093907592225, 2.087742428752783, 12.38371533586513, 4.045028382284654, 1.437531334240374, 11.734753954635103, 1.8571479508191642, 4.443693644359863, 11.482126420210655, 1.927465066925814, 2.389195614302402, 5.04039352344055, 10.188163952939219, 1.5886605091815555, 2.8216865016161203, 1.4425424719225257, 2.2146151207625855, 4.614723960104879, 2.8425731086637334, 2.8276988937874794, 4.918848933377468, 3.2169592159830507, 2.7403370166329117, 1.824979120578128, 2.008097114978275, 2.366596554773226, 1.4855672864825409, 4.31383585365773, 9.301276264203402, 1.8169689058763834, 1.630646552713884, 1.9268708514840418, 10.469641356622274, 6.2839100398816825, 1.8127102284524208, 13.19797593296515, 0.8800492719900336, 4.061522024042159, 7.675081153492663, 3.892162900184411, 12.711393639709913, 3.504865491492868, 1.2069518122989318, 3.3514732182545828, 4.715312601494131, 4.2731882604183475, 1.920234765326938, 3.540869043973564, 4.801569166556305, 3.039619446033831, 10.289564969756995, 1.096320085817526, 1.147051390285961, 3.3407049880123387, 2.2688581711282563, 15.990415041118304, 8.136562320413226], [12.125472361577033, 14.034832500042054, 13.994898665102692, 12.23603323073219, 14.98000353115489, 0.0, 14.155788410306434, 21.80955999562747, 15.291908194766824, 10.478398449307681, 20.70566411767673, 15.39434966071802, 9.562327605142071, 13.657230489771191, 11.657524050533787, 10.2565643706634, 9.527017733091718, 14.884044177666189, 12.972965095161205, 14.097815672219657, 13.464596200533846, 11.632946418199696, 12.99123974253831, 14.516563649057366, 12.786769337760331, 8.098348835603117, 7.2777011844947515, 13.430290657300306, 11.560966954461472, 6.6605884674523015, 13.706036384735697, 10.210727695294702, 9.653899272450499, 12.12019513984741, 15.908790001530354, 11.481558118228865, 9.779564335043698, 15.704281850051595, 13.303071923402339, 10.166048353202617, 28.53630970344123, 13.136294863300945, 16.341321898779988, 10.591282393190568, 15.09956533508507, 9.912685519109056, 12.141461990986462, 12.62847557751578, 13.37721497070838, 14.747756729920575, 13.02073907336517, 13.783251082604984, 12.000821154970145, 13.487068667806803, 14.89004094106723, 8.684336344617567, 13.30124803872469, 13.695179381135318, 10.777296778394218, 5.07856902119108, 14.214558212374275, 12.860708967959521, 14.688087400630222, 13.002197027415496, 11.050088062783365, 12.88287911180469, 12.323768964713958, 11.177240092717716, 11.958683312181968, 12.630789553103957, 13.640229568209472, 13.397769414014338, 13.315522290248536, 14.392228960618166, 11.775962354416839, 14.851127417723545, 13.706318171215697, 14.403437720468002, 13.970519685982973, 5.664908658284167, 13.147907135502518, 14.49406927898203, 12.796253802062886, 14.776873172188806, 11.366433411367966, 10.066263328525938, 12.060208538046744, 7.247848796124328, 12.832010105828811, 14.113055482858101, 12.08770604992196, 11.67758316595596, 12.056740188293489, 14.114997915044196, 12.343773851160693, 10.439540326677044, 12.402050307953829, 9.308736972163983, 15.31226851236339, 14.935653084125423, 12.170182255209841, 13.216706818717444, 14.39438145999978, 7.450592638632038], [2.560053979005403, 1.7520394242028683, 3.0021789069409293, 6.424124957927863, 1.057384855114758, 14.155788410306434, 6.743495761743046e-07, 28.801615809517536, 1.385194789713853, 11.057154460814669, 31.74097325382441, 1.6739769797715127, 5.125367062197405, 1.859359634019669, 8.604419737191895, 6.97145924717365, 5.987426280565324, 10.930696216396043, 4.684029944259587, 2.101354384557816, 1.862121178500359, 3.372674747748964, 2.1837959347357923, 1.189395487190192, 1.8383453554385576, 10.762423987241577, 10.352063590858553, 1.9129161788354545, 4.49686347564013, 8.98726516857316, 1.9968139863762462, 9.986483418351165, 7.0205379003986375, 2.401714053682877, 2.3842825438368993, 4.3041349823454125, 8.03580452894908, 17.97239065639159, 1.4909715824438168, 5.420294213902509, 38.91087401792107, 1.7164354047804156, 19.085051396171174, 3.84834273462735, 1.8016242519165375, 4.90697259881459, 2.681210677413136, 2.275778917926323, 1.718889594949285, 11.885960904979918, 3.6626068255029494, 1.2032083647707161, 11.062129481418172, 1.510690227455309, 4.28312191341269, 10.651872673113143, 1.4874309210984755, 2.340110305185075, 4.445824857579507, 9.386472484015059, 1.642760644482973, 2.375571300491599, 1.7177169534452448, 1.651319095517782, 3.9558650543069214, 2.4902531939688073, 2.1814806543579164, 4.139271588325246, 2.4743016423346726, 2.255204959592244, 1.4989261257985809, 1.6746747797411705, 2.1401028290091033, 1.6891464991552392, 3.5556218367825823, 8.924059297912713, 1.4878999984538457, 1.8484538613344605, 1.8762070277740024, 9.67398389536151, 5.865956903377991, 1.9933731567203616, 12.587173349334018, 1.3752721804793575, 3.4894166034132588, 7.0003526713463256, 3.4031368667401254, 12.072793004489991, 3.0884990534224164, 1.1298642512835277, 2.7746151459939017, 4.1780605788765435, 3.6326374529119025, 2.0144775637999843, 3.1575294373664127, 3.9624385814776835, 2.4231158350257704, 9.621685253569046, 1.8415940208884178, 1.62754768836281, 2.8208969341252943, 1.9157172613456261, 15.390805987764612, 7.284173558452133], [28.20482988198381, 29.589845043133366, 30.29430138196753, 23.24241265489136, 29.551498720334685, 21.80955999562747, 28.801615809517536, 3.371747880871523e-07, 29.589581517924163, 18.61286817887105, 10.911359164193929, 30.04790906597393, 25.21764918179621, 29.516940697456047, 20.647589282500306, 22.298376977333863, 23.388899197562417, 20.318528247299593, 24.913607448956324, 29.968112794499316, 29.22606527153472, 26.388743620829032, 28.864933226877465, 29.495253685317653, 28.366262649889226, 19.373248076957303, 20.411442165533707, 29.267429109367153, 28.078482602203465, 22.48431311080875, 29.343407231649376, 18.95372668446496, 22.8065002664311, 27.687536334768097, 31.042382472547384, 24.576433595233762, 21.72065574865291, 12.98853717757938, 27.83860594916101, 23.903054842016463, 13.061800921680097, 28.578255740025337, 10.716045559004137, 26.668829533530577, 30.31993514421874, 25.421983619626694, 27.51629529593207, 28.458366926329365, 29.0585944570234, 18.802071146926956, 27.32605388810622, 28.82328148742504, 18.046201482262713, 29.013680420765223, 26.550666907173007, 18.54455641410892, 28.800109376678392, 29.724160110780044, 28.23295596629216, 23.838202152428735, 29.698906674760597, 28.269900390884235, 30.131569360256147, 28.530682433364955, 27.630132979174235, 29.088456213330694, 27.904150418075826, 25.356796652071782, 27.316833671245078, 28.518023848438943, 28.978763022432396, 28.97692593089909, 29.270218351031737, 29.707929636206583, 25.39082777443898, 22.364358050700492, 28.430242514438618, 30.03292723783619, 29.80566322032099, 21.853278222206526, 24.49626809166693, 30.14464744441535, 16.891528339422766, 29.66076436438027, 28.046980949324546, 22.51090292604122, 28.796981489712987, 24.07419056189884, 26.764202723240793, 29.306720658579408, 28.24374520771964, 25.600764189926426, 25.593186237474725, 29.900146215097195, 28.950288750475252, 26.144500508501334, 28.383464267217178, 22.139283216311874, 30.36875204026385, 30.21591417184218, 28.66846658741329, 29.02812693318013, 14.866949588205712, 23.96728729187863], [3.602222975548998, 2.358683462159057, 3.1810174466524517, 6.829731256881352, 0.9962706331482609, 15.291908194766824, 1.385194789713853, 29.589581517924163, 1.1680077279964342e-06, 11.899846075182461, 32.656767291224625, 1.0658834764439709, 6.134259639348081, 2.5789461904146327, 9.252402648360352, 7.707840499338508, 7.10103572894674, 11.114256695033827, 5.29625424879149, 2.386028960097245, 2.6860978157070736, 4.172182580023987, 2.9966700092612775, 1.593004677040338, 2.8924751248484055, 11.583680369250056, 11.269683331228794, 2.6819544536329176, 5.15443344381484, 9.902602328861748, 2.539963118650042, 10.820873328183703, 7.776723164928794, 3.5060349439568026, 1.8419315039648096, 5.235093573380584, 8.76628891873499, 18.475377838705572, 2.4391626563750646, 6.522563060427278, 39.797352166481446, 2.6208322784455658, 19.688774215432336, 4.922141812339252, 1.6444962536607484, 6.073210501054954, 3.842167562039283, 3.169790365903359, 2.6370878816127092, 12.193826312865445, 3.9717642400582114, 1.8815048180678595, 11.818457384211417, 2.3547961191970477, 4.102421564584754, 11.539784845816921, 2.4445031501556738, 2.6653420432940296, 5.4020877165966965, 10.50454074323766, 2.043432574322925, 2.940970447876432, 1.9803697405004625, 2.7125819588652185, 4.912792782101018, 3.227417524161278, 3.289577382087064, 5.002655640518627, 3.506384218467858, 3.1065931693763362, 2.217632982922352, 2.453422461130528, 2.7490972039778616, 1.8700419806077897, 4.524204615071547, 8.994510477111291, 2.0422478860806668, 2.104106052317732, 2.434787631625324, 10.773658234419447, 6.040459366764355, 2.30660276314386, 13.180672127293937, 1.3850279635154756, 4.408255571317588, 7.795149324034494, 4.268853684473064, 12.768791913537909, 3.541500308186932, 1.8384871092764805, 3.7334096589945927, 5.057223628255821, 4.335283263675357, 2.312073202018427, 3.900461982487979, 5.221033810275351, 3.4988296756642736, 10.199993370627487, 1.5164509799611072, 1.7210964898464194, 3.7914351151542047, 2.784890326791043, 15.876575442842725, 8.462296618204062], [10.681620838246394, 11.924334276576722, 12.44081189128311, 6.76760830190083, 11.70382281568233, 10.478398449307681, 11.057154460814669, 18.61286817887105, 11.899846075182461, 0.0, 21.993395462009673, 12.241911358142566, 7.810989737001956, 11.854135872222642, 3.7939861387332896, 5.183212964232357, 6.529445237708798, 7.0798900834788805, 7.173567527510981, 12.152043120404352, 11.620642123467006, 9.064385180049452, 11.236362402301049, 11.734194516410346, 10.52810002165558, 6.232290543181701, 7.204580945320767, 11.520282934160411, 10.338852329703432, 7.141566841202138, 11.48359240310848, 3.0958272141481338, 5.821322796957343, 10.139012035912684, 13.162557984457523, 7.197001428366701, 5.537548685391646, 8.482737671934181, 10.185587794651699, 6.503509032307418, 28.622691537531704, 10.897010784081315, 9.422818277535628, 9.302898451698963, 12.48305182696008, 8.33784817971523, 9.996843738027385, 10.707495215835367, 11.329394524258289, 6.496240570269124, 9.712147911211444, 11.070757911793981, 3.1812185032967526, 11.191224778090229, 9.573616102528062, 4.53018914332796, 11.060832108978712, 11.916199550374062, 11.000870039646534, 8.795000251718045, 11.99774309515345, 10.794824462119294, 12.379413439653815, 10.852180197878848, 10.546554558621708, 11.526751147723845, 10.235948857771906, 8.272435249507163, 9.838566627919212, 10.90576670586443, 11.380803282559055, 11.091194496738531, 11.500676344002734, 11.797882872929096, 7.665377884024225, 7.542460034921985, 10.825175539484594, 12.186786132705235, 12.075980782690248, 6.50369994587079, 7.702778456161815, 12.451724432305527, 4.022911284591694, 11.795248847222236, 10.50075586207477, 5.221036551973598, 11.5078058362387, 10.379799546771318, 9.058710881354944, 11.518145181317326, 10.710464839004512, 7.7143818614735675, 7.918055655421756, 12.063998207058496, 11.378528400599299, 8.797595062421228, 10.91504913400047, 7.089510719019609, 12.51129424249957, 12.397262667902664, 11.046482350534463, 11.369940863310843, 6.96823387624293, 7.9803714488576025], [30.471594854821234, 32.20281518982311, 32.413003362049324, 26.574005445947037, 32.55245326903278, 20.70566411767673, 31.74097325382441, 10.911359164193929, 32.65676729122462, 21.993395462009673, 1.6858739404357614e-07, 33.01347435604665, 27.18104146184999, 32.014587258668456, 24.407474501586456, 25.145544275652757, 26.16504923588976, 24.977566187876153, 28.49563078805793, 32.36703171369569, 31.743303916057496, 28.881945027120867, 31.23062245104099, 32.341293625050504, 30.816536141760253, 21.60771019076895, 22.291042814413824, 31.682436044690512, 29.62426330102485, 23.586242963960263, 31.7805831962832, 22.488656295796556, 25.20000479627722, 30.17856625463887, 33.89102577356381, 27.740389976812327, 24.24842583928631, 18.020266408191315, 30.745655608887986, 26.715430912513373, 8.210956545374117, 31.16462309226004, 17.359691792633626, 28.753496102219525, 33.10703410790754, 27.650459625949868, 30.07197973161011, 30.75151832822453, 31.613484458391813, 23.817668723293725, 29.76577090301718, 31.552565885378378, 22.640471744909366, 31.507732728694116, 30.197255692729115, 21.48407737807813, 31.375130654656903, 31.952941972930237, 29.786119243853083, 24.380100698869196, 32.31920192718874, 30.661806197020873, 32.82688163166018, 31.10316348417284, 29.51905430611913, 31.325773883349235, 30.40362074315421, 28.06544601416268, 29.795340504866992, 30.84363060833289, 31.62480719062638, 31.422460458546425, 31.564033755205635, 32.28119466045007, 28.417886090971418, 26.720843661604142, 31.233541997735035, 32.5618593444401, 32.29339229286935, 22.92075798143232, 27.76613165146531, 32.737082559130386, 21.53593707974582, 32.53094241179595, 29.924816830188124, 25.143841130452575, 30.82542545182877, 23.175994520291077, 29.511867988664655, 32.06488305782125, 30.50695693567792, 28.3830020441124, 28.449191813795743, 32.35426562229629, 30.905891158407037, 28.47773836369922, 30.743875972480858, 23.46477890595873, 33.21704622890075, 32.98657859620439, 30.777897744752725, 31.487214723348977, 19.846777292944914, 25.570967971919142], [3.496678760511569, 1.911115000695844, 2.8114833883927277, 7.370576297879781, 0.8377489812170607, 15.39434966071802, 1.6739769797715127, 30.04790906597393, 1.0658834764439709, 12.241911358142566, 33.01347435604665, 1.1680077279964342e-06, 6.231657019367725, 2.3023931023000874, 9.723850833020403, 8.104825853650695, 7.430341115145537, 11.621562378862182, 5.531631887274864, 1.9205743478260546, 2.3889853716789022, 4.342293017919454, 2.7016341565723043, 1.2189626332773273, 2.7640427473066635, 12.009217267655272, 11.59397989972339, 2.3572711800935413, 5.139229440555007, 10.111244062321799, 2.2860146492563724, 11.230672782368895, 8.032427224411576, 3.45955433216604, 1.1161034702954322, 5.591965629515929, 9.107808144951214, 18.9917515217085, 2.5036067548155185, 6.765688550908688, 40.20008073403182, 2.479616763390221, 20.181610396933937, 4.93084766355142, 1.0006244839391893, 6.264291048744407, 3.688283604626898, 3.116877091383178, 2.3757572207173543, 12.714765833683293, 4.34568211121215, 1.6885827113248542, 12.273947789180378, 2.1488126344374603, 4.610052706908347, 11.974724149247258, 2.2510764952381677, 2.376455066780511, 5.293828884804834, 10.587729703745634, 1.5831125353826203, 2.9632368816346255, 1.4177487391586738, 2.593739653709475, 4.8595404817923775, 2.951623423652318, 3.208679713716227, 5.28306364419556, 3.599091560627186, 2.9571884685256022, 1.976514642501008, 2.347328577570013, 2.4765591840851284, 1.5084208075475833, 4.881828249332546, 9.540107335222405, 2.0681430392081874, 1.5877391799986271, 1.9892804141341274, 10.91974940166399, 6.511918397247543, 1.7175413510476172, 13.634953756083883, 0.9415667611323434, 4.3264511528061105, 8.105546161166588, 4.06386376719375, 12.932924824332742, 3.7661248372340124, 1.5055808304670057, 3.6222904558697104, 5.123722584334916, 4.694733543131665, 1.897833415626766, 3.6726011624104, 5.312512179899986, 3.3606240079317855, 10.589025081471496, 0.7875873346632378, 1.133093346823805, 3.6232434294806373, 2.482434707485507, 16.379069061373947, 8.60775475509899], [3.6759712534365705, 5.262561254266658, 5.5809684273211575, 4.931427449232608, 5.844974140917506, 9.562327605142071, 5.125367062197405, 25.21764918179621, 6.134259639348081, 7.810989737001956, 27.18104146184999, 6.231657019367725, 0.0, 5.039901177177461, 6.382453844345957, 3.8499132580809965, 3.2182808072306246, 9.462509829325278, 4.509275210402758, 5.3529138768415825, 4.784280804365263, 2.57711030670424, 4.274019703180224, 5.494474235894929, 3.815151618029249, 6.9041774516382715, 6.3279510167181385, 4.647683102560822, 3.8051224703100024, 4.275340623460286, 4.949697401356942, 6.8706140768330775, 3.3240803441351376, 3.349034973356247, 6.947495937391463, 3.1643474597860957, 4.579990072616451, 14.994679179210687, 4.163558764375349, 2.991185734528149, 34.58116238341156, 4.244368147910638, 16.173930372589535, 2.036312274645257, 6.1468342945596985, 2.7649980556194538, 3.4773542331275467, 4.030699649696972, 4.645768300931285, 10.137617566254642, 4.404638082871242, 4.714558625388879, 8.63497975191283, 4.527119595156361, 5.959215483045378, 7.032234957187438, 4.459321814581206, 4.956438363202966, 3.7103211870983452, 5.004051890849369, 5.333953160643603, 3.9673483056906966, 5.860991127706107, 4.184300118813009, 3.097723558327588, 4.3554851258707, 3.5003505693863888, 2.666624900696825, 3.0724222940974957, 3.9245479191474897, 4.723465422427612, 4.513452939279718, 4.503432393276646, 5.391607245586364, 3.1380541708559067, 8.183564650518333, 4.572618701977445, 5.533932047472296, 5.306405656009486, 5.138975773627209, 5.073424523994925, 5.754875511092008, 9.852616229238366, 5.6803966546656754, 3.1708374146730405, 3.7797249622401674, 4.145208660027842, 7.832306933803996, 3.6232888968257377, 5.1407581225437005, 3.630154833187867, 3.0807780273941288, 3.084724795886385, 5.329579110845502, 4.0010172137412106, 2.5338576193990003, 3.973858319340191, 5.854746101947176, 6.290546344547717, 6.038112838940346, 3.960271135927795, 4.516072532994672, 12.617553346669649, 3.4243772022517676], [1.752592369609137, 0.8825407474396879, 2.1284344833947317, 7.399551847056742, 2.1177908943145733, 13.657230489771191, 1.859359634019669, 29.516940697456047, 2.5789461904146327, 11.854135872222642, 32.014587258668456, 2.3023931023000874, 5.039901177177461, 0.0, 9.653110679592876, 7.671035073751304, 6.329753269872881, 12.056022840993911, 5.808333976952428, 1.2643087043817678, 0.6738977561828087, 3.6019980067228903, 1.2096053734433436, 1.4399733766924243, 1.6212185130896952, 11.071267579513224, 10.364298797918412, 1.0213190147959763, 4.2100655075604765, 8.887054461612147, 1.667587117905353, 10.760243233116599, 7.465929866954514, 2.0175886413671997, 2.466089077352984, 5.101661885683196, 8.56759120817394, 18.984823833328726, 2.119174810306105, 5.897985501228631, 39.34869322714772, 1.282605480212214, 20.052214759578856, 3.406066915409731, 1.699779964101697, 4.8245725166004485, 2.50182751937742, 1.9932328030966258, 0.8051814955227423, 13.035123197385516, 4.301026367960756, 1.494298113459714, 12.051247139869563, 1.2609668760538684, 5.605430371475526, 11.185949520624444, 1.0532172283785957, 1.605103918943686, 3.415546068954368, 8.841976639169754, 1.0018714536933548, 2.1485117733412427, 1.261250089523538, 1.1703383125432971, 3.0764761949130346, 1.3340242603537733, 1.7681625068992601, 4.552301227842106, 2.373144581852841, 1.4959459612874035, 1.059554401225328, 1.5896561738268185, 1.2514480332436386, 1.705506464589954, 4.419219926945956, 10.149674127010405, 1.924631342768524, 1.2893796317690505, 0.8287249275545483, 9.5727876999582, 6.873696663939747, 1.1326683361906709, 13.569302102043508, 1.8468841525988136, 2.705739615141049, 7.604212156433893, 2.017446665010705, 11.784174065651463, 3.8402347564291097, 1.1142393271328739, 1.9819933312558489, 4.756708473885685, 4.503885068920964, 1.338310417590419, 1.990569970340495, 3.883989419528551, 1.5784884967575374, 9.962841447156416, 1.9496655340170643, 1.498402433948563, 1.8356894132674573, 0.9082995464762329, 16.350342441487765, 6.9741031946521295], [8.660261882578562, 9.64006692551673, 10.219476040686565, 3.8637893664121834, 9.246456603203232, 11.657524050533787, 8.604419737191888, 20.647589282500306, 9.252402648360347, 3.7939861387332896, 24.407474501586456, 9.723850833020398, 6.382453844345948, 9.653110679592869, 0.0, 3.282762776542289, 5.041113014116585, 4.965237990810326, 4.8147249444734905, 9.928685482185296, 9.404419472172743, 6.769533547130705, 9.083822003704595, 9.335126891626267, 8.438005204128183, 5.841086891783227, 6.734159637998261, 9.356398269672166, 8.528477047413395, 6.80487744218089, 9.162660072348846, 2.723104892933167, 4.323524309596534, 8.072107201016502, 10.733186081623089, 4.838849691239856, 3.5959984758691412, 9.75246165307097, 7.807976480026143, 4.893019355835967, 31.088133994173745, 8.698790230272634, 10.764105128026415, 7.549719393088915, 10.109824178401984, 6.600699750425641, 7.946223405856542, 8.471787126000345, 9.180855703175517, 4.902139458129216, 7.193083670016604, 8.722638698686627, 3.367520027548651, 8.971819833585513, 6.543583983941103, 4.518032672790837, 8.857275734660435, 9.725197048038709, 9.25601298843756, 8.82025956348702, 9.665227877110809, 8.467880284464508, 10.032851866982387, 8.686165105979677, 8.667993142376632, 9.40775317458735, 8.185232297697791, 5.977526056061882, 7.658588137862095, 8.776873287510352, 9.027822369770643, 8.934183157961238, 9.34991959391739, 9.457783035979828, 5.440200689792026, 4.712162712250935, 8.381093614154642, 9.918351039338422, 9.842205109704924, 6.938620995360312, 4.873270796845823, 10.132698194146837, 4.433924894848791, 9.410013354132701, 8.728496974734362, 3.2457872568187347, 9.568432959491489, 10.33592875941404, 6.60583475274669, 9.210387044424085, 8.736206373484768, 5.61330057888384, 5.426757534793893, 9.852430725335612, 9.441317419708618, 7.118335940570963, 8.830732243357525, 6.209501652701656, 10.109319568831607, 10.039449177909091, 9.140732914117075, 9.194037414934527, 7.228519196638263, 7.211362547466389], [6.477619673315751, 7.747617339483765, 8.270161760472451, 2.4733562871612023, 7.674202888042155, 10.2565643706634, 6.97145924717365, 22.298376977333863, 7.707840499338508, 5.183212964232357, 25.145544275652757, 8.104825853650695, 3.8499132580809965, 7.671035073751304, 3.2827627765423064, 0.0, 3.440358908597467, 6.04302926801561, 4.0841078628911855, 7.8927156754554355, 7.434144570736621, 4.48641326643819, 6.974884692863755, 7.647453912592346, 6.46655628037914, 4.79704876859111, 5.291092977549523, 7.355514948293506, 6.548223665378826, 4.390567113894078, 7.437386650690537, 4.011016483292222, 1.7990798522948939, 5.966725382805743, 9.07021700657981, 3.2895951031589354, 2.5980256213731114, 11.484319929000845, 6.05323315391446, 3.412037281802968, 32.22957427554314, 6.680431420999926, 12.75824594435262, 5.143959087209187, 8.35658262535911, 4.953286609322094, 6.046820387176608, 6.628623511923885, 7.238310296554611, 6.549783242974316, 5.614280039604116, 6.836933317500486, 5.540370758971622, 7.058279760935904, 5.451124678961112, 4.4419189436118085, 6.916305253869483, 7.604869838659498, 7.005220412311378, 6.652259976388126, 7.733712980308159, 6.225343026505892, 8.240998710298303, 6.692121725693061, 6.231577654508229, 7.178001676280851, 6.132027167395555, 3.743616407321255, 5.478730367660975, 6.605281486555046, 7.091416273711791, 6.964259622634349, 7.233865755027347, 7.686333190296806, 3.85798568557201, 5.171175322870184, 6.450913705055106, 8.012264988325445, 7.882401132831852, 5.456640646365719, 3.494520490614926, 8.247091049388656, 6.41784986137265, 7.693969013597689, 6.287786758970751, 2.134791974722327, 7.21880312957428, 8.399248248569815, 4.716767295637273, 7.413815557311905, 6.480576899850603, 4.252150464539411, 3.6719662757527782, 7.810277597370299, 7.073470212755861, 5.062004709035022, 6.75622761773226, 4.391723847802993, 8.406702362217473, 8.310944041714647, 6.944079234272141, 7.18221728860225, 9.095140153554423, 5.177814561087847], [5.082315270446211, 6.525978597211193, 7.449569964611717, 4.641084504005609, 6.8667117711896175, 9.527017733091718, 5.987426280565324, 23.388899197562417, 7.10103572894674, 6.529445237708798, 26.16504923588976, 7.430341115145537, 3.2182808072306246, 6.329753269872881, 5.041113014116596, 3.440358908597467, 0.0, 8.636077595203856, 4.401113256431844, 6.989375787642005, 6.086369889792871, 4.05567335774719, 5.856539594438557, 6.604528129951672, 5.33414009337255, 5.76937492934847, 5.272601004279568, 6.1684128047007505, 6.069484786429756, 5.00262228204588, 6.440140400153239, 5.07563261209448, 3.804442481739906, 4.602656979137187, 8.21708932872949, 2.4978700486380623, 4.327930224683022, 13.770087222132362, 5.090680714071136, 1.7268721042430848, 33.29991671973329, 5.59331527699236, 14.440737153323525, 3.8493364298906783, 7.427790846092559, 2.774649984997299, 4.580204588309732, 5.4997571885938115, 5.952240907649635, 8.921728465837472, 5.728837038788123, 5.987356202256529, 6.5753912780070625, 6.024902928376339, 6.302605835515352, 5.333662272589249, 5.738320715120701, 6.820209339340806, 5.475039462042863, 5.507316244210149, 6.724461206042923, 5.603302209518882, 7.098904719587309, 5.413252324292382, 4.838806704585664, 6.05743435679919, 4.8302898166761015, 3.381243009315369, 4.363009314397707, 5.544931495901435, 5.998640627798989, 6.013735280133945, 6.287768404677745, 6.885686402297853, 3.073253898364918, 7.6195840972476665, 5.766058135943517, 7.052226943480422, 6.7052762249625255, 4.951943215047826, 5.543352845692444, 7.096308579313219, 8.413278726303844, 6.934544747957974, 5.234635319310525, 3.5113115592082527, 5.739330670337151, 9.413345837659236, 4.952248124613625, 6.337397195261169, 5.190984725748055, 3.9664659278375947, 3.83267922034741, 6.943213144606853, 6.011272711989176, 3.0712250841053677, 5.202198358563593, 6.585970945155379, 7.544520410063372, 7.235523402766603, 5.549765810192137, 5.9301639711237115, 11.283592103444754, 3.127608567228767], [11.296252329780119, 11.93662279359097, 12.549211749765275, 5.038609241325795, 11.356930336553496, 14.884044177666189, 10.930696216396038, 20.318528247299593, 11.114256695033822, 7.0798900834788805, 24.977566187876153, 11.621562378862176, 9.462509829325272, 12.056022840993906, 4.965237990810326, 6.04302926801561, 8.636077595203862, 6.743495761743046e-07, 7.431401033459264, 12.144892104517735, 11.815278007677378, 9.118384705789449, 11.491098345415102, 11.554834057354377, 11.107483180680868, 7.458139656264098, 8.678655028563659, 11.846526219105911, 11.513733956675757, 9.32426123271986, 11.701580305912728, 6.024960783524918, 6.91912870445775, 10.691217569230009, 12.699259616487598, 7.793322221888763, 6.268317958682723, 8.678824285349208, 10.131453412657253, 8.581826929579732, 31.310160677860818, 11.06185975315446, 9.88478618511962, 10.385132327488634, 12.168530386179267, 10.15337486205437, 10.735632524993605, 11.263166796641498, 11.659602387005258, 1.813468964070225, 9.467612365339756, 10.931102138737833, 5.805659761889541, 11.4362541961615, 7.289981405898111, 6.8733847950048474, 11.32268202464367, 11.985743014593043, 12.280238562885923, 12.092834967052116, 11.813906067118664, 10.545085876689315, 12.26459957995626, 11.191529886602886, 11.259960984583868, 11.78123633728456, 10.82616567853869, 8.368851496505483, 10.191511901265716, 11.203304713717493, 11.280068699655557, 11.467106799441382, 11.697450779867719, 11.703243267385789, 8.440641603762975, 2.486207824348878, 10.383764305349821, 12.159971903831826, 12.187291117614084, 10.492459726324105, 5.548251905004719, 12.341854277624213, 4.725589433540533, 11.468743771682606, 11.41420692477828, 6.724504177695179, 12.078362061289244, 12.487581866418443, 8.656898116217537, 11.50806123233033, 11.34123697371627, 8.698967577942328, 7.983315349868468, 12.038972184374918, 11.919120162905752, 10.411505058491096, 11.501132431021055, 7.735214418698153, 12.111167894097036, 12.236139164697876, 11.901018993777154, 11.656660143147668, 5.778625596218571, 10.659366288257123], [5.287609145200999, 5.682803666661134, 6.606606082193655, 4.034989238900064, 5.115962725992786, 12.972965095161205, 4.684029944259587, 24.913607448956324, 5.29625424879149, 7.173567527510981, 28.49563078805793, 5.531631887274864, 4.509275210402758, 5.808333976952428, 4.814724944473502, 4.0841078628911855, 4.401113256431844, 7.431401033459271, 0.0, 6.010165710513788, 5.565303376704366, 3.8959344883497002, 5.368926747166949, 5.259215885630354, 4.720281676579346, 8.396493766675755, 8.495017109450679, 5.551404203720579, 6.148221419018854, 7.497848209218066, 5.496865009402936, 6.426790785712945, 4.500501109144652, 4.537092518887667, 6.528732170452022, 2.4116914752252514, 5.400315404229145, 14.014585920006208, 3.906266758239242, 3.571385007468723, 35.36773060581904, 4.8381264093100045, 15.019515926091145, 4.8333790654508055, 5.948425671914174, 5.014624718062279, 4.373114818027529, 5.151303698449261, 5.257573301971965, 8.149933954604691, 4.888143494280709, 4.748070381391234, 7.1299311781285, 5.177015509847299, 3.7639162908862964, 7.67834170579896, 5.0041812379041986, 6.016092145222526, 6.676894479594193, 8.787773440024289, 5.663062769100817, 5.100525737869877, 5.978977961388984, 4.892979090094973, 5.964640441118932, 5.758335718821938, 4.5172291563155245, 3.524883926940531, 4.368284843815672, 5.179365318938057, 5.133802943663639, 5.226665375537564, 5.612526052797083, 5.557921096712289, 2.479385078470128, 5.895104495991933, 4.559594792456728, 5.9328415903768335, 5.923663652349396, 7.923083179644619, 3.7556638378064786, 6.125224421468938, 8.450927416578828, 5.218967751067621, 5.67532655020929, 4.270742435569051, 6.264448333012826, 11.349378196880417, 3.4119466313467472, 5.134122077212464, 5.235639386533017, 2.5664488155691543, 2.7391896211738427, 5.877852212240065, 6.07561973254, 4.555686271880142, 5.373507357668372, 7.932317997148495, 5.925052493488877, 5.927988724219453, 5.726127695818501, 5.376415396833698, 11.491748319559095, 6.766098526117364], [2.242662949501956, 1.219443060057105, 1.6440282547396827, 7.546129102225798, 1.983203322663521, 14.097815672219657, 2.101354384557816, 29.968112794499316, 2.386028960097245, 12.152043120404352, 32.36703171369569, 1.9205743478260546, 5.3529138768415825, 1.2643087043817678, 9.928685482185301, 7.8927156754554355, 6.989375787642005, 12.144892104517739, 6.010165710513788, 9.5367431640625e-07, 1.437572866197127, 3.7827444546476934, 1.4297199182662665, 1.5346816485172667, 1.9336446420096771, 11.492629712182353, 10.883174405860034, 1.2410895092179597, 4.021455800392492, 9.14560750710741, 1.674896450625397, 11.168600638758653, 7.586229959872187, 2.619618073473389, 2.02740148245655, 5.574733596231681, 8.82484090850324, 19.147378788210197, 2.5037561774176007, 6.385534638303915, 39.72547545586293, 1.773044380548919, 20.380272208577324, 3.8292769026061637, 1.4526194212313401, 5.479722255642663, 2.9954173388507446, 2.2329976234714004, 1.5255122884257584, 13.211498144568676, 4.218955868417991, 1.4839071756789681, 12.46843819422274, 1.3585463704338856, 5.535467584006017, 11.642994421936429, 1.4482446841142285, 1.0058203920463653, 3.8013574540362143, 9.313655549806624, 1.0011971425790402, 2.056559241168657, 1.2680492500584408, 1.8367815565933374, 3.554021361003945, 1.566694524451748, 2.3475449179192034, 4.933726530069559, 2.808083803959, 1.6944365440584273, 1.4414305733651684, 1.4670388755306458, 1.1859000666148987, 1.3228126506761135, 4.804681003292534, 10.190272688418439, 2.0556697705268783, 0.8613475288086136, 0.8765098313604945, 9.91809854828013, 6.830822809254952, 1.122340604091915, 13.857422033193863, 1.6446965817621304, 2.8453301072083277, 7.845937364130624, 2.6079804187404902, 11.730178076446865, 3.773523177237559, 1.3856267795474724, 2.523471527761587, 4.989927662791255, 4.668473857434739, 0.83566