[[1.0, 0.9995314985802832, 0.9985826605939946, 0.9906132216422385, 0.997752691832727, 0.9721413134117899, 0.9981537015739276, 0.817164725413187, 0.9969454846689552, 0.9866818724871552, 0.9199772710481529, 0.9977895709854687, 0.9989326484681774, 0.9997178385190173, 0.9875900586958122, 0.9957732648066293, 0.997984734837259, 0.9642395985177491, 0.9918690876852311, 0.9994909545427167, 0.9996575512587395, 0.9987796308200172, 0.9997296218398433, 0.9987508576726087, 0.9993095663690923, 0.9942995315696191, 0.9943035070290581, 0.999566997993199, 0.9959989148717431, 0.9959752145341042, 0.9986872895430151, 0.9922370974050378, 0.996701104092317, 0.9995487889476353, 0.998460188748739, 0.9969807522682238, 0.994996285126437, 0.9366136207602075, 0.9984672742526297, 0.9978756422070868, 0.0, 0.9992906840857813, 0.9292757152276598, 0.999738788168949, 0.9987992403425386, 0.9983090116422024, 0.9991362551942135, 0.9990003047089673, 0.9994793795514788, 0.9618515609263869, 0.9946796018029238, 0.9989349849540601, 0.9807124462898049, 0.9992837308011717, 0.9893012223464661, 0.9958318551279937, 0.9995718480032861, 0.9991401232412659, 0.998117251052708, 0.9915700424534993, 0.999358695289248, 0.9990420338343404, 0.9993082173174117, 0.9994717654257098, 0.9990888926067776, 0.9996496731345743, 0.9995736145186758, 0.9978351420650557, 0.999617398689845, 0.9997621243976637, 0.9993567809253887, 0.9990766544396481, 0.9993729276014492, 0.9985985857657634, 0.9973707014242144, 0.9722779802159193, 0.998429019760369, 0.9992921014226199, 0.9997332423361271, 0.9963318713812747, 0.9889925966883846, 0.9995592130293071, 0.9736208205310476, 0.9982005604375788, 0.9992954372508633, 0.9961356551013908, 0.9993242995809799, 0.973793902518356, 0.9966020869294873, 0.9990477664800662, 0.9992573908221645, 0.9962223925218029, 0.9968712140866328, 0.9992126075152786, 0.9993497646263262, 0.9992366214390351, 0.9998182879020513, 0.9890232889652587, 0.9985116424538145, 0.9990361453874972, 0.9996389624345385, 0.9996954792240828, 0.9547270797894802, 0.9974679097606238], [0.9995314985802832, 0.9999999999999999, 0.998342762598334, 0.9928679761579672, 0.9989657515923497, 0.9660683091567807, 0.9991191031634324, 0.8295257767869243, 0.9982569383593766, 0.9895576706935235, 0.9117150166981678, 0.9989994481724132, 0.9987615670680278, 0.9997580598790193, 0.9910553126055149, 0.9972530687014759, 0.9984791511899396, 0.9695996544627304, 0.9945894873324745, 0.9995408625233094, 0.9998237383537786, 0.9993230025379471, 0.99973450404583, 0.9996245655276548, 0.9996306517259101, 0.9939301667491465, 0.9933803224424761, 0.9997325348801355, 0.995430690957431, 0.9942416031498647, 0.9991242313833858, 0.9951214750334221, 0.9973287142969931, 0.9996959115327003, 0.999342453042954, 0.9985371297767038, 0.9965970014998072, 0.9433470788372527, 0.9995024510262293, 0.99877173902646, 0.0, 0.9996485337781624, 0.9376691648954661, 0.9992265317286204, 0.999513147517846, 0.9982910735507922, 0.9995803059169052, 0.999137307221173, 0.9996721168870902, 0.9677225821300155, 0.9957339701211754, 0.9996033132138317, 0.9850612711576866, 0.9996850839044811, 0.9920790562548281, 0.9968578123926003, 0.9998148725334179, 0.9990078052561867, 0.9965966747975606, 0.988167437928289, 0.9998166484205836, 0.999119004114777, 0.9998306431342382, 0.9997160130023268, 0.9982684957289402, 0.9992957965472596, 0.9996911538179248, 0.9985955179241305, 0.9997377799000742, 0.9995724670663472, 0.9998488271649076, 0.9992709515487039, 0.9993943951997283, 0.9992817003224731, 0.9984956634938102, 0.9767130893957778, 0.9992636173609973, 0.999642301445488, 0.9998027565936056, 0.9944767762472775, 0.9913679948869091, 0.9999282470238737, 0.9787818871754607, 0.9991253310956995, 0.9982780093809267, 0.9977129035189982, 0.9984834064753576, 0.9697458910328824, 0.9978146233764659, 0.9997124200906119, 0.9988791693363193, 0.997714475883007, 0.9982670098137341, 0.9993267255963906, 0.9986930727218439, 0.9988910412819646, 0.9996068620452219, 0.9885804860111944, 0.999359451075881, 0.9997202073678406, 0.9988697576106805, 0.999821992635986, 0.9611164322957462, 0.9960106013361658], [0.9985826605939946, 0.998342762598334, 1.0000000000000002, 0.9911871548879376, 0.9973373158641375, 0.9699746590432775, 0.9973662858209221, 0.806754005855203, 0.996808755915554, 0.9872300152053034, 0.9225023417913314, 0.997574044227843, 0.9987031491779909, 0.998629421290778, 0.9887035234080049, 0.9958738867909538, 0.995165919900288, 0.9659803022376949, 0.9915832034844353, 0.9991495549587434, 0.9984522091635968, 0.998148073815166, 0.9988350721840386, 0.997941169676201, 0.998759300775352, 0.9924714657709408, 0.9911475848844702, 0.9986784895928998, 0.9984925963611126, 0.9958950681626645, 0.9994484708160077, 0.9908183755460153, 0.9969496719842591, 0.9982708954421912, 0.9981872097931226, 0.9955777922222178, 0.9965233661757616, 0.9404308264581014, 0.9976182029802058, 0.9955714696019394, 0.0, 0.9985217206034507, 0.9282969200026757, 0.998634313373024, 0.998459967836407, 0.9972831860764034, 0.9973559558399375, 0.9993488712599571, 0.9985627050998345, 0.9627918894924616, 0.9974611731699499, 0.9983075472368921, 0.9786432252233126, 0.9988487615616533, 0.9899662248411443, 0.9933728386563713, 0.9986402665002762, 0.9993167045865322, 0.997879795710749, 0.9899073103412921, 0.9986548932352983, 0.9986311978872731, 0.9983660051960952, 0.9983877085408667, 0.9977481167374298, 0.9987900784725284, 0.9985001576042521, 0.9969839711975643, 0.998561417777696, 0.9989756695723896, 0.9983596171436477, 0.9987110207824642, 0.9992337049919029, 0.998919849740755, 0.9964169487354837, 0.9740236062307747, 0.9979527488921536, 0.9989504542503, 0.998740212360446, 0.9944221839455302, 0.9907591534617102, 0.9985226223092925, 0.9742597735735052, 0.9980524505730941, 0.9987628577706882, 0.9974379799307042, 0.9978275552469734, 0.9793639671897141, 0.997525633016248, 0.9982971884438929, 0.9982405981401781, 0.9971858676152949, 0.99730260738682, 0.9990599463985743, 0.9988691179615901, 0.9970095263542732, 0.9980551766366839, 0.9921020532793999, 0.9982291987639748, 0.9982837422293772, 0.9985375301330792, 0.9985533302139858, 0.9578665969595407, 0.9944566638560266], [0.9906132216422385, 0.9928679761579672, 0.9911871548879376, 1.0, 0.9957965880573316, 0.9347981034037385, 0.995277247871703, 0.8615986222035457, 0.9972366840504141, 0.9886888778032911, 0.8817995169070072, 0.9963479694020695, 0.9899892349353143, 0.9920778201510916, 0.9957010645868369, 0.9979529441784509, 0.9903784097013346, 0.9902574166328145, 0.994558322511763, 0.9930296180529717, 0.9921348468727399, 0.9949408698628206, 0.9919274939033912, 0.9946382450252723, 0.9921603966190274, 0.9932277815859005, 0.9862268760621434, 0.9919413068547484, 0.9861979896811461, 0.9850920924895509, 0.9924877647613729, 0.9951234275522847, 0.9955429197304915, 0.9918789191344455, 0.9952874626328839, 0.9954801303400127, 0.9960555290665111, 0.9725300386329077, 0.9951230486767593, 0.9907781085718337, 0.0, 0.9932675405820464, 0.9642355420624525, 0.9897290057181167, 0.9948735911588736, 0.986995010834398, 0.9905786725798837, 0.9913699175533895, 0.9921004114488772, 0.9886542781349504, 0.9947860783312671, 0.9949800821359368, 0.9896510477899843, 0.9930618977781268, 0.9994534731028936, 0.9956517662000834, 0.9929322017679297, 0.9926522608871279, 0.9836279788688702, 0.9683919297411295, 0.9940565018579962, 0.994632954642098, 0.9937046279960181, 0.9926899071268603, 0.9880967755978357, 0.9913463272391346, 0.9919212743867648, 0.9951745819465461, 0.9933645974881413, 0.992161263527492, 0.993950357706291, 0.992853052577287, 0.992384971710505, 0.9941918533395769, 0.995116568915302, 0.9945788562934449, 0.9961684099350441, 0.9935172411614733, 0.9924664711799817, 0.9771519402375218, 0.9992807953545887, 0.9931081404370268, 0.9913320281021263, 0.9954821326563681, 0.9886933140402538, 0.9953736315844367, 0.9880291864630101, 0.9584845821054025, 0.9970688102703386, 0.994088886300302, 0.9903760866884979, 0.9925742194216335, 0.9970753554180928, 0.9933724432681165, 0.9893925988496274, 0.9883862481337263, 0.9903562780246618, 0.990421637706212, 0.9953739717928746, 0.9942063114349828, 0.9889018383837573, 0.9919493825724095, 0.9842405680384697, 0.9804364719298195], [0.997752691832727, 0.9989657515923497, 0.9973373158641375, 0.9957965880573316, 1.0, 0.9560813259772679, 0.9998451415045114, 0.8427439245911975, 0.9996883581110064, 0.9938244008256969, 0.896588213774718, 0.999855236323816, 0.9971406944391286, 0.9986067430743215, 0.9954838006588413, 0.9988560209867923, 0.9977103814007715, 0.9765096504993294, 0.9973965619285292, 0.9987534640410505, 0.9985861536856994, 0.9985959111916998, 0.9982909157707086, 0.9997000211655811, 0.9989801172782996, 0.9927793019714946, 0.9893481619963836, 0.9986318862392115, 0.9941200147787806, 0.9909419355980793, 0.9986886630855376, 0.99748693851893, 0.9976933388203291, 0.9984638521411149, 0.9998594579646988, 0.9993920701597819, 0.9968732940252221, 0.955795535855761, 0.999630808674944, 0.9984822085293078, 0.0, 0.9989459183020324, 0.9490932586209878, 0.9970780475457974, 0.9996731352831569, 0.9962139390175804, 0.9981716152598494, 0.9982676361809998, 0.9987924383035951, 0.9753584770789017, 0.9969248184157091, 0.9995955956711826, 0.9902183732102039, 0.9991403001935864, 0.9956112766345819, 0.9973221331816525, 0.9991438132307402, 0.9982161556082233, 0.9933386019485828, 0.982217838772798, 0.9992002924260395, 0.9983076828826383, 0.9993950677706942, 0.9989549150752427, 0.9952228228958134, 0.9976826658485857, 0.998662238958754, 0.9982928985516872, 0.9987749208328599, 0.9982588078680726, 0.9991246077695237, 0.999005597567187, 0.9983787057947531, 0.9993042897163414, 0.9996912881344371, 0.9831700609024798, 0.9994227869551761, 0.9991690620807133, 0.9988224549348694, 0.9902210073378422, 0.9946379642906088, 0.9990048432889383, 0.9855141429493707, 0.999754863681618, 0.9962488944793291, 0.9985967078800543, 0.9956725772237149, 0.9649182322281248, 0.9988809033135418, 0.9995845368348077, 0.9973746050736702, 0.9983259311201867, 0.999544679252173, 0.9988304448414674, 0.9964658198315478, 0.9973189071841926, 0.9977987349666473, 0.988683446248112, 0.9997926082516063, 0.9996747244942282, 0.9970867447153383, 0.9985827333414596, 0.9695847142593311, 0.991738309567768], [0.9721413134117899, 0.9660683091567807, 0.9699746590432775, 0.9347981034037385, 0.9560813259772679, 0.9999999999999998, 0.9582326022269808, 0.6831581321232015, 0.952877411699777, 0.9327918368151126, 0.9667011246097681, 0.9560034019274174, 0.9721844235493508, 0.9690024115008541, 0.9270769160513526, 0.9502252886349875, 0.9641822507233155, 0.880332311066069, 0.9397434913649779, 0.9675592016220068, 0.9685161768804111, 0.9628692997187825, 0.96936870142347, 0.9605265214264022, 0.9671025410087781, 0.9602343720459441, 0.96954897824585, 0.9684073083406457, 0.9715219151778779, 0.9789807968081196, 0.9657821495838883, 0.9378873909164002, 0.9578262108171006, 0.9688834705625756, 0.959615842776616, 0.9533745772110922, 0.9513199451102682, 0.8350231890154101, 0.9590939619964175, 0.9610051510052628, 0.0, 0.9663015289611271, 0.8205154971341746, 0.973876884600606, 0.9616441129513759, 0.9715014135311751, 0.9674141047653967, 0.9687016194932007, 0.9679712116114575, 0.8741043616291513, 0.9536749293905716, 0.9618308108054388, 0.9130357217532095, 0.9655992844746691, 0.9299251085542888, 0.9536275075565831, 0.9663512962718017, 0.9684942263665137, 0.9818016094313443, 0.9926929440354245, 0.9650466175015182, 0.9652437884372866, 0.9641968270814538, 0.9672556884281398, 0.9762540145048635, 0.9719776550336355, 0.9685663104528232, 0.960736188812059, 0.967228212130439, 0.9698437485819084, 0.9647814374468621, 0.9657381617968072, 0.9689739363483544, 0.9621526336870502, 0.9554805577601156, 0.8952524692386262, 0.9593847723751577, 0.9653459221241358, 0.9681098193556665, 0.9836096527798225, 0.932234430744962, 0.9661642435366647, 0.8970968870345492, 0.9590583780371987, 0.9762485977171672, 0.9525698655325736, 0.9770869958418658, 0.97390656094308, 0.9532684513400246, 0.9629685533638942, 0.9728442691679019, 0.9568394772404054, 0.9529353494593602, 0.9670010027992885, 0.9746983225290018, 0.9723389322258589, 0.9713765698983372, 0.9539142189060098, 0.9598348869161021, 0.9624684743218539, 0.974762230667226, 0.968980667258282, 0.8643786128891483, 0.9813062951832984], [0.9981537015739276, 0.9991191031634324, 0.9973662858209221, 0.995277247871703, 0.9998451415045114, 0.9582326022269808, 1.0, 0.8412594838957745, 0.9996341993233031, 0.9926311099244066, 0.8982701616252311, 0.9996355548547922, 0.9972045636462589, 0.9989335936400863, 0.9946924305571043, 0.9984205653024608, 0.9983150673788862, 0.974674141471624, 0.9965897601396633, 0.998786314884148, 0.9988686800816512, 0.9985838292267379, 0.998444487945358, 0.999678881107555, 0.999069657033562, 0.9934663247063313, 0.990351206945893, 0.9987993737263772, 0.9941306664532102, 0.991371700879364, 0.9987007340664974, 0.9970879321100514, 0.9971233712138963, 0.9987076608481089, 0.9997468466786761, 0.999401809690811, 0.9965185481569585, 0.9530592665156192, 0.9995673501707536, 0.9986355894311271, 0.0, 0.9990821378567564, 0.9468272029446563, 0.9974102441477714, 0.9996296383993744, 0.9968608517903581, 0.9983506414381148, 0.9984760404620503, 0.9990245176748602, 0.9736335252568433, 0.9966041412528418, 0.9995243209691836, 0.9894885640058748, 0.9992474334043898, 0.9947817982532783, 0.9977537606194419, 0.9992842909767041, 0.9982728456571057, 0.9940541168991718, 0.9834946122859017, 0.999291182509121, 0.9983598559972118, 0.9995101323225266, 0.9991748031008328, 0.995811827679367, 0.9979530154189593, 0.9988671851479316, 0.9984962048633584, 0.9989971755398541, 0.9984508848108974, 0.9992582333672417, 0.9990809983423671, 0.9984892052693131, 0.9992130733192433, 0.9996379171870717, 0.9817163817717386, 0.9993253126237271, 0.9991992149749662, 0.9990258075122508, 0.990795660996809, 0.9937029635996476, 0.999146655993885, 0.9839749818687421, 0.9996101616444285, 0.9966041961769508, 0.998029085296448, 0.996239085107386, 0.965276887967768, 0.9983611226087393, 0.9996350587892561, 0.9977458213633267, 0.9978302722144469, 0.9992155883606859, 0.9988844253431332, 0.9967557177715329, 0.9978778825008029, 0.9982389511764949, 0.9883680048472129, 0.9996678093394822, 0.999714976724995, 0.9974991870474696, 0.9987876948843928, 0.9675734216436027, 0.9927788099611063], [0.817164725413187, 0.8295257767869243, 0.806754005855203, 0.8615986222035457, 0.8427439245911975, 0.6831581321232015, 0.8412594838957745, 1.0, 0.845377188634033, 0.8605140193442711, 0.5546518660451559, 0.8415585429364, 0.8086673955450763, 0.8246484176073663, 0.8751754577079689, 0.8458178218971977, 0.8419851713791634, 0.9023882860546404, 0.866729078814994, 0.8196750789741796, 0.8261822291486893, 0.8293937048493543, 0.8205520782370541, 0.8378120837708393, 0.8227438761526246, 0.8328907672669796, 0.8197532013407587, 0.8209789956101244, 0.7827977269080145, 0.7821230112547487, 0.8205653676405393, 0.8733787597026899, 0.8287293173784593, 0.826980600730968, 0.8357457740183988, 0.8553647941599277, 0.8359910276107778, 0.9031476387436976, 0.8424553326145021, 0.8416861459804023, 0.0, 0.8294451290031083, 0.9540316411060197, 0.8123466785385269, 0.8345354561350741, 0.8179182175078218, 0.8293659877506653, 0.8160569096435084, 0.8270984335122921, 0.9140784639227485, 0.8205445334983479, 0.8342030740070329, 0.9044298398177573, 0.8240013962404288, 0.8688568877427857, 0.8580027371601668, 0.8280096973542639, 0.8124595563437146, 0.7866970848067978, 0.752488892678577, 0.8296779342415681, 0.8226256406479358, 0.8313616979349611, 0.8285707112990774, 0.8040069905505394, 0.8151891957548819, 0.8264890437513419, 0.8393090325194386, 0.8270789072534168, 0.8193310053021163, 0.8317058065765919, 0.8209395614938694, 0.8163883622011886, 0.8258075691540212, 0.8476588066711157, 0.8919740640914818, 0.8381300445556672, 0.8243584454285767, 0.8236565380907264, 0.7791389047456161, 0.8566917158611986, 0.8280214836781874, 0.905553907190916, 0.8380845854869056, 0.800952189634691, 0.836731511899909, 0.8078933451443314, 0.6841732698133197, 0.8360353356635948, 0.834596496613459, 0.8165878386722524, 0.837554587226726, 0.8414004674110921, 0.8217964979197837, 0.8035355387554276, 0.8209775201857844, 0.8207289457514496, 0.7855336089407713, 0.836671855789321, 0.8339336379761568, 0.8088619153886643, 0.823846710718032, 0.9130268280014605, 0.7967819745161385], [0.9969454846689552, 0.9982569383593766, 0.996808755915554, 0.9972366840504141, 0.9996883581110064, 0.952877411699777, 0.9996341993233031, 0.845377188634033, 1.0, 0.9926550835353095, 0.8947835625034793, 0.9996956236006742, 0.9962141358590794, 0.9979406843836056, 0.9960571155982064, 0.9991659688568306, 0.9969032068477041, 0.9793371824363266, 0.997005857830169, 0.9982011130881772, 0.9978475792545064, 0.9984668421133286, 0.997543335828856, 0.9992115096685793, 0.9981657325311162, 0.9937276775276415, 0.9894146900308307, 0.9978764780677966, 0.9934649955794397, 0.9904394911723501, 0.9980849260375824, 0.9973808719125009, 0.9976098811630071, 0.9976533126912465, 0.9994968852522507, 0.9991244950979145, 0.9973105418621787, 0.9593168978929093, 0.9991741015213355, 0.9974126418131766, 0.0, 0.9983361047471694, 0.9516989666619686, 0.9961584138537962, 0.9992545210527606, 0.9951230712113164, 0.9970272902261467, 0.9976389709096405, 0.998003960635333, 0.9780790071387385, 0.9972930008715695, 0.9991727259385702, 0.9901959619193169, 0.9985164005362752, 0.996764524341906, 0.9976043782257312, 0.9984724525429295, 0.9977970414773958, 0.9922234979019134, 0.980214482183517, 0.9986853337245873, 0.9981835846478992, 0.9988006595393691, 0.9982313268758264, 0.9944306060017152, 0.9969873992921103, 0.9978419074622575, 0.9982755461442977, 0.9982739634099976, 0.9976462240166737, 0.9986608307494588, 0.9984211822329352, 0.9977962913380711, 0.9989064653854637, 0.9992953560372324, 0.9857581335176496, 0.9992128770221388, 0.9986070731452517, 0.9981295593640781, 0.9882440664874784, 0.9960493550343187, 0.9983524091790247, 0.9866915920319724, 0.9993945974245447, 0.9954079299945456, 0.998382164465968, 0.9947563210619067, 0.9650146111788492, 0.9989760206009415, 0.9989953344411484, 0.9965905491258708, 0.9974074759743032, 0.9996120849027258, 0.9983114225309008, 0.9956755805869696, 0.9960907095638198, 0.9969079414064758, 0.9900825093435325, 0.9994149220195705, 0.9991351976857087, 0.996124990759904, 0.9977939536959588, 0.972596099082187, 0.9901435596480385], [0.9866818724871552, 0.9895576706935235, 0.9872300152053034, 0.9886888778032911, 0.9938244008256969, 0.9327918368151126, 0.9926311099244066, 0.8605140193442711, 0.9926550835353095, 1.0000000000000002, 0.8573087164910121, 0.9931218588756476, 0.987114552096145, 0.9886911989952958, 0.9953272192194677, 0.992489899099721, 0.9891110608998699, 0.9760637919061624, 0.9970540337346713, 0.989270330849168, 0.9884790610918586, 0.9880053772923996, 0.9879184235692092, 0.9920571312796899, 0.9905757385075221, 0.9765161826010849, 0.9701500199841475, 0.9890270315396378, 0.9835162836082993, 0.9750731311595215, 0.9900874905198095, 0.9945226214825799, 0.9895451157158819, 0.9888037971619028, 0.9927347463228158, 0.9931493379925634, 0.987314229456779, 0.9659422634639436, 0.9921894278887455, 0.9921772974385754, 0.0, 0.990068313401247, 0.9606634105741224, 0.9857018900296273, 0.9921207149080328, 0.9853936035994656, 0.9890002693874624, 0.9885965639226193, 0.989975160027815, 0.9764838158178054, 0.9886340433390968, 0.9914992765966087, 0.9939752849132356, 0.9904045867918395, 0.9906822518229584, 0.9874288790941247, 0.9903226485129213, 0.9879929312674125, 0.9788706266608185, 0.9642941449966179, 0.989926273071378, 0.9870516864359705, 0.9906578407652281, 0.9899138726052452, 0.9807694504883582, 0.9861994177378708, 0.9897470805270799, 0.9882342805285101, 0.9883837704506322, 0.9877309181706211, 0.9894598105665545, 0.9905323282871606, 0.9884657636856683, 0.9914269653671673, 0.9943522781493149, 0.9812071175238442, 0.990825173981254, 0.9904161055187372, 0.9891165775938148, 0.9776170349443676, 0.9889911326859754, 0.989401126925961, 0.9902663285226122, 0.9931619037889091, 0.9844512902559527, 0.992459643638232, 0.9823278373440739, 0.9426809065137189, 0.9920502983352908, 0.9918117919293048, 0.9866627601000368, 0.9941700290824821, 0.9930587011243833, 0.9898854708685498, 0.9844252315639189, 0.9872354213317562, 0.98660358182856, 0.9744213363702318, 0.9927330937663428, 0.9918296580629441, 0.9860138067441494, 0.988705095260868, 0.9725037807171442, 0.9766329425536507], [0.9199772710481529, 0.9117150166981678, 0.9225023417913314, 0.8817995169070072, 0.896588213774718, 0.9667011246097681, 0.8982701616252311, 0.5546518660451559, 0.8947835625034793, 0.8573087164910121, 1.0000000000000002, 0.8991377884604532, 0.92353915818665, 0.9143039379531122, 0.8582648609947826, 0.8953194654017629, 0.8991422757956052, 0.8243672320066777, 0.8717116859596181, 0.9165197951173294, 0.9142945078142689, 0.913916385318286, 0.9182515388698261, 0.9030719198787103, 0.9123514325396682, 0.9139012239289158, 0.9278888201965299, 0.9152936082958342, 0.9294910110020527, 0.943461645541844, 0.9125807951737225, 0.8697547225875066, 0.9087782785695993, 0.9138799233089029, 0.9027342480823387, 0.8904704971798982, 0.9047289348229741, 0.7653586810648628, 0.9011720121509036, 0.896981008770587, 0.0, 0.9114853962525038, 0.7313514386632453, 0.9240068037453893, 0.9050881101305923, 0.9154812333834561, 0.9112961783528267, 0.9162074423262409, 0.9117401244065318, 0.8103093374895416, 0.9062791356426019, 0.9065161437189105, 0.829092194830922, 0.9121274904664727, 0.8731292229932793, 0.8929260914099291, 0.910661725770112, 0.9199725409829738, 0.9361564972206248, 0.951418755586523, 0.9115400440432305, 0.9175939539045845, 0.9081545664253736, 0.911162979338967, 0.9316691299609947, 0.9220728488053427, 0.9128230671994826, 0.9075872023261066, 0.9141477369150218, 0.919003287391991, 0.9107095243803442, 0.9113825760147616, 0.9191552841031148, 0.9093653281914311, 0.8920177361539404, 0.8378231192380451, 0.9051934246268047, 0.912055018084927, 0.9143063966248933, 0.9373771814846351, 0.882398716718415, 0.9125105197667382, 0.8232323084764986, 0.9015533473315437, 0.9288427540657163, 0.8996078394507524, 0.9288402487649033, 0.969208131958717, 0.902243015935198, 0.9056008266501888, 0.919424251524429, 0.8980386404159829, 0.8978467816416922, 0.91460513026063, 0.9288218190911791, 0.9134872242095597, 0.9176585426126089, 0.9268302968755532, 0.9028854722818529, 0.9054119716323655, 0.922191457815945, 0.9153481467741811, 0.8009879095391176, 0.9308763732446211], [0.9977895709854687, 0.9989994481724132, 0.997574044227843, 0.9963479694020695, 0.999855236323816, 0.9560034019274174, 0.9996355548547922, 0.8415585429364, 0.9996956236006742, 0.9931218588756476, 0.8991377884604532, 0.9999999999999996, 0.9973883304997678, 0.9985535170101223, 0.9953887804894326, 0.9991667272162797, 0.9971621959997802, 0.977742382998676, 0.9974513233769192, 0.9989156460464302, 0.9985857027030696, 0.9990378276344418, 0.9984725104352637, 0.999660261060248, 0.9989137758153932, 0.9933325759724114, 0.9898899684432401, 0.9986692388025392, 0.9943653625056008, 0.9917046586670694, 0.9987253435444208, 0.9972418329113154, 0.998422206648471, 0.9984523936534305, 0.9998784834241278, 0.9992490995886617, 0.9976551660326899, 0.9565145841180798, 0.999621987953825, 0.9980766488528722, 0.0, 0.9989850598090425, 0.949131619364707, 0.9972282964177592, 0.9996987051629169, 0.9957742598639573, 0.9981492623901579, 0.9982710446526756, 0.9987204556903891, 0.9762631723866375, 0.9970854890890897, 0.9997099645313741, 0.9893941234573992, 0.999133522321118, 0.9960969537614335, 0.9972084850944566, 0.9991244968296035, 0.9984461886760029, 0.9934026153887894, 0.9822123976888011, 0.9993164559243468, 0.998679631490884, 0.9993795155131373, 0.9988703541188815, 0.9954679666177404, 0.9978915388552114, 0.9986439899065539, 0.9986085979210463, 0.9988489193990021, 0.9984310895812158, 0.9992750304843881, 0.9989304911834733, 0.9985442533493651, 0.999410845384885, 0.9993937432101492, 0.9841585286445733, 0.9995843160847683, 0.9992464290498134, 0.9988603489020329, 0.9902133931959558, 0.9954862635013187, 0.9990903969233547, 0.9857755611331954, 0.9997890645477503, 0.9963886906895085, 0.9988942923385826, 0.9958074239687917, 0.9665640677796771, 0.999328470568209, 0.999532873451578, 0.9974520068689742, 0.998457705917577, 0.9997224232523865, 0.9989518853478773, 0.9966999846308615, 0.9969755981998765, 0.9977462014867069, 0.9898853294953879, 0.999827310900517, 0.9996035241575515, 0.9970456527345859, 0.9986281534009479, 0.9705686551131925, 0.991418304271375], [0.9989326484681774, 0.9987615670680278, 0.9987031491779909, 0.9899892349353143, 0.9971406944391286, 0.9721844235493508, 0.9972045636462589, 0.8086673955450763, 0.9962141358590794, 0.987114552096145, 0.92353915818665, 0.9973883304997678, 1.0000000000000004, 0.9990184437060652, 0.9867289413494578, 0.9958315100250651, 0.9962156475144117, 0.9635925925711741, 0.9919403308418241, 0.9992030118230125, 0.99900563538953, 0.9983848454026015, 0.9992092055788657, 0.9980392540126964, 0.9992398567627284, 0.9925550103241567, 0.9921110532773342, 0.9993126363320777, 0.9968319954832288, 0.9969022303533784, 0.9984775517455501, 0.9906548013209057, 0.9971405620818814, 0.9989551552424514, 0.9980563064484912, 0.9958594159746292, 0.9949360543627521, 0.9370785762755248, 0.9976889839699358, 0.9964156999493533, 0.0, 0.9988991549863325, 0.9264650925137796, 0.9993496793698777, 0.9984029493718356, 0.9969012489062306, 0.9983173971433547, 0.9985279331982436, 0.9989732897114181, 0.9606457149368818, 0.9947134285937504, 0.9983654827573475, 0.97846242126509, 0.9990488830551879, 0.9886327004285184, 0.9936998808106676, 0.9988115427546868, 0.9993094985734396, 0.9976003665316666, 0.9915721248867295, 0.9989086867491712, 0.9985164971582687, 0.9986090642415502, 0.998899069129447, 0.998571016396989, 0.9993603669222618, 0.9990637507752017, 0.9973024353453551, 0.9988234455044457, 0.9991802334946458, 0.9987058175368706, 0.9988007124404955, 0.9995405714520548, 0.9984602635721606, 0.9963321219413296, 0.9716574366061017, 0.9978268986978213, 0.9990617965780626, 0.9990232875281311, 0.9956077619171311, 0.9892983150651578, 0.9988685022952268, 0.9735202493571898, 0.9979392967791022, 0.9991771922719757, 0.99598542047841, 0.9987388182387912, 0.9772512986596223, 0.9966088758042537, 0.9985083704960306, 0.99913627727598, 0.9965004797775874, 0.9965483645805958, 0.9991727700671124, 0.9994125234638016, 0.9979880257944107, 0.9987199892359813, 0.9903910123600117, 0.9981354350430377, 0.9983902713269354, 0.9989811136339218, 0.9991247479507819, 0.9539510478005979, 0.995910507380966], [0.9997178385190173, 0.9997580598790193, 0.998629421290778, 0.9920778201510916, 0.9986067430743215, 0.9690024115008541, 0.9989335936400863, 0.8246484176073663, 0.9979406843836056, 0.9886911989952958, 0.9143039379531122, 0.9985535170101223, 0.9990184437060652, 1.0, 0.9898037411704352, 0.996781667590281, 0.9986728011009444, 0.9672367005310001, 0.9935729630538453, 0.9995341087543381, 0.9998765329890243, 0.9989408391690838, 0.9997025664174575, 0.9993488564546824, 0.9996239438904684, 0.994532333695191, 0.9938835029136294, 0.9996945206213521, 0.9956596425899004, 0.9950367462401994, 0.9991169425951948, 0.9939015083070389, 0.9969266316649243, 0.9997815773098828, 0.9990888319119122, 0.9980539897764098, 0.9957155520350895, 0.9407508208574678, 0.9991619626613446, 0.9983621865374468, 0.0, 0.9997143875375541, 0.9342598162637746, 0.9994772422036686, 0.9994084849073079, 0.9985109387618617, 0.9992110396830347, 0.9991966552964375, 0.9998485245054766, 0.9651844505940216, 0.995535222051984, 0.9993656339007982, 0.9834785689228362, 0.9995720744350832, 0.9909701214201514, 0.9967302720956198, 0.9997874755633214, 0.9991679276780664, 0.9974126910563889, 0.990065360021519, 0.9997029658344974, 0.9990456144471723, 0.9996763580284769, 0.9998445035829054, 0.9986160319931594, 0.9995396417376855, 0.9998477241088672, 0.9984262679597908, 0.9997802678185091, 0.9996801422379937, 0.9996934079033579, 0.9992990207405243, 0.9995421717204198, 0.9990811185104359, 0.9983147854285401, 0.974957145634669, 0.9990312352799944, 0.9995588839395423, 0.9998049834633208, 0.9948882780193583, 0.9904828214208777, 0.9997521358417801, 0.9769480231875852, 0.9989580172647398, 0.9988073642280146, 0.9969424908477854, 0.999013435313551, 0.9713787539128813, 0.9973107042740715, 0.9995991460853132, 0.9994010626968691, 0.9971338871700801, 0.9977997784127967, 0.9994646329413679, 0.9989973981185454, 0.9991612039690241, 0.9996848340959062, 0.9887237606200799, 0.9991816052133902, 0.9995396849252945, 0.9993287264934002, 0.9998183870100349, 0.9586820732519772, 0.9966112711715658], [0.9875900586958122, 0.9910553126055149, 0.9887035234080049, 0.9957010645868369, 0.9954838006588413, 0.9270769160513526, 0.9946924305571043, 0.8751754577079689, 0.9960571155982064, 0.9953272192194677, 0.8582648609947826, 0.9953887804894326, 0.9867289413494578, 0.9898037411704352, 0.9999999999999998, 0.9952724306178151, 0.9900887761463504, 0.9873613428326011, 0.9977869236004154, 0.9902933990033529, 0.9898584133175391, 0.9912166716071036, 0.9891342137866921, 0.993775325995814, 0.9908463890493365, 0.98376631461771, 0.9764868415762323, 0.9898814320171683, 0.9841427145212785, 0.9761145978773578, 0.9918423102670123, 0.9977569742006469, 0.9916191880403822, 0.989673403755947, 0.9942940210978015, 0.9955436172465072, 0.9934390717840998, 0.9741999958727358, 0.9940489376199131, 0.9921997137876594, 0.0, 0.9911159531884451, 0.9705957077432796, 0.9861315743963527, 0.9934830928172216, 0.9868896483342373, 0.9897739159148659, 0.9904449907995331, 0.9905115028285929, 0.9877669194308626, 0.9927237659293981, 0.9931466636886921, 0.9961777863579044, 0.9913983887351212, 0.9971059800352117, 0.9922728114879595, 0.9912705692374766, 0.9892017943427381, 0.9798897529655667, 0.9614475628130457, 0.9916776682530448, 0.9900054083369693, 0.9922252531138408, 0.9907922260909051, 0.9826328318424037, 0.9875324474764785, 0.9901466029211605, 0.9918235865070866, 0.9903224410362916, 0.9889822767880599, 0.9916691290037416, 0.9910618863832205, 0.9893906691543832, 0.9928608743977427, 0.9954051404622318, 0.9914536100125338, 0.9934181015351423, 0.9914717817766625, 0.9902912736992909, 0.9747840700841676, 0.9951842510497962, 0.9910733762923006, 0.9949358867102817, 0.9944508174695879, 0.9843490062225911, 0.9954500882533456, 0.9834048956025846, 0.9446567297235899, 0.9947133314615862, 0.9929569214680012, 0.9872110848597884, 0.99465123790079, 0.9958531992309143, 0.9906715652423987, 0.984942738297934, 0.9871262949097938, 0.987867817019506, 0.9799367156981516, 0.9941565784775432, 0.9931632185233448, 0.9860262008271756, 0.989806837615898, 0.9848283242044163, 0.9765342413444866], [0.9957732648066293, 0.9972530687014759, 0.9958738867909538, 0.9979529441784509, 0.9988560209867923, 0.9502252886349875, 0.9984205653024608, 0.8458178218971977, 0.9991659688568306, 0.992489899099721, 0.8953194654017629, 0.9991667272162797, 0.9958315100250651, 0.996781667590281, 0.9952724306178151, 0.9999999999999996, 0.9950195598547673, 0.9823246375291669, 0.9970032501121928, 0.9976153016762798, 0.9966669183611767, 0.9981062289506814, 0.9967611568070703, 0.9981583799063738, 0.9971217470753124, 0.9937570008188451, 0.9887219539997459, 0.9968480328895142, 0.9919933671365015, 0.9909602231649541, 0.9967587309650712, 0.9961390948412302, 0.9984703744386545, 0.9967529047029033, 0.9987733019310463, 0.9981194603014005, 0.9969884420149979, 0.9631173642325941, 0.9983436913694882, 0.9958402188885968, 0.0, 0.9976830709658074, 0.953760591317524, 0.9953054654444794, 0.998529378907473, 0.9924454584677709, 0.9957639397924686, 0.9961311677235727, 0.9969543712417651, 0.9804194791841625, 0.9963427772152335, 0.9985974485214254, 0.989227621424727, 0.9974315222384685, 0.99749374494, 0.9968494497678929, 0.9974426725989096, 0.9971550996663792, 0.9904290230674513, 0.9786006463783583, 0.9980077050349361, 0.9978767448221193, 0.997710057949122, 0.9972896329416236, 0.993334348749864, 0.9963155257453641, 0.9969023393934756, 0.9979979879530779, 0.9974291538040688, 0.9968523889345261, 0.9977983451721356, 0.9974643153300329, 0.9971194028719592, 0.9979431595826769, 0.9981662037333265, 0.9879719623894219, 0.9989251908299814, 0.9977722186067846, 0.9971107893829266, 0.9864596644031687, 0.997364281360958, 0.9973868433698292, 0.9880323429418942, 0.9989046300280203, 0.9946737248840261, 0.9978102388904322, 0.9938266552185374, 0.9654474650477244, 0.9990698391297334, 0.9980989067513605, 0.995898980839149, 0.9968495089466313, 0.9990471150885707, 0.9979309004891607, 0.9950777889903246, 0.9943609477201628, 0.9954707820867194, 0.9912345002465157, 0.9987647947917758, 0.99808524967042, 0.9948222827382383, 0.9967911561601588, 0.9750811929089194, 0.9877175557210854], [0.997984734837259, 0.9984791511899396, 0.995165919900288, 0.9903784097013346, 0.9977103814007715, 0.9641822507233155, 0.9983150673788862, 0.8419851713791634, 0.9969032068477041, 0.9891110608998699, 0.8991422757956052, 0.9971621959997802, 0.9962156475144117, 0.9986728011009444, 0.9900887761463504, 0.9950195598547673, 0.9999999999999998, 0.9661322830389101, 0.9935920017164862, 0.9971411951081925, 0.9985848782405594, 0.996648850054918, 0.9975876792237246, 0.9983351075594576, 0.9979590332416669, 0.9929687133240854, 0.9925016090056383, 0.9979703063862049, 0.9909386241406618, 0.9901204650550594, 0.9969728704957376, 0.9951467517196196, 0.9936502930893887, 0.9985733210829878, 0.9976679380558721, 0.9982778014161672, 0.9927321765743085, 0.9400875525877127, 0.9982589422578414, 0.9988025505205317, 0.0, 0.9982025590314891, 0.9394177881025827, 0.9972649043536251, 0.9979865568745926, 0.9978910438071579, 0.9982069062376672, 0.9971519925604281, 0.9985140533963408, 0.9656550049588526, 0.9922506247560268, 0.9978551425919189, 0.9872766925895434, 0.9977322932199851, 0.9897678827107781, 0.9971730392446895, 0.9984057966646024, 0.996190973783215, 0.9944845835120625, 0.9865144212172572, 0.9980346444507986, 0.9964064318114116, 0.9984614271659505, 0.9987130950521254, 0.9961096616321508, 0.9972286675515443, 0.9984657442440666, 0.9968476303293302, 0.9981867540570546, 0.9974278515144952, 0.9983041147067285, 0.9973829609874834, 0.9970434020064739, 0.9969110869529959, 0.9980501997368049, 0.9737623820769838, 0.9974581207865213, 0.9975573542480168, 0.9981422638829814, 0.9919428452485002, 0.987617227562056, 0.9982380203584829, 0.9781848892020233, 0.9974963267443461, 0.9957361746167204, 0.9947540176564317, 0.99689408435558, 0.9596014045349948, 0.9947163697072271, 0.9984611732812154, 0.997652137161649, 0.9954448778377968, 0.9960167391759567, 0.9972259036346487, 0.9959687823603391, 0.9986264958963457, 0.9984344482792099, 0.9817717892048953, 0.9978084366203859, 0.9984173478340881, 0.9972755182274827, 0.9982228576477099, 0.9586010186604849, 0.9955855221110455], [0.9642395985177491, 0.9695996544627304, 0.9659803022376949, 0.9902574166328145, 0.9765096504993294, 0.880332311066069, 0.974674141471624, 0.9023882860546404, 0.9793371824363266, 0.9760637919061624, 0.8243672320066777, 0.977742382998676, 0.9635925925711741, 0.9672367005310001, 0.9873613428326011, 0.9823246375291669, 0.9661322830389101, 0.9999999999999997, 0.982498229535104, 0.9691750273097571, 0.9675941309450815, 0.9738347686515053, 0.9673609704383973, 0.9736038424828304, 0.9677677969216364, 0.9725553888133666, 0.9608966135973861, 0.966925818697576, 0.9573742399587579, 0.9554742895498974, 0.968830445064801, 0.9824789179410962, 0.977039384180343, 0.9676267496482084, 0.9747316471137971, 0.9777149383443812, 0.9800386512800375, 0.9901413805878951, 0.9752865198888616, 0.9682414637228038, 0.0, 0.9704531629372568, 0.9864967080480518, 0.9628029606063692, 0.9737706286866891, 0.9590366055855988, 0.9664041719997642, 0.9661379085507323, 0.967975905447021, 0.9991907050023355, 0.9753091339079271, 0.9739432560799022, 0.9844231681773777, 0.9693766646361798, 0.9915542074008885, 0.9779640672554145, 0.9694163269150893, 0.9678900696094719, 0.9510073726264069, 0.9274409822736678, 0.9716298576440014, 0.9722163450453489, 0.9708904042948584, 0.9688173159685853, 0.9593587379787496, 0.9655076433866988, 0.9677317093329357, 0.9755391257015847, 0.9698072191541146, 0.9675011112864728, 0.9715546419370147, 0.9684370828313534, 0.9677954032266238, 0.9722341450653762, 0.9758430471725478, 0.9987847696014399, 0.976524919171436, 0.9701693993389497, 0.9680338899645726, 0.942639985564729, 0.9912619723607644, 0.9697750078827618, 0.9943077288985547, 0.9756931118979727, 0.9601838397851844, 0.9780843826799801, 0.9595547798423951, 0.9198239941752674, 0.9800677227693068, 0.9722053993290649, 0.9640038567942681, 0.9739738724678527, 0.9796248388859005, 0.9699627671417719, 0.9617017368176763, 0.9605452749825091, 0.9639148167574147, 0.9691487603095037, 0.9750129658040768, 0.972198270877241, 0.9605383019667025, 0.9673680027259518, 0.9980887830494052, 0.9465219519501611], [0.9918690876852311, 0.9945894873324745, 0.9915832034844353, 0.994558322511763, 0.9973965619285292, 0.9397434913649779, 0.9965897601396633, 0.866729078814994, 0.997005857830169, 0.9970540337346713, 0.8717116859596181, 0.9974513233769192, 0.9919403308418241, 0.9935729630538453, 0.9977869236004154, 0.9970032501121928, 0.9935920017164862, 0.982498229535104, 1.0000000000000004, 0.9939031484921511, 0.9937690511129849, 0.9943374060213609, 0.9932707410550888, 0.996407215253454, 0.9945546599851957, 0.9862511484943471, 0.9809463434322122, 0.9936806781968225, 0.986741072689311, 0.9824768926782927, 0.9940999921590679, 0.9980553411074707, 0.9949376196705635, 0.9939495381315046, 0.9967165521019359, 0.9977684432765068, 0.9938785054710774, 0.9664148103509899, 0.996776573013886, 0.9956548668599485, 0.0, 0.9949233175559464, 0.9632176644639359, 0.9911193494579911, 0.996314408127487, 0.9898981136576628, 0.9942718358667262, 0.9929191964278982, 0.9945410449866771, 0.9823668336238481, 0.991894566509462, 0.9960909922552832, 0.9951192001366582, 0.9945716466040215, 0.9957450346469258, 0.9941812027567262, 0.9948282054341885, 0.9926769232549364, 0.984580059749, 0.9707700038687862, 0.9950306583902887, 0.9929463683769895, 0.9953033135914593, 0.9945712541513076, 0.9874529536477562, 0.992037078121017, 0.9944132571489381, 0.995026316042448, 0.9938943251744359, 0.99308474052324, 0.995010698435253, 0.9941380762692231, 0.9932106340234853, 0.995262606524071, 0.9975586988478826, 0.9871716282896561, 0.9958978802680443, 0.9947272044560568, 0.993960015696337, 0.982129345752438, 0.9944199384057888, 0.9945190623233464, 0.9929177004891856, 0.9971078462732984, 0.9893796896152828, 0.9962043855364611, 0.9886923696061114, 0.9498510364656033, 0.9962072454364821, 0.9961126851415023, 0.9921353994086293, 0.9973888738944837, 0.9970393800378794, 0.9943587578563274, 0.9897511389465241, 0.9918677950040137, 0.9920674064170477, 0.980443501703804, 0.9967306546616072, 0.9959807579921109, 0.9908009330570294, 0.993837732953637, 0.9777471669880976, 0.9827332240966813], [0.9994909545427167, 0.9995408625233094, 0.9991495549587434, 0.9930296180529717, 0.9987534640410505, 0.9675592016220068, 0.998786314884148, 0.8196750789741796, 0.9982011130881772, 0.989270330849168, 0.9165197951173294, 0.9989156460464302, 0.9992030118230125, 0.9995341087543381, 0.9902933990033529, 0.9976153016762798, 0.9971411951081925, 0.9691750273097571, 0.9939031484921511, 1.0000000000000002, 0.9994702812639071, 0.9993630172528238, 0.9997460581221058, 0.9992590657968778, 0.9996124176061845, 0.9939488374053078, 0.9924112021617097, 0.9996615676651159, 0.9968502586027959, 0.9957453984454788, 0.9992244837906027, 0.9934380556822541, 0.9983322696961262, 0.9993624186127001, 0.9993360315427746, 0.9975369989866093, 0.9964130332100947, 0.9444588694122572, 0.9989797433018254, 0.997748919178957, 0.0, 0.9994910229308975, 0.9346712938214001, 0.9992999707169349, 0.9994650944841941, 0.9973341468904027, 0.99885613663463, 0.9992277924646754, 0.9994575718585308, 0.9665947226788711, 0.9964646241000802, 0.9995606382896617, 0.9826483145532435, 0.9996692262861747, 0.9919432369673666, 0.9958278598217852, 0