[[0.0, 0.09610274579273903, 0.09975560986447629, 0.09211252068395126, 0.10061145080600498, 0.09175121305690515, 0.09307717787347003, 0.08600263273365671, 0.09573879358052206, 0.09476943492204071, 0.09476943492204093, 0.09307717787347003, 0.09307717787346959, 0.07351984385166044, 0.09792613951425255, 0.09126984126984317, 0.08910891089109074, 0.09573879358052206, 0.09259463635360521, 0.09525389976767529], [0.09610274579273903, 0.0, 0.09392265193370353, 0.0962241169305742, 0.09126984126984317, 0.09525389976767484, 0.10466413746931691, 0.09126984126984317, 0.089948254981836, 0.10110110110110293, 0.09259463635360476, 0.09476943492204071, 0.09792613951425255, 0.0992671552298483, 0.09975560986447651, 0.08731466227347795, 0.10281831346775294, 0.09259463635360499, 0.09743930828068015, 0.09078889378581034], [0.09975560986447629, 0.09392265193370353, 0.0, 0.08469376574997423, 0.0769063417817919, 0.08338804990151161, 0.08695652173913215, 0.08946847144272208, 0.0939226519337033, 0.09476943492204093, 0.08946847144272208, 0.08338804990151161, 0.089948254981836, 0.1006114508060052, 0.08779255026920274, 0.08125819134993595, 0.09525389976767529, 0.089948254981836, 0.09525389976767529, 0.09126984126984272], [0.09211252068395126, 0.0962241169305742, 0.08469376574997423, 0.0, 0.08338804990151161, 0.0873146622734775, 0.0992671552298483, 0.08078602620087505, 0.09259463635360476, 0.08910891089109074, 0.09126984126984294, 0.08815124203121738, 0.09792613951425255, 0.08862986584561416, 0.10244988864142712, 0.09126984126984317, 0.09877913429522911, 0.10195903829029573, 0.09476943492204071, 0.08161258603736643], [0.10061145080600498, 0.09126984126984317, 0.0769063417817919, 0.08338804990151161, 0.0, 0.08683719398397338, 0.09658839167036093, 0.09525389976767529, 0.10012223580397994, 0.09042846128428406, 0.08208547382227716, 0.08600263273365671, 0.08552631578947523, 0.09078889378581034, 0.09175121305690515, 0.08469376574997423, 0.09610274579273859, 0.08946847144272208, 0.09926715522984875, 0.0864793678665512], [0.09175121305690515, 0.09525389976767484, 0.08338804990151161, 0.0873146622734775, 0.08683719398397338, 0.0, 0.09392265193370353, 0.09525389976767529, 0.08043217286914928, 0.084693765749974, 0.09792613951425255, 0.09126984126984317, 0.0922330097087396, 0.08303249097473087, 0.09610274579273859, 0.09877913429522933, 0.09440636745523068, 0.08827085852479022, 0.08862986584561416, 0.09610274579273903], [0.09307717787347003, 0.10466413746931691, 0.08695652173913215, 0.0992671552298483, 0.09658839167036093, 0.09392265193370353, 0.0, 0.1014686248331127, 0.08469376574997423, 0.10281831346775272, 0.08815124203121716, 0.08078602620087483, 0.08600263273365671, 0.09658839167036071, 0.08779255026920252, 0.09175121305690515, 0.09392265193370353, 0.08994825498183578, 0.089948254981836, 0.09658839167036071], [0.08600263273365671, 0.09126984126984317, 0.08946847144272208, 0.08078602620087505, 0.09525389976767529, 0.09525389976767529, 0.1014686248331127, 0.0, 0.089948254981836, 0.09926715522984897, 0.09343936381709916, 0.09259463635360521, 0.08994825498183578, 0.09525389976767529, 0.09126984126984317, 0.09078889378581034, 0.0864793678665512, 0.089948254981836, 0.0939226519337033, 0.09343936381709894], [0.09573879358052206, 0.089948254981836, 0.0939226519337033, 0.09259463635360476, 0.10012223580397994, 0.08043217286914928, 0.08469376574997423, 0.089948254981836, 0.0, 0.09259463635360499, 0.09658839167036071, 0.08469376574997423, 0.09489051094890688, 0.09890109890110077, 0.10012223580398016, 0.09743930828068015, 0.09307717787347003, 0.08433734939759208, 0.08469376574997423, 0.09343936381709916], [0.09476943492204071, 0.10110110110110293, 0.09476943492204093, 0.08910891089109074, 0.09042846128428406, 0.084693765749974, 0.10281831346775272, 0.09926715522984897, 0.09259463635360499, 0.0, 0.09042846128428406, 0.09078889378581034, 0.08338804990151161, 0.08338804990151161, 0.09392265193370353, 0.09476943492204093, 0.09877913429522933, 0.08862986584561394, 0.09792613951425277, 0.10195903829029573], [0.09476943492204093, 0.09259463635360476, 0.08946847144272208, 0.09126984126984294, 0.08208547382227716, 0.09792613951425255, 0.08815124203121716, 0.09343936381709916, 0.09658839167036071, 0.09042846128428406, 0.0, 0.07177655082819223, 0.09126984126984294, 0.089948254981836, 0.09877913429522933, 0.08862986584561394, 0.09743930828068015, 0.08731466227347795, 0.09792613951425277, 0.08779255026920296], [0.09307717787347003, 0.09476943492204071, 0.08338804990151161, 0.08815124203121738, 0.08600263273365671, 0.09126984126984317, 0.08078602620087483, 0.09259463635360521, 0.08469376574997423, 0.09078889378581034, 0.07177655082819223, 0.0, 0.08078602620087505, 0.09126984126984317, 0.089948254981836, 0.08779255026920296, 0.12257625581131903, 0.06669539920267331, 0.10281831346775294, 0.0864793678665512], [0.09307717787346959, 0.09792613951425255, 0.089948254981836, 0.09792613951425255, 0.08552631578947523, 0.0922330097087396, 0.08600263273365671, 0.08994825498183578, 0.09489051094890688, 0.08338804990151161, 0.09126984126984294, 0.08078602620087505, 0.0, 0.08303249097473087, 0.10552763819095667, 0.09343936381709916, 0.09042846128428406, 0.07270560190703335, 0.09392265193370353, 0.09877913429522933], [0.07351984385166044, 0.0992671552298483, 0.1006114508060052, 0.08862986584561416, 0.09078889378581034, 0.08303249097473087, 0.09658839167036071, 0.09525389976767529, 0.09890109890110077, 0.08338804990151161, 0.089948254981836, 0.09126984126984317, 0.08303249097473087, 0.0, 0.09211252068395082, 0.10012223580398016, 0.08779255026920296, 0.08173076923077072, 0.08862986584561416, 0.1082503078473096], [0.09792613951425255, 0.09975560986447651, 0.08779255026920274, 0.10244988864142712, 0.09175121305690515, 0.09610274579273859, 0.08779255026920252, 0.09126984126984317, 0.10012223580398016, 0.09392265193370353, 0.09877913429522933, 0.089948254981836, 0.10552763819095667, 0.09211252068395082, 0.0, 0.08779255026920274, 0.0751520417028686, 0.09343936381709916, 0.09078889378581056, 0.09525389976767529], [0.09126984126984317, 0.08731466227347795, 0.08125819134993595, 0.09126984126984317, 0.08469376574997423, 0.09877913429522933, 0.09175121305690515, 0.09078889378581034, 0.09743930828068015, 0.09476943492204093, 0.08862986584561394, 0.08779255026920296, 0.09343936381709916, 0.10012223580398016, 0.08779255026920274, 0.0, 0.09610274579273903, 0.08421859599167791, 0.08291402318967545, 0.08516935218678223], [0.08910891089109074, 0.10281831346775294, 0.09525389976767529, 0.09877913429522911, 0.09610274579273859, 0.09440636745523068, 0.09392265193370353, 0.0864793678665512, 0.09307717787347003, 0.09877913429522933, 0.09743930828068015, 0.12257625581131903, 0.09042846128428406, 0.08779255026920296, 0.0751520417028686, 0.09610274579273903, 0.0, 0.11336032388664186, 0.08779255026920296, 0.09610274579273859], [0.09573879358052206, 0.09259463635360499, 0.089948254981836, 0.10195903829029573, 0.08946847144272208, 0.08827085852479022, 0.08994825498183578, 0.089948254981836, 0.08433734939759208, 0.08862986584561394, 0.08731466227347795, 0.06669539920267331, 0.07270560190703335, 0.08173076923077072, 0.09343936381709916, 0.08421859599167791, 0.11336032388664186, 0.0, 0.08208547382227716, 0.09078889378581056], [0.09259463635360521, 0.09743930828068015, 0.09525389976767529, 0.09476943492204071, 0.09926715522984875, 0.08862986584561416, 0.089948254981836, 0.0939226519337033, 0.08469376574997423, 0.09792613951425277, 0.09792613951425277, 0.10281831346775294, 0.09392265193370353, 0.08862986584561416, 0.09078889378581056, 0.08291402318967545, 0.08779255026920296, 0.08208547382227716, 0.0, 0.09525389976767529], [0.09525389976767529, 0.09078889378581034, 0.09126984126984272, 0.08161258603736643, 0.0864793678665512, 0.09610274579273903, 0.09658839167036071, 0.09343936381709894, 0.09343936381709916, 0.10195903829029573, 0.08779255026920296, 0.0864793678665512, 0.09877913429522933, 0.1082503078473096, 0.09525389976767529, 0.08516935218678223, 0.09610274579273859, 0.09078889378581056, 0.09525389976767529, 0.0]]