[[0.0, 2.668099602635677, 1.3283007616778162, 0.5261384737163204, 0.20479612231114852, 0.532482074376207, 0.5944038193324915, 0.949818985460322, 1.089259513835656, 3.6388439529108743, 2.4659548613744153, 4.474354365078783, 2.3502661067031685, 1.0111222247321052, 2.5091892226387245, 0.7617690649539431, 7.9248628375856045, 3.369031198096563, 2.4568584795353945, 0.5597299142081809], [2.668099602635677, 3.371747880871523e-07, 1.8429274343837208, 2.8633915944436343, 2.6282307017967135, 2.8674255547214362, 2.8049571549375427, 2.010525637486474, 2.513345041845285, 1.6271282166571266, 2.37033498545304, 4.693724153432219, 0.9791865233237934, 2.2206696307015354, 2.1397649252628232, 2.7629078046965474, 7.670960372896077, 3.976064053726048, 1.1644462055695701, 2.8202784225275432], [1.3283007616778162, 1.8429274343837208, 0.0, 1.6326723282350541, 1.3250303364058433, 1.640597640803767, 1.5130199288839603, 0.9397548140884258, 1.4459466097778941, 2.634987524026841, 2.2516579590267543, 3.9560611565369763, 1.5711564426310018, 1.0204580015745874, 1.8735959906387956, 1.5752724142224905, 7.24003790264066, 3.031039346502979, 1.8875753156037882, 1.619665785192219], [0.5261384737163204, 2.8633915944436343, 1.6326723282350541, 0.0, 0.5492229519797445, 0.11521763720988801, 0.3775484899636632, 1.0738180966755184, 1.2777825071985534, 3.8879885086382067, 2.5863410245366136, 4.565950903844589, 2.557291741622624, 1.167361936481947, 2.7021195508631037, 0.6437826014334297, 8.0434838001473, 3.4765420186826352, 2.6705167609239693, 0.24134276112579078], [0.20479612231114852, 2.6282307017967135, 1.3250303364058433, 0.5492229519797445, 0.0, 0.5488057334164934, 0.5920023627223701, 0.9041025684995191, 1.0655823828781328, 3.601695427484023, 2.4637005901219764, 4.539392898915087, 2.348413209516909, 1.0053934413335817, 2.567320144743293, 0.7811178581153376, 7.977667567498079, 3.4371763600328094, 2.426395088002541, 0.5563059285317787], [0.532482074376207, 2.8674255547214362, 1.640597640803767, 0.11521763720988801, 0.5488057334164934, 3.371747880871523e-07, 0.3548945083421053, 1.0758838965343573, 1.2694246376834823, 3.887322096429182, 2.5967759148417735, 4.588178187260443, 2.5607127297655197, 1.1804588647822831, 2.7276806546295402, 0.6533677277230737, 8.063263962720818, 3.5016530293064214, 2.670082649290419, 0.24127982831614989], [0.5944038193324915, 2.8049571549375427, 1.5130199288839603, 0.3775484899636632, 0.5920023627223701, 0.3548945083421053, 0.0, 1.087584080898656, 1.122820528409095, 3.8170517087769205, 2.445007599346486, 4.393749200567573, 2.528139131181113, 1.031206886044289, 2.632630337950744, 0.5863914536123497, 7.846352044110378, 3.3101590116961668, 2.584951034509536, 0.3704095511979938], [0.949818985460322, 2.010525637486474, 0.9397548140884258, 1.0738180966755184, 0.9041025684995191, 1.0758838965343573, 1.087584080898656, 3.371747880871523e-07, 1.4378513458227677, 2.9596731765028705, 2.504683115801059, 4.567874014714672, 1.736353601363745, 1.0029895329113863, 2.3596112293493334, 1.2458606872927498, 7.946697468545818, 3.5887674251200288, 2.0608856331267282, 1.082847796010652], [1.089259513835656, 2.513345041845285, 1.4459466097778941, 1.2777825071985534, 1.0655823828781328, 1.2694246376834823, 1.122820528409095, 1.4378513458227677, 0.0, 3.6152877004184947, 1.7873398011060304, 4.125560770901882, 2.461902137959982, 1.081272218726792, 2.422741314868552, 0.8907249884303556, 7.498837961499147, 2.9801201403035016, 2.186620194018928, 1.183298462337521], [3.6388439529108743, 1.6271282166571266, 2.634987524026841, 3.8879885086382067, 3.601695427484023, 3.887322096429182, 3.8170517087769205, 2.9596731765028705, 3.6152877004184947, 0.0, 3.7273146189345794, 5.319463474686916, 1.99587324917581, 3.318718269309041, 2.9848979860353633, 3.912646549879241, 8.040638591061976, 4.854405202934797, 2.5210835692672013, 3.8404847417700116], [2.4659548613744153, 2.37033498545304, 2.2516579590267543, 2.5863410245366136, 2.4637005901219764, 2.5967759148417735, 2.445007599346486, 2.504683115801059, 1.7873398011060304, 3.7273146189345794, 0.0, 3.5358504505344115, 2.396361727339557, 1.9887479285448852, 1.9594717128864512, 2.1078685962258845, 6.629722296780673, 2.4983775391746645, 1.934841774819984, 2.5562562746500026], [4.4743543650787805, 4.693724153432217, 3.9560611565369728, 4.565950903844586, 4.539392898915084, 4.588178187260439, 4.39374920056757, 4.567874014714669, 4.125560770901879, 5.319463474686914, 3.5358504505344075, 0.0, 4.450521847575968, 4.0594455728743455, 2.9937943423923934, 4.175226198370137, 3.6315336118763755, 1.3876737177717415, 4.638070003377808, 4.601509506410536], [2.3502661067031685, 0.9791865233237934, 1.5711564426310018, 2.557291741622624, 2.348413209516909, 2.5607127297655197, 2.528139131181113, 1.736353601363745, 2.461902137959982, 1.99587324917581, 2.396361727339557, 4.450521847575971, 0.0, 1.9770091722910679, 1.7521551100031127, 2.5327813244152066, 7.505656220672703, 3.69770695631656, 1.4076598629223456, 2.5720610110941675], [1.0111222247321052, 2.2206696307015354, 1.0204580015745874, 1.167361936481947, 1.0053934413335817, 1.1804588647822831, 1.031206886044289, 1.0029895329113863, 1.081272218726792, 3.318718269309041, 1.9887479285448852, 4.059445572874349, 1.9770091722910679, 0.0, 2.1792664207289865, 1.077262662849648, 7.366172841983402, 2.9863866794533918, 1.9143995684108692, 1.1184551336312154], [2.5091892226387245, 2.1397649252628232, 1.8735959906387956, 2.7021195508631037, 2.567320144743293, 2.7276806546295402, 2.632630337950744, 2.3596112293493334, 2.422741314868552, 2.9848979860353633, 1.9594717128864512, 2.9937943423923983, 1.7521551100031127, 2.1792664207289865, 3.371747880871523e-07, 2.4608012710073286, 6.232183170881212, 2.3322537305447604, 2.267132264725657, 2.744919040298183], [0.7617690649539431, 2.7629078046965474, 1.5752724142224905, 0.6437826014334297, 0.7811178581153376, 0.6533677277230737, 0.5863914536123497, 1.2458606872927498, 0.8907249884303556, 3.912646549879241, 2.1078685962258845, 4.17522619837014, 2.5327813244152066, 1.077262662849648, 2.4608012710073286, 0.0, 7.642446798608989, 3.039552534157372, 2.4820433104927138, 0.6694330046604884], [7.9248628375856045, 7.670960372896077, 7.24003790264066, 8.0434838001473, 7.977667567498079, 8.063263962720818, 7.846352044110378, 7.946697468545818, 7.498837961499147, 8.040638591061976, 6.629722296780673, 3.6315336118763755, 7.505656220672703, 7.366172841983402, 6.232183170881212, 7.642446798608989, 0.0, 4.725290600596875, 7.562669947539962, 8.066421293632173], [3.369031198096563, 3.976064053726048, 3.031039346502979, 3.4765420186826352, 3.4371763600328094, 3.5016530293064214, 3.3101590116961668, 3.5887674251200288, 2.9801201403035016, 4.854405202934797, 2.4983775391746645, 1.3876737177717517, 3.69770695631656, 2.9863866794533918, 2.3322537305447604, 3.039552534157372, 4.725290600596875, 4.76837158203125e-07, 3.731504138563179, 3.511274736403732], [2.4568584795353945, 1.1644462055695701, 1.8875753156037882, 2.6705167609239693, 2.426395088002541, 2.670082649290419, 2.584951034509536, 2.0608856331267282, 2.186620194018928, 2.5210835692672013, 1.934841774819984, 4.638070003377812, 1.4076598629223456, 1.9143995684108692, 2.267132264725657, 2.4820433104927138, 7.562669947539962, 3.731504138563179, 3.371747880871523e-07, 2.6173822974875627], [0.5597299142081809, 2.8202784225275432, 1.619665785192219, 0.24134276112579078, 0.5563059285317787, 0.24127982831614989, 0.3704095511979938, 1.082847796010652, 1.183298462337521, 3.8404847417700116, 2.5562562746500026, 4.601509506410539, 2.5720610110941675, 1.1184551336312154, 2.744919040298183, 0.6694330046604884, 8.066421293632173, 3.511274736403732, 2.6173822974875627, 0.0]]