[[1.0, 0.5827475492054124, 0.5348200031850804, 0.5827464117805936, 0.537914699901116, 0.5731058070738075, 0.5753307715734015, 0.6012759872280502, 0.5642945405290268, 0.5772884257879358, 0.5668990071737078, 0.5596725912397277, 0.5716771929711406, 0.654967515943007, 0.5645681038161531, 0.5792732070414707, 0.6044750454849559, 0.5477778690785778, 0.5812001113401525, 0.567949265730074], [0.5827475492054124, 1.0, 0.5722381168679603, 0.5634453747259496, 0.5839668371772716, 0.5680265717661579, 0.5412120058615489, 0.5841965214542829, 0.600450461370156, 0.5525570361281446, 0.5808408437196445, 0.5661007500195494, 0.5589891875056066, 0.5544515420696595, 0.5574014409162158, 0.5946832768853315, 0.5627063796586157, 0.5689802896388929, 0.5702539822719743, 0.5996882665037016], [0.5348200031850804, 0.5722381168679603, 1.0, 0.5975960318596358, 0.6228676911142447, 0.6046830915726903, 0.5855597886158892, 0.5776328491143315, 0.5578068580794422, 0.5623320283124111, 0.5788216814529732, 0.5868035232125074, 0.5698874349723542, 0.5278864247529121, 0.585620147004534, 0.596635897243989, 0.5661421897544788, 0.5643307885142204, 0.5507713183583693, 0.5661827516510641], [0.5827464117805936, 0.5634453747259496, 0.5975960318596358, 1.0, 0.6038850379173697, 0.5896437828452988, 0.5508887883473144, 0.6178090964257894, 0.5700086178186894, 0.5896337933097862, 0.570084887817821, 0.583452339807764, 0.5445136683791135, 0.5851027946971346, 0.5299173825428186, 0.5639117401935166, 0.5608672865973778, 0.5181896614111359, 0.5661174143686235, 0.6247748538634846], [0.537914699901116, 0.5839668371772716, 0.6228676911142447, 0.6038850379173697, 1.0, 0.5898935539600546, 0.5530376948492299, 0.5436335743397415, 0.539238996400478, 0.5743576465774469, 0.6033241221631387, 0.5793167084581774, 0.5967179565043925, 0.5695023238703911, 0.5669564350709027, 0.5909742334558605, 0.5648285733246511, 0.5672620473036363, 0.5362658609164823, 0.5937105459386819], [0.5731058070738075, 0.5680265717661579, 0.6046830915726903, 0.5896437828452988, 0.5898935539600546, 1.0, 0.568251480218387, 0.5494432541801948, 0.6145147952830269, 0.6091886905832814, 0.5392240870672695, 0.557156196131779, 0.5536029474274893, 0.6000615265685941, 0.5656223695488447, 0.5352096541117077, 0.5707351523460075, 0.5658412046448101, 0.5835949715296909, 0.5611811928488377], [0.5753307715734015, 0.5412120058615489, 0.5855597886158892, 0.5508887883473144, 0.5530376948492299, 0.568251480218387, 1.0, 0.5412710427897512, 0.6140990208907489, 0.5412731739788683, 0.5954302069517663, 0.6126203752171672, 0.6006381677881352, 0.557913592789643, 0.5957985697250091, 0.5637525100318174, 0.5871768602430274, 0.5743511346661057, 0.584823963487032, 0.5586378055413749], [0.6012759872280502, 0.5841965214542829, 0.5776328491143315, 0.6178090964257894, 0.5436335743397415, 0.5494432541801948, 0.5412710427897512, 1.0, 0.5774763088086547, 0.5426592361078258, 0.5666490942126223, 0.5551938981383023, 0.5747949011044934, 0.5611168983298294, 0.5777720153036375, 0.5708119560711062, 0.6068496206472318, 0.5679551238100481, 0.5637272453125226, 0.5727201072338837], [0.5642945405290268, 0.600450461370156, 0.5578068580794422, 0.5700086178186894, 0.539238996400478, 0.6145147952830269, 0.6140990208907489, 0.5774763088086547, 1.0, 0.5848228485808309, 0.5456024938349501, 0.5919546728765207, 0.5539817002615137, 0.5377522459279904, 0.5503566478728921, 0.5433111637880568, 0.5786731365158287, 0.5858819282845216, 0.6059870582965943, 0.5738216514982784], [0.5772884257879358, 0.5525570361281446, 0.5623320283124111, 0.5896337933097862, 0.5743576465774469, 0.6091886905832814, 0.5412731739788683, 0.5426592361078258, 0.5848228485808309, 1.0, 0.5777749949592175, 0.57705657587303, 0.613280736829545, 0.6153501071290284, 0.5782958617452514, 0.5600306638236053, 0.5690765843950418, 0.5807350352732952, 0.5581113185422025, 0.5412800349761963], [0.5668990071737078, 0.5808408437196445, 0.5788216814529732, 0.570084887817821, 0.6033241221631387, 0.5392240870672695, 0.5954302069517663, 0.5666490942126223, 0.5456024938349501, 0.5777749949592175, 1.0, 0.6482092065498584, 0.571003872952267, 0.5779656517168281, 0.5497497904151187, 0.5752979708577329, 0.5649176027191606, 0.5790932702853633, 0.5428113897421764, 0.5832700085671262], [0.5596725912397277, 0.5661007500195494, 0.5868035232125074, 0.583452339807764, 0.5793167084581774, 0.557156196131779, 0.6126203752171672, 0.5551938981383023, 0.5919546728765207, 0.57705657587303, 0.6482092065498584, 1.0, 0.6098418152446328, 0.5641935258450052, 0.5741050962196406, 0.56541071129653, 0.44596258226091584, 0.6686904922736259, 0.522730816747939, 0.5848277358778092], [0.5716771929711406, 0.5589891875056066, 0.5698874349723542, 0.5445136683791135, 0.5967179565043925, 0.5536029474274893, 0.6006381677881352, 0.5747949011044934, 0.5539817002615137, 0.613280736829545, 0.571003872952267, 0.6098418152446328, 1.0, 0.6019557934460528, 0.5243384483242988, 0.5594540268385624, 0.5901357600773456, 0.636388971035394, 0.5637317293014483, 0.5496542688455439], [0.654967515943007, 0.5544515420696595, 0.5278864247529121, 0.5851027946971346, 0.5695023238703911, 0.6000615265685941, 0.557913592789643, 0.5611168983298294, 0.5377522459279904, 0.6153501071290284, 0.5779656517168281, 0.5641935258450052, 0.6019557934460528, 1.0, 0.580962660041692, 0.5325417351910431, 0.6011626018693804, 0.5996593484409154, 0.588205916956646, 0.5116236330484054], [0.5645681038161531, 0.5574014409162158, 0.585620147004534, 0.5299173825428186, 0.5669564350709027, 0.5656223695488447, 0.5957985697250091, 0.5777720153036375, 0.5503566478728921, 0.5782958617452514, 0.5497497904151187, 0.5741050962196406, 0.5243384483242988, 0.580962660041692, 1.0, 0.5859252459365961, 0.669851098897928, 0.5624681522219371, 0.5885854724362806, 0.5737781440382411], [0.5792732070414707, 0.5946832768853315, 0.596635897243989, 0.5639117401935166, 0.5909742334558605, 0.5352096541117077, 0.5637525100318174, 0.5708119560711062, 0.5433111637880568, 0.5600306638236053, 0.5752979708577329, 0.56541071129653, 0.5594540268385624, 0.5325417351910431, 0.5859252459365961, 1.0, 0.5690197622422427, 0.5890971524345672, 0.6097675701903517, 0.5956682214779376], [0.6044750454849559, 0.5627063796586157, 0.5661421897544788, 0.5608672865973778, 0.5648285733246511, 0.5707351523460075, 0.5871768602430274, 0.6068496206472318, 0.5786731365158287, 0.5690765843950418, 0.5649176027191606, 0.44596258226091584, 0.5901357600773456, 0.6011626018693804, 0.669851098897928, 0.5690197622422427, 1.0, 0.4824645250594249, 0.6010393628041003, 0.5825405620415186], [0.5477778690785778, 0.5689802896388929, 0.5643307885142204, 0.5181896614111359, 0.5672620473036363, 0.5658412046448101, 0.5743511346661057, 0.5679551238100481, 0.5858819282845216, 0.5807350352732952, 0.5790932702853633, 0.6686904922736259, 0.636388971035394, 0.5996593484409154, 0.5624681522219371, 0.5890971524345672, 0.4824645250594249, 1.0, 0.6046735747916299, 0.5728724021757292], [0.5812001113401525, 0.5702539822719743, 0.5507713183583693, 0.5661174143686235, 0.5362658609164823, 0.5835949715296909, 0.584823963487032, 0.5637272453125226, 0.6059870582965943, 0.5581113185422025, 0.5428113897421764, 0.522730816747939, 0.5637317293014483, 0.588205916956646, 0.5885854724362806, 0.6097675701903517, 0.6010393628041003, 0.6046735747916299, 1.0, 0.5645047848686913], [0.567949265730074, 0.5996882665037016, 0.5661827516510641, 0.6247748538634846, 0.5937105459386819, 0.5611811928488377, 0.5586378055413749, 0.5727201072338837, 0.5738216514982784, 0.5412800349761963, 0.5832700085671262, 0.5848277358778092, 0.5496542688455439, 0.5116236330484054, 0.5737781440382411, 0.5956682214779376, 0.5825405620415186, 0.5728724021757292, 0.5645047848686913, 1.0]]