[[0.0, 0.7160089327934873, 0.8697879549092686, 0.7160122821597126, 0.8590308095016337, 0.7448784982756504, 0.7381305666394702, 0.6631297794048159, 0.772124180153327, 0.7322363576493136, 0.7639826271447014, 0.786758929510744, 0.7492389276590958, 0.5267932770073693, 0.7712654916928174, 0.726301143992681, 0.654328011502483, 0.8255575050560351, 0.720577784636282, 0.7607206494307968], [0.7160089327934873, 0.0, 0.7475242744634267, 0.774794939946722, 0.7124260083564222, 0.7604810227287653, 0.8477047611094879, 0.7117527463371867, 0.6654163238015003, 0.8097679237009807, 0.7216420140086977, 0.7664700143313121, 0.7889433684081235, 0.8035841261568053, 0.7940391369571507, 0.681567380265887, 0.7771257553658497, 0.7575301257529616, 0.7536045886358484, 0.6675330431762376], [0.8697879549092686, 0.7475242744634267, 0.0, 0.673371218493769, 0.6054773979544603, 0.6537588266262739, 0.7077675404654058, 0.7312034825118972, 0.7927352192173678, 0.7783088098343858, 0.7276477921313764, 0.7041479139822, 0.7547324938801485, 0.8943468767321874, 0.7075915251806693, 0.6760640863535885, 0.7663407145715002, 0.7720103534184568, 0.8156355762689369, 0.7662141721623754], [0.7160122821597126, 0.774794939946722, 0.673371218493769, 0.0, 0.655944322529864, 0.6959391909036099, 0.8152484152019774, 0.6186229788219362, 0.7543594407867076, 0.6959679233897176, 0.7541247301394258, 0.713936052308026, 0.8365011900927297, 0.7091013904960541, 0.8870866156559745, 0.7733271516156619, 0.7829529799584414, 0.9297953519118782, 0.7664180161553145, 0.6005765818137476], [0.8590308095016337, 0.7124260083564222, 0.6054773979544603, 0.655944322529864, 0.0, 0.6952211009712377, 0.8081950096957164, 0.8394743209422424, 0.8544652865894131, 0.7410754535243382, 0.6574838685624445, 0.7261715144751311, 0.6758335979330277, 0.7559190859905651, 0.7638039506067897, 0.6921211507856533, 0.7704486763370979, 0.7628537018355006, 0.86474671031826, 0.6843224477661198], [0.7448784982756504, 0.7604810227287653, 0.6537588266262739, 0.6959391909036099, 0.6952211009712377, 0.0, 0.7597842413286562, 0.8200241651743732, 0.6273001198277584, 0.6415275192363266, 0.8545165618227428, 0.7948288234839611, 0.80634876430274, 0.6664957770554354, 0.7679640230594598, 0.8684266853513862, 0.7521261760196458, 0.7672802754400327, 0.7135171630743296, 0.7819556548634452], [0.7381305666394702, 0.8477047611094879, 0.7077675404654058, 0.8152484152019774, 0.8081950096957164, 0.7597842413286562, 0.0, 0.847503230259512, 0.6284018797970121, 0.8474959559681425, 0.6794579588418606, 0.6323322573878007, 0.6648958618173144, 0.7923922502046696, 0.678419604903634, 0.7738280224128162, 0.7030643877657383, 0.741095193589792, 0.7099162524693197, 0.7900686098945664], [0.6631297794048159, 0.7117527463371867, 0.7312034825118972, 0.6186229788219362, 0.8394743209422424, 0.8200241651743732, 0.847503230259512, 0.0, 0.7316727712397764, 0.8427770753012689, 0.7647606079553222, 0.8011725333315778, 0.7397509930558823, 0.7821598368833858, 0.7307864927907044, 0.7518904244455413, 0.6478547006974413, 0.7607024887664342, 0.7739075205520958, 0.746053591220653], [0.772124180153327, 0.6654163238015003, 0.7927352192173678, 0.7543594407867076, 0.8544652865894131, 0.6273001198277584, 0.6284018797970121, 0.7316727712397764, 0.0, 0.709919512253437, 0.8328361972306333, 0.6893185336989407, 0.8051137781770372, 0.8595924193200086, 0.8170035809778309, 0.8405658978693387, 0.7280912779552304, 0.7068285463728632, 0.6502002580896045, 0.7427017565282656], [0.7322363576493136, 0.8097679237009807, 0.7783088098343858, 0.6959679233897176, 0.7410754535243382, 0.6415275192363266, 0.8474959559681425, 0.8427770753012689, 0.709919512253437, 0.0, 0.7307775669152756, 0.7329323359448734, 0.6305746128105434, 0.625091128472522, 0.7292186684201383, 0.785616511018356, 0.7572327300429209, 0.721955692804719, 0.7917572476616657, 0.8474725380254913], [0.7639826271447014, 0.7216420140086977, 0.7276477921313764, 0.7541247301394258, 0.6574838685624445, 0.8545165618227428, 0.6794579588418606, 0.7647606079553222, 0.8328361972306333, 0.7307775669152756, 0.0, 0.5427118126300214, 0.751301606466678, 0.7302066256524633, 0.8190093337641751, 0.7382296664614743, 0.7701696587017726, 0.7268375429526646, 0.8422605326593797, 0.7144718317621401], [0.786758929510744, 0.7664700143313121, 0.7041479139822, 0.713936052308026, 0.7261715144751311, 0.7948288234839611, 0.6323322573878007, 0.8011725333315778, 0.6893185336989407, 0.7329323359448734, 0.5427118126300214, 0.0, 0.6397694861229852, 0.7724414658999814, 0.7418413572441465, 0.7686258502371197, 1.2423405903927112, 0.49546017410817833, 0.9130305081710925, 0.7099052227730434], [0.7492389276590958, 0.7889433684081235, 0.7547324938801485, 0.8365011900927297, 0.6758335979330277, 0.80634876430274, 0.6648958618173144, 0.7397509930558823, 0.8051137781770372, 0.6305746128105434, 0.751301606466678, 0.6397694861229852, 0.0, 0.6612515584827907, 0.9071651205358655, 0.7874569705949455, 0.6945253408621364, 0.5713660127909146, 0.7738934106816309, 0.8193254499784588], [0.5267932770073693, 0.8035841261568053, 0.8943468767321874, 0.7091013904960541, 0.7559190859905651, 0.6664957770554354, 0.7923922502046696, 0.7821598368833858, 0.8595924193200086, 0.625091128472522, 0.7302066256524633, 0.7724414658999814, 0.6612515584827907, 0.0, 0.7212810198993451, 0.8777870989609138, 0.6634434625347474, 0.6676134585410041, 0.7000849042355102, 0.9545617821477543], [0.7712654916928174, 0.7940391369571507, 0.7075915251806693, 0.8870866156559745, 0.7638039506067897, 0.7679640230594598, 0.678419604903634, 0.7307864927907044, 0.8170035809778309, 0.7292186684201383, 0.8190093337641751, 0.7418413572441465, 0.9071651205358655, 0.7212810198993451, 0.0, 0.7067023599597748, 0.49286908933231444, 0.7778784381829724, 0.6989885867566306, 0.7428338991130203], [0.726301143992681, 0.681567380265887, 0.6760640863535885, 0.7733271516156619, 0.6921211507856533, 0.8684266853513862, 0.7738280224128162, 0.7518904244455413, 0.8405658978693387, 0.785616511018356, 0.7382296664614743, 0.7686258502371197, 0.7874569705949455, 0.8777870989609138, 0.7067023599597748, 0.0, 0.7574082068072017, 0.6975128735002212, 0.6399691437965931, 0.678786888309834], [0.654328011502483, 0.7771257553658497, 0.7663407145715002, 0.7829529799584414, 0.7704486763370979, 0.7521261760196458, 0.7030643877657383, 0.6478547006974413, 0.7280912779552304, 0.7572327300429209, 0.7701696587017726, 1.2423405903927112, 0.6945253408621364, 0.6634434625347474, 0.49286908933231444, 0.7574082068072017, 0.0, 1.0726912509822988, 0.663784540391134, 0.7166186617039869], [0.8255575050560351, 0.7575301257529616, 0.7720103534184568, 0.9297953519118782, 0.7628537018355006, 0.7672802754400327, 0.741095193589792, 0.7607024887664342, 0.7068285463728632, 0.721955692804719, 0.7268375429526646, 0.49546017410817833, 0.5713660127909146, 0.6676134585410041, 0.7778784381829724, 0.6975128735002212, 1.0726912509822988, 0.0, 0.6537848546541816, 0.7455894125848446], [0.720577784636282, 0.7536045886358484, 0.8156355762689369, 0.7664180161553145, 0.86474671031826, 0.7135171630743296, 0.7099162524693197, 0.7739075205520958, 0.6502002580896045, 0.7917572476616657, 0.8422605326593797, 0.9130305081710925, 0.7738934106816309, 0.7000849042355102, 0.6989885867566306, 0.6399691437965931, 0.663784540391134, 0.6537848546541816, 0.0, 0.7714641696661768], [0.7607206494307968, 0.6675330431762376, 0.7662141721623754, 0.6005765818137476, 0.6843224477661198, 0.7819556548634452, 0.7900686098945664, 0.746053591220653, 0.7427017565282656, 0.8474725380254913, 0.7144718317621401, 0.7099052227730434, 0.8193254499784588, 0.9545617821477543, 0.7428338991130203, 0.678786888309834, 0.7166186617039869, 0.7455894125848446, 0.7714641696661768, 0.0]]