[[0.9999999999999999, 0.9969458055663457, 0.8289312622125455, 0.9781153613124541, 0.9915878545612763, 0.8072684751764496, 0.8856194727186883, 0.911078615106037, 0.9898105447666774, 0.986579135503304, 0.9382856288397599, 0.9509193687155826, 0.9860498837693481, 0.865566741473833, 0.9951143862891434, 0.9090603466379874, 0.9959478810550653, 0.9606846586632073, 0.9964981493549345, 0.977187868373678, 0.9961122470252197, 0.9952074397781673, 0.993090709372758, 0.9944554801520528, 0.993888173672143, 0.9689886442225522], [0.9969458055663457, 0.9999999999999986, 0.8395852169289286, 0.980288463621985, 0.9954712404451689, 0.8153311189359569, 0.8919497127343171, 0.9198637757791238, 0.9913508245828173, 0.9819369681440887, 0.943103171005209, 0.9569421738269062, 0.9885588880562255, 0.8680831918272096, 0.9953023429648453, 0.9142187821271767, 0.9951852284110126, 0.953955191271683, 0.9960355676443302, 0.9699966293361255, 0.9979057193516887, 0.9981194280453765, 0.996548624914469, 0.9954588211538045, 0.9935847685280911, 0.9726670831304277], [0.8289312622125455, 0.8395852169289286, 1.0, 0.8823459430122497, 0.8702568182360064, 0.9877904592557712, 0.9771635652198061, 0.9746310188874547, 0.8280603421358252, 0.7472689458134387, 0.9594907925773788, 0.9352016378640252, 0.8800897025113049, 0.9654292265295872, 0.7982720238037504, 0.9746376461598184, 0.8132121220927815, 0.677544389096899, 0.8434522074920622, 0.7272910079924134, 0.8324701491460901, 0.857608574825101, 0.8554945520786719, 0.7923296294962339, 0.8555623013744125, 0.8267509053428356], [0.9781153613124541, 0.980288463621985, 0.8823459430122497, 1.0000000000000002, 0.9783339739006767, 0.8666691572750135, 0.9365055488675847, 0.9534492497580068, 0.9728246437202654, 0.9525867689386857, 0.9620091838604726, 0.9868357271130126, 0.9970497125579009, 0.9125508423833045, 0.9666576628724823, 0.9485140551648782, 0.9761761781866706, 0.921897877917493, 0.9818628775956476, 0.9358856570340979, 0.9813115098297256, 0.9845846976084344, 0.9811800610219015, 0.9721987620644288, 0.9839316960569785, 0.9660739924968751], [0.9915878545612763, 0.9954712404451689, 0.8702568182360064, 0.9783339739006767, 1.0000000000000004, 0.8496869180229534, 0.9104070963194295, 0.9371060530759661, 0.9901316726598062, 0.9680822036032178, 0.9615812481191733, 0.963698544469267, 0.9861968944563386, 0.8824705542021516, 0.9888270396577924, 0.9368944585448622, 0.9867959135720903, 0.9285826194059317, 0.9948754082706078, 0.9527620014412013, 0.9909904819788078, 0.997177601290977, 0.9964700557435685, 0.9860343456318592, 0.9895304498008699, 0.9777924070065631], [0.8072684751764496, 0.8153311189359569, 0.9877904592557712, 0.8666691572750135, 0.8496869180229534, 1.0000000000000007, 0.9765342389157844, 0.9657210028895049, 0.8105615969403783, 0.7245086546905957, 0.9508132171844282, 0.9239595087421358, 0.8587511466994258, 0.9575581550453712, 0.7722223808458006, 0.9743612719363234, 0.7883265715824304, 0.6502481587377694, 0.8260083935394442, 0.7013034290904496, 0.8064262781216947, 0.8389839354891213, 0.8337047373103457, 0.7666741823086015, 0.8320314714056662, 0.8161613235356046], [0.8856194727186883, 0.8919497127343171, 0.9771635652198061, 0.9365055488675847, 0.9104070963194295, 0.9765342389157844, 1.0000000000000009, 0.9893882782067152, 0.8777182461798791, 0.8212471197941338, 0.9706421072668446, 0.9745035939259398, 0.9304606247985716, 0.9863960580511508, 0.8567295875207561, 0.9864086988360474, 0.8750371623824565, 0.7726981173480393, 0.8969877480582796, 0.806008848019199, 0.8888771068354643, 0.907638380242961, 0.9012160181738121, 0.8561546847146241, 0.9101248985516125, 0.8706083442574406], [0.911078615106037, 0.9198637757791238, 0.9746310188874547, 0.9534492497580068, 0.9371060530759661, 0.9657210028895049, 0.9893882782067152, 1.0000000000000004, 0.909967782857086, 0.8474560663998135, 0.9856559255439457, 0.982162807800736, 0.9501052648137506, 0.9694700302545712, 0.8858016851255804, 0.987630242283317, 0.8992123447683703, 0.7953562144434326, 0.9193144377204612, 0.8276131919075624, 0.9175096878931613, 0.9331748393884439, 0.9289460764649011, 0.8863511803929524, 0.927631265211794, 0.9084233175139843], [0.9898105447666774, 0.9913508245828173, 0.8280603421358252, 0.9728246437202654, 0.9901316726598062, 0.8105615969403783, 0.8777182461798791, 0.909967782857086, 0.9999999999999992, 0.9746651610023542, 0.9453525269654482, 0.9504366866742427, 0.9768575686849987, 0.8398013853553763, 0.9886755642871085, 0.9120497918098717, 0.981946397745747, 0.9348581692938481, 0.9903665511863546, 0.9569099420258174, 0.9869077804255476, 0.9933862854730032, 0.987451969196702, 0.9871470490819805, 0.9782938309191843, 0.9813799779674433], [0.986579135503304, 0.9819369681440887, 0.7472689458134387, 0.9525867689386857, 0.9680822036032178, 0.7245086546905957, 0.8212471197941338, 0.8474560663998135, 0.9746651610023542, 1.0000000000000004, 0.8847919226440109, 0.9057805451831852, 0.9625760581849077, 0.799837080499356, 0.9916673766008537, 0.8483717615183399, 0.9869866602798607, 0.9865396206353292, 0.9839002988570924, 0.9941884430080352, 0.9829028933758464, 0.9751991170656753, 0.9741008967934616, 0.9911049247941863, 0.975587951894795, 0.9468740997298022], [0.9382856288397599, 0.943103171005209, 0.9594907925773788, 0.9620091838604726, 0.9615812481191733, 0.9508132171844282, 0.9706421072668446, 0.9856559255439457, 0.9453525269654482, 0.8847919226440109, 1.0, 0.9811445328892731, 0.9606945022772408, 0.9424674621346854, 0.9188693557516583, 0.9888796519330932, 0.9215913468523526, 0.821934550950637, 0.9483714730179285, 0.8636583332163449, 0.9365918127298489, 0.9562575329101983, 0.9512020391220795, 0.9142149550715513, 0.9439777594991279, 0.9414888832972785], [0.9509193687155826, 0.9569421738269062, 0.9352016378640252, 0.9868357271130126, 0.963698544469267, 0.9239595087421358, 0.9745035939259398, 0.982162807800736, 0.9504366866742427, 0.9057805451831852, 0.9811445328892731, 1.0000000000000007, 0.9821602804432974, 0.9505414199241617, 0.9334080461737035, 0.9777083968376252, 0.9453955059959623, 0.863760482529521, 0.9577418723296317, 0.8890025559242487, 0.9550438516797283, 0.966770293410525, 0.9599573111813919, 0.9365415172943317, 0.9639664707199485, 0.9414643676797263], [0.9860498837693481, 0.9885588880562255, 0.8800897025113049, 0.9970497125579009, 0.9861968944563386, 0.8587511466994258, 0.9304606247985716, 0.9501052648137506, 0.9768575686849987, 0.9625760581849077, 0.9606945022772408, 0.9821602804432974, 1.0000000000000007, 0.9108349621005132, 0.976864214894555, 0.9440053645320805, 0.9852956666685599, 0.9334699141826563, 0.9884584729088921, 0.9488123024149502, 0.9893710966333947, 0.9903743478035721, 0.9890131802725871, 0.980592090591383, 0.9915424600006194, 0.9657453780203373], [0.865566741473833, 0.8680831918272096, 0.9654292265295872, 0.9125508423833045, 0.8824705542021516, 0.9575581550453712, 0.9863960580511508, 0.9694700302545712, 0.8398013853553763, 0.799837080499356, 0.9424674621346854, 0.9505414199241617, 0.9108349621005132, 0.9999999999999999, 0.8321840050059716, 0.9599995364784135, 0.858404031691999, 0.7662128820447707, 0.8713494070499939, 0.7939484107572711, 0.8686688877633404, 0.8796517943822145, 0.8756716348852971, 0.8316337008562087, 0.8978779213744481, 0.825282906410193], [0.9951143862891434, 0.9953023429648453, 0.7982720238037504, 0.9666576628724823, 0.9888270396577924, 0.7722223808458006, 0.8567295875207561, 0.8858016851255804, 0.9886755642871085, 0.9916673766008537, 0.9188693557516583, 0.9334080461737035, 0.976864214894555, 0.8321840050059716, 0.9999999999999994, 0.8848162240987627, 0.9946241495962188, 0.9678543586728559, 0.9939246220264304, 0.982847574666103, 0.993618826281963, 0.9913244308754264, 0.9911351458807707, 0.9978543197062386, 0.9877047611711238, 0.9675666368214025], [0.9090603466379874, 0.9142187821271767, 0.9746376461598184, 0.9485140551648782, 0.9368944585448622, 0.9743612719363234, 0.9864086988360474, 0.987630242283317, 0.9120497918098717, 0.8483717615183399, 0.9888796519330932, 0.9777083968376252, 0.9440053645320805, 0.9599995364784135, 0.8848162240987627, 1.0000000000000004, 0.8946961444164345, 0.7833664406274149, 0.9238878656244118, 0.826627786126269, 0.9062624928017488, 0.9312826580063346, 0.9264229589404346, 0.8811082662893439, 0.9232235570916861, 0.9125283286309442], [0.9959478810550653, 0.9951852284110126, 0.8132121220927815, 0.9761761781866706, 0.9867959135720903, 0.7883265715824304, 0.8750371623824565, 0.8992123447683703, 0.981946397745747, 0.9869866602798607, 0.9215913468523526, 0.9453955059959623, 0.9852956666685599, 0.858404031691999, 0.9946241495962188, 0.8946961444164345, 1.0000000000000007, 0.9685569821182243, 0.9929960044768751, 0.979237648242469, 0.9949358394453663, 0.9910907729396303, 0.9918526519072909, 0.9961040253740417, 0.9956521072767792, 0.9609080692447466], [0.9606846586632073, 0.953955191271683, 0.677544389096899, 0.921897877917493, 0.9285826194059317, 0.6502481587377694, 0.7726981173480393, 0.7953562144434326, 0.9348581692938481, 0.9865396206353292, 0.821934550950637, 0.863760482529521, 0.9334699141826563, 0.7662128820447707, 0.9678543586728559, 0.7833664406274149, 0.9685569821182243, 1.0, 0.9512560529238157, 0.9894443963911088, 0.9610808016232648, 0.941096727303445, 0.9407397521119345, 0.9714035455845564, 0.9531711326319141, 0.8994284157761703], [0.9964981493549345, 0.9960355676443302, 0.8434522074920622, 0.9818628775956476, 0.9948754082706078, 0.8260083935394442, 0.8969877480582796, 0.9193144377204612, 0.9903665511863546, 0.9839002988570924, 0.9483714730179285, 0.9577418723296317, 0.9884584729088921, 0.8713494070499939, 0.9939246220264304, 0.9238878656244118, 0.9929960044768751, 0.9512560529238157, 0.9999999999999999, 0.9720557625050312, 0.9927575017075432, 0.9965602378060178, 0.9953341193124465, 0.9924045517759638, 0.9927599280025986, 0.9752195784744866], [0.977187868373678, 0.9699966293361255, 0.7272910079924134, 0.9358856570340979, 0.9527620014412013, 0.7013034290904496, 0.806008848019199, 0.8276131919075624, 0.9569099420258174, 0.9941884430080352, 0.8636583332163449, 0.8890025559242487, 0.9488123024149502, 0.7939484107572711, 0.982847574666103, 0.826627786126269, 0.979237648242469, 0.9894443963911088, 0.9720557625050312, 1.0000000000000004, 0.9713545594862443, 0.9609769676533786, 0.9592130394909002, 0.9801802021362989, 0.9683529399347064, 0.9165404204612573], [0.9961122470252197, 0.9979057193516887, 0.8324701491460901, 0.9813115098297256, 0.9909904819788078, 0.8064262781216947, 0.8888771068354643, 0.9175096878931613, 0.9869077804255476, 0.9829028933758464, 0.9365918127298489, 0.9550438516797283, 0.9893710966333947, 0.8686688877633404, 0.993618826281963, 0.9062624928017488, 0.9949358394453663, 0.9610808016232648, 0.9927575017075432, 0.9713545594862443, 0.9999999999999996, 0.9948873955498735, 0.9937883631621656, 0.9957048337118166, 0.9933483556168341, 0.96827336621807], [0.9952074397781673, 0.9981194280453765, 0.857608574825101, 0.9845846976084344, 0.997177601290977, 0.8389839354891213, 0.907638380242961, 0.9331748393884439, 0.9933862854730032, 0.9751991170656753, 0.9562575329101983, 0.966770293410525, 0.9903743478035721, 0.8796517943822145, 0.9913244308754264, 0.9312826580063346, 0.9910907729396303, 0.941096727303445, 0.9965602378060178, 0.9609769676533786, 0.9948873955498735, 1.0000000000000013, 0.9965594715855708, 0.9909621982874047, 0.9922130394564103, 0.9778259728014813], [0.993090709372758, 0.996548624914469, 0.8554945520786719, 0.9811800610219015, 0.9964700557435685, 0.8337047373103457, 0.9012160181738121, 0.9289460764649011, 0.987451969196702, 0.9741008967934616, 0.9512020391220795, 0.9599573111813919, 0.9890131802725871, 0.8756716348852971, 0.9911351458807707, 0.9264229589404346, 0.9918526519072909, 0.9407397521119345, 0.9953341193124465, 0.9592130394909002, 0.9937883631621656, 0.9965594715855708, 1.0, 0.9908950964208834, 0.9917450882913619, 0.9777048959316217], [0.9944554801520528, 0.9954588211538045, 0.7923296294962339, 0.9721987620644288, 0.9860343456318592, 0.7666741823086015, 0.8561546847146241, 0.8863511803929524, 0.9871470490819805, 0.9911049247941863, 0.9142149550715513, 0.9365415172943317, 0.980592090591383, 0.8316337008562087, 0.9978543197062386, 0.8811082662893439, 0.9961040253740417, 0.9714035455845564, 0.9924045517759638, 0.9801802021362989, 0.9957048337118166, 0.9909621982874047, 0.9908950964208834, 1.0, 0.9883296834006299, 0.9697865862168918], [0.993888173672143, 0.9935847685280911, 0.8555623013744125, 0.9839316960569785, 0.9895304498008699, 0.8320314714056662, 0.9101248985516125, 0.927631265211794, 0.9782938309191843, 0.975587951894795, 0.9439777594991279, 0.9639664707199485, 0.9915424600006194, 0.8978779213744481, 0.9877047611711238, 0.9232235570916861, 0.9956521072767792, 0.9531711326319141, 0.9927599280025986, 0.9683529399347064, 0.9933483556168341, 0.9922130394564103, 0.9917450882913619, 0.9883296834006299, 1.0000000000000004, 0.9566670962556959], [0.9689886442225522, 0.9726670831304277, 0.8267509053428356, 0.9660739924968751, 0.9777924070065631, 0.8161613235356046, 0.8706083442574406, 0.9084233175139843, 0.9813799779674433, 0.9468740997298022, 0.9414888832972785, 0.9414643676797263, 0.9657453780203373, 0.825282906410193, 0.9675666368214025, 0.9125283286309442, 0.9609080692447466, 0.8994284157761703, 0.9752195784744866, 0.9165404204612573, 0.96827336621807, 0.9778259728014813, 0.9777048959316217, 0.9697865862168918, 0.9566670962556959, 1.0000000000000002]]