[[1.0, 0.9976170652705774, 0.8899639124264308, 0.9871679788165028, 0.9914840593034154, 0.8972816762290042, 0.9276402560856002, 0.9169116243962925, 0.9938550701971437, 0.8749100052513274, 0.9534228421299106, 0.9508956624319553, 0.99122323151122, 0.9064618955627597, 0.9673336760791844, 0.9455654683294021, 0.9972151725605262, 0.9773885483480473, 0.9275724567644306, 0.9861685187442153, 0.9964497646183935, 0.9962996375360819, 0.9958015726020738, 0.9879099699536243, 0.9912271577492391, 0.9796364875638609], [0.9976170652705774, 1.0, 0.9061307212684208, 0.9893982307515826, 0.9962551315301437, 0.9110335548177283, 0.9395011200621067, 0.9315576105590738, 0.9939770904151332, 0.8556622885803477, 0.9630564173168789, 0.9619905992680613, 0.9939121869396551, 0.9193445294478133, 0.9584851597049339, 0.9547550692360989, 0.9973874450192333, 0.9748225404976312, 0.9139875455937398, 0.9814828383871609, 0.998762071081532, 0.9989618771969897, 0.9980034497842231, 0.9834440508637433, 0.9944323847585692, 0.9849121000448453], [0.8899639124264308, 0.9061307212684208, 1.0, 0.9165128947582316, 0.9319609092115914, 0.9924883071234696, 0.9886813176360608, 0.9953662587523198, 0.8857375849554115, 0.6140281840428001, 0.9799182677920824, 0.9807328968808594, 0.9205949793189199, 0.993170119037168, 0.7699719115887504, 0.9768184422979985, 0.8969997641969801, 0.8550280645319772, 0.7102938835620926, 0.854530741047765, 0.9098715372722908, 0.914234635406079, 0.9054404857355174, 0.8243254599818644, 0.9325776955718541, 0.9215953881525714], [0.9871679788165028, 0.9893982307515826, 0.9165128947582316, 1.0, 0.98748148577116, 0.927686305693143, 0.9548534066998057, 0.9400531162594172, 0.9836231155313877, 0.8345996925317708, 0.9697488058271445, 0.9720375634549338, 0.998327737991179, 0.9313871459707088, 0.9394171067000622, 0.9685909467655421, 0.9871237331066047, 0.9575896858058306, 0.904810143516801, 0.9623978694219235, 0.9899572408183769, 0.9917161687015128, 0.9896328595133784, 0.9691319978876194, 0.9894001922065864, 0.98132624697725], [0.9914840593034154, 0.9962551315301437, 0.9319609092115914, 0.98748148577116, 1.0, 0.9365170596718904, 0.9578612609023404, 0.9522615805239998, 0.9896618946351525, 0.8212739255007265, 0.9791174011981145, 0.9752559126328523, 0.9922387675074799, 0.9395778896778388, 0.9385863472853905, 0.971813975249499, 0.991631563091849, 0.9617258826947884, 0.8914435868044744, 0.9694760150123705, 0.9949165094897325, 0.9975758726397017, 0.9958002382165476, 0.967742553549556, 0.9951919849834682, 0.9898953234145772], [0.8972816762290042, 0.9110335548177283, 0.9924883071234696, 0.927686305693143, 0.9365170596718904, 1.0, 0.9934912040022735, 0.9886760385142662, 0.8951246602136576, 0.6340481280421912, 0.9846289100316334, 0.9796923610067351, 0.9286519992697853, 0.9877706334143643, 0.7855309023680072, 0.9883976590953022, 0.9002300074801501, 0.8494565857884112, 0.7387256663083104, 0.8542850811115514, 0.9126483886654355, 0.9217137613763667, 0.9132301144479225, 0.8344657055017876, 0.9341941972263574, 0.9263921308370534], [0.9276402560856002, 0.9395011200621067, 0.9886813176360608, 0.9548534066998057, 0.9578612609023404, 0.9934912040022735, 1.0, 0.992597393581896, 0.9216719906230141, 0.6799586300029475, 0.9906682888366974, 0.9929283642160421, 0.9558006638960566, 0.9932576873936705, 0.8248244267064132, 0.9930603703243274, 0.9320354147518635, 0.8915060209162767, 0.7757964177815424, 0.892736224860738, 0.9423585927669267, 0.9473833051377947, 0.9392580222874284, 0.8727469626015177, 0.9605389688131548, 0.9449514835365337], [0.9169116243962925, 0.9315576105590738, 0.9953662587523198, 0.9400531162594172, 0.9522615805239998, 0.9886760385142662, 0.992597393581896, 1.0, 0.9129117469891106, 0.6524819211944267, 0.9875998946953115, 0.9919007189027781, 0.9433455942437016, 0.9940229444792311, 0.8036814812088491, 0.9820933669234098, 0.9238414970432143, 0.8891511734594114, 0.7424209855385874, 0.8856412663626981, 0.9360137364753194, 0.9382752954604181, 0.929556987082003, 0.8578833365047123, 0.9536141116364544, 0.9452598876597703], [0.9938550701971437, 0.9939770904151332, 0.8857375849554115, 0.9836231155313877, 0.9896618946351525, 0.8951246602136576, 0.9216719906230141, 0.9129117469891106, 1.0, 0.8689848437999328, 0.9539486396997061, 0.9479417545655503, 0.9854676484959496, 0.894729494913032, 0.9647778840424055, 0.9446556419014054, 0.9888077022675524, 0.9621896160223176, 0.9260770580948571, 0.9739282448488918, 0.9907092092575381, 0.9947110983674553, 0.9922018854795472, 0.9840913343527772, 0.9820844340264164, 0.9847912071383759], [0.8749100052513274, 0.8556622885803477, 0.6140281840428001, 0.8345996925317709, 0.8212739255007265, 0.6340481280421912, 0.6799586300029475, 0.6524819211944267, 0.8689848437999328, 1.0, 0.7233103925305421, 0.715441951098564, 0.8366282891766454, 0.6416164758671208, 0.9593157092780695, 0.7180258201579612, 0.8619293553248915, 0.8672373028874818, 0.9709104528230705, 0.8884399767008468, 0.849076446389262, 0.8464651363542051, 0.8556253233550103, 0.927171126039012, 0.8194383168589251, 0.8050800609204553], [0.9534228421299106, 0.9630564173168789, 0.9799182677920824, 0.9697488058271445, 0.9791174011981145, 0.9846289100316334, 0.9906682888366974, 0.9875998946953115, 0.9539486396997061, 0.7233103925305421, 1.0, 0.9935348178382454, 0.9718042945889525, 0.978739273122263, 0.8639584798667987, 0.9954910760160492, 0.9534623253313038, 0.911325111084791, 0.8153801164703884, 0.918545564383522, 0.96361472190538, 0.9699800119641632, 0.9634012325086037, 0.9056254565207067, 0.9746056375169716, 0.9721051751508968], [0.9508956624319553, 0.9619905992680613, 0.9807328968808594, 0.9720375634549338, 0.9752559126328523, 0.9796923610067351, 0.9929283642160421, 0.9919007189027781, 0.9479417545655503, 0.715441951098564, 0.9935348178382454, 1.0, 0.9732999790989642, 0.9857779684827443, 0.8561829172101957, 0.989721829085906, 0.9565553439782729, 0.923407037739541, 0.8008254272527462, 0.9227068246135391, 0.9649437812693256, 0.9675906307030113, 0.9597040043484589, 0.9042079942677723, 0.9778762139058423, 0.9682455934396693], [0.99122323151122, 0.9939121869396551, 0.9205949793189199, 0.998327737991179, 0.9922387675074799, 0.9286519992697853, 0.9558006638960566, 0.9433455942437016, 0.9854676484959496, 0.8366282891766454, 0.9718042945889525, 0.9732999790989642, 1.0, 0.9351460581282313, 0.9431355647380868, 0.9688632055056733, 0.9920785534109116, 0.9641445047850782, 0.9046591440713516, 0.9694208131717011, 0.9944870460171888, 0.9949769753829121, 0.9937872696629523, 0.9724533895069518, 0.9941203843719544, 0.9822664817392003], [0.9064618955627597, 0.9193445294478133, 0.993170119037168, 0.9313871459707088, 0.9395778896778388, 0.9877706334143643, 0.9932576873936704, 0.9940229444792311, 0.894729494913032, 0.6416164758671208, 0.978739273122263, 0.9857779684827443, 0.9351460581282312, 1.0, 0.7901762264099688, 0.9772496985154846, 0.9147689921739709, 0.8827292503025502, 0.7315216110535793, 0.8781930538577732, 0.9247175510569832, 0.9256667925355345, 0.9168968393266915, 0.8440460187456151, 0.9479057585571128, 0.9244464551114966], [0.9673336760791844, 0.9584851597049339, 0.7699719115887504, 0.9394171067000622, 0.9385863472853905, 0.7855309023680072, 0.8248244267064133, 0.8036814812088491, 0.9647778840424055, 0.9593157092780694, 0.8639584798667987, 0.8561829172101957, 0.9431355647380868, 0.7901762264099688, 1.0, 0.8574750172773549, 0.9593492987170139, 0.9432757791975966, 0.9836651259166637, 0.9616339945332121, 0.9527956247322878, 0.9532626377242026, 0.9592381955254304, 0.9916522869513692, 0.9331043891861092, 0.9240296984060881], [0.9455654683294021, 0.9547550692360989, 0.9768184422979985, 0.9685909467655421, 0.971813975249499, 0.9883976590953022, 0.9930603703243274, 0.9820933669234098, 0.9446556419014054, 0.7180258201579612, 0.9954910760160492, 0.989721829085906, 0.9688632055056733, 0.9772496985154846, 0.8574750172773548, 1.0, 0.9455973101909013, 0.8966955480093963, 0.8173421509005864, 0.905854841952441, 0.9542436544929146, 0.963446509361224, 0.9573511794858922, 0.8976532049290151, 0.9680954913904676, 0.9626059716947376], [0.9972151725605262, 0.9973874450192333, 0.8969997641969801, 0.9871237331066047, 0.991631563091849, 0.9002300074801501, 0.9320354147518635, 0.9238414970432143, 0.9888077022675524, 0.8619293553248915, 0.9534623253313038, 0.9565553439782729, 0.9920785534109116, 0.9147689921739709, 0.9593492987170139, 0.9455973101909013, 1.0, 0.9826450187021281, 0.9135697212735061, 0.9868941041552829, 0.9970889580482653, 0.9951534629350226, 0.9954719228028671, 0.9846748836324317, 0.9950398566795848, 0.9787645576570266], [0.9773885483480473, 0.9748225404976312, 0.8550280645319772, 0.9575896858058306, 0.9617258826947884, 0.8494565857884112, 0.8915060209162767, 0.8891511734594114, 0.9621896160223176, 0.8672373028874818, 0.911325111084791, 0.923407037739541, 0.9641445047850782, 0.8827292503025502, 0.9432757791975966, 0.8966955480093963, 0.9826450187021281, 1.0, 0.8858600195649259, 0.9931847395762478, 0.9786930691937145, 0.9681398406016337, 0.9672818412051045, 0.9703202238832419, 0.973149788638925, 0.9475621632846822], [0.9275724567644306, 0.9139875455937398, 0.7102938835620926, 0.9048101435168011, 0.8914435868044744, 0.7387256663083104, 0.7757964177815423, 0.7424209855385874, 0.9260770580948571, 0.9709104528230705, 0.8153801164703885, 0.8008254272527462, 0.9046591440713516, 0.7315216110535793, 0.9836651259166638, 0.8173421509005865, 0.913569721273506, 0.8858600195649259, 1.0, 0.9129325419114995, 0.9051360350247251, 0.9109091893341357, 0.9188995771766553, 0.9615199326495272, 0.8835272202824431, 0.8765484018145231], [0.9861685187442153, 0.9814828383871609, 0.854530741047765, 0.9623978694219235, 0.9694760150123705, 0.8542850811115514, 0.892736224860738, 0.8856412663626981, 0.9739282448488918, 0.8884399767008468, 0.918545564383522, 0.9227068246135391, 0.9694208131717011, 0.8781930538577732, 0.9616339945332121, 0.905854841952441, 0.9868941041552829, 0.9931847395762478, 0.9129325419114995, 1.0, 0.9816073964045376, 0.9761567128226291, 0.9756067509465316, 0.9799049914530625, 0.9761874589295486, 0.9508045698494157], [0.9964497646183935, 0.998762071081532, 0.9098715372722908, 0.9899572408183769, 0.9949165094897325, 0.9126483886654355, 0.9423585927669267, 0.9360137364753194, 0.9907092092575381, 0.849076446389262, 0.96361472190538, 0.9649437812693256, 0.9944870460171888, 0.9247175510569832, 0.9527956247322878, 0.9542436544929146, 0.9970889580482653, 0.9786930691937145, 0.9051360350247252, 0.9816073964045376, 1.0, 0.9973268238602249, 0.996187755247703, 0.9808047038138046, 0.9954235703839219, 0.9839515043821497], [0.9962996375360819, 0.9989618771969897, 0.9142346354060791, 0.9917161687015128, 0.9975758726397017, 0.9217137613763667, 0.9473833051377947, 0.9382752954604181, 0.9947110983674553, 0.8464651363542051, 0.9699800119641632, 0.9675906307030113, 0.9949769753829121, 0.9256667925355345, 0.9532626377242026, 0.963446509361224, 0.9951534629350226, 0.9681398406016337, 0.9109091893341357, 0.9761567128226291, 0.9973268238602249, 1.0, 0.9978563291322463, 0.979085175975472, 0.9944155729046136, 0.9880464435128264], [0.9958015726020738, 0.9980034497842231, 0.9054404857355174, 0.9896328595133784, 0.9958002382165476, 0.9132301144479225, 0.9392580222874284, 0.929556987082003, 0.9922018854795472, 0.8556253233550103, 0.9634012325086037, 0.9597040043484589, 0.9937872696629523, 0.9168968393266915, 0.9592381955254304, 0.9573511794858922, 0.9954719228028671, 0.9672818412051045, 0.9188995771766552, 0.9756067509465316, 0.996187755247703, 0.9978563291322463, 1.0, 0.9826668697698759, 0.9923276532977671, 0.9861917099214784], [0.9879099699536243, 0.9834440508637433, 0.8243254599818644, 0.9691319978876194, 0.967742553549556, 0.8344657055017876, 0.8727469626015177, 0.8578833365047123, 0.9840913343527772, 0.927171126039012, 0.9056254565207066, 0.9042079942677723, 0.9724533895069518, 0.8440460187456151, 0.9916522869513692, 0.8976532049290151, 0.9846748836324317, 0.9703202238832419, 0.9615199326495271, 0.9799049914530625, 0.9808047038138046, 0.979085175975472, 0.9826668697698759, 1.0, 0.9658404356959179, 0.9575676916353991], [0.9912271577492391, 0.9944323847585692, 0.9325776955718541, 0.9894001922065864, 0.9951919849834682, 0.9341941972263574, 0.9605389688131548, 0.9536141116364544, 0.9820844340264164, 0.8194383168589251, 0.9746056375169716, 0.9778762139058423, 0.9941203843719544, 0.9479057585571128, 0.9331043891861092, 0.9680954913904676, 0.9950398566795848, 0.973149788638925, 0.8835272202824431, 0.9761874589295486, 0.9954235703839219, 0.9944155729046136, 0.9923276532977671, 0.9658404356959179, 1.0, 0.9807620264662557], [0.9796364875638609, 0.9849121000448453, 0.9215953881525712, 0.98132624697725, 0.9898953234145772, 0.9263921308370534, 0.9449514835365337, 0.9452598876597703, 0.9847912071383758, 0.8050800609204553, 0.9721051751508968, 0.9682455934396693, 0.9822664817392003, 0.9244464551114965, 0.924029698406088, 0.9626059716947376, 0.9787645576570266, 0.9475621632846822, 0.876548401814523, 0.9508045698494157, 0.9839515043821497, 0.9880464435128264, 0.9861917099214784, 0.957567691635399, 0.9807620264662557, 1.0]]