[[1.0, 0.9652509652509652, 0.8445945945945946, 0.9191176470588235, 0.9541984732824427, 0.8756567425569177, 0.8818342151675486, 0.8620689655172414, 0.9345794392523364, 0.8250825082508251, 0.9242144177449167, 0.889679715302491, 0.9596928982725528, 0.8680555555555556, 0.9208103130755064, 0.8992805755395683, 0.9541984732824427, 0.9416195856873822, 0.8928571428571428, 0.9345794392523364, 0.9615384615384615, 0.9633911368015414, 0.9560229445506692, 0.9505703422053231, 0.9380863039399624, 0.9157509157509157], [0.9652509652509652, 1.0, 0.8250825082508251, 0.8865248226950354, 0.9469696969696969, 0.8237232289950577, 0.8347245409015025, 0.8417508417508418, 0.9276437847866419, 0.8223684210526316, 0.8833922261484098, 0.8561643835616439, 0.9174311926605504, 0.8250825082508251, 0.8944543828264759, 0.8650519031141869, 0.929368029739777, 0.9451795841209829, 0.8771929824561403, 0.929368029739777, 0.984251968503937, 0.9784735812133072, 0.9689922480620154, 0.9633911368015414, 0.9328358208955223, 0.8726003490401397], [0.8445945945945946, 0.8250825082508251, 1.0, 0.9487666034155597, 0.8960573476702508, 0.9823182711198428, 0.9823182711198428, 0.9671179883945841, 0.8403361344537815, 0.700280112044818, 0.9451795841209829, 0.9765625, 0.9140767824497257, 0.9727626459143969, 0.7716049382716049, 0.9652509652509652, 0.8695652173913042, 0.8169934640522876, 0.7407407407407407, 0.7898894154818326, 0.8347245409015025, 0.8375209380234506, 0.8210180623973727, 0.7849293563579278, 0.9041591320072332, 0.9157509157509157], [0.9191176470588235, 0.8865248226950354, 0.9487666034155597, 1.0, 0.9191176470588235, 0.970873786407767, 0.9746588693957114, 0.9416195856873822, 0.8912655971479502, 0.7587253414264036, 0.9398496240601504, 0.9652509652509652, 0.9541984732824427, 0.970873786407767, 0.8787346221441126, 0.9578544061302682, 0.9140767824497257, 0.8849557522123893, 0.8278145695364238, 0.8460236886632826, 0.8960573476702508, 0.9009009009009008, 0.8787346221441126, 0.8771929824561403, 0.9345794392523364, 0.929368029739777], [0.9541984732824427, 0.9469696969696969, 0.8960573476702508, 0.9191176470588235, 1.0, 0.8849557522123894, 0.8976660682226213, 0.9057971014492753, 0.9276437847866419, 0.8038585209003215, 0.9225092250922509, 0.9124087591240875, 0.9276437847866419, 0.8928571428571429, 0.8960573476702508, 0.9191176470588235, 0.9469696969696969, 0.9416195856873822, 0.8547008547008548, 0.9225092250922509, 0.9505703422053231, 0.9505703422053231, 0.9523809523809523, 0.9380863039399624, 0.9398496240601504, 0.9328358208955223], [0.8756567425569177, 0.8237232289950577, 0.9823182711198428, 0.970873786407767, 0.8849557522123894, 1.0, 0.9861932938856016, 0.970873786407767, 0.8665511265164645, 0.7012622720897616, 0.9541984732824427, 0.970873786407767, 0.9208103130755064, 0.9765625, 0.8130081300813008, 0.9689922480620154, 0.8849557522123893, 0.8264462809917356, 0.7485029940119762, 0.7861635220125786, 0.8347245409015025, 0.8375209380234506, 0.8223684210526316, 0.7836990595611285, 0.9009009009009008, 0.9208103130755064], [0.8818342151675486, 0.8347245409015025, 0.9823182711198428, 0.9746588693957114, 0.8976660682226213, 0.9861932938856016, 1.0, 0.9633911368015414, 0.8620689655172414, 0.7092198581560284, 0.9469696969696969, 0.9784735812133072, 0.929368029739777, 0.9803921568627451, 0.8210180623973727, 0.9671179883945841, 0.8818342151675485, 0.8347245409015025, 0.7575757575757577, 0.7961783439490446, 0.8460236886632826, 0.8488964346349746, 0.8333333333333334, 0.7936507936507936, 0.9107468123861566, 0.9191176470588235], [0.8620689655172414, 0.8417508417508418, 0.9671179883945841, 0.9416195856873822, 0.9057971014492753, 0.970873786407767, 0.9633911368015414, 1.0, 0.8547008547008548, 0.7122507122507123, 0.9596928982725528, 0.9765625, 0.929368029739777, 0.9560229445506692, 0.7861635220125784, 0.9823182711198428, 0.8849557522123893, 0.8333333333333334, 0.7541478129713424, 0.8051529790660226, 0.8517887563884157, 0.8547008547008548, 0.8375209380234506, 0.8, 0.9107468123861566, 0.9157509157509157], [0.9345794392523364, 0.9276437847866419, 0.8403361344537815, 0.8912655971479502, 0.9276437847866419, 0.8665511265164645, 0.8620689655172414, 0.8547008547008548, 1.0, 0.8264462809917356, 0.8944543828264757, 0.8680555555555556, 0.9157509157509157, 0.8547008547008548, 0.9208103130755064, 0.8771929824561403, 0.9259259259259258, 0.9191176470588235, 0.8849557522123894, 0.9090909090909091, 0.9259259259259258, 0.9363295880149812, 0.9328358208955223, 0.9345794392523364, 0.9191176470588235, 0.896057347670251], [0.8250825082508251, 0.8223684210526316, 0.700280112044818, 0.7587253414264036, 0.8038585209003215, 0.7012622720897616, 0.7092198581560284, 0.7122507122507123, 0.8264462809917356, 1.0, 0.7407407407407407, 0.7225433526011561, 0.7776049766718507, 0.700280112044818, 0.9242144177449167, 0.728862973760933, 0.8169934640522876, 0.8361204013377926, 0.9505703422053231, 0.8787346221441124, 0.8130081300813008, 0.8103727714748784, 0.8264462809917356, 0.8665511265164645, 0.7886435331230284, 0.7861635220125786], [0.9242144177449167, 0.8833922261484098, 0.9451795841209829, 0.9398496240601504, 0.9225092250922509, 0.9541984732824427, 0.9469696969696969, 0.9596928982725528, 0.8944543828264757, 0.7407407407407407, 1.0, 0.9487666034155597, 0.9487666034155597, 0.9310986964618249, 0.8488964346349746, 0.9578544061302682, 0.9140767824497257, 0.8787346221441126, 0.7861635220125786, 0.8375209380234506, 0.8960573476702508, 0.9025270758122743, 0.880281690140845, 0.8361204013377926, 0.9380863039399624, 0.9174311926605504], [0.889679715302491, 0.8561643835616439, 0.9765625, 0.9652509652509652, 0.9124087591240875, 0.970873786407767, 0.9784735812133072, 0.9765625, 0.8680555555555556, 0.7225433526011561, 0.9487666034155597, 1.0, 0.9276437847866419, 0.970873786407767, 0.8116883116883117, 0.9803921568627451, 0.8944543828264757, 0.8474576271186441, 0.7656967840735068, 0.8156606851549756, 0.8680555555555556, 0.8741258741258742, 0.8547008547008548, 0.8130081300813008, 0.9174311926605504, 0.9310986964618249], [0.9596928982725528, 0.9174311926605504, 0.9140767824497257, 0.9541984732824427, 0.9276437847866419, 0.9208103130755064, 0.929368029739777, 0.929368029739777, 0.9157509157509157, 0.7776049766718507, 0.9487666034155597, 0.9276437847866419, 1.0, 0.9090909090909091, 0.9124087591240875, 0.9523809523809523, 0.9363295880149812, 0.9174311926605504, 0.8532423208191127, 0.8741258741258742, 0.929368029739777, 0.9363295880149812, 0.9140767824497257, 0.9074410163339383, 0.929368029739777, 0.9191176470588235], [0.8680555555555556, 0.8250825082508251, 0.9727626459143969, 0.970873786407767, 0.8928571428571429, 0.9765625, 0.9803921568627451, 0.9560229445506692, 0.8547008547008548, 0.700280112044818, 0.9310986964618249, 0.970873786407767, 0.9090909090909091, 1.0, 0.7961783439490446, 0.9523809523809523, 0.880281690140845, 0.8223684210526316, 0.7407407407407407, 0.7849293563579278, 0.8375209380234506, 0.8417508417508418, 0.8237232289950577, 0.7849293563579278, 0.9140767824497257, 0.9259259259259258], [0.9208103130755064, 0.8944543828264759, 0.7716049382716049, 0.8787346221441126, 0.8960573476702508, 0.8130081300813008, 0.8210180623973727, 0.7861635220125784, 0.9208103130755064, 0.9242144177449167, 0.8488964346349746, 0.8116883116883117, 0.9124087591240875, 0.7961783439490446, 1.0, 0.8250825082508251, 0.9025270758122743, 0.9057971014492753, 0.929368029739777, 0.9174311926605506, 0.8849557522123894, 0.889679715302491, 0.9208103130755064, 0.9487666034155597, 0.8726003490401397, 0.8928571428571428], [0.8992805755395683, 0.8650519031141869, 0.9652509652509652, 0.9578544061302682, 0.9191176470588235, 0.9689922480620154, 0.9671179883945841, 0.9823182711198428, 0.8771929824561403, 0.728862973760933, 0.9578544061302682, 0.9803921568627451, 0.9523809523809523, 0.9523809523809523, 0.8250825082508251, 1.0, 0.9090909090909091, 0.8620689655172414, 0.7727975270479134, 0.8237232289950577, 0.880281690140845, 0.88339222614841, 0.8665511265164645, 0.8210180623973727, 0.9225092250922509, 0.9107468123861566], [0.9541984732824427, 0.929368029739777, 0.8695652173913042, 0.9140767824497257, 0.9469696969696969, 0.8849557522123893, 0.8818342151675485, 0.8849557522123893, 0.9259259259259258, 0.8169934640522876, 0.9140767824497257, 0.8944543828264757, 0.9363295880149812, 0.880281690140845, 0.9025270758122743, 0.9090909090909091, 1.0, 0.929368029739777, 0.8818342151675486, 0.9157509157509157, 0.929368029739777, 0.9363295880149812, 0.9398496240601504, 0.9363295880149812, 0.9469696969696969, 0.9208103130755064], [0.9416195856873822, 0.9451795841209829, 0.8169934640522876, 0.8849557522123893, 0.9416195856873822, 0.8264462809917356, 0.8347245409015025, 0.8333333333333334, 0.9191176470588235, 0.8361204013377926, 0.8787346221441126, 0.8474576271186441, 0.9174311926605504, 0.8223684210526316, 0.9057971014492753, 0.8620689655172414, 0.929368029739777, 1.0, 0.8992805755395683, 0.9541984732824427, 0.9469696969696969, 0.9487666034155597, 0.9505703422053231, 0.9398496240601504, 0.9225092250922509, 0.8741258741258742], [0.8928571428571428, 0.8771929824561403, 0.7407407407407407, 0.8278145695364238, 0.8547008547008548, 0.7485029940119762, 0.7575757575757577, 0.7541478129713424, 0.8849557522123894, 0.9505703422053231, 0.7861635220125786, 0.7656967840735068, 0.8532423208191127, 0.7407407407407407, 0.929368029739777, 0.7727975270479134, 0.8818342151675486, 0.8992805755395683, 1.0, 0.929368029739777, 0.8726003490401397, 0.8635578583765113, 0.8880994671403198, 0.9242144177449167, 0.8460236886632826, 0.831946755407654], [0.9345794392523364, 0.929368029739777, 0.7898894154818326, 0.8460236886632826, 0.9225092250922509, 0.7861635220125786, 0.7961783439490446, 0.8051529790660226, 0.9090909090909091, 0.8787346221441124, 0.8375209380234506, 0.8156606851549756, 0.8741258741258742, 0.7849293563579278, 0.9174311926605506, 0.8237232289950577, 0.9157509157509157, 0.9541984732824427, 0.929368029739777, 1.0, 0.9191176470588235, 0.9191176470588235, 0.9380863039399624, 0.9276437847866419, 0.8992805755395683, 0.8403361344537815], [0.9615384615384615, 0.984251968503937, 0.8347245409015025, 0.8960573476702508, 0.9505703422053231, 0.8347245409015025, 0.8460236886632826, 0.8517887563884157, 0.9259259259259258, 0.8130081300813008, 0.8960573476702508, 0.8680555555555556, 0.929368029739777, 0.8375209380234506, 0.8849557522123894, 0.880281690140845, 0.929368029739777, 0.9469696969696969, 0.8726003490401397, 0.9191176470588235, 1.0, 0.9823182711198428, 0.9652509652509652, 0.9328358208955223, 0.9380863039399624, 0.8787346221441126], [0.9633911368015414, 0.9784735812133072, 0.8375209380234506, 0.9009009009009008, 0.9505703422053231, 0.8375209380234506, 0.8488964346349746, 0.8547008547008548, 0.9363295880149812, 0.8103727714748784, 0.9025270758122743, 0.8741258741258742, 0.9363295880149812, 0.8417508417508418, 0.889679715302491, 0.88339222614841, 0.9363295880149812, 0.9487666034155597, 0.8635578583765113, 0.9191176470588235, 0.9823182711198428, 1.0, 0.9596928982725528, 0.9328358208955223, 0.9380863039399624, 0.8849557522123894], [0.9560229445506692, 0.9689922480620154, 0.8210180623973727, 0.8787346221441126, 0.9523809523809523, 0.8223684210526316, 0.8333333333333334, 0.8375209380234506, 0.9328358208955223, 0.8264462809917356, 0.880281690140845, 0.8547008547008548, 0.9140767824497257, 0.8237232289950577, 0.9208103130755064, 0.8665511265164645, 0.9398496240601504, 0.9505703422053231, 0.8880994671403198, 0.9380863039399624, 0.9652509652509652, 0.9596928982725528, 1.0, 0.9487666034155597, 0.9380863039399624, 0.8849557522123894], [0.9505703422053231, 0.9633911368015414, 0.7849293563579278, 0.8771929824561403, 0.9380863039399624, 0.7836990595611285, 0.7936507936507936, 0.8, 0.9345794392523364, 0.8665511265164645, 0.8361204013377926, 0.8130081300813008, 0.9074410163339383, 0.7849293563579278, 0.9487666034155597, 0.8210180623973727, 0.9363295880149812, 0.9398496240601504, 0.9242144177449167, 0.9276437847866419, 0.9328358208955223, 0.9328358208955223, 0.9487666034155597, 1.0, 0.9157509157509157, 0.8741258741258741], [0.9380863039399624, 0.9328358208955223, 0.9041591320072332, 0.9345794392523364, 0.9398496240601504, 0.9009009009009008, 0.9107468123861566, 0.9107468123861566, 0.9191176470588235, 0.7886435331230284, 0.9380863039399624, 0.9174311926605504, 0.929368029739777, 0.9140767824497257, 0.8726003490401397, 0.9225092250922509, 0.9469696969696969, 0.9225092250922509, 0.8460236886632826, 0.8992805755395683, 0.9380863039399624, 0.9380863039399624, 0.9380863039399624, 0.9157509157509157, 1.0, 0.9074410163339383], [0.9157509157509157, 0.8726003490401397, 0.9157509157509157, 0.929368029739777, 0.9328358208955223, 0.9208103130755064, 0.9191176470588235, 0.9157509157509157, 0.896057347670251, 0.7861635220125786, 0.9174311926605504, 0.9310986964618249, 0.9191176470588235, 0.9259259259259258, 0.8928571428571428, 0.9107468123861566, 0.9208103130755064, 0.8741258741258742, 0.831946755407654, 0.8403361344537815, 0.8787346221441126, 0.8849557522123894, 0.8849557522123894, 0.8741258741258741, 0.9074410163339383, 1.0]]