[[0.9999999999999999, 0.9755222320337003, 0.5648213052289546, 0.7722938119507553, 0.9046256433633711, 0.5198923839513782, 0.5582836733158155, 0.7567994477356327, 0.9352362443422245, 0.9834737607239128, 0.8185618001921824, 0.7168788206641075, 0.9161204127765137, 0.4252673734027789, 0.9555396673566963, 0.8065660761062592, 0.9605361976184491, 0.9236271536306876, 0.9579478859934699, 0.9482598946795184, 0.983425211435718, 0.9826171546063993, 0.9582851503448382, 0.9763697166177566, 0.9276709959368725, 0.7728951221147545], [0.9755222320337003, 1.0, 0.5997365176287897, 0.7523284715419256, 0.9538746596694174, 0.5066139377679031, 0.5580452324041502, 0.7392376818252806, 0.9195434309187553, 0.9953800640866068, 0.842900825973224, 0.6867628268544118, 0.9034099149908076, 0.4546173985582641, 0.9702602969887301, 0.8016261581027015, 0.9439851888063915, 0.9749710179391462, 0.9857431195381965, 0.967496585791028, 0.9945502049520996, 0.9910064284500386, 0.9873951698254956, 0.9918529511489538, 0.9127918682311946, 0.7796140552276563], [0.5648213052289546, 0.5997365176287897, 0.9999999999999999, 0.6959640661203224, 0.592795918243658, 0.8960415199418242, 0.9009208670173102, 0.7965695151399155, 0.4966928332882817, 0.5443210560079738, 0.6983304908069305, 0.7284994620834642, 0.690171567417161, 0.9301750589704434, 0.5878857687263385, 0.8561877864176275, 0.6022150209796572, 0.5554732055735255, 0.6354165658144665, 0.49360562950742093, 0.596560664423506, 0.5897780965108075, 0.6025056082445363, 0.5844333913961473, 0.6987098320991518, 0.47234429965070873], [0.7722938119507553, 0.7523284715419256, 0.6959640661203224, 1.0, 0.7131616473778895, 0.687652926862719, 0.7988500391087466, 0.8564931549391318, 0.7854721353187344, 0.7639747194739543, 0.8301772665488883, 0.9747086392650426, 0.9337420845506978, 0.6369021127146148, 0.7616982061313753, 0.949137185523876, 0.7319573137725013, 0.7405265089183937, 0.7799705263021756, 0.6680451941160358, 0.7783236153571309, 0.7928683360364623, 0.7116830460200423, 0.7935957957070284, 0.7258731765826174, 0.8324231889499799], [0.9046256433633711, 0.9538746596694174, 0.592795918243658, 0.7131616473778895, 1.0, 0.49149801447710456, 0.533128735244038, 0.656451612903226, 0.8526339663261531, 0.9438419572943947, 0.7983497542956549, 0.6439471497637089, 0.8489303056517505, 0.4429225650188026, 0.952048286110686, 0.7515664644844355, 0.8608490641837966, 0.937039524865973, 0.931644090002809, 0.9020225850294249, 0.9432685439264153, 0.9620028258874517, 0.9139400875047649, 0.9403903188370898, 0.8544481964578705, 0.7696353702532398], [0.5198923839513782, 0.5066139377679031, 0.8960415199418242, 0.687652926862719, 0.49149801447710456, 0.9999999999999999, 0.9195951326883474, 0.881575803744648, 0.43454830393739885, 0.46573470315012633, 0.7365150814415172, 0.7772264378625166, 0.6831400854365566, 0.9048003217068382, 0.4508054256819954, 0.815725937451695, 0.5058002211502954, 0.4705217470395414, 0.5237703315775637, 0.431108209161155, 0.5365889068158287, 0.5297701025841053, 0.4806942859369509, 0.4768729896067438, 0.5567425474588261, 0.4325782588747329], [0.5582836733158155, 0.5580452324041502, 0.9009208670173102, 0.7988500391087466, 0.533128735244038, 0.9195951326883474, 0.9999999999999998, 0.8641737603706353, 0.5174533536826534, 0.5261392802227319, 0.6863983249037428, 0.8813444928310944, 0.7508736445897369, 0.903878737254292, 0.5229993725857911, 0.8990418542580553, 0.5726030499708065, 0.5606065175672362, 0.566382899555954, 0.4569048687627226, 0.5734978914481719, 0.5799919230015281, 0.5260962375695477, 0.5434541983952508, 0.6054462778251416, 0.47485972381029506], [0.7567994477356327, 0.7392376818252806, 0.7965695151399155, 0.8564931549391318, 0.656451612903226, 0.881575803744648, 0.8641737603706353, 0.9999999999999999, 0.6779779247946833, 0.7225664206302561, 0.9067349858391046, 0.8819538824155864, 0.8956252999211433, 0.8134581088937556, 0.6771400780469149, 0.9165444688834579, 0.719842816919004, 0.7254499547349467, 0.7491347765132479, 0.7044762203058719, 0.7678885665206544, 0.7540022148847595, 0.7213015677851699, 0.7277994793289131, 0.687844624171182, 0.6968496672988411], [0.9352362443422245, 0.9195434309187553, 0.4966928332882817, 0.7854721353187344, 0.8526339663261531, 0.43454830393739885, 0.5174533536826534, 0.6779779247946833, 1.0, 0.9390201488319233, 0.8130532288560817, 0.7147432975874741, 0.8448160174617193, 0.29878400404178956, 0.8942694081411171, 0.8032982916004149, 0.8332070043715446, 0.8651190757837605, 0.9331615361885333, 0.8464848835781459, 0.931757579783417, 0.934927329563402, 0.8842442229773902, 0.9356522844433038, 0.8364807572204259, 0.8536777810537353], [0.9834737607239128, 0.9953800640866068, 0.5443210560079738, 0.7639747194739543, 0.9438419572943947, 0.46573470315012633, 0.5261392802227319, 0.7225664206302561, 0.9390201488319233, 0.9999999999999998, 0.83146008388817, 0.6937413282875943, 0.9076254753435226, 0.39893595058590636, 0.9686812154124709, 0.7895984522541365, 0.9415300406014243, 0.9683441714784243, 0.9808060971701639, 0.9671058666001601, 0.9948342240988025, 0.9936276999679304, 0.9772423335152566, 0.9942092919276866, 0.9036995813280032, 0.797969895768684], [0.8185618001921824, 0.842900825973224, 0.6983304908069305, 0.8301772665488883, 0.7983497542956549, 0.7365150814415172, 0.6863983249037428, 0.9067349858391046, 0.8130532288560817, 0.83146008388817, 1.0000000000000002, 0.7920652317925808, 0.8795012314976278, 0.6178784065548291, 0.779502648595367, 0.8712834746082134, 0.7185732727370773, 0.8205968513145367, 0.8725492049455814, 0.7916345683293877, 0.8649688286490115, 0.8512151687725289, 0.817755315429232, 0.8372076871448085, 0.7047508265008444, 0.8644910802449295], [0.7168788206641075, 0.6867628268544118, 0.7284994620834642, 0.9747086392650426, 0.6439471497637089, 0.7772264378625166, 0.8813444928310944, 0.8819538824155864, 0.7147432975874741, 0.6937413282875943, 0.7920652317925808, 1.0, 0.9059668026715756, 0.7032752480989084, 0.6709633305110697, 0.9451419584391253, 0.6878722685533242, 0.6843998196887258, 0.70493309422706, 0.6045144550371754, 0.7204911388795724, 0.732766890852875, 0.6396228924319985, 0.7137513426879689, 0.6822328014993089, 0.7163471605247624], [0.9161204127765137, 0.9034099149908076, 0.690171567417161, 0.9337420845506978, 0.8489303056517505, 0.6831400854365566, 0.7508736445897369, 0.8956252999211433, 0.8448160174617193, 0.9076254753435226, 0.8795012314976278, 0.9059668026715756, 0.9999999999999998, 0.642885034837096, 0.8811213935432562, 0.9221924933836555, 0.8934682775184075, 0.8881428501053799, 0.9026400614441502, 0.8755625352824665, 0.9236630178939098, 0.9254821951931229, 0.8734684217909793, 0.9160811663995879, 0.8596085745675435, 0.8008735333840138], [0.4252673734027789, 0.4546173985582641, 0.9301750589704434, 0.6369021127146148, 0.4429225650188026, 0.9048003217068382, 0.903878737254292, 0.8134581088937556, 0.29878400404178956, 0.39893595058590636, 0.6178784065548291, 0.7032752480989084, 0.642885034837096, 1.0, 0.42077388752746214, 0.7683865213485588, 0.48309048836885066, 0.4481264889823263, 0.47592138279367596, 0.40906553596331235, 0.46160309746637773, 0.4505782785530173, 0.45195804413976126, 0.4283038842844773, 0.5391075427733869, 0.33793109798771914], [0.9555396673566963, 0.9702602969887301, 0.5878857687263385, 0.7616982061313753, 0.952048286110686, 0.4508054256819954, 0.5229993725857911, 0.6771400780469149, 0.8942694081411171, 0.9686812154124709, 0.779502648595367, 0.6709633305110697, 0.8811213935432562, 0.42077388752746214, 1.0000000000000002, 0.7893749214422191, 0.9412644396666284, 0.9360000434038841, 0.9499607021775003, 0.9115025286499293, 0.9547453431728811, 0.9695053526155383, 0.9599351168095651, 0.9795060446759989, 0.9099866271951927, 0.8062032947623883], [0.8065660761062592, 0.8016261581027015, 0.8561877864176275, 0.949137185523876, 0.7515664644844355, 0.815725937451695, 0.8990418542580553, 0.9165444688834579, 0.8032982916004149, 0.7895984522541365, 0.8712834746082134, 0.9451419584391253, 0.9221924933836555, 0.7683865213485588, 0.7893749214422191, 1.0000000000000002, 0.77658941635171, 0.7734750623943403, 0.8271624575236525, 0.6984276808946347, 0.8162363429670352, 0.8212293116324543, 0.775055417679235, 0.8155703224549289, 0.7987687713403593, 0.781469922321471], [0.9605361976184491, 0.9439851888063915, 0.6022150209796572, 0.7319573137725013, 0.8608490641837966, 0.5058002211502954, 0.5726030499708065, 0.719842816919004, 0.8332070043715446, 0.9415300406014243, 0.7185732727370773, 0.6878722685533242, 0.8934682775184075, 0.48309048836885066, 0.9412644396666284, 0.77658941635171, 1.0, 0.9074366372741136, 0.9126783301773359, 0.9265608135998455, 0.9374731501197149, 0.9329679095402524, 0.9549037836096526, 0.9453521085265281, 0.9509817346416134, 0.639629857779791], [0.9236271536306876, 0.9749710179391462, 0.5554732055735255, 0.7405265089183937, 0.937039524865973, 0.4705217470395414, 0.5606065175672362, 0.7254499547349467, 0.8651190757837605, 0.9683441714784243, 0.8205968513145367, 0.6843998196887258, 0.8881428501053799, 0.4481264889823263, 0.9360000434038841, 0.7734750623943403, 0.9074366372741136, 0.9999999999999999, 0.9438970114229437, 0.947280880348296, 0.9608459048032835, 0.9601275917211597, 0.9627526052854964, 0.9598733388806594, 0.8303316726716485, 0.7501504738084903], [0.9579478859934699, 0.9857431195381965, 0.6354165658144665, 0.7799705263021756, 0.931644090002809, 0.5237703315775637, 0.566382899555954, 0.7491347765132479, 0.9331615361885333, 0.9808060971701639, 0.8725492049455814, 0.70493309422706, 0.9026400614441502, 0.47592138279367596, 0.9499607021775003, 0.8271624575236525, 0.9126783301773359, 0.9438970114229437, 1.0, 0.9481590103246853, 0.9866486272714898, 0.9751322101973007, 0.974740974445469, 0.9875428574677925, 0.9185286074529537, 0.8123729055796466], [0.9482598946795184, 0.967496585791028, 0.49360562950742093, 0.6680451941160358, 0.9020225850294249, 0.431108209161155, 0.4569048687627226, 0.7044762203058719, 0.8464848835781459, 0.9671058666001601, 0.7916345683293877, 0.6045144550371754, 0.8755625352824665, 0.40906553596331235, 0.9115025286499293, 0.6984276808946347, 0.9265608135998455, 0.947280880348296, 0.9481590103246853, 1.0, 0.9698406369382655, 0.9530736606791117, 0.9592093924398732, 0.952223854980575, 0.8780948651380616, 0.6922955865989205], [0.983425211435718, 0.9945502049520996, 0.596560664423506, 0.7783236153571309, 0.9432685439264153, 0.5365889068158287, 0.5734978914481719, 0.7678885665206544, 0.931757579783417, 0.9948342240988025, 0.8649688286490115, 0.7204911388795724, 0.9236630178939098, 0.46160309746637773, 0.9547453431728811, 0.8162363429670352, 0.9374731501197149, 0.9608459048032835, 0.9866486272714898, 0.9698406369382655, 0.9999999999999999, 0.9942775408652146, 0.9738537911491257, 0.9886589951795975, 0.9145336701902606, 0.7909140604073258], [0.9826171546063993, 0.9910064284500386, 0.5897780965108075, 0.7928683360364623, 0.9620028258874517, 0.5297701025841053, 0.5799919230015281, 0.7540022148847595, 0.934927329563402, 0.9936276999679304, 0.8512151687725289, 0.732766890852875, 0.9254821951931229, 0.4505782785530173, 0.9695053526155383, 0.8212293116324543, 0.9329679095402524, 0.9601275917211597, 0.9751322101973007, 0.9530736606791117, 0.9942775408652146, 1.0, 0.9607298808417152, 0.9873748162322578, 0.9068272903677823, 0.8102671867563439], [0.9582851503448382, 0.9873951698254956, 0.6025056082445363, 0.7116830460200423, 0.9139400875047649, 0.4806942859369509, 0.5260962375695477, 0.7213015677851699, 0.8842442229773902, 0.9772423335152566, 0.817755315429232, 0.6396228924319985, 0.8734684217909793, 0.45195804413976126, 0.9599351168095651, 0.775055417679235, 0.9549037836096526, 0.9627526052854964, 0.974740974445469, 0.9592093924398732, 0.9738537911491257, 0.9607298808417152, 1.0, 0.9808789964748462, 0.9124747370150662, 0.7383782729356195], [0.9763697166177566, 0.9918529511489538, 0.5844333913961473, 0.7935957957070284, 0.9403903188370898, 0.4768729896067438, 0.5434541983952508, 0.7277994793289131, 0.9356522844433038, 0.9942092919276866, 0.8372076871448085, 0.7137513426879689, 0.9160811663995879, 0.4283038842844773, 0.9795060446759989, 0.8155703224549289, 0.9453521085265281, 0.9598733388806594, 0.9875428574677925, 0.952223854980575, 0.9886589951795975, 0.9873748162322578, 0.9808789964748462, 1.0, 0.9190426096507192, 0.8183338788119324], [0.9276709959368725, 0.9127918682311946, 0.6987098320991518, 0.7258731765826174, 0.8544481964578705, 0.5567425474588261, 0.6054462778251416, 0.687844624171182, 0.8364807572204259, 0.9036995813280032, 0.7047508265008444, 0.6822328014993089, 0.8596085745675435, 0.5391075427733869, 0.9099866271951927, 0.7987687713403593, 0.9509817346416134, 0.8303316726716485, 0.9185286074529537, 0.8780948651380616, 0.9145336701902606, 0.9068272903677823, 0.9124747370150662, 0.9190426096507192, 1.0, 0.6190324974805701], [0.7728951221147545, 0.7796140552276563, 0.47234429965070873, 0.8324231889499799, 0.7696353702532398, 0.4325782588747329, 0.47485972381029506, 0.6968496672988411, 0.8536777810537353, 0.797969895768684, 0.8644910802449295, 0.7163471605247624, 0.8008735333840138, 0.33793109798771914, 0.8062032947623883, 0.781469922321471, 0.639629857779791, 0.7501504738084903, 0.8123729055796466, 0.6922955865989205, 0.7909140604073258, 0.8102671867563439, 0.7383782729356195, 0.8183338788119324, 0.6190324974805701, 1.0]]