[[1.0000000000000002, 0.8434502458167448, 0.879786444687506, 0.8633872214137381, 0.837275400636295, 0.8964513717042437, 0.8918074253880945, 0.883030711646439, 0.8361923975950735, 0.8461436219355348, 0.8639613764022257, 0.8731008681425612, 0.8457567939052897, 0.8844752290341931, 0.8301414778427334, 0.8696876234325678, 0.8506716447343341, 0.8556898172024552, 0.8342967541929214, 0.8396545637434094, 0.8248681867072136, 0.8361872470843793, 0.8405398241288482, 0.8197019807279374, 0.847536793943146, 0.8577912570822552], [0.8434502458167448, 0.9999999999999986, 0.9029639944908547, 0.8741155480313944, 0.8479502806257382, 0.8973925042024449, 0.8904256580521139, 0.8940761701598275, 0.8430789726242273, 0.8434805828357191, 0.8789183932645536, 0.8806464499583533, 0.8599577077213476, 0.8936459385280504, 0.8589821396259192, 0.8787196254140981, 0.8433312056473112, 0.8767288714596844, 0.8405754384521528, 0.829917732732705, 0.8294722422083184, 0.8643553957516282, 0.8476341717655046, 0.8305817976369725, 0.852183774732469, 0.8521187324127217], [0.879786444687506, 0.9029639944908547, 0.9999999999999997, 0.9278539137626913, 0.8924128472932296, 0.9566962521721457, 0.9390167427456816, 0.9429075368901947, 0.8698882330930257, 0.9034268030024681, 0.9238544366694963, 0.9195243914594076, 0.8941359300313858, 0.9570299071846006, 0.8873054101304776, 0.9389062169909478, 0.8960631089929947, 0.9043841178817842, 0.8803613997558811, 0.8996651743416949, 0.8862650862406717, 0.8931418273756394, 0.8897055757596984, 0.8613887701972602, 0.9120330234487015, 0.887146527619464], [0.8633872214137381, 0.8741155480313944, 0.9278539137626913, 1.0000000000000018, 0.8618816988829, 0.9277723619510558, 0.9323379882809039, 0.9293521440251269, 0.8701111668304976, 0.8495459237288141, 0.899954533651985, 0.919110323424922, 0.8982237157945274, 0.9189166168700568, 0.8592177772042918, 0.9262682303679075, 0.8817144634369846, 0.8757413723965747, 0.8570766223577507, 0.8571488268452998, 0.8516948469407511, 0.8729715215504674, 0.8709625497442092, 0.8470406108607957, 0.8821430002610393, 0.8963523809952514], [0.837275400636295, 0.8479502806257382, 0.8924128472932296, 0.8618816988829, 1.0, 0.8847482853091083, 0.8807272519396331, 0.8740989565639969, 0.8418289997023983, 0.8500442742922902, 0.8602546297843069, 0.8711548160227741, 0.8535234622137561, 0.8820117651569452, 0.8296503460288976, 0.8786101420578071, 0.8441424212864876, 0.8554165009850462, 0.8385137173574067, 0.8242058364308971, 0.8185376296239008, 0.8244654105534258, 0.8556586297877755, 0.8166252618450764, 0.8381208370678999, 0.8534970881962852], [0.8964513717042437, 0.8973925042024449, 0.9566962521721457, 0.9277723619510558, 0.8847482853091083, 1.0000000000000002, 0.9536025823363972, 0.94054647654355, 0.8859217572513077, 0.8787414075876991, 0.9262803864497047, 0.9380171773622694, 0.8937637192688979, 0.9517829185219576, 0.8920655862555577, 0.9452611001893831, 0.8985403976413684, 0.8960103391990073, 0.8761578338993751, 0.882101211688659, 0.8865097171780543, 0.8903669369335407, 0.8844392884177011, 0.864943877452727, 0.9081588655560319, 0.9083595497160436], [0.8918074253880945, 0.8904256580521139, 0.9390167427456816, 0.9323379882809039, 0.8807272519396331, 0.9536025823363972, 0.9999999999999988, 0.941884582960011, 0.8956601736121265, 0.8699283934159531, 0.9271388773880951, 0.9411380726289114, 0.8976210510770835, 0.9517587716709898, 0.8805967645097876, 0.942526942610207, 0.9028372947996799, 0.8976298421074604, 0.8930890236928545, 0.8747469269650608, 0.8813286335697109, 0.8869174894804208, 0.888346413572259, 0.8552156149038563, 0.9159034431490323, 0.9054015835244238], [0.883030711646439, 0.8940761701598275, 0.9429075368901947, 0.9293521440251269, 0.8740989565639969, 0.94054647654355, 0.941884582960011, 1.0000000000000004, 0.8857480218521531, 0.8732258270253381, 0.9067588821377806, 0.9262763011422921, 0.8918542124917872, 0.9346142774835124, 0.8876407911046508, 0.9397075201771581, 0.8884651624412012, 0.9021785727192011, 0.8707074469019178, 0.8810319404420333, 0.8754616574525595, 0.8846354770413709, 0.8850846475861048, 0.8599634335696034, 0.8897545750567624, 0.911914061365696], [0.8361923975950735, 0.8430789726242273, 0.8698882330930257, 0.8701111668304976, 0.8418289997023983, 0.8859217572513077, 0.8956601736121265, 0.8857480218521531, 0.9999999999999992, 0.8487233320237195, 0.8632080023261184, 0.881789887861385, 0.8545734674228102, 0.8626780429601235, 0.8352714181283671, 0.8751667016659822, 0.8368537589202644, 0.8354482588333749, 0.8234711390346414, 0.8146724116127315, 0.8286543022932515, 0.8468396874269604, 0.8319948841172495, 0.8144112410297808, 0.8478523418420894, 0.8759632280897136], [0.8461436219355348, 0.8434805828357191, 0.9034268030024681, 0.8495459237288141, 0.8500442742922902, 0.8787414075876991, 0.8699283934159531, 0.8732258270253381, 0.8487233320237195, 1.0000000000000013, 0.8672537068369638, 0.8563412664044907, 0.8552421128725896, 0.9068697405139107, 0.8475571233201205, 0.8820646364148671, 0.8544827938995742, 0.8735713500071404, 0.8519566509276815, 0.847999839321023, 0.8666983239883452, 0.8352352708168419, 0.8521885127757962, 0.8260231087840164, 0.8655433782006808, 0.8616234506076035], [0.8639613764022257, 0.8789183932645536, 0.9238544366694963, 0.899954533651985, 0.8602546297843069, 0.9262803864497047, 0.9271388773880951, 0.9067588821377806, 0.8632080023261184, 0.8672537068369638, 1.0000000000000009, 0.9100301647588032, 0.8820915419632411, 0.9123377471590084, 0.8560852178291724, 0.9121971458741139, 0.8457227956471955, 0.8676770198905751, 0.8758551050449339, 0.8602099579995282, 0.8514740997178888, 0.8654516683154023, 0.8626239341872017, 0.8312308632200331, 0.8769490325004782, 0.893868082956696], [0.8731008681425612, 0.8806464499583533, 0.9195243914594076, 0.919110323424922, 0.8711548160227741, 0.9380171773622694, 0.9411380726289114, 0.9262763011422921, 0.881789887861385, 0.8563412664044907, 0.9100301647588032, 0.9999999999999989, 0.8975754048816951, 0.9271779833027082, 0.8759575915441286, 0.925671994850642, 0.8876293399593946, 0.8844286769034246, 0.8697639521761997, 0.8649821954763681, 0.8568343004738734, 0.8755080868323947, 0.8698110065588043, 0.8490154072137999, 0.8858936926367003, 0.9065719502674477], [0.8457567939052897, 0.8599577077213476, 0.8941359300313858, 0.8982237157945274, 0.8535234622137561, 0.8937637192688979, 0.8976210510770835, 0.8918542124917872, 0.8545734674228102, 0.8552421128725896, 0.8820915419632411, 0.8975754048816951, 1.0000000000000013, 0.8933234484956922, 0.8515250560585247, 0.9057604466697253, 0.8532253323620755, 0.8629063804674246, 0.8513287165446219, 0.8429199286572975, 0.823960556483829, 0.8516795332199681, 0.8516657746899963, 0.8227899594251084, 0.858954137165459, 0.8564234913792436], [0.8844752290341931, 0.8936459385280504, 0.9570299071846006, 0.9189166168700568, 0.8820117651569452, 0.9517829185219576, 0.9517587716709898, 0.9346142774835124, 0.8626780429601235, 0.9068697405139107, 0.9123377471590084, 0.9271779833027082, 0.8933234484956922, 0.9999999999999992, 0.8822980432561509, 0.9363754724707563, 0.9091383572774333, 0.90521957665119, 0.8836039831803965, 0.8924408822565096, 0.8862650862406714, 0.8879940358633883, 0.8866163202883115, 0.8569914367135526, 0.907127422246826, 0.8914782977738559], [0.8301414778427334, 0.8589821396259192, 0.8873054101304776, 0.8592177772042918, 0.8296503460288976, 0.8920655862555577, 0.8805967645097876, 0.8876407911046508, 0.8352714181283671, 0.8475571233201205, 0.8560852178291724, 0.8759575915441286, 0.8515250560585247, 0.8822980432561509, 1.0000000000000013, 0.8852605513856734, 0.8421889504393058, 0.8518756316549129, 0.8320856426832836, 0.8551865786336321, 0.8372359599244324, 0.8554532582650192, 0.84534632810021, 0.8127671280316301, 0.8521258898302937, 0.8543527118495058], [0.8696876234325678, 0.8787196254140981, 0.9389062169909478, 0.9262682303679075, 0.8786101420578071, 0.9452611001893831, 0.942526942610207, 0.9397075201771581, 0.8751667016659822, 0.8820646364148671, 0.9121971458741139, 0.925671994850642, 0.9057604466697253, 0.9363754724707563, 0.8852605513856734, 0.9999999999999982, 0.8860997487073787, 0.8852461836237576, 0.8860944359923085, 0.8737498684007279, 0.8750960874887285, 0.8815729363585485, 0.8967200760168903, 0.8581384289030056, 0.8968489086556904, 0.8997596041224678], [0.8506716447343341, 0.8433312056473112, 0.8960631089929947, 0.8817144634369846, 0.8441424212864876, 0.8985403976413684, 0.9028372947996799, 0.8884651624412012, 0.8368537589202644, 0.8544827938995742, 0.8457227956471955, 0.8876293399593946, 0.8532253323620755, 0.9091383572774333, 0.8421889504393058, 0.8860997487073787, 1.0000000000000009, 0.852032178790993, 0.8395743905048861, 0.8312168553608243, 0.8246912239059523, 0.8464308402634391, 0.8403534426607229, 0.8200215720057935, 0.8620020453970538, 0.8541919574324661], [0.8556898172024552, 0.8767288714596844, 0.9043841178817842, 0.8757413723965747, 0.8554165009850462, 0.8960103391990073, 0.8976298421074604, 0.9021785727192011, 0.8354482588333749, 0.8735713500071404, 0.8676770198905751, 0.8844286769034246, 0.8629063804674246, 0.90521957665119, 0.8518756316549129, 0.8852461836237576, 0.852032178790993, 0.9999999999999998, 0.8314044815669983, 0.8474446591070202, 0.8529661455037658, 0.8543924550487381, 0.8473281191753725, 0.8163724477781314, 0.8594009792357848, 0.8627463007643863], [0.8342967541929214, 0.8405754384521528, 0.8803613997558811, 0.8570766223577507, 0.8385137173574067, 0.8761578338993751, 0.8930890236928545, 0.8707074469019178, 0.8234711390346414, 0.8519566509276815, 0.8758551050449339, 0.8697639521761997, 0.8513287165446219, 0.8836039831803965, 0.8320856426832836, 0.8860944359923085, 0.8395743905048861, 0.8314044815669983, 1.0000000000000018, 0.8306045280303687, 0.8170677365270707, 0.8241277511445565, 0.8540778653463703, 0.8311086134939086, 0.8303422497280483, 0.86010680645238], [0.8396545637434094, 0.829917732732705, 0.8996651743416949, 0.8571488268452998, 0.8242058364308971, 0.882101211688659, 0.8747469269650608, 0.8810319404420333, 0.8146724116127315, 0.847999839321023, 0.8602099579995282, 0.8649821954763681, 0.8429199286572975, 0.8924408822565096, 0.8551865786336321, 0.8737498684007279, 0.8312168553608243, 0.8474446591070202, 0.8306045280303687, 1.0, 0.8238044256904036, 0.8426272035352216, 0.8316217278483997, 0.805011294880568, 0.8413574567322092, 0.8187006085091835], [0.8248681867072136, 0.8294722422083184, 0.8862650862406717, 0.8516948469407511, 0.8185376296239008, 0.8865097171780543, 0.8813286335697109, 0.8754616574525595, 0.8286543022932515, 0.8666983239883452, 0.8514740997178888, 0.8568343004738734, 0.823960556483829, 0.8862650862406714, 0.8372359599244324, 0.8750960874887285, 0.8246912239059523, 0.8529661455037658, 0.8170677365270707, 0.8238044256904036, 1.0000000000000002, 0.8365400810745537, 0.8277346096144113, 0.8138985500734569, 0.8438672031658911, 0.8667648835373871], [0.8361872470843793, 0.8643553957516282, 0.8931418273756394, 0.8729715215504674, 0.8244654105534258, 0.8903669369335407, 0.8869174894804208, 0.8846354770413709, 0.8468396874269604, 0.8352352708168419, 0.8654516683154023, 0.8755080868323947, 0.8516795332199681, 0.8879940358633883, 0.8554532582650192, 0.8815729363585485, 0.8464308402634391, 0.8543924550487381, 0.8241277511445565, 0.8426272035352216, 0.8365400810745537, 1.0000000000000007, 0.8398641679544181, 0.8097079307645396, 0.8565350007950538, 0.8540944825656573], [0.8405398241288482, 0.8476341717655046, 0.8897055757596984, 0.8709625497442092, 0.8556586297877755, 0.8844392884177011, 0.888346413572259, 0.8850846475861048, 0.8319948841172495, 0.8521885127757962, 0.8626239341872017, 0.8698110065588043, 0.8516657746899963, 0.8866163202883115, 0.84534632810021, 0.8967200760168903, 0.8403534426607229, 0.8473281191753725, 0.8540778653463703, 0.8316217278483997, 0.8277346096144113, 0.8398641679544181, 0.9999999999999992, 0.8267264058953215, 0.8486341791402222, 0.8497443091002435], [0.8197019807279374, 0.8305817976369725, 0.8613887701972602, 0.8470406108607957, 0.8166252618450764, 0.864943877452727, 0.8552156149038563, 0.8599634335696034, 0.8144112410297808, 0.8260231087840164, 0.8312308632200331, 0.8490154072137999, 0.8227899594251084, 0.8569914367135526, 0.8127671280316301, 0.8581384289030056, 0.8200215720057935, 0.8163724477781314, 0.8311086134939086, 0.805011294880568, 0.8138985500734569, 0.8097079307645396, 0.8267264058953215, 0.9999999999999987, 0.8361080446601259, 0.8354796323285834], [0.847536793943146, 0.852183774732469, 0.9120330234487015, 0.8821430002610393, 0.8381208370678999, 0.9081588655560319, 0.9159034431490323, 0.8897545750567624, 0.8478523418420894, 0.8655433782006808, 0.8769490325004782, 0.8858936926367003, 0.858954137165459, 0.907127422246826, 0.8521258898302937, 0.8968489086556904, 0.8620020453970538, 0.8594009792357848, 0.8303422497280483, 0.8413574567322092, 0.8438672031658911, 0.8565350007950538, 0.8486341791402222, 0.8361080446601259, 0.9999999999999997, 0.8484255109449752], [0.8577912570822552, 0.8521187324127217, 0.887146527619464, 0.8963523809952514, 0.8534970881962852, 0.9083595497160436, 0.9054015835244238, 0.911914061365696, 0.8759632280897136, 0.8616234506076035, 0.893868082956696, 0.9065719502674477, 0.8564234913792436, 0.8914782977738559, 0.8543527118495058, 0.8997596041224678, 0.8541919574324661, 0.8627463007643863, 0.86010680645238, 0.8187006085091835, 0.8667648835373871, 0.8540944825656573, 0.8497443091002435, 0.8354796323285834, 0.8484255109449752, 1.0]]