[[1.0, 0.9179393939393921, 0.9134949494949475, 0.9126060606060585, 0.9152727272727254, 0.9170505050505031, 0.9179393939393921, 0.9143838383838363, 0.9192727272727252, 0.9186666666666647, 0.917050505050503, 0.9139393939393918, 0.9103838383838363, 0.9174949494949475, 0.9222222222222204, 0.9112727272727252, 0.917050505050503, 0.9197171717171698, 0.9217777777777759, 0.9121616161616142, 0.9182222222222202, 0.9134949494949475, 0.9157171717171697, 0.9186666666666647, 0.9166060606060585, 0.9143838383838363], [0.9179393939393921, 1.0, 0.9128888888888869, 0.9186666666666647, 0.9201616161616143, 0.9161616161616142, 0.91022222222222, 0.9173333333333313, 0.9133333333333313, 0.9157171717171697, 0.918828282828281, 0.9102222222222202, 0.9143838383838363, 0.9134949494949475, 0.917050505050503, 0.9103838383838361, 0.9166060606060585, 0.9199999999999982, 0.9201616161616143, 0.9177777777777759, 0.908161616161614, 0.9272727272727256, 0.9210505050505031, 0.9192727272727255, 0.9151111111111091, 0.9137777777777757], [0.9134949494949475, 0.9128888888888869, 1.0, 0.9417777777777764, 0.9166060606060585, 0.9401616161616149, 0.9315555555555541, 0.9333333333333318, 0.907111111111109, 0.8948282828282803, 0.9241616161616145, 0.9262222222222204, 0.9237171717171698, 0.9659393939393934, 0.9090505050505027, 0.9348282828282813, 0.9126060606060585, 0.9137777777777757, 0.9046060606060584, 0.9119999999999979, 0.9192727272727252, 0.9183838383838364, 0.9152727272727254, 0.9103838383838361, 0.9199999999999979, 0.9351111111111097], [0.9126060606060585, 0.9186666666666647, 0.9417777777777764, 1.0, 0.9152727272727254, 0.9294949494949478, 0.9288888888888872, 0.9382222222222207, 0.9177777777777759, 0.9063838383838362, 0.9108282828282807, 0.9226666666666647, 0.9268282828282811, 0.9308282828282813, 0.9121616161616142, 0.9308282828282812, 0.913939393939392, 0.9155555555555537, 0.9121616161616141, 0.9124444444444424, 0.9103838383838363, 0.9214949494949475, 0.9143838383838363, 0.9179393939393918, 0.9155555555555536, 0.940444444444443], [0.9152727272727254, 0.9201616161616143, 0.9166060606060585, 0.9152727272727254, 1.0, 0.9191111111111094, 0.9174949494949475, 0.9166060606060585, 0.9157171717171697, 0.9152727272727254, 0.9177777777777759, 0.9166060606060585, 0.915999999999998, 0.9155555555555537, 0.9099393939393919, 0.920888888888887, 0.9177777777777759, 0.9148282828282809, 0.9174949494949475, 0.9152727272727254, 0.9121616161616141, 0.9168888888888869, 0.9186666666666647, 0.9126060606060585, 0.917050505050503, 0.9121616161616141], [0.9170505050505031, 0.9161616161616142, 0.9401616161616149, 0.9294949494949478, 0.9191111111111094, 1.0, 0.9348282828282813, 0.9392727272727259, 0.9130505050505029, 0.8921616161616137, 0.9279999999999982, 0.9317171717171703, 0.9191111111111094, 0.936444444444443, 0.9046060606060584, 0.9408888888888876, 0.9146666666666646, 0.9072727272727251, 0.9019393939393915, 0.9103838383838361, 0.9166060606060585, 0.9235555555555537, 0.9168888888888869, 0.9086060606060585, 0.922828282828281, 0.92771717171717], [0.9179393939393921, 0.91022222222222, 0.9315555555555541, 0.9288888888888872, 0.9174949494949475, 0.9348282828282813, 1.0, 0.9279999999999982, 0.915999999999998, 0.8948282828282803, 0.9317171717171703, 0.9346666666666652, 0.9201616161616143, 0.9317171717171703, 0.9077171717171695, 0.9370505050505036, 0.9143838383838364, 0.9133333333333313, 0.9068282828282805, 0.9097777777777757, 0.9157171717171697, 0.9139393939393918, 0.9090505050505029, 0.9103838383838361, 0.9311111111111097, 0.9195555555555537], [0.9143838383838363, 0.9173333333333313, 0.9333333333333318, 0.9382222222222207, 0.9166060606060585, 0.9392727272727259, 0.9279999999999982, 1.0, 0.9124444444444423, 0.8961616161616137, 0.9161616161616142, 0.9279999999999982, 0.9210505050505031, 0.9250505050505033, 0.904161616161614, 0.9317171717171703, 0.913050505050503, 0.91422222222222, 0.9032727272727251, 0.9106666666666645, 0.9166060606060585, 0.917050505050503, 0.9197171717171698, 0.9126060606060585, 0.9248888888888871, 0.9275555555555538], [0.9192727272727252, 0.9133333333333313, 0.907111111111109, 0.9177777777777759, 0.9157171717171697, 0.9130505050505029, 0.915999999999998, 0.9124444444444423, 1.0, 0.9174949494949477, 0.9206060606060588, 0.9151111111111091, 0.9166060606060588, 0.904161616161614, 0.9121616161616142, 0.913939393939392, 0.9134949494949475, 0.9155555555555537, 0.9166060606060588, 0.9199999999999982, 0.9121616161616142, 0.9152727272727254, 0.9143838383838363, 0.9192727272727252, 0.9182222222222204, 0.9159999999999978], [0.9186666666666647, 0.9157171717171697, 0.8948282828282803, 0.9063838383838362, 0.9152727272727254, 0.8921616161616137, 0.8948282828282803, 0.8961616161616137, 0.9174949494949477, 1.0, 0.9037171717171694, 0.898383838383836, 0.9126060606060585, 0.8943838383838358, 0.9333333333333318, 0.8979393939393915, 0.9201616161616143, 0.9250505050505033, 0.9377777777777764, 0.9174949494949475, 0.9222222222222206, 0.9157171717171697, 0.9201616161616143, 0.9257777777777759, 0.9197171717171698, 0.9090505050505029], [0.917050505050503, 0.918828282828281, 0.9241616161616145, 0.9108282828282807, 0.9177777777777759, 0.9279999999999982, 0.9317171717171703, 0.9161616161616142, 0.9206060606060588, 0.9037171717171694, 1.0, 0.9268282828282811, 0.9217777777777759, 0.9271111111111096, 0.9077171717171695, 0.920888888888887, 0.9088888888888869, 0.9121616161616142, 0.9121616161616142, 0.913939393939392, 0.913939393939392, 0.9159999999999978, 0.9119999999999979, 0.9108282828282809, 0.9197171717171698, 0.9099393939393917], [0.9139393939393918, 0.9102222222222202, 0.9262222222222204, 0.9226666666666647, 0.9166060606060585, 0.9317171717171703, 0.9346666666666652, 0.9279999999999982, 0.9151111111111091, 0.898383838383836, 0.9268282828282811, 1.0, 0.922828282828281, 0.9214949494949477, 0.9103838383838361, 0.9232727272727254, 0.9157171717171697, 0.9084444444444423, 0.904161616161614, 0.9102222222222202, 0.9161616161616142, 0.9152727272727254, 0.9126060606060585, 0.9126060606060585, 0.9217777777777761, 0.9235555555555537], [0.9103838383838363, 0.9143838383838363, 0.9237171717171698, 0.9268282828282811, 0.915999999999998, 0.9191111111111094, 0.9201616161616143, 0.9210505050505031, 0.9166060606060588, 0.9126060606060585, 0.9217777777777759, 0.922828282828281, 1.0, 0.9213333333333315, 0.9134949494949473, 0.9284444444444427, 0.9159999999999978, 0.9157171717171697, 0.9090505050505029, 0.9081616161616142, 0.9152727272727254, 0.9204444444444424, 0.9191111111111092, 0.9170505050505031, 0.9183838383838366, 0.9179393939393921], [0.9174949494949475, 0.9134949494949475, 0.9659393939393934, 0.9308282828282813, 0.9155555555555537, 0.936444444444443, 0.9317171717171703, 0.9250505050505033, 0.904161616161614, 0.8943838383838358, 0.9271111111111096, 0.9214949494949477, 0.9213333333333315, 1.0, 0.908161616161614, 0.9346666666666653, 0.9168888888888869, 0.9126060606060585, 0.9037171717171694, 0.9103838383838361, 0.9210505050505031, 0.9168888888888869, 0.9182222222222202, 0.9108282828282807, 0.9197171717171698, 0.9357171717171704], [0.9222222222222204, 0.917050505050503, 0.9090505050505027, 0.9121616161616142, 0.9099393939393919, 0.9046060606060584, 0.9077171717171695, 0.904161616161614, 0.9121616161616142, 0.9333333333333318, 0.9077171717171695, 0.9103838383838361, 0.9134949494949473, 0.908161616161614, 1.0, 0.9112727272727251, 0.9179393939393918, 0.9201616161616143, 0.9306666666666651, 0.918828282828281, 0.9159999999999978, 0.9148282828282807, 0.9223838383838363, 0.9226666666666647, 0.9143838383838363, 0.9170505050505031], [0.9112727272727252, 0.9103838383838361, 0.9348282828282813, 0.9308282828282812, 0.920888888888887, 0.9408888888888876, 0.9370505050505036, 0.9317171717171703, 0.913939393939392, 0.8979393939393915, 0.920888888888887, 0.9232727272727254, 0.9284444444444427, 0.9346666666666653, 0.9112727272727251, 1.0, 0.9173333333333313, 0.913050505050503, 0.9099393939393917, 0.9086060606060583, 0.9161616161616142, 0.9182222222222202, 0.9213333333333315, 0.9152727272727254, 0.9174949494949475, 0.924606060606059], [0.917050505050503, 0.9166060606060585, 0.9126060606060585, 0.913939393939392, 0.9177777777777759, 0.9146666666666646, 0.9143838383838364, 0.913050505050503, 0.9134949494949475, 0.9201616161616143, 0.9088888888888869, 0.9157171717171697, 0.9159999999999978, 0.9168888888888869, 0.9179393939393918, 0.9173333333333313, 1.0, 0.9183838383838366, 0.9201616161616143, 0.9108282828282807, 0.9134949494949473, 0.9213333333333315, 0.9213333333333315, 0.9134949494949473, 0.9237171717171698, 0.9148282828282807], [0.9197171717171698, 0.9199999999999982, 0.9137777777777757, 0.9155555555555537, 0.9148282828282809, 0.9072727272727251, 0.9133333333333313, 0.91422222222222, 0.9155555555555537, 0.9250505050505033, 0.9121616161616142, 0.9084444444444423, 0.9157171717171697, 0.9126060606060585, 0.9201616161616143, 0.913050505050503, 0.9183838383838366, 1.0, 0.9161616161616142, 0.9195555555555537, 0.917050505050503, 0.9214949494949477, 0.917050505050503, 0.9134949494949475, 0.9173333333333313, 0.9093333333333312], [0.9217777777777759, 0.9201616161616143, 0.9046060606060584, 0.9121616161616141, 0.9174949494949475, 0.9019393939393915, 0.9068282828282805, 0.9032727272727251, 0.9166060606060588, 0.9377777777777764, 0.9121616161616142, 0.904161616161614, 0.9090505050505029, 0.9037171717171694, 0.9306666666666651, 0.9099393939393917, 0.9201616161616143, 0.9161616161616142, 1.0, 0.922828282828281, 0.9164444444444425, 0.913050505050503, 0.9210505050505031, 0.9217777777777759, 0.9126060606060585, 0.9126060606060585], [0.9121616161616142, 0.9177777777777759, 0.9119999999999979, 0.9124444444444424, 0.9152727272727254, 0.9103838383838361, 0.9097777777777757, 0.9106666666666645, 0.9199999999999982, 0.9174949494949475, 0.913939393939392, 0.9102222222222202, 0.9081616161616142, 0.9103838383838361, 0.918828282828281, 0.9086060606060583, 0.9108282828282807, 0.9195555555555537, 0.922828282828281, 1.0, 0.9108282828282809, 0.9126060606060585, 0.9179393939393918, 0.9152727272727254, 0.9146666666666646, 0.9133333333333313], [0.9182222222222202, 0.908161616161614, 0.9192727272727252, 0.9103838383838363, 0.9121616161616141, 0.9166060606060585, 0.9157171717171697, 0.9166060606060585, 0.9121616161616142, 0.9222222222222206, 0.913939393939392, 0.9161616161616142, 0.9152727272727254, 0.9210505050505031, 0.9159999999999978, 0.9161616161616142, 0.9134949494949473, 0.917050505050503, 0.9164444444444425, 0.9108282828282809, 1.0, 0.922828282828281, 0.9126060606060585, 0.9186666666666647, 0.9254949494949477, 0.9223838383838368], [0.9134949494949475, 0.9272727272727256, 0.9183838383838364, 0.9214949494949475, 0.9168888888888869, 0.9235555555555537, 0.9139393939393918, 0.917050505050503, 0.9152727272727254, 0.9157171717171697, 0.9159999999999978, 0.9152727272727254, 0.9204444444444424, 0.9168888888888869, 0.9148282828282807, 0.9182222222222202, 0.9213333333333315, 0.9214949494949477, 0.913050505050503, 0.9126060606060585, 0.922828282828281, 1.0, 0.9146666666666646, 0.9179393939393918, 0.9179393939393918, 0.917050505050503], [0.9157171717171697, 0.9210505050505031, 0.9152727272727254, 0.9143838383838363, 0.9186666666666647, 0.9168888888888869, 0.9090505050505029, 0.9197171717171698, 0.9143838383838363, 0.9201616161616143, 0.9119999999999979, 0.9126060606060585, 0.9191111111111092, 0.9182222222222202, 0.9223838383838363, 0.9213333333333315, 0.9213333333333315, 0.917050505050503, 0.9210505050505031, 0.9179393939393918, 0.9126060606060585, 0.9146666666666646, 1.0, 0.9183838383838364, 0.9139393939393918, 0.9170505050505031], [0.9186666666666647, 0.9192727272727255, 0.9103838383838361, 0.9179393939393918, 0.9126060606060585, 0.9086060606060585, 0.9103838383838361, 0.9126060606060585, 0.9192727272727252, 0.9257777777777759, 0.9108282828282809, 0.9126060606060585, 0.9170505050505031, 0.9108282828282807, 0.9226666666666647, 0.9152727272727254, 0.9134949494949473, 0.9134949494949475, 0.9217777777777759, 0.9152727272727254, 0.9186666666666647, 0.9179393939393918, 0.9183838383838364, 1.0, 0.9166060606060588, 0.9201616161616143], [0.9166060606060585, 0.9151111111111091, 0.9199999999999979, 0.9155555555555536, 0.917050505050503, 0.922828282828281, 0.9311111111111097, 0.9248888888888871, 0.9182222222222204, 0.9197171717171698, 0.9197171717171698, 0.9217777777777761, 0.9183838383838366, 0.9197171717171698, 0.9143838383838363, 0.9174949494949475, 0.9237171717171698, 0.9173333333333313, 0.9126060606060585, 0.9146666666666646, 0.9254949494949477, 0.9179393939393918, 0.9139393939393918, 0.9166060606060588, 1.0, 0.9128888888888869], [0.9143838383838363, 0.9137777777777757, 0.9351111111111097, 0.940444444444443, 0.9121616161616141, 0.92771717171717, 0.9195555555555537, 0.9275555555555538, 0.9159999999999978, 0.9090505050505029, 0.9099393939393917, 0.9235555555555537, 0.9179393939393921, 0.9357171717171704, 0.9170505050505031, 0.924606060606059, 0.9148282828282807, 0.9093333333333312, 0.9126060606060585, 0.9133333333333313, 0.9223838383838368, 0.917050505050503, 0.9170505050505031, 0.9201616161616143, 0.9128888888888869, 1.0]]