[[4.76837158203125e-07, 1.1876380276314584, 9.270636667298636, 2.022831255823851, 0.8548982638424587, 5.781362601482116, 3.4994723105215257, 3.861827748991909, 1.8467025867158249, 9.577479879303008, 2.641749397269178, 2.4033246450503394, 2.2975918449195034, 6.324350014975694, 3.5194815450601165, 3.8669701594522863, 0.9066540433379456, 7.092650600255789, 5.922542718903879, 1.544575084310393, 0.9948164942440842, 1.0057341021308939, 1.0570362318108906, 1.3685898761123867, 0.630575424223516, 2.2477917989943412], [1.1876380276314584, 9.5367431640625e-07, 8.687778285854378, 2.6050946361895226, 0.9276244305845504, 5.929528719258805, 3.195960215492274, 3.3676810900830656, 2.2333768783619408, 9.041635584043405, 2.6536920551545666, 1.8808009912049424, 2.670272933238412, 5.7921812796382985, 2.8997235048305505, 4.174897043112987, 1.340723658325383, 7.241390347249722, 5.962182020857525, 2.1004655573467743, 0.9139395037143055, 0.963748571241574, 1.6088695171934038, 0.603507030347192, 1.3527481742794039, 2.862011945698459], [9.270636667298636, 8.687778285854378, 0.0, 8.631134413130995, 9.349538121731241, 6.658648941829482, 6.907974510329838, 6.3735042947529505, 9.050143457464308, 3.0158617790045064, 7.933948199688356, 7.668077808816284, 8.879699923585239, 4.56227520430543, 6.662357644680467, 8.16076152870342, 8.821005740578185, 8.86489889094165, 6.766404782835352, 8.98139881823767, 9.481736658598209, 9.494119651092126, 9.389064806592373, 8.422471344727178, 9.290639021711657, 8.85186484728176], [2.022831255823851, 2.6050946361895226, 8.631134413130995, 0.0, 2.5410357738383236, 4.61313773456031, 3.132584517198457, 3.455029530887424, 2.086234892662152, 8.826032904922313, 2.05521929025899, 2.594311037658846, 2.0622601036425303, 5.846289806826012, 3.4814349220284915, 3.2130316537418957, 1.840810889024216, 6.691735871596855, 5.107743754565701, 1.6298237961658375, 2.742209702620623, 2.7294448286055557, 1.9088994153892669, 2.4961928402660636, 2.124440966096931, 1.4090102957839876], [0.8548982638424587, 0.9276244305845504, 9.349538121731241, 2.5410357738383236, 0.0, 6.17763338072377, 3.632878937746571, 3.916994585594656, 2.151780785886933, 9.72989492617855, 2.900705501612776, 2.4320179995303164, 2.717773784400779, 6.396939437379345, 3.571714706180337, 4.307475604903357, 1.288082795288513, 7.412694332766395, 6.292376147850452, 1.9184716060963942, 0.5637628748281851, 0.5951623848547096, 1.332314851576861, 1.1861183638169357, 1.0107790790574536, 2.791844486295562], [5.781362601482116, 5.929528719258805, 6.658648941829482, 4.61313773456031, 6.17763338072377, 0.0, 3.7068540360162223, 4.117766180193661, 5.105125733785168, 6.289728226466008, 3.8818989790138043, 4.898494756614339, 5.2902383520607295, 4.805205101191008, 4.585422041176809, 3.1946329888892313, 5.174499469681201, 4.750582058826992, 2.60946755277764, 4.976983175581466, 6.384508345204734, 6.371836206349999, 5.889676553928332, 5.663063289606345, 5.7157604006500184, 4.395529670239652], [3.4994723105215257, 3.195960215492274, 6.907974510329838, 3.132584517198457, 3.632878937746571, 3.7068540360162223, 0.0, 1.1950816503948627, 3.7050025203899892, 6.71577445908267, 2.270856847270677, 1.569591580290325, 4.139729756787912, 3.337075545395702, 1.7153637223575935, 3.5922070624141336, 2.873701953114795, 6.641415474854977, 4.610450233009439, 3.4144294438028666, 3.7110815046024195, 3.6973679742876007, 3.8364190723427667, 2.7643571705493835, 3.512808872693084, 3.4902717247073154], [3.861827748991909, 3.3676810900830656, 6.3735042947529505, 3.455029530887424, 3.916994585594656, 4.117766180193661, 1.1950816503948627, 0.0, 4.096878843418131, 6.181392773828373, 2.6737399339330046, 1.7438448904859463, 4.29997606172006, 2.901472687738686, 1.2294879127402596, 4.124820982182803, 3.3184534522918607, 7.00091380556275, 4.777219282047274, 3.913899209680603, 4.019266854788393, 4.027253310436596, 4.164268136952337, 2.9516814864334946, 3.9553517645683223, 3.9779161296501244], [1.8467025867158249, 2.2333768783619408, 9.050143457464308, 2.086234892662152, 2.151780785886933, 5.105125733785168, 3.7050025203899892, 4.096878843418131, 0.0, 9.334626356631807, 2.4209238681297083, 3.049270692415276, 1.4804829716997865, 6.53438674517037, 3.7625044557997462, 3.1488804467747076, 1.8418183261110872, 6.027651337476575, 4.88550860756681, 1.0350778731832286, 2.3801627894585655, 2.374511595828416, 1.5593695919851256, 2.4188155853284306, 1.7780714447091492, 1.6073713979769386], [9.577479879303008, 9.041635584043405, 3.0158617790045064, 8.826032904922313, 9.72989492617855, 6.289728226466008, 6.71577445908267, 6.181392773828373, 9.334626356631807, 0.0, 7.988719853499773, 7.694745306867043, 9.148943951533536, 4.456830603427247, 6.572086428074668, 8.133856311685893, 9.043628876377031, 8.743834952200887, 6.505771457373345, 9.300391888648837, 9.85253565026348, 9.863417838939789, 9.798706581390192, 8.748800456956866, 9.616861576754033, 9.006187363040722], [2.641749397269178, 2.6536920551545666, 7.933948199688356, 2.05521929025899, 2.900705501612776, 3.8818989790138043, 2.270856847270677, 2.6737399339330046, 2.4209238681297083, 7.988719853499773, 9.5367431640625e-07, 2.1082782854595483, 2.8350331057851106, 5.072139144547561, 2.6251472366546755, 2.229578146105579, 2.1756219473353093, 5.660695974858107, 4.236349599247519, 2.2776121017670836, 2.9986068212977472, 3.0140846886109682, 2.6660942079773906, 2.47580708214735, 2.707348006104508, 2.175561387255477], [2.4033246450503394, 1.8808009912049424, 7.668077808816284, 2.594311037658846, 2.4320179995303164, 4.898494756614339, 1.569591580290325, 1.7438448904859463, 3.049270692415276, 7.694745306867043, 2.1082782854595483, 8.259061849445711e-07, 3.4215294579841644, 4.2340138622508805, 1.587126926505275, 3.9020231797822715, 1.9744137881490649, 7.181707471027946, 5.386817689393009, 2.7922925425542826, 2.429180339483035, 2.4337721282168623, 2.762182492112925, 1.449738980238201, 2.525963121509517, 3.1323953035929226], [2.2975918449195034, 2.670272933238412, 8.879699923585239, 2.0622601036425303, 2.717773784400779, 5.2902383520607295, 4.139729756787912, 4.29997606172006, 1.4804829716997865, 9.148943951533536, 2.8350331057851106, 3.4215294579841644, 0.0, 6.685334038653614, 3.955000106402455, 3.278209819398621, 2.388045657925959, 6.07361803743098, 4.8398744288876925, 1.8890805670178537, 2.9690342012731623, 2.9964367072873963, 2.0491025322439866, 2.9009482856413937, 2.336055385160375, 1.6272845059387344], [6.324350014975694, 5.7921812796382985, 4.56227520430543, 5.846289806826012, 6.396939437379345, 4.805205101191008, 3.337075545395702, 2.901472687738686, 6.53438674517037, 4.456830603427247, 5.072139144547561, 4.2340138622508805, 6.685334038653614, 4.76837158203125e-07, 3.3503327143432, 5.979385574347609, 5.770951716272544, 8.243355103199812, 5.748989232310825, 6.325235233842599, 6.437945758448594, 6.442648984752937, 6.585386734631027, 5.342791731459154, 6.370692259131679, 6.3283886414947315], [3.5194815450601165, 2.8997235048305505, 6.662357644680467, 3.4814349220284915, 3.571714706180337, 4.585422041176809, 1.7153637223575935, 1.2294879127402596, 3.7625044557997462, 6.572086428074668, 2.6251472366546755, 1.587126926505275, 3.955000106402455, 3.3503327143432, 0.0, 4.06262351306452, 3.057307468834891, 6.927168247912978, 4.832031421252559, 3.7557728306607943, 3.6007146908259355, 3.644768268603529, 3.7943567918192613, 2.565625212309937, 3.638233099834488, 3.9042775508170955], [3.8669701594522863, 4.174897043112987, 8.16076152870342, 3.2130316537418957, 4.307475604903357, 3.1946329888892313, 3.5922070624141336, 4.124820982182803, 3.1488804467747076, 8.133856311685893, 2.229578146105579, 3.9020231797822715, 3.278209819398621, 5.979385574347609, 4.06262351306452, 0.0, 3.4880884416040008, 3.8245256028403043, 3.008095589956448, 3.2247222668865567, 4.4726912544722275, 4.490913640976397, 3.9073932282231914, 4.138200545597147, 3.8441600536239937, 2.570479281844358], [0.9066540433379456, 1.340723658325383, 8.821005740578185, 1.840810889024216, 1.288082795288513, 5.174499469681201, 2.873701953114795, 3.3184534522918607, 1.8418183261110872, 9.043628876377031, 2.1756219473353093, 1.9744137881490649, 2.388045657925959, 5.770951716272544, 3.057307468834891, 3.4880884416040008, 4.76837158203125e-07, 6.7785168099113715, 5.462146969541452, 1.4809360153039028, 1.4132521190406306, 1.3972814903085213, 1.4817839460082023, 1.2425566548886797, 0.7469553096792054, 1.9854828296526135], [7.092650600255789, 7.241390347249722, 8.86489889094165, 6.691735871596855, 7.412694332766395, 4.750582058826992, 6.641415474854977, 7.00091380556275, 6.027651337476575, 8.743834952200887, 5.660695974858107, 7.181707471027946, 6.07361803743098, 8.243355103199812, 6.927168247912978, 3.8245256028403043, 6.7785168099113715, 0.0, 3.247091071233443, 6.34379675752331, 7.6274512808598525, 7.651316463822475, 7.14565566205025, 7.321337163510287, 7.013906957738194, 5.791423999871635], [5.922542718903879, 5.962182020857525, 6.766404782835352, 5.107743754565701, 6.292376147850452, 2.60946755277764, 4.610450233009439, 4.777219282047274, 4.88550860756681, 6.505771457373345, 4.236349599247519, 5.386817689393009, 4.8398744288876925, 5.748989232310825, 4.832031421252559, 3.008095589956448, 5.462146969541452, 3.247091071233443, 8.259061849445711e-07, 5.154970751756399, 6.522515436812443, 6.550897134699037, 5.981579722543801, 5.876187980085569, 5.883051144784573, 4.5761946274843135], [1.544575084310393, 2.1004655573467743, 8.98139881823767, 1.6298237961658375, 1.9184716060963942, 4.976983175581466, 3.4144294438028666, 3.913899209680603, 1.0350778731832286, 9.300391888648837, 2.2776121017670836, 2.7922925425542826, 1.8890805670178537, 6.325235233842599, 3.7557728306607943, 3.2247222668865567, 1.4809360153039028, 6.34379675752331, 5.154970751756399, 0.0, 2.1480498973568016, 2.09844493652218, 1.2964684350291382, 2.169266648679864, 1.452142046366775, 1.373872626590565], [0.9948164942440842, 0.9139395037143055, 9.481736658598209, 2.742209702620623, 0.5637628748281851, 6.384508345204734, 3.7110815046024195, 4.019266854788393, 2.3801627894585655, 9.85253565026348, 2.9986068212977472, 2.429180339483035, 2.9690342012731623, 6.437945758448594, 3.6007146908259355, 4.4726912544722275, 1.4132521190406306, 7.6274512808598525, 6.522515436812443, 2.1480498973568016, 6.743495761743046e-07, 0.25470840069586814, 1.4163763591799654, 1.162911914838286, 1.1442327700659367, 3.0116724996052175], [1.0057341021308939, 0.963748571241574, 9.494119651092126, 2.7294448286055557, 0.5951623848547096, 6.371836206349999, 3.6973679742876007, 4.027253310436596, 2.374511595828416, 9.863417838939789, 3.0140846886109682, 2.4337721282168623, 2.9964367072873963, 6.442648984752937, 3.644768268603529, 4.490913640976397, 1.3972814903085213, 7.651316463822475, 6.550897134699037, 2.09844493652218, 0.25470840069586814, 6.743495761743046e-07, 1.4346926858850244, 1.1720416560931133, 1.1142887231741303, 2.9891369437683712], [1.0570362318108906, 1.6088695171934038, 9.389064806592373, 1.9088994153892669, 1.332314851576861, 5.889676553928332, 3.8364190723427667, 4.164268136952337, 1.5593695919851256, 9.798706581390192, 2.6660942079773906, 2.762182492112925, 2.0491025322439866, 6.585386734631027, 3.7943567918192613, 3.9073932282231914, 1.4817839460082023, 7.14565566205025, 5.981579722543801, 1.2964684350291382, 1.4163763591799654, 1.4346926858850244, 6.743495761743046e-07, 1.8131630982397922, 1.2198229361655601, 2.135540277802943], [1.3685898761123867, 0.603507030347192, 8.422471344727178, 2.4961928402660636, 1.1861183638169357, 5.663063289606345, 2.7643571705493835, 2.9516814864334946, 2.4188155853284306, 8.748800456956866, 2.47580708214735, 1.449738980238201, 2.9009482856413937, 5.342791731459154, 2.565625212309937, 4.138200545597147, 1.2425566548886797, 7.321337163510287, 5.876187980085569, 2.169266648679864, 1.162911914838286, 1.1720416560931133, 1.8131630982397922, 6.743495761743046e-07, 1.4928689933788417, 2.8801514644409814], [0.6305754242229751, 1.352748174279572, 9.290639021711682, 2.124440966096877, 1.0107790790574536, 5.715760400650078, 3.512808872693084, 3.955351764568265, 1.7780714447090853, 9.61686157675401, 2.70734800610455, 2.525963121509517, 2.3360553851603263, 6.370692259131661, 3.6382330998345194, 3.8441600536240235, 0.7469553096792054, 7.01390695773821, 5.883051144784553, 1.4521420463669314, 1.1442327700659367, 1.1142887231741303, 1.2198229361658397, 1.4928689933788417, 8.259061849445711e-07, 2.1370769414833304], [2.2477917989943412, 2.862011945698419, 8.85186484728176, 1.4090102957840684, 2.791844486295521, 4.3955296702396005, 3.4902717247073807, 3.9779161296501244, 1.6073713979769386, 9.006187363040747, 2.175561387255477, 3.13239530359285, 1.6272845059388044, 6.3283886414947315, 3.9042775508170666, 2.570479281844314, 1.9854828296524991, 5.791423999871635, 4.5761946274843135, 1.3738726265907306, 3.011672499605293, 2.9891369437683712, 2.135540277802943, 2.880151464441021, 2.1370769414833304, 0.0]]