[[1.0, 0.014925373134328358, 0.017543859649122806, 0.01818181818181818, 0.01639344262295082, 0.015384615384615385, 0.014925373134328358, 0.01694915254237288, 0.014285714285714285, 0.014705882352941176, 0.015384615384615385, 0.017241379310344827, 0.02, 0.015151515151515152, 0.013157894736842105, 0.019230769230769232, 0.015384615384615385, 0.014084507042253521, 0.013333333333333334, 0.018518518518518517, 0.014925373134328358, 0.017543859649122806, 0.016129032258064516, 0.014705882352941176, 0.015625, 0.01694915254237288], [0.014925373134328358, 1.0, 0.01818181818181818, 0.014705882352941176, 0.013888888888888888, 0.015873015873015872, 0.02040816326530612, 0.015384615384615385, 0.017857142857142856, 0.016129032258064516, 0.014492753623188406, 0.02040816326530612, 0.01694915254237288, 0.017543859649122806, 0.015384615384615385, 0.02, 0.015625, 0.014084507042253521, 0.013888888888888888, 0.015151515151515152, 0.022222222222222223, 0.011363636363636364, 0.013513513513513514, 0.014285714285714285, 0.016666666666666666, 0.017543859649122806], [0.017543859649122806, 0.01818181818181818, 1.0, 0.008333333333333333, 0.015625, 0.008547008547008548, 0.010309278350515464, 0.009900990099009901, 0.023809523809523808, 0.06666666666666667, 0.012345679012345678, 0.011764705882352941, 0.0125, 0.005714285714285714, 0.02127659574468085, 0.009523809523809525, 0.01818181818181818, 0.017543859649122806, 0.02702702702702703, 0.018867924528301886, 0.014285714285714285, 0.014705882352941176, 0.01639344262295082, 0.02, 0.014084507042253521, 0.009523809523809525], [0.01818181818181818, 0.014705882352941176, 0.008333333333333333, 1.0, 0.01639344262295082, 0.010752688172043012, 0.01098901098901099, 0.008928571428571428, 0.015151515151515152, 0.024390243902439025, 0.0196078431372549, 0.012987012987012988, 0.011494252873563218, 0.010416666666666666, 0.018518518518518517, 0.010416666666666666, 0.017241379310344827, 0.01639344262295082, 0.018518518518518517, 0.018518518518518517, 0.02, 0.013333333333333334, 0.01694915254237288, 0.014925373134328358, 0.01639344262295082, 0.008547008547008548], [0.01639344262295082, 0.013888888888888888, 0.015625, 0.01639344262295082, 1.0, 0.014492753623188406, 0.015151515151515152, 0.015625, 0.016129032258064516, 0.01639344262295082, 0.015151515151515152, 0.015625, 0.016129032258064516, 0.01639344262295082, 0.02040816326530612, 0.0136986301369863, 0.015151515151515152, 0.016666666666666666, 0.015151515151515152, 0.01639344262295082, 0.018518518518518517, 0.015625, 0.014705882352941176, 0.01818181818181818, 0.015384615384615385, 0.018518518518518517], [0.015384615384615385, 0.015873015873015872, 0.008547008547008548, 0.010752688172043012, 0.014492753623188406, 1.0, 0.009523809523809525, 0.008695652173913044, 0.017857142857142856, 0.1111111111111111, 0.011235955056179775, 0.01020408163265306, 0.014492753623188406, 0.009259259259259259, 0.02702702702702703, 0.00847457627118644, 0.01694915254237288, 0.023255813953488372, 0.03225806451612903, 0.02, 0.015625, 0.012658227848101266, 0.015625, 0.021739130434782608, 0.01282051282051282, 0.011235955056179775], [0.014925373134328358, 0.02040816326530612, 0.010309278350515464, 0.01098901098901099, 0.015151515151515152, 0.009523809523809525, 1.0, 0.011235955056179775, 0.016129032258064516, 0.06666666666666667, 0.01020408163265306, 0.009615384615384616, 0.013888888888888888, 0.01020408163265306, 0.022727272727272728, 0.00909090909090909, 0.01694915254237288, 0.017857142857142856, 0.023809523809523808, 0.020833333333333332, 0.016129032258064516, 0.017241379310344827, 0.02127659574468085, 0.02, 0.010416666666666666, 0.014285714285714285], [0.01694915254237288, 0.015384615384615385, 0.009900990099009901, 0.008928571428571428, 0.015625, 0.008695652173913044, 0.011235955056179775, 1.0, 0.018518518518518517, 0.05555555555555555, 0.015873015873015872, 0.011235955056179775, 0.013513513513513514, 0.012048192771084338, 0.027777777777777776, 0.01020408163265306, 0.017857142857142856, 0.017241379310344827, 0.029411764705882353, 0.02, 0.015625, 0.015384615384615385, 0.014084507042253521, 0.01818181818181818, 0.012195121951219513, 0.011363636363636364], [0.014285714285714285, 0.017857142857142856, 0.023809523809523808, 0.015151515151515152, 0.016129032258064516, 0.017857142857142856, 0.016129032258064516, 0.018518518518518517, 1.0, 0.015151515151515152, 0.0136986301369863, 0.016666666666666666, 0.015625, 0.027777777777777776, 0.018518518518518517, 0.017241379310344827, 0.017543859649122806, 0.01639344262295082, 0.015625, 0.014084507042253521, 0.018518518518518517, 0.01639344262295082, 0.01694915254237288, 0.014285714285714285, 0.014925373134328358, 0.016129032258064516], [0.014705882352941176, 0.016129032258064516, 0.06666666666666667, 0.024390243902439025, 0.01639344262295082, 0.1111111111111111, 0.06666666666666667, 0.05555555555555555, 0.015151515151515152, 1.0, 0.02857142857142857, 0.043478260869565216, 0.01818181818181818, 0.07142857142857142, 0.009900990099009901, 0.045454545454545456, 0.013888888888888888, 0.012048192771084338, 0.009009009009009009, 0.015151515151515152, 0.013157894736842105, 0.016129032258064516, 0.013888888888888888, 0.011904761904761904, 0.014084507042253521, 0.02127659574468085], [0.015384615384615385, 0.014492753623188406, 0.012345679012345678, 0.0196078431372549, 0.015151515151515152, 0.011235955056179775, 0.01020408163265306, 0.015873015873015872, 0.0136986301369863, 0.02857142857142857, 1.0, 0.011494252873563218, 0.013333333333333334, 0.011494252873563218, 0.022727272727272728, 0.0136986301369863, 0.021739130434782608, 0.018518518518518517, 0.018518518518518517, 0.017241379310344827, 0.017241379310344827, 0.016129032258064516, 0.018867924528301886, 0.0196078431372549, 0.014084507042253521, 0.02040816326530612], [0.017241379310344827, 0.02040816326530612, 0.011764705882352941, 0.012987012987012988, 0.015625, 0.01020408163265306, 0.009615384615384616, 0.011235955056179775, 0.016666666666666666, 0.043478260869565216, 0.011494252873563218, 1.0, 0.01282051282051282, 0.013333333333333334, 0.02, 0.012658227848101266, 0.016129032258064516, 0.022222222222222223, 0.027777777777777776, 0.02040816326530612, 0.015873015873015872, 0.01639344262295082, 0.01818181818181818, 0.01818181818181818, 0.013333333333333334, 0.012658227848101266], [0.02, 0.01694915254237288, 0.0125, 0.011494252873563218, 0.016129032258064516, 0.014492753623188406, 0.013888888888888888, 0.013513513513513514, 0.015625, 0.01818181818181818, 0.013333333333333334, 0.01282051282051282, 1.0, 0.013513513513513514, 0.017543859649122806, 0.011111111111111112, 0.016129032258064516, 0.016129032258064516, 0.02127659574468085, 0.022222222222222223, 0.01639344262295082, 0.013888888888888888, 0.014492753623188406, 0.015384615384615385, 0.014705882352941176, 0.014925373134328358], [0.015151515151515152, 0.017543859649122806, 0.005714285714285714, 0.010416666666666666, 0.01639344262295082, 0.009259259259259259, 0.01020408163265306, 0.012048192771084338, 0.027777777777777776, 0.07142857142857142, 0.011494252873563218, 0.013333333333333334, 0.013513513513513514, 1.0, 0.022222222222222223, 0.009615384615384616, 0.015625, 0.01818181818181818, 0.02857142857142857, 0.02, 0.013513513513513514, 0.015625, 0.014925373134328358, 0.0196078431372549, 0.014084507042253521, 0.009345794392523364], [0.013157894736842105, 0.015384615384615385, 0.02127659574468085, 0.018518518518518517, 0.02040816326530612, 0.02702702702702703, 0.022727272727272728, 0.027777777777777776, 0.018518518518518517, 0.009900990099009901, 0.022727272727272728, 0.02, 0.017543859649122806, 0.022222222222222223, 1.0, 0.019230769230769232, 0.014925373134328358, 0.013888888888888888, 0.010526315789473684, 0.014492753623188406, 0.016129032258064516, 0.016666666666666666, 0.012987012987012988, 0.012987012987012988, 0.01694915254237288, 0.015384615384615385], [0.019230769230769232, 0.02, 0.009523809523809525, 0.010416666666666666, 0.0136986301369863, 0.00847457627118644, 0.00909090909090909, 0.01020408163265306, 0.017241379310344827, 0.045454545454545456, 0.0136986301369863, 0.012658227848101266, 0.011111111111111112, 0.009615384615384616, 0.019230769230769232, 1.0, 0.015384615384615385, 0.017857142857142856, 0.02040816326530612, 0.021739130434782608, 0.015873015873015872, 0.014925373134328358, 0.013513513513513514, 0.01639344262295082, 0.015151515151515152, 0.012195121951219513], [0.015384615384615385, 0.015625, 0.01818181818181818, 0.017241379310344827, 0.015151515151515152, 0.01694915254237288, 0.01694915254237288, 0.017857142857142856, 0.017543859649122806, 0.013888888888888888, 0.021739130434782608, 0.016129032258064516, 0.016129032258064516, 0.015625, 0.014925373134328358, 0.015384615384615385, 1.0, 0.014705882352941176, 0.013888888888888888, 0.0196078431372549, 0.017543859649122806, 0.013513513513513514, 0.013513513513513514, 0.017543859649122806, 0.0125, 0.016666666666666666], [0.014084507042253521, 0.014084507042253521, 0.017543859649122806, 0.01639344262295082, 0.016666666666666666, 0.023255813953488372, 0.017857142857142856, 0.017241379310344827, 0.01639344262295082, 0.012048192771084338, 0.018518518518518517, 0.022222222222222223, 0.016129032258064516, 0.01818181818181818, 0.013888888888888888, 0.017857142857142856, 0.014705882352941176, 1.0, 0.015873015873015872, 0.014285714285714285, 0.015384615384615385, 0.013333333333333334, 0.015384615384615385, 0.017543859649122806, 0.015384615384615385, 0.02127659574468085], [0.013333333333333334, 0.013888888888888888, 0.02702702702702703, 0.018518518518518517, 0.015151515151515152, 0.03225806451612903, 0.023809523809523808, 0.029411764705882353, 0.015625, 0.009009009009009009, 0.018518518518518517, 0.027777777777777776, 0.02127659574468085, 0.02857142857142857, 0.010526315789473684, 0.02040816326530612, 0.013888888888888888, 0.015873015873015872, 1.0, 0.01282051282051282, 0.015873015873015872, 0.017857142857142856, 0.013513513513513514, 0.013333333333333334, 0.01818181818181818, 0.01818181818181818], [0.018518518518518517, 0.015151515151515152, 0.018867924528301886, 0.018518518518518517, 0.01639344262295082, 0.02, 0.020833333333333332, 0.02, 0.014084507042253521, 0.015151515151515152, 0.017241379310344827, 0.02040816326530612, 0.022222222222222223, 0.02, 0.014492753623188406, 0.021739130434782608, 0.0196078431372549, 0.014285714285714285, 0.01282051282051282, 1.0, 0.0196078431372549, 0.01818181818181818, 0.014925373134328358, 0.01639344262295082, 0.01694915254237288, 0.017857142857142856], [0.014925373134328358, 0.022222222222222223, 0.014285714285714285, 0.02, 0.018518518518518517, 0.015625, 0.016129032258064516, 0.015625, 0.018518518518518517, 0.013157894736842105, 0.017241379310344827, 0.015873015873015872, 0.01639344262295082, 0.013513513513513514, 0.016129032258064516, 0.015873015873015872, 0.017543859649122806, 0.015384615384615385, 0.015873015873015872, 0.0196078431372549, 1.0, 0.01282051282051282, 0.01818181818181818, 0.014705882352941176, 0.011904761904761904, 0.012987012987012988], [0.017543859649122806, 0.011363636363636364, 0.014705882352941176, 0.013333333333333334, 0.015625, 0.012658227848101266, 0.017241379310344827, 0.015384615384615385, 0.01639344262295082, 0.016129032258064516, 0.016129032258064516, 0.01639344262295082, 0.013888888888888888, 0.015625, 0.016666666666666666, 0.014925373134328358, 0.013513513513513514, 0.013333333333333334, 0.017857142857142856, 0.01818181818181818, 0.01282051282051282, 1.0, 0.01694915254237288, 0.014925373134328358, 0.014925373134328358, 0.015384615384615385], [0.016129032258064516, 0.013513513513513514, 0.01639344262295082, 0.01694915254237288, 0.014705882352941176, 0.015625, 0.02127659574468085, 0.014084507042253521, 0.01694915254237288, 0.013888888888888888, 0.018867924528301886, 0.01818181818181818, 0.014492753623188406, 0.014925373134328358, 0.012987012987012988, 0.013513513513513514, 0.013513513513513514, 0.015384615384615385, 0.013513513513513514, 0.014925373134328358, 0.01818181818181818, 0.01694915254237288, 1.0, 0.014705882352941176, 0.017241379310344827, 0.015384615384615385], [0.014705882352941176, 0.014285714285714285, 0.02, 0.014925373134328358, 0.01818181818181818, 0.021739130434782608, 0.02, 0.01818181818181818, 0.014285714285714285, 0.011904761904761904, 0.0196078431372549, 0.01818181818181818, 0.015384615384615385, 0.0196078431372549, 0.012987012987012988, 0.01639344262295082, 0.017543859649122806, 0.017543859649122806, 0.013333333333333334, 0.01639344262295082, 0.014705882352941176, 0.014925373134328358, 0.014705882352941176, 1.0, 0.015625, 0.013888888888888888], [0.015625, 0.016666666666666666, 0.014084507042253521, 0.01639344262295082, 0.015384615384615385, 0.01282051282051282, 0.010416666666666666, 0.012195121951219513, 0.014925373134328358, 0.014084507042253521, 0.014084507042253521, 0.013333333333333334, 0.014705882352941176, 0.014084507042253521, 0.01694915254237288, 0.015151515151515152, 0.0125, 0.015384615384615385, 0.01818181818181818, 0.01694915254237288, 0.011904761904761904, 0.014925373134328358, 0.017241379310344827, 0.015625, 1.0, 0.01818181818181818], [0.01694915254237288, 0.017543859649122806, 0.009523809523809525, 0.008547008547008548, 0.018518518518518517, 0.011235955056179775, 0.014285714285714285, 0.011363636363636364, 0.016129032258064516, 0.02127659574468085, 0.02040816326530612, 0.012658227848101266, 0.014925373134328358, 0.009345794392523364, 0.015384615384615385, 0.012195121951219513, 0.016666666666666666, 0.02127659574468085, 0.01818181818181818, 0.017857142857142856, 0.012987012987012988, 0.015384615384615385, 0.015384615384615385, 0.013888888888888888, 0.01818181818181818, 1.0]]