[[1.0, 0.9943739494944588, 0.7090857485123877, 0.9837658326907774, 0.997080864818873, 0.8748554431343806, 0.9521951975088467, 0.9420896357096507, 0.9864513783340352, 0.6928702800742186, 0.9724706737104465, 0.9771609735616745, 0.9791056626204179, 0.8521526407003668, 0.9516604277280023, 0.9419398755183779, 0.9967173136182855, 0.8177302453729957, 0.8690922098655435, 0.9905025397237448, 0.996049185655216, 0.9959621697109968, 0.9955406700882521, 0.9925358432213232, 0.9984107627145985, 0.9799925867504333], [0.9943739494944588, 1.0, 0.7394046333189211, 0.9732190708376669, 0.9965639683770198, 0.8688044191384654, 0.9599667343916166, 0.9556485073270101, 0.9802458326587893, 0.721080356725388, 0.9722247022401549, 0.9859499863252406, 0.9718814663554717, 0.8744173886793268, 0.9669257352317946, 0.9326558022288006, 0.9928356276442837, 0.8107861579454195, 0.8674560269858601, 0.9825069885555295, 0.9966644337368854, 0.9962916477502765, 0.989699572040031, 0.9985441777960539, 0.992707013345441, 0.9677664906151098], [0.7090857485123877, 0.7394046333189211, 1.0, 0.7423117876902879, 0.7049309301704416, 0.837486258714908, 0.826231360402533, 0.8500277967438075, 0.7206365312136067, 0.964272171075361, 0.7774078707660208, 0.7904145936220782, 0.7294997286899677, 0.9201142607721948, 0.83732077553727, 0.766138654202745, 0.7325376287513943, 0.7302665099180153, 0.8326541286529275, 0.7242185272439937, 0.6979461555424014, 0.6972904560910372, 0.7028455224625088, 0.7529532830485905, 0.7080334832172103, 0.7309413572444561], [0.9837658326907774, 0.9732190708376669, 0.7423117876902879, 1.0, 0.9745032244492717, 0.918398249884611, 0.9615080486768602, 0.9533731335419481, 0.982741165678086, 0.7322777278443073, 0.9832462266339523, 0.9734373622837088, 0.9831322144231431, 0.8722175362386371, 0.9526749098365813, 0.9595467037461555, 0.9865371075036155, 0.8360078166336761, 0.9009043516057285, 0.9894309467020237, 0.9703690109063934, 0.9706401503996246, 0.9855301217524762, 0.9753841215175406, 0.9821089814876637, 0.992090208290953], [0.997080864818873, 0.9965639683770198, 0.7049309301704416, 0.9745032244492717, 1.0, 0.8584278734895073, 0.9485780193271188, 0.940473895756567, 0.9816498109689101, 0.6847623596717274, 0.9669037050366793, 0.976618830156939, 0.9708870145258823, 0.8490108299205384, 0.9502515083742624, 0.9284698370922627, 0.9933853446356701, 0.8026856195660664, 0.8535288030413777, 0.985385707525717, 0.9987294934615577, 0.9985841302333455, 0.9929248957780078, 0.9943882976650744, 0.9959216417973492, 0.9693034264243083], [0.8748554431343806, 0.8688044191384654, 0.837486258714908, 0.918398249884611, 0.8584278734895073, 1.0, 0.946520104777846, 0.9344249241902091, 0.9010007084951206, 0.8536425567283197, 0.9415041163899714, 0.9084812738490351, 0.8940921015147238, 0.9117768651417232, 0.9193352897816989, 0.9599993037942919, 0.8984342265574161, 0.9136825205260684, 0.9731303062294758, 0.9056689417982129, 0.8495505897666618, 0.8501000873874051, 0.8704428623721999, 0.8796060490415952, 0.8774988204754373, 0.9256281190211021], [0.9521951975088467, 0.9599667343916166, 0.826231360402533, 0.9615080486768602, 0.9485780193271188, 0.946520104777846, 1.0, 0.9943034068670712, 0.9465720632224393, 0.8349307377775949, 0.9795841214209641, 0.9901939252794115, 0.9337472853108613, 0.9564332360659137, 0.9882991034147226, 0.9496936630683054, 0.9675069683634037, 0.8382544390461287, 0.9184893169176551, 0.954437312512134, 0.9464013841893282, 0.9467860647149546, 0.9428270236049975, 0.9698957550646113, 0.9518390679951424, 0.9524401707174439], [0.9420896357096507, 0.9556485073270101, 0.8500277967438075, 0.9533731335419481, 0.940473895756567, 0.9344249241902091, 0.9943034068670712, 1.0, 0.9350664665221229, 0.858268349707309, 0.9718094421257107, 0.9879097021378817, 0.9287096062203869, 0.9668864890803712, 0.9939716815573689, 0.9342076028998418, 0.9569075145047378, 0.8219701680851998, 0.9127554419881079, 0.9405650868712073, 0.9374254688417377, 0.9371845320566442, 0.9329865291344698, 0.9657505630771568, 0.9393386357588379, 0.9386662756503089], [0.9864513783340352, 0.9802458326587893, 0.7206365312136067, 0.982741165678086, 0.9816498109689101, 0.9010007084951206, 0.9465720632224393, 0.9350664665221229, 1.0, 0.7057169822422774, 0.9768291742131071, 0.9634909278280956, 0.9912710015538262, 0.842996190018222, 0.9449476412390125, 0.9611144405212069, 0.9865224673335057, 0.8647366038984269, 0.9089431050946936, 0.9957236250290284, 0.977594125567939, 0.9776992014106809, 0.9903206156434642, 0.9768690434867864, 0.9874334743233826, 0.9897186469504117], [0.6928702800742186, 0.721080356725388, 0.964272171075361, 0.7322777278443073, 0.6847623596717274, 0.8536425567283197, 0.8349307377775949, 0.858268349707309, 0.7057169822422774, 1.0, 0.7747006521066911, 0.7891203607036801, 0.7154720804986558, 0.9236211002443461, 0.8413317044435863, 0.7674833650200823, 0.720976386686859, 0.7365202130736451, 0.8442553784756812, 0.7075201586141687, 0.6782157441425353, 0.6776339416864976, 0.6810915122270151, 0.736264361634116, 0.6907784655877824, 0.7229280025821232], [0.9724706737104465, 0.9722247022401549, 0.7774078707660208, 0.9832462266339523, 0.9669037050366793, 0.9415041163899714, 0.9795841214209641, 0.9718094421257107, 0.9768291742131071, 0.7747006521066911, 1.0, 0.9823777707729838, 0.9683616550966597, 0.9022114327519518, 0.9728108717951071, 0.980312309582916, 0.9812447860974387, 0.8797003721522454, 0.9307294627821265, 0.9794637337563902, 0.9646725405243364, 0.964313503597586, 0.9719681589858781, 0.9757796535802868, 0.971106697192099, 0.9812458203614278], [0.9771609735616745, 0.9859499863252406, 0.7904145936220782, 0.9734373622837088, 0.976618830156939, 0.9084812738490351, 0.9901939252794115, 0.9879097021378817, 0.9634909278280956, 0.7891203607036801, 0.9823777707729838, 1.0, 0.9542520344912088, 0.9308031219187394, 0.9899747041700243, 0.9409143727215761, 0.984527705869495, 0.8135827074819845, 0.8904118065559113, 0.9692937256549047, 0.9766727192374128, 0.9765854880918281, 0.9699423827468728, 0.9916282673271373, 0.9748009733053196, 0.9615126078489247], [0.9791056626204179, 0.9718814663554717, 0.7294997286899677, 0.9831322144231431, 0.9708870145258823, 0.8940921015147238, 0.9337472853108613, 0.9287096062203869, 0.9912710015538262, 0.7154720804986558, 0.9683616550966597, 0.9542520344912088, 1.0, 0.8362942410582654, 0.9393490877997764, 0.9579241893047298, 0.9774471566691898, 0.8628146851610451, 0.9105581298735046, 0.9858268961022083, 0.9653537578706232, 0.964722743111595, 0.9833449697418732, 0.9668982573275063, 0.9784079011588555, 0.9894636805609018], [0.8521526407003668, 0.8744173886793268, 0.9201142607721948, 0.8722175362386371, 0.8490108299205384, 0.9117768651417232, 0.9564332360659137, 0.9668864890803712, 0.842996190018222, 0.9236211002443461, 0.9022114327519518, 0.9308031219187394, 0.8362942410582654, 1.0, 0.9560941216318289, 0.8667434881578348, 0.8752764192083161, 0.7619977977208376, 0.8761626701447797, 0.8521144731218954, 0.8472253336412436, 0.8470200576778472, 0.8407429836200531, 0.8920958527432622, 0.8501496557202661, 0.8519784795710967], [0.9516604277280023, 0.9669257352317946, 0.83732077553727, 0.9526749098365813, 0.9502515083742624, 0.9193352897816989, 0.9882991034147226, 0.9939716815573689, 0.9449476412390125, 0.8413317044435863, 0.9728108717951071, 0.9899747041700243, 0.9393490877997764, 0.9560941216318289, 1.0, 0.9361124795775364, 0.9633018046311342, 0.8253542096663277, 0.9108344600126984, 0.9451389566520049, 0.9494612266212265, 0.9482497681394876, 0.9440382695748365, 0.9740138741633493, 0.9484303155555732, 0.9408481410856728], [0.9419398755183779, 0.9326558022288006, 0.766138654202745, 0.9595467037461555, 0.9284698370922627, 0.9599993037942919, 0.9496936630683054, 0.9342076028998418, 0.9611144405212069, 0.7674833650200823, 0.980312309582916, 0.9409143727215761, 0.9579241893047298, 0.8667434881578348, 0.9361124795775364, 1.0, 0.9524982169935591, 0.9431707097672591, 0.9644526348796743, 0.959257880329498, 0.9230980058797191, 0.9224950939224609, 0.9407565496642201, 0.9337945666285844, 0.9426028263158651, 0.9739167464142935], [0.9967173136182855, 0.9928356276442837, 0.7325376287513943, 0.9865371075036155, 0.9933853446356701, 0.8984342265574161, 0.9675069683634037, 0.9569075145047378, 0.9865224673335057, 0.720976386686859, 0.9812447860974387, 0.984527705869495, 0.9774471566691898, 0.8752764192083161, 0.9633018046311342, 0.9524982169935591, 1.0, 0.832107898752355, 0.8875058216331045, 0.9912656818054865, 0.9920427020445165, 0.9922208333057416, 0.9912557208994007, 0.9938432428200215, 0.997770719606036, 0.984355104703364], [0.8177302453729957, 0.8107861579454195, 0.7302665099180153, 0.8360078166336761, 0.8026856195660664, 0.9136825205260684, 0.8382544390461287, 0.8219701680851998, 0.8647366038984269, 0.7365202130736451, 0.8797003721522454, 0.8135827074819845, 0.8628146851610451, 0.7619977977208376, 0.8253542096663277, 0.9431707097672591, 0.832107898752355, 1.0, 0.9587025666347405, 0.8513133288140111, 0.7923817052722129, 0.7912268412470262, 0.8152653961011459, 0.8070191255334853, 0.8213716738625304, 0.8744480708795396], [0.8690922098655435, 0.8674560269858601, 0.8326541286529275, 0.9009043516057285, 0.8535288030413777, 0.9731303062294758, 0.9184893169176551, 0.9127554419881079, 0.9089431050946936, 0.8442553784756812, 0.9307294627821265, 0.8904118065559113, 0.9105581298735046, 0.8761626701447797, 0.9108344600126984, 0.9644526348796743, 0.8875058216331045, 0.9587025666347405, 1.0, 0.8991594524225721, 0.8435190181890756, 0.8422680105446926, 0.8666525052168412, 0.870995611408247, 0.8707144799127395, 0.9196462175157138], [0.9905025397237448, 0.9825069885555295, 0.7242185272439937, 0.9894309467020237, 0.985385707525717, 0.9056689417982129, 0.954437312512134, 0.9405650868712073, 0.9957236250290284, 0.7075201586141687, 0.9794637337563902, 0.9692937256549047, 0.9858268961022083, 0.8521144731218954, 0.9451389566520049, 0.959257880329498, 0.9912656818054865, 0.8513133288140111, 0.8991594524225721, 1.0, 0.9817128042370981, 0.9825403330740373, 0.9932992293472217, 0.9813531727859789, 0.9916006075830524, 0.9924783264627285], [0.996049185655216, 0.9966644337368854, 0.6979461555424014, 0.9703690109063934, 0.9987294934615577, 0.8495505897666618, 0.9464013841893282, 0.9374254688417377, 0.977594125567939, 0.6782157441425353, 0.9646725405243364, 0.9766727192374128, 0.9653537578706232, 0.8472253336412436, 0.9494612266212265, 0.9230980058797191, 0.9920427020445165, 0.7923817052722129, 0.8435190181890756, 0.9817128042370981, 1.0, 0.9997405281910938, 0.9920076222933014, 0.9946051482765718, 0.9947766150382507, 0.9643695714376922], [0.9959621697109968, 0.9962916477502765, 0.6972904560910372, 0.9706401503996246, 0.9985841302333455, 0.8501000873874051, 0.9467860647149546, 0.9371845320566442, 0.9776992014106809, 0.6776339416864976, 0.964313503597586, 0.9765854880918281, 0.964722743111595, 0.8470200576778472, 0.9482497681394876, 0.9224950939224609, 0.9922208333057416, 0.7912268412470262, 0.8422680105446926, 0.9825403330740373, 0.9997405281910938, 1.0, 0.9918004289688424, 0.9945203418240515, 0.995045755519238, 0.9648913654200526], [0.9955406700882521, 0.989699572040031, 0.7028455224625088, 0.9855301217524762, 0.9929248957780078, 0.8704428623721999, 0.9428270236049975, 0.9329865291344698, 0.9903206156434642, 0.6810915122270151, 0.9719681589858781, 0.9699423827468728, 0.9833449697418732, 0.8407429836200531, 0.9440382695748365, 0.9407565496642201, 0.9912557208994007, 0.8152653961011459, 0.8666525052168412, 0.9932992293472217, 0.9920076222933014, 0.9918004289688424, 1.0, 0.9869358449782607, 0.994065805319265, 0.9819232513672405], [0.9925358432213232, 0.9985441777960539, 0.7529532830485905, 0.9753841215175406, 0.9943882976650744, 0.8796060490415952, 0.9698957550646113, 0.9657505630771568, 0.9768690434867864, 0.736264361634116, 0.9757796535802868, 0.9916282673271373, 0.9668982573275063, 0.8920958527432622, 0.9740138741633493, 0.9337945666285844, 0.9938432428200215, 0.8070191255334853, 0.870995611408247, 0.9813531727859789, 0.9946051482765718, 0.9945203418240515, 0.9869358449782607, 1.0, 0.9911249861876883, 0.9673633640568957], [0.9984107627145985, 0.992707013345441, 0.7080334832172103, 0.9821089814876637, 0.9959216417973492, 0.8774988204754373, 0.9518390679951424, 0.9393386357588379, 0.9874334743233826, 0.6907784655877824, 0.971106697192099, 0.9748009733053196, 0.9784079011588555, 0.8501496557202661, 0.9484303155555732, 0.9426028263158651, 0.997770719606036, 0.8213716738625304, 0.8707144799127395, 0.9916006075830524, 0.9947766150382507, 0.995045755519238, 0.994065805319265, 0.9911249861876883, 1.0, 0.9818974641400999], [0.9799925867504333, 0.9677664906151098, 0.7309413572444561, 0.992090208290953, 0.9693034264243083, 0.9256281190211021, 0.9524401707174439, 0.9386662756503089, 0.9897186469504117, 0.7229280025821232, 0.9812458203614278, 0.9615126078489247, 0.9894636805609018, 0.8519784795710967, 0.9408481410856728, 0.9739167464142935, 0.984355104703364, 0.8744480708795396, 0.9196462175157138, 0.9924783264627285, 0.9643695714376922, 0.9648913654200526, 0.9819232513672405, 0.9673633640568957, 0.9818974641400999, 1.0]]