[[1.0, 0.9888126339795604, 0.7996364942909893, 0.9763678251961045, 0.9945529500344515, 0.8970723469689191, 0.926968230402321, 0.9115655886459679, 0.9919996435305285, 0.7810718878066804, 0.9552058272322608, 0.9488960946029052, 0.9895191404188294, 0.8644430988935641, 0.9171120990898576, 0.9469120870642208, 0.9870779008792167, 0.9186311228425754, 0.8815484542146428, 0.9916501529744611, 0.9929372267163862, 0.9926933467233923, 0.9943864166584386, 0.9767139900727364, 0.9971605830405624, 0.9838345853793775], [0.9888126339795604, 1.0, 0.8092242840514042, 0.975346279104616, 0.9869060070661259, 0.9052372839725396, 0.9345778317528579, 0.9236651596703007, 0.9869235853538411, 0.7922437240931375, 0.9637308191682277, 0.9613624901985646, 0.97954493443473, 0.87413640355091, 0.9309914416226222, 0.9599942423510663, 0.9888117279106569, 0.925672669535336, 0.8956045628028305, 0.9912397890739971, 0.9834388984749571, 0.9810447158826393, 0.9844676320534256, 0.9889906070280241, 0.9854168033889992, 0.9838127981619686], [0.7996364942909893, 0.8092242840514042, 1.0, 0.8577333364355465, 0.7959694913955924, 0.939116611212002, 0.9132770708228226, 0.9108586226853111, 0.8060832619955344, 0.950937412150192, 0.8760346606890674, 0.8780021902395818, 0.8108506229068423, 0.9704035368240295, 0.8972703545666545, 0.8640667793091147, 0.8223361471411401, 0.8520377402220372, 0.8907510735147114, 0.8135699974803572, 0.7926422253424041, 0.7927881765288226, 0.7951639933524844, 0.8212792995537409, 0.7981550350270301, 0.8415990021552939], [0.9763678251961045, 0.975346279104616, 0.8577333364355465, 1.0, 0.9726909271926232, 0.9536422698224994, 0.9764533907950109, 0.969506583555928, 0.9729672460977776, 0.8361201942954211, 0.9896106345147151, 0.9915696109094981, 0.9731605346105239, 0.9195236549334003, 0.9746807343902594, 0.9842178767001842, 0.9848007671164632, 0.9381364363976071, 0.9222155173747298, 0.9857526948243258, 0.9702263628823692, 0.9701711065167884, 0.9705807411509413, 0.9850185149081029, 0.9747943975822376, 0.991001218847418], [0.9945529500344515, 0.9869060070661259, 0.7959694913955924, 0.9726909271926232, 1.0, 0.8916344917263567, 0.9225345038839143, 0.9074482044215915, 0.9876960545180504, 0.7782357953404511, 0.9514135232445805, 0.9451602188618059, 0.9813502405322387, 0.8606618715588592, 0.9136612102277036, 0.9418940325330678, 0.981779383945315, 0.9066286033948028, 0.8779467993655391, 0.9883616308020964, 0.9977584166965767, 0.9976414320273552, 0.9974376047054733, 0.9718346520096627, 0.997215047760361, 0.9797832994250597], [0.8970723469689191, 0.9052372839725396, 0.939116611212002, 0.9536422698224994, 0.8916344917263567, 1.0, 0.9897563425642065, 0.9868249788448737, 0.8964491397338694, 0.9259347858777538, 0.9676132286446075, 0.968770748478289, 0.8970226728009806, 0.9841351505452862, 0.9725665199606532, 0.9577576259966286, 0.9205101383314859, 0.936510179295464, 0.9577431518168864, 0.913113011655348, 0.888829153586289, 0.8886758046851717, 0.889653240684343, 0.9196494078515791, 0.8952616857824951, 0.9417114349500744], [0.926968230402321, 0.9345778317528579, 0.9132770708228226, 0.9764533907950109, 0.9225345038839143, 0.9897563425642065, 1.0, 0.9956694846102394, 0.926391152713305, 0.8980531956038886, 0.9846536122889831, 0.9878681573243457, 0.9271735494045544, 0.9651644281444689, 0.9823489660057277, 0.9760575394311272, 0.9492787070660476, 0.9436596090024572, 0.9580454536334226, 0.942556222563037, 0.9182938067255194, 0.9180173838165853, 0.9192979355048821, 0.9477243014291344, 0.925267999383817, 0.9659264968825212], [0.9115655886459679, 0.9236651596703007, 0.9108586226853111, 0.969506583555928, 0.9074482044215915, 0.9868249788448737, 0.9956694846102394, 1.0, 0.9161099755798554, 0.8986863190033453, 0.9794368951760047, 0.9838993403171404, 0.9157411170321569, 0.9632887589887965, 0.9854961517396338, 0.9720964981957086, 0.9386465177436039, 0.94525583226496, 0.9675311527445662, 0.9291072452116971, 0.9038289270207965, 0.9028465712913967, 0.9049365614997851, 0.9389708500766987, 0.9094947804936514, 0.9605840012721627], [0.9919996435305285, 0.9869235853538411, 0.8060832619955344, 0.9729672460977776, 0.9876960545180504, 0.8964491397338694, 0.926391152713305, 0.9161099755798554, 1.0, 0.7946135603947881, 0.9568031844348565, 0.9468204492044247, 0.9937867247035291, 0.8609302620897239, 0.9261861042491362, 0.9516725856775533, 0.983899986044992, 0.9436292657266687, 0.9008334524798975, 0.9888026972682687, 0.9836206081698354, 0.9838193457552595, 0.9871100634125866, 0.9738586183912882, 0.9896390343249695, 0.9824722337285231], [0.7810718878066804, 0.7922437240931375, 0.950937412150192, 0.8361201942954211, 0.7782357953404511, 0.9259347858777538, 0.8980531956038886, 0.8986863190033453, 0.7946135603947881, 1.0, 0.8628011686835888, 0.8629042670562523, 0.8017151873807807, 0.9534790229248573, 0.8851798206945019, 0.8509418253002137, 0.7970899397398571, 0.8464497924629634, 0.8889475399340971, 0.7889066976435316, 0.775692102435892, 0.7746004115691809, 0.7792896767066976, 0.8012590676429325, 0.7792487793516472, 0.8208348707998454], [0.9552058272322608, 0.9637308191682277, 0.8760346606890674, 0.9896106345147151, 0.9514135232445805, 0.9676132286446075, 0.9846536122889831, 0.9794368951760047, 0.9568031844348565, 0.8628011686835888, 1.0, 0.9921749546896171, 0.9560909224940103, 0.9324398782358401, 0.9823996002500992, 0.9882405737289582, 0.9731406686876434, 0.9600900771170434, 0.9514477524893938, 0.971866979470164, 0.9470637603572833, 0.9446919333906058, 0.9510580579966819, 0.9726042612055835, 0.9538733222179564, 0.9840787170469831], [0.9488960946029052, 0.9613624901985646, 0.8780021902395818, 0.9915696109094981, 0.9451602188618059, 0.968770748478289, 0.9878681573243457, 0.9838993403171404, 0.9468204492044247, 0.8629042670562523, 0.9921749546896171, 1.0, 0.9468787873546021, 0.9375733653477797, 0.983586044231649, 0.9903803166439068, 0.9703678747345729, 0.947385012885913, 0.9546355536320015, 0.9660309494670168, 0.9421647015498238, 0.9406838147751234, 0.9433103152690304, 0.9735799566610529, 0.9471876801944065, 0.9849884208232889], [0.9895191404188294, 0.97954493443473, 0.8108506229068423, 0.9731605346105239, 0.9813502405322387, 0.8970226728009806, 0.9271735494045544, 0.9157411170321569, 0.9937867247035291, 0.8017151873807807, 0.9560909224940103, 0.9468787873546021, 1.0, 0.8589232071152185, 0.9368570816559879, 0.9553618114914058, 0.9831489536543307, 0.9545623098540917, 0.9110362885107279, 0.9868749150846564, 0.9782241539136108, 0.9826248504854529, 0.9824261347072111, 0.966847186394823, 0.9845810201829763, 0.977219669298929], [0.8644430988935641, 0.87413640355091, 0.9704035368240295, 0.9195236549334003, 0.8606618715588592, 0.9841351505452862, 0.9651644281444689, 0.9632887589887965, 0.8609302620897239, 0.9534790229248573, 0.9324398782358401, 0.9375733653477797, 0.8589232071152185, 1.0, 0.9489081491519686, 0.9181237453916943, 0.8868775316865664, 0.8944269625281462, 0.9265023968907086, 0.8787270935347852, 0.8580103177516837, 0.8579561419422708, 0.8576231445287987, 0.887701325809375, 0.8633263886680596, 0.9055776064508775], [0.9171120990898576, 0.9309914416226222, 0.8972703545666545, 0.9746807343902594, 0.9136612102277036, 0.9725665199606532, 0.9823489660057277, 0.9854961517396338, 0.9261861042491362, 0.8851798206945019, 0.9823996002500992, 0.983586044231649, 0.9368570816559879, 0.9489081491519686, 1.0, 0.9783781825357959, 0.9444264928082903, 0.9775794124371646, 0.9767349470018456, 0.9335719172769371, 0.9102665813455031, 0.9098292303841294, 0.9141277050322059, 0.9455118426851089, 0.914481649612885, 0.9635735993758019], [0.9469120870642208, 0.9599942423510663, 0.8640667793091147, 0.9842178767001842, 0.9418940325330678, 0.9577576259966286, 0.9760575394311272, 0.9720964981957086, 0.9516725856775533, 0.8509418253002137, 0.9882405737289582, 0.9903803166439068, 0.9553618114914058, 0.9181237453916943, 0.9783781825357959, 1.0, 0.9665241688679697, 0.9781173919549452, 0.9571189468853908, 0.9627228109932049, 0.9377088015630026, 0.9381866101528623, 0.9422459885922692, 0.9689081703285358, 0.9438602378090167, 0.9816407383120173], [0.9870779008792167, 0.9888117279106569, 0.8223361471411401, 0.9848007671164632, 0.981779383945315, 0.9205101383314859, 0.9492787070660476, 0.9386465177436039, 0.983899986044992, 0.7970899397398571, 0.9731406686876434, 0.9703678747345729, 0.9831489536543307, 0.8868775316865664, 0.9444264928082903, 0.9665241688679697, 1.0, 0.934069973924725, 0.8926874800891963, 0.9945389782702592, 0.9783885839674519, 0.9786651818634002, 0.9794402020586552, 0.9958551815238921, 0.9849413157234356, 0.9880813852498416], [0.9186311228425754, 0.925672669535336, 0.8520377402220372, 0.9381364363976071, 0.9066286033948028, 0.936510179295464, 0.9436596090024572, 0.94525583226496, 0.9436292657266687, 0.8464497924629634, 0.9600900771170434, 0.947385012885913, 0.9545623098540917, 0.8944269625281462, 0.9775794124371646, 0.9781173919549452, 0.934069973924725, 1.0, 0.9626271949124602, 0.9337684314535537, 0.9032789826743184, 0.9111658559525548, 0.9087550403396398, 0.9293950900954926, 0.9089866079047116, 0.9386864768422147], [0.8815484542146428, 0.8956045628028305, 0.8907510735147114, 0.9222155173747298, 0.8779467993655391, 0.9577431518168864, 0.9580454536334226, 0.9675311527445662, 0.9008334524798975, 0.8889475399340971, 0.9514477524893938, 0.9546355536320015, 0.9110362885107279, 0.9265023968907086, 0.9767349470018456, 0.9571189468853908, 0.8926874800891963, 0.9626271949124602, 1.0, 0.8933990599136955, 0.8746255658557894, 0.8737554342460021, 0.8782207398519637, 0.899088629222708, 0.8791868139561368, 0.9071575975585252], [0.9916501529744611, 0.9912397890739971, 0.8135699974803572, 0.9857526948243258, 0.9883616308020964, 0.913113011655348, 0.942556222563037, 0.9291072452116971, 0.9888026972682687, 0.7889066976435316, 0.971866979470164, 0.9660309494670168, 0.9868749150846564, 0.8787270935347852, 0.9335719172769371, 0.9627228109932049, 0.9945389782702592, 0.9337684314535537, 0.8933990599136955, 1.0, 0.9845533871029705, 0.9833374348587692, 0.9856959259119594, 0.992790554588143, 0.9897535073621692, 0.9885559188736389], [0.9929372267163862, 0.9834388984749571, 0.7926422253424041, 0.9702263628823692, 0.9977584166965767, 0.888829153586289, 0.9182938067255194, 0.9038289270207965, 0.9836206081698354, 0.775692102435892, 0.9470637603572833, 0.9421647015498238, 0.9782241539136108, 0.8580103177516837, 0.9102665813455031, 0.9377088015630026, 0.9783885839674519, 0.9032789826743184, 0.8746255658557894, 0.9845533871029705, 1.0, 0.9986047474216327, 0.9977823941572875, 0.9682444422836026, 0.9950219897665502, 0.9779546471902821], [0.9926933467233923, 0.9810447158826393, 0.7927881765288226, 0.9701711065167884, 0.9976414320273552, 0.8886758046851717, 0.9180173838165853, 0.9028465712913967, 0.9838193457552595, 0.7746004115691809, 0.9446919333906058, 0.9406838147751234, 0.9826248504854529, 0.8579561419422708, 0.9098292303841294, 0.9381866101528623, 0.9786651818634002, 0.9111658559525548, 0.8737554342460021, 0.9833374348587692, 0.9986047474216327, 1.0, 0.9970281932878216, 0.9675678871460133, 0.9949529772820322, 0.9757036464221397], [0.9943864166584386, 0.9844676320534256, 0.7951639933524844, 0.9705807411509413, 0.9974376047054733, 0.889653240684343, 0.9192979355048821, 0.9049365614997851, 0.9871100634125866, 0.7792896767066976, 0.9510580579966819, 0.9433103152690304, 0.9824261347072111, 0.8576231445287987, 0.9141277050322059, 0.9422459885922692, 0.9794402020586552, 0.9087550403396398, 0.8782207398519637, 0.9856959259119594, 0.9977823941572875, 0.9970281932878216, 1.0, 0.9682838067436126, 0.9947607132430014, 0.9787584684560333], [0.9767139900727364, 0.9889906070280241, 0.8212792995537409, 0.9850185149081029, 0.9718346520096627, 0.9196494078515791, 0.9477243014291344, 0.9389708500766987, 0.9738586183912882, 0.8012590676429325, 0.9726042612055835, 0.9735799566610529, 0.966847186394823, 0.887701325809375, 0.9455118426851089, 0.9689081703285358, 0.9958551815238921, 0.9293950900954926, 0.899088629222708, 0.992790554588143, 0.9682444422836026, 0.9675678871460133, 0.9682838067436126, 1.0, 0.9750493515448858, 0.9891471047923321], [0.9971605830405624, 0.9854168033889992, 0.7981550350270301, 0.9747943975822376, 0.997215047760361, 0.8952616857824951, 0.925267999383817, 0.9094947804936514, 0.9896390343249695, 0.7792487793516472, 0.9538733222179564, 0.9471876801944065, 0.9845810201829763, 0.8633263886680596, 0.914481649612885, 0.9438602378090167, 0.9849413157234356, 0.9089866079047116, 0.8791868139561368, 0.9897535073621692, 0.9950219897665502, 0.9949529772820322, 0.9947607132430014, 0.9750493515448858, 1.0, 0.9801844637443644], [0.9838345853793775, 0.9838127981619686, 0.8415990021552939, 0.991001218847418, 0.9797832994250597, 0.9417114349500744, 0.9659264968825212, 0.9605840012721627, 0.9824722337285231, 0.8208348707998454, 0.9840787170469831, 0.9849884208232889, 0.977219669298929, 0.9055776064508775, 0.9635735993758019, 0.9816407383120173, 0.9880813852498416, 0.9386864768422147, 0.9071575975585252, 0.9885559188736389, 0.9779546471902821, 0.9757036464221397, 0.9787584684560333, 0.9891471047923321, 0.9801844637443644, 1.0]]