[[0.9999999999999999, 0.9041205618712488, 0.8550174747931926, 0.7321025585619259, 0.8357581225452323, 0.2597203120916578, 0.7859816188285517, 0.0, 0.7303283972018836, 0.7836743113367586, 0.0, 0.6883751862228195, 0.8162492926943646, 0.842480469399576, 0.7240029698746173, 0.7049695805924255, 0.8272909094801656, 0.7517427872442287, 0.8536824665791607, 0.9052596608571704, 0.7725799488047469, 0.7024946757794489, 0.8434128636624241, 0.8488516701618816, 0.9090482842198211, 0.8024139444623076, 0.475541792649457, 0.8588458274641076, 0.8222106720888305, 0.8392635822806532, 0.8314133657904962, 0.7630694626612274, 0.8086225193403855, 0.6812708338606551, 0.797004644501469, 0.8433142445849742, 0.8377992619513659, 0.7813023408222902, 0.8670471656269162, 0.6554947616221366, 0.9215804898714021, 0.7003486335529051, 0.8037017919015158, 0.8143901824437191, 0.8493640863802683, 0.7858475497579421, 0.8085126876276453, 0.8027736084529856, 0.8911157898859533, 0.6245925928807734, 0.8578281595877348, 0.8341256382980924, 0.7636728668793503, 0.7661301297220775, 0.8286912932211067, 0.6277717990992959, 0.6654877405463021, 0.7625384717641907, 0.8898377337143556, 0.6003343688204347, 0.7848203915614023, 0.6748370969032563, 0.7907655039480083, 0.8571782236949281, 0.892208790777631, 0.7801493695356523, 0.8245993339120617, 0.6884121512126821, 0.9557882907396952, 0.6318793320764278, 0.8444921665213716, 0.8262281363707769, 0.8320567862906466, 0.8175454432758541, 0.7469893367141363, 0.8213459088957791, 0.7346280417610698, 0.8320566045693504, 0.824339702918339, 0.8192439233523355, 0.873608418566235, 0.8206220187580038, 0.8209618026364862, 0.8565529388777892, 0.8242019160146217, 0.7396832959045772, 0.7784518713629555, 0.825624745245249, 0.8098805681813315, 0.8473385057470001, 0.8505453757785167, 0.7570555436224478, 0.8376112113734967, 0.6961917951898811, 0.865163921491363, 0.47946662216435404, 0.6238221543636632, 0.7994354261376373, 0.8401606697412397, 0.7845289564347115, 0.7273054757519667, 0.7681609506415173, 0.79364831126682, 0.45847939924063635], [0.9041205618712488, 1.0000000000000002, 0.8954278079435894, 0.6467200911461478, 0.8247930224190086, 0.3632436314929871, 0.7006557910328309, 0.0, 0.6725908371637804, 0.6344783261360455, 0.0, 0.5551235135735723, 0.8691391740256851, 0.8695949522717281, 0.6340312092171684, 0.6508806802367851, 0.8436140990138222, 0.796753008415316, 0.748572672479469, 0.9838562109026125, 0.8418435474395962, 0.6164269212318474, 0.8945039702712495, 0.9075911345124511, 0.9733750469056357, 0.8213002694271712, 0.37346234273991824, 0.900131487670984, 0.8571261744314336, 0.8430358126399675, 0.8682209205501161, 0.5992695355144574, 0.7690241616930493, 0.606678805429484, 0.6950453079682489, 0.905533156919925, 0.8989757130613705, 0.7448086135066544, 0.9419180016608635, 0.5208268374129609, 0.9438902437065154, 0.7621572821029353, 0.8125448112469194, 0.838352875489167, 0.8871411748528719, 0.8116941020289046, 0.8581473328563388, 0.7299164730514819, 0.9405518092564339, 0.5717898789282402, 0.8588421601324943, 0.8732751095009644, 0.7854072310359794, 0.8269308919330496, 0.8885304605884123, 0.5411568497443939, 0.6026044120618785, 0.7196031820526602, 0.8034139920670894, 0.6652093488905249, 0.8361453957897671, 0.5396968392111984, 0.8405493788489102, 0.9188948180123383, 0.8576228502977181, 0.8321548370157792, 0.7773940391928392, 0.771766056113948, 0.8941377482774167, 0.5619264813545533, 0.8584467454840692, 0.8552703513478479, 0.8675734267448113, 0.8558458036292197, 0.7018596128149837, 0.7070829109648437, 0.6058051777561837, 0.8705616618550795, 0.792345511529517, 0.8855135349164829, 0.8806478527323837, 0.855952399592282, 0.8421820414941513, 0.8973719162060916, 0.7740525208980952, 0.6673884487660812, 0.8280529423568755, 0.8296589954435352, 0.8200477596755388, 0.8894702846477658, 0.7818907985143998, 0.8297827478071668, 0.6823972916832904, 0.6342803476687922, 0.9211487052605996, 0.5699745289900253, 0.6838349095807172, 0.7800049491019416, 0.8354367789418548, 0.7187371237412968, 0.6666060370663865, 0.8510724640167218, 0.8367772062525811, 0.5646991584840156], [0.8550174747931926, 0.8954278079435894, 0.9999999999999996, 0.5811537083713919, 0.8260548076367803, 0.3647388005150666, 0.5774496425055571, 0.0, 0.5905210202300454, 0.4342614970358104, 0.0, 0.3922631170903336, 0.9183645177145422, 0.9383977236051303, 0.43074183828475915, 0.5695288228638606, 0.9216731466605006, 0.8353479557364365, 0.6235319011301077, 0.9025354402043544, 0.9047884078846045, 0.5276035248938443, 0.9624805816636548, 0.9287034204873345, 0.9398103606769921, 0.8942888245615728, 0.24678023932103751, 0.8771114724685599, 0.8504371492625664, 0.905602010008813, 0.9573591395168147, 0.39599140921968384, 0.7469898064797794, 0.5217547312584594, 0.5668543128019556, 0.9510510289917816, 0.9755303525436512, 0.796052329324895, 0.9048664046062075, 0.34980458011047183, 0.9618054045365405, 0.8525425398653278, 0.7849082443717742, 0.9390703241069421, 0.9526596418055475, 0.8773588542082146, 0.9529967462236195, 0.5524590553189334, 0.9608663793853282, 0.37783312268655084, 0.7347737559188107, 0.9504389932575007, 0.7277107275462251, 0.8238520027006465, 0.7367501918005455, 0.4502195099558699, 0.516519709671529, 0.6625739656867926, 0.7281833413841658, 0.7468087592200124, 0.9260211365350903, 0.3746673074788785, 0.9241782078038583, 0.9156784344169561, 0.8194338047824334, 0.9217995037785192, 0.738647676901091, 0.8415819471958669, 0.79736082790936, 0.47140934771340054, 0.92905100909995, 0.9361595907071482, 0.9703946805073381, 0.9429446020405302, 0.6316395167405248, 0.6091679304931058, 0.45756778837982226, 0.9504296504283648, 0.7467719273950054, 0.8310374280604991, 0.922112836141408, 0.9354450552849676, 0.9105769832270769, 0.9082193312748726, 0.7184199427139937, 0.4645592723513547, 0.9180965104475629, 0.8840260144886356, 0.8849788189318918, 0.9732849404246857, 0.7467702397578394, 0.768533612563788, 0.5033241906067685, 0.5626800839179992, 0.9300993599670917, 0.6235487906657179, 0.7693211878284917, 0.84070665740899, 0.7272442352048217, 0.663418084507249, 0.6080616337089111, 0.9132910787793596, 0.6719982501489297, 0.6028779056300557], [0.7321025585619259, 0.6467200911461478, 0.5811537083713919, 1.0, 0.872985487718867, 0.15293201057615669, 0.9204675783498575, 0.0, 0.9636108833074691, 0.6472105755758949, 0.0, 0.9120602462333236, 0.5602091303505132, 0.5671990303262032, 0.8720665418047666, 0.909614821193029, 0.5480456747072987, 0.5064742529205445, 0.6709487917852804, 0.6513977144436033, 0.5163050082110041, 0.9728490872849315, 0.5769075376797497, 0.5967577409304086, 0.6391292826428856, 0.5524237110748998, 0.9131591173224347, 0.5967174970605267, 0.5884846906568365, 0.5623490712868484, 0.5568212890838066, 0.6376432854382037, 0.9280542050946992, 0.9877309483214212, 0.9423250601928109, 0.5766586475344953, 0.5611117620699784, 0.502517964231698, 0.6157847729436927, 0.8947512159927742, 0.7091708378257887, 0.46810273586075174, 0.5637979868169537, 0.546535382719839, 0.5907815902970319, 0.5162575027775619, 0.5403263994860514, 0.9039892540969561, 0.6128563232354937, 0.9045374234686291, 0.8254356948542076, 0.5561159710039775, 0.5491902966190312, 0.5353484847478429, 0.624641463346852, 0.9733235171173621, 0.9740499972934765, 0.9739737382696022, 0.9335379126051753, 0.38632014768537837, 0.5234263167301331, 0.904632228744383, 0.5284881795232397, 0.6072536725169133, 0.8825885458117416, 0.5211057637725488, 0.9615996318655579, 0.4503100226830503, 0.7194660844151193, 0.9673409312419483, 0.5636749481269372, 0.5416350015895112, 0.568448064194199, 0.5396280720894229, 0.9572778885115849, 0.9487337200756537, 0.9322994081971013, 0.5480840117096888, 0.9434652385318344, 0.5846246654246688, 0.602471848941218, 0.5414269080125252, 0.533168418311963, 0.6078819601103979, 0.9491971567026923, 0.8424523675544825, 0.5152170183295125, 0.5326351943792683, 0.53773634419738, 0.5687182827660047, 0.9335080576282445, 0.5418825080567401, 0.6841934019021092, 0.9746016311495836, 0.6072521930698644, 0.29473024526797026, 0.4044233449338974, 0.5277605892335439, 0.9351896921827308, 0.9782370669930673, 0.977435224741623, 0.5083414894812514, 0.5915054288580385, 0.2778029986128894], [0.8357581225452323, 0.8247930224190086, 0.8260548076367803, 0.872985487718867, 0.9999999999999997, 0.4437623412912896, 0.8713650246207786, 0.0, 0.8569531662864771, 0.5690205410930839, 0.0, 0.7188010453557028, 0.721357195261353, 0.7695566389064207, 0.6945047303168238, 0.7719981601520535, 0.7806231637445575, 0.6569391906664912, 0.6371084786067659, 0.840973440966821, 0.8106262869129651, 0.8142252796692602, 0.8457603581178916, 0.8456830743250647, 0.8583755676512084, 0.6867858005217383, 0.6560278025360465, 0.7691641523793837, 0.6972880032500853, 0.7051964414341166, 0.8369736021970775, 0.5235997577598062, 0.9393720607084998, 0.8491322811275311, 0.8537296932189873, 0.8546441266097324, 0.8376614617161602, 0.6261638621953638, 0.867274773065883, 0.6827173525532678, 0.9219696450986534, 0.7965646434238146, 0.6171807388678633, 0.8345129048949285, 0.8276581617467136, 0.7266378285253651, 0.833738182540511, 0.7990648632786663, 0.837659824161318, 0.6888982229549833, 0.9031408775396413, 0.8252827492584937, 0.5815022905023923, 0.6907840437682102, 0.6757458663383544, 0.8029388237030339, 0.8711046906345017, 0.9435466006707403, 0.9187693038699708, 0.7439262038504092, 0.8294593198685231, 0.7024878469879449, 0.8308341640000397, 0.8286873886076019, 0.8961289821569932, 0.830012873015475, 0.9604019907538338, 0.793597168065025, 0.8343283856491627, 0.8400186197974678, 0.7563508316444449, 0.8222223807867914, 0.7965514895950718, 0.8425218876073785, 0.9028945830895854, 0.853148441609856, 0.7690889222058737, 0.8293269050088046, 0.9550293464593804, 0.753108134025118, 0.7461888857124279, 0.814454002277475, 0.7834560963662921, 0.7624120541674757, 0.8880155110993955, 0.6746091442047499, 0.8303962823838754, 0.7274444210853234, 0.7313117273107415, 0.8320315088692529, 0.9035096637262152, 0.6645746427592981, 0.6184799532580699, 0.9005042900708077, 0.7820545937555988, 0.6331234915255802, 0.7567086454988027, 0.651750729414876, 0.9420302722445543, 0.9240751557505146, 0.9233907711632927, 0.8204656485371108, 0.5909120843806754, 0.6297658140898069], [0.2597203120916578, 0.3632436314929871, 0.3647388005150666, 0.15293201057615669, 0.4437623412912896, 0.9999999999999999, 0.34379122688070535, 0.0, 0.1991181683266201, 0.17136022496149467, 0.0, 0.09718778887959041, 0.2747900570226759, 0.3048672348524968, 0.07885929102106314, 0.15532115742211552, 0.32185510443171716, 0.188919894448859, 0.17038693659138757, 0.3937956158574356, 0.41862232932613747, 0.12367473949892006, 0.4217124260072195, 0.41843418339403526, 0.3882097435010869, 0.19736852072566904, 0.03627006942110505, 0.38799074564789676, 0.23523994365059464, 0.20696166542591163, 0.422344251400192, 0.05820010525184207, 0.2191354525644852, 0.16036839474999312, 0.23505394505403693, 0.43627132358703885, 0.42856070707786414, 0.15659045975171282, 0.47138904382988894, 0.07375823864141498, 0.4238564637580897, 0.46684284274800103, 0.13084142329918452, 0.47213448592765606, 0.3732302265466279, 0.32249025274601495, 0.42882273737633053, 0.19156253789411196, 0.37263103778913065, 0.055531324660101584, 0.46801488431604893, 0.3971127546988652, 0.11563341312638972, 0.34759496229790465, 0.21226527367002915, 0.10048621594795053, 0.23017034006912035, 0.2829919141530434, 0.23066862831442292, 0.6055694381358586, 0.428431353456761, 0.0733030424866228, 0.45099545053405793, 0.40963200051935916, 0.20894891416359238, 0.47910815085682584, 0.30774966718041913, 0.47161586570206143, 0.31827777165424126, 0.20741968956076268, 0.2690101642111174, 0.4441850172522827, 0.36182621310046414, 0.4505251435166235, 0.2549459881490297, 0.14769831086135715, 0.11850964442736965, 0.45959853395394756, 0.2914661470722787, 0.3387919059931586, 0.22886669635168982, 0.4279809240780743, 0.3702064479464656, 0.2957230383976934, 0.2145108704800357, 0.06827774016574303, 0.5257756521184542, 0.29934700686041577, 0.2174032184449659, 0.43158367813844273, 0.2062617005532723, 0.34763601443411785, 0.11169288809377359, 0.24915111723267463, 0.3325170273625611, 0.5241722316343581, 0.5588267507765128, 0.17165537457686267, 0.3123474328302195, 0.22365926723996682, 0.26355183367477436, 0.5121303374460194, 0.10678068680078129, 0.6321126692641161], [0.7859816188285517, 0.7006557910328309, 0.5774496425055571, 0.9204675783498575, 0.8713650246207786, 0.34379122688070535, 1.0000000000000004, 0.0, 0.9438096746890401, 0.8235180464902135, 0.0, 0.9439725948652328, 0.5303864909748606, 0.5406581839570691, 0.9222962506036195, 0.8949843347459127, 0.5174645380186542, 0.4102781502928038, 0.8061757327186972, 0.7096305115670423, 0.5012154890225364, 0.8978873380325856, 0.5967663926075729, 0.6385418182228616, 0.6670084054139365, 0.5375131833822446, 0.8566658747143391, 0.6555748392501254, 0.6240233956575195, 0.5085095393852599, 0.5560959186839484, 0.7932154689236227, 0.8480423567621284, 0.924431705099856, 0.9830297318124352, 0.6255492063154631, 0.560181512582142, 0.4297893391266999, 0.6893120866306204, 0.928630334883864, 0.7329879731823659, 0.47485202500480667, 0.5613128646287575, 0.5483587509326323, 0.6094532286623808, 0.5342142464625732, 0.5632697057879712, 0.9656300581530143, 0.6177428016433665, 0.895531557054468, 0.941572486782834, 0.5321366676776035, 0.5676182164281025, 0.6149938082500944, 0.6888155421892209, 0.9017892598253209, 0.9449605146030978, 0.9373679843240893, 0.9353027802660047, 0.48321462771119494, 0.5099567178921026, 0.9354430169339426, 0.5130466490463617, 0.6591963013893476, 0.82226513094486, 0.5184583863790837, 0.9190484321037349, 0.48339371808399856, 0.8318392761124953, 0.9384133657531254, 0.5233024120087691, 0.5261815868157192, 0.5974501293074174, 0.5513326987013101, 0.9354203281976647, 0.9472566655990801, 0.9611378091521281, 0.5525000498150279, 0.8985837768773971, 0.6698118321408726, 0.5803826847510842, 0.5220235475460694, 0.5066665234219683, 0.6455610452731781, 0.9070517475567785, 0.892670570495942, 0.5666315776358336, 0.49730858568799213, 0.45146417993694765, 0.5939757940077597, 0.8618504121867773, 0.6451089811021086, 0.8316915157155782, 0.9440544521797992, 0.6399088484830608, 0.41046905686881374, 0.483767031361777, 0.48211033174202683, 0.9469607778209729, 0.9218689432024753, 0.943095333176926, 0.524295505013359, 0.6426884965137748, 0.4184302944630453], [0.0, 0.0, 0.0, 0.0, 0.0, 0.0, 0.0, 0.0, 0.0, 0.0, 0.0, 0.0, 0.0, 0.0, 0.0, 0.0, 0.0, 0.0, 0.0, 0.0, 0.0, 0.0, 0.0, 0.0, 0.0, 0.0, 0.0, 0.0, 0.0, 0.0, 0.0, 0.0, 0.0, 0.0, 0.0, 0.0, 0.0, 0.0, 0.0, 0.0, 0.0, 0.0, 0.0, 0.0, 0.0, 0.0, 0.0, 0.0, 0.0, 0.0, 0.0, 0.0, 0.0, 0.0, 0.0, 0.0, 0.0, 0.0, 0.0, 0.0, 0.0, 0.0, 0.0, 0.0, 0.0, 0.0, 0.0, 0.0, 0.0, 0.0, 0.0, 0.0, 0.0, 0.0, 0.0, 0.0, 0.0, 0.0, 0.0, 0.0, 0.0, 0.0, 0.0, 0.0, 0.0, 0.0, 0.0, 0.0, 0.0, 0.0, 0.0, 0.0, 0.0, 0.0, 0.0, 0.0, 0.0, 0.0, 0.0, 0.0, 0.0, 0.0, 0.0, 0.0], [0.7303283972018836, 0.6725908371637804, 0.5905210202300454, 0.9636108833074691, 0.8569531662864771, 0.1991181683266201, 0.9438096746890401, 0.0, 0.9999999999999997, 0.7080915592203452, 0.0, 0.9322066994503315, 0.581937350402512, 0.5738546926021391, 0.9147774092596906, 0.9731034395204547, 0.5397107509725104, 0.4448585834345038, 0.7557726211426474, 0.6730938596713156, 0.4699251689234156, 0.9560352206212411, 0.59882049029542, 0.6206159389605371, 0.6368789905910758, 0.6103136667184464, 0.9120278871045501, 0.6680920610518603, 0.6870036714004244, 0.5674314389594258, 0.5446151909318314, 0.6937602664908552, 0.8809333562202724, 0.9677800078241345, 0.9568244373650796, 0.6095523669695141, 0.5538101878422962, 0.48750809715164983, 0.63145224828482, 0.9196201656303807, 0.716322030413881, 0.4339438544055448, 0.638971269206978, 0.5197851261746734, 0.6283742075532297, 0.5612805444601507, 0.5528002780613289, 0.9402983304520992, 0.6232214826597989, 0.9373527609573207, 0.8847482836538326, 0.5262676251110295, 0.6434909244662531, 0.6710346099569137, 0.7015428483101065, 0.9538999974701226, 0.9681636911494671, 0.954207567129553, 0.9259933797399766, 0.3825867012655088, 0.48080801543746376, 0.9267400452085742, 0.48255392004184167, 0.6514574185760224, 0.8756513888573524, 0.4753071809114721, 0.9399532580845015, 0.4355217010314121, 0.739597860153338, 0.9651608126595977, 0.5586918241976467, 0.5038009890371019, 0.6201279500970279, 0.5264916901137009, 0.9702198291476565, 0.9407659676359506, 0.9472190819257128, 0.5323594377652439, 0.9227820693169472, 0.6731181620279317, 0.6490051210169383, 0.5030344308637368, 0.5078985823907528, 0.6820292132438295, 0.9684006898775845, 0.9016787243303386, 0.5217867969846015, 0.5251055861818086, 0.4845639184083691, 0.5969576459478495, 0.9107846222200616, 0.6804797168427973, 0.7281057784002692, 0.9630343713984201, 0.6781281818593354, 0.3239425396066655, 0.3935260843399881, 0.5492537169640296, 0.9464276177841052, 0.9576570280856741, 0.9594525785907198, 0.4759808384770403, 0.6726815854426083, 0.3204307266568817], [0.7836743113367586, 0.6344783261360455, 0.4342614970358104, 0.6472105755758949, 0.5690205410930839, 0.17136022496149467, 0.8235180464902135, 0.0, 0.7080915592203452, 0.9999999999999997, 0.0, 0.8479375051702275, 0.4737404598406274, 0.44444295835334313, 0.8853643831879547, 0.7281869041593156, 0.4053048094665565, 0.33290633320248053, 0.9439865172848518, 0.6285895483276008, 0.3028961049468427, 0.6640459542857119, 0.43529959264435536, 0.49575686220167486, 0.5520912826394252, 0.5068646845181315, 0.6189809434114535, 0.5963938849867501, 0.6094980308114835, 0.45696312284772805, 0.3822651744682463, 0.9932364792902434, 0.587645044987724, 0.6523188735637759, 0.8406774761669253, 0.45825097975957163, 0.39800171259688855, 0.39577799937446595, 0.5494657347857628, 0.8445111838052013, 0.5686290140658392, 0.2687571088698, 0.6007728461508559, 0.35433015507259646, 0.4703030535391819, 0.4374188999962988, 0.3932933704523584, 0.8811470758015305, 0.5007807872298324, 0.7624432675535393, 0.7970161030028623, 0.370729293491223, 0.6265108553645086, 0.5719207935257727, 0.7336124379205307, 0.643160012051714, 0.6450044789809236, 0.6340957378930805, 0.7886892732881636, 0.21670540972438046, 0.3112650051008238, 0.8450805563131321, 0.31809694567085894, 0.5457956737355901, 0.6555137853942292, 0.30742764533748645, 0.6375984090067935, 0.26492496515839786, 0.8429286053718159, 0.6433567373520985, 0.42727325647299086, 0.3440556247070552, 0.47449502657425, 0.3610798805933999, 0.6663305787195403, 0.8155388222370099, 0.8463790999704495, 0.3755390111811885, 0.6274902839674614, 0.6072369483704705, 0.5249843273068681, 0.3486978586769153, 0.3711569955159397, 0.5933223813391137, 0.7020902083289132, 0.8868357716607225, 0.3539826549911369, 0.40556064113082363, 0.35548755914818536, 0.44671631985507265, 0.6393533805579169, 0.6324013580727095, 0.9869122947394424, 0.6354457678246898, 0.5752641893414532, 0.17343900893923117, 0.21804439902070985, 0.4540995209652201, 0.7237548060434502, 0.650546105560196, 0.6320963909046898, 0.3141225613657182, 0.7368624996316293, 0.17881424683176], [0.0, 0.0, 0.0, 0.0, 0.0, 0.0, 0.0, 0.0, 0.0, 0.0, 0.0, 0.0, 0.0, 0.0, 0.0, 0.0, 0.0, 0.0, 0.0, 0.0, 0.0, 0.0, 0.0, 0.0, 0.0, 0.0, 0.0, 0.0, 0.0, 0.0, 0.0, 0.0, 0.0, 0.0, 0.0, 0.0, 0.0, 0.0, 0.0, 0.0, 0.0, 0.0, 0.0, 0.0, 0.0, 0.0, 0.0, 0.0, 0.0, 0.0, 0.0, 0.0, 0.0, 0.0, 0.0, 0.0, 0.0, 0.0, 0.0, 0.0, 0.0, 0.0, 0.0, 0.0, 0.0, 0.0, 0.0, 0.0, 0.0, 0.0, 0.0, 0.0, 0.0, 0.0, 0.0, 0.0, 0.0, 0.0, 0.0, 0.0, 0.0, 0.0, 0.0, 0.0, 0.0, 0.0, 0.0, 0.0, 0.0, 0.0, 0.0, 0.0, 0.0, 0.0, 0.0, 0.0, 0.0, 0.0, 0.0, 0.0, 0.0, 0.0, 0.0, 0.0], [0.6883751862228195, 0.5551235135735723, 0.3922631170903336, 0.9120602462333236, 0.7188010453557028, 0.09718778887959041, 0.9439725948652328, 0.0, 0.9322066994503315, 0.8479375051702275, 0.0, 1.0, 0.4182123621650916, 0.39906095473315956, 0.980150483863576, 0.9152509708313035, 0.36451787455506807, 0.3048446687976599, 0.8060463627645704, 0.551861989242629, 0.2838931294706188, 0.9221079659531909, 0.3939185495427733, 0.44365393427022143, 0.49183720081981164, 0.4493649396917844, 0.9381551092429665, 0.5181751275878432, 0.536273913500949, 0.4086074075271048, 0.34816849400157035, 0.8479397027947461, 0.7833721372790107, 0.9307969733766588, 0.9707729146957452, 0.4117625150694044, 0.35822442429103435, 0.3541319006916204, 0.4856815662701915, 0.9978328249489536, 0.5551811062061401, 0.247299354529204, 0.5245387725321893, 0.3236672974115981, 0.42515123277202294, 0.38643081108090055, 0.3539478492254063, 0.9668385833515468, 0.4470785729999413, 0.9658837299558161, 0.8230666690830094, 0.3375246066470155, 0.5444752964256844, 0.492104196395281, 0.6362437374602419, 0.9351035391770304, 0.9220676854459534, 0.8715374062867668, 0.8909494599295434, 0.1997507963770966, 0.2871221377487357, 0.9990161239365184, 0.29236137355693975, 0.48212194997863217, 0.7683148332313791, 0.2839778437023401, 0.8414433119956868, 0.2425663276950509, 0.7305253678592363, 0.9303191011038746, 0.3857227322646679, 0.31347239524326226, 0.4238032521865896, 0.3290012184208841, 0.8940548120257034, 0.9467599940440529, 0.9954723345701026, 0.338511014460157, 0.8218771487844992, 0.5321511730695295, 0.4698199857781116, 0.3142870378574102, 0.3314786462668714, 0.5233840692780046, 0.8770688391313513, 0.9519149092394645, 0.31732750758458766, 0.35971022674745823, 0.32743123328459406, 0.39768198290175033, 0.8178682838811747, 0.5381985314772784, 0.849102315316721, 0.9038307035492779, 0.5055701004988169, 0.15421017874098095, 0.20571158172528686, 0.403916085368294, 0.8689136639924727, 0.8830230697378818, 0.8895660613203109, 0.28262680088292297, 0.636817860226008, 0.14862732202075776], [0.8162492926943646, 0.8691391740256851, 0.9183645177145422, 0.5602091303505132, 0.721357195261353, 0.2747900570226759, 0.5303864909748606, 0.0, 0.581937350402512, 0.4737404598406274, 0.0, 0.4182123621650916, 1.0000000000000004, 0.9525496575270649, 0.4728587395090866, 0.625736301298617, 0.8983261851117709, 0.8840219472420059, 0.6858305033842318, 0.8282171520346039, 0.8183452761552968, 0.5631258448547887, 0.8581235008681715, 0.8114223879434266, 0.8643710399244969, 0.9430350189136615, 0.2788227938069991, 0.8633371868665123, 0.8664704273261078, 0.9499411967581513, 0.8629673310882469, 0.44740790974988964, 0.7228851436825657, 0.5210699719145117, 0.5545218939625541, 0.818432010037512, 0.9156168479532367, 0.8557259630553601, 0.7727721385104672, 0.38817590174661265, 0.8832705845915729, 0.7111047709715689, 0.8697402443495621, 0.8030815563774985, 0.8531361666392318, 0.8485604598345594, 0.8463623605072895, 0.5516410049915716, 0.9149568412164026, 0.4268919065405327, 0.676366703176796, 0.8914326275195406, 0.8126211564310585, 0.8205520043440925, 0.758045208288137, 0.46059037901455513, 0.4811699658881508, 0.6147412514352402, 0.71081733814527, 0.5148672982580651, 0.8031462864409397, 0.40357895035709473, 0.815787604323716, 0.825010301928296, 0.8456050061561725, 0.78709742210736, 0.6950880910753606, 0.6950628995491662, 0.7730014766736023, 0.43668080769465306, 0.9225913566282283, 0.8367149518722408, 0.897502011197021, 0.8258213769524448, 0.6133853277309252, 0.591040493122007, 0.4613487610761177, 0.8532631465486374, 0.730605707130364, 0.7713997004156455, 0.921101633947254, 0.8553079326874873, 0.8826462681766423, 0.8843504881084489, 0.7335677278546264, 0.5248787932223592, 0.75946742467455, 0.8900502089566048, 0.9093572768945007, 0.9033021791538463, 0.7530531683277394, 0.7838785818410915, 0.5192308809994333, 0.5033092349717729, 0.9245521970734754, 0.3999707830012907, 0.5305168168488273, 0.8968458485473833, 0.6802965100895572, 0.6488626200559949, 0.5424539502570364, 0.8115338063990505, 0.7504080598028332, 0.3914717011440667], [0.842480469399576, 0.8695949522717281, 0.9383977236051303, 0.5671990303262032, 0.7695566389064207, 0.3048672348524968, 0.5406581839570691, 0.0, 0.5738546926021391, 0.44444295835334313, 0.0, 0.39906095473315956, 0.9525496575270649, 1.0000000000000004, 0.4427284759082092, 0.5846835974589301, 0.9488641473894762, 0.8615164624814053, 0.6406192550072803, 0.8493327778714959, 0.863012939380488, 0.5466576919539679, 0.8987885863826848, 0.8532028121876112, 0.8983700557384104, 0.9380936419886425, 0.2577473908328782, 0.88908960043697, 0.8468560306009804, 0.9616704714033381, 0.9407970568444779, 0.41358964882852867, 0.7365143746981084, 0.5149173431671948, 0.5512269682588016, 0.868828342167856, 0.9473957755120139, 0.8732129867795482, 0.8242966720048989, 0.36120890865932553, 0.9232652990874546, 0.7671492739238165, 0.8553501227343138, 0.888141857321312, 0.888944670399664, 0.9252050220584216, 0.9136049025812949, 0.5406190217737248, 0.9412973718863561, 0.3946243905534431, 0.6873783680543778, 0.9396711868090971, 0.8008243283510634, 0.8007084182284684, 0.7330189720440924, 0.4499774224709696, 0.48984876080692574, 0.6282760194281574, 0.7176091415399061, 0.6245301396541764, 0.8567577395280651, 0.3820088298672261, 0.8683562705733783, 0.8519472820986573, 0.8434730140469388, 0.8481554739060965, 0.7139677704532886, 0.756392085644639, 0.7784478795606239, 0.44217601393294786, 0.9738182876591226, 0.8935147545457717, 0.911958637072324, 0.9063855409407814, 0.6311981636807077, 0.5877690112683196, 0.45229325787751057, 0.9207576357735301, 0.7418930055393025, 0.7861924046919951, 0.9206176469961591, 0.8947598274648134, 0.9122662232132007, 0.8803163196610327, 0.7295760402556537, 0.48520473383613666, 0.8564881331052214, 0.9195397995890587, 0.9177143821700219, 0.9446113173779008, 0.7653091531080997, 0.7527335901039611, 0.505068664759042, 0.5253031048978029, 0.9136559786649779, 0.48802225481408457, 0.6432499556758399, 0.934700902667997, 0.6923640243304512, 0.6606277356966459, 0.5671931927693952, 0.8499063528743878, 0.7395143797635199, 0.4705363274798579], [0.7240029698746173, 0.6340312092171684, 0.43074183828475915, 0.8720665418047666, 0.6945047303168238, 0.07885929102106314, 0.9222962506036195, 0.0, 0.9147774092596906, 0.8853643831879547, 0.0, 0.980150483863576, 0.4728587395090866, 0.4427284759082092, 0.9999999999999998, 0.9183272141952932, 0.4028084874576688, 0.33675137945089273, 0.8640802829166736, 0.626723080727504, 0.29160438873858235, 0.8912553237409816, 0.42861454769785245, 0.4901141110624968, 0.5494900427599614, 0.5157145261469787, 0.8859232442854464, 0.5893750381223001, 0.6174313544591928, 0.4635732693594144, 0.3728205647910018, 0.88811500565701, 0.7564303459665748, 0.8872559915664476, 0.9533747800091629, 0.4517433291564458, 0.3872718158157273, 0.4026060365402768, 0.5394534332598272, 0.9790036600080517, 0.5845209384891792, 0.2513372765775599, 0.6146834577219701, 0.33843909681101375, 0.46735307130753806, 0.4361773068129952, 0.3849321411086813, 0.9830512811121482, 0.4973087313515921, 0.9746411088078049, 0.8462015348675606, 0.36172949262230436, 0.6417081045674021, 0.567984726344937, 0.7450494794804986, 0.8896313780111477, 0.8743016605917736, 0.8326000325672337, 0.8850911844486562, 0.1880790930762302, 0.29970883412676513, 0.9803063815813037, 0.3030573190192811, 0.539145609045809, 0.7843416701902416, 0.29118787746463726, 0.8141703783705909, 0.248993520008615, 0.7636313948575215, 0.8812764807602401, 0.4295613587214377, 0.32994752849720754, 0.47241791097447683, 0.3493196045743106, 0.8675623932777013, 0.9321158223991726, 0.9762638363434125, 0.36208623127195083, 0.7984022600886272, 0.6097742643754879, 0.5333394209799456, 0.3348240429948089, 0.36044948141366556, 0.5974427559023806, 0.8754443551431007, 0.9897433471869462, 0.33476331442272156, 0.4020626284262768, 0.35907345481521963, 0.436357118992709, 0.8071680748066605, 0.62615561369447, 0.8852169935505817, 0.8560384253386015, 0.5755529445029343, 0.15197745780450633, 0.1948710285966301, 0.46219954497930643, 0.8757439222065494, 0.8517684555329751, 0.8444311408965061, 0.29285054797735555, 0.7557061994675802, 0.14324893416103032], [0.7049695805924255, 0.6508806802367851, 0.5695288228638606, 0.909614821193029, 0.7719981601520535, 0.15532115742211552, 0.8949843347459127, 0.0, 0.9731034395204547, 0.7281869041593156, 0.0, 0.9152509708313035, 0.625736301298617, 0.5846835974589301, 0.9183272141952932, 0.9999999999999999, 0.5311826804919445, 0.4410806012313771, 0.8135515941229645, 0.6358413742255393, 0.38740147765177235, 0.9342880192188954, 0.5476005029158006, 0.5677668893821269, 0.5928591245696224, 0.676021969941895, 0.8848962783743402, 0.688063393044603, 0.7373812944449777, 0.608033533494636, 0.495211774131718, 0.7194572774457925, 0.81534175515438, 0.9177196937549332, 0.9176855996716278, 0.5516134828373691, 0.5155752966736922, 0.5277396758212823, 0.563295230531121, 0.9097819885348541, 0.670610172796345, 0.3383995847232791, 0.7197488821629947, 0.45246393019856723, 0.5929166944045824, 0.5758867071401796, 0.5101720654980598, 0.9212798635779047, 0.5980416467127252, 0.9370994750938996, 0.8457428557242473, 0.4805530322213526, 0.7271170028379864, 0.7132350854766631, 0.7336185597701075, 0.9106726599649558, 0.9052285741891931, 0.8823446460380632, 0.8862247849272321, 0.26150127781307375, 0.3991243684592818, 0.911989086076171, 0.4058550493854153, 0.616771555767928, 0.8653429023033766, 0.38988903189563967, 0.8805028725896108, 0.335146311378123, 0.7065041945082415, 0.9052121767613788, 0.5648006784244416, 0.4416688427839355, 0.6241069512773051, 0.46498033322469995, 0.927380046600422, 0.899428497302209, 0.918340684108119, 0.4828546732639516, 0.8668186024203927, 0.6702786362646685, 0.6714362963420275, 0.4505430180915582, 0.48388104844121943, 0.7067926407919537, 0.9589904776603123, 0.9239287810629085, 0.4513266314841367, 0.5339264993265976, 0.4702256938947403, 0.5816154107401034, 0.8857461574677092, 0.7309658876205095, 0.7333927426393285, 0.8887999024991338, 0.7011361292878102, 0.2087745574187782, 0.26592304640916187, 0.6059024667152333, 0.8924376960088664, 0.907066984755323, 0.8823130097446704, 0.39760569146488, 0.7428485180468337, 0.20821711956698336], [0.8272909094801656, 0.8436140990138222, 0.9216731466605006, 0.5480456747072987, 0.7806231637445575, 0.32185510443171716, 0.5174645380186542, 0.0, 0.5397107509725104, 0.4053048094665565, 0.0, 0.36451787455506807, 0.8983261851117709, 0.9488641473894762, 0.4028084874576688, 0.5311826804919445, 0.9999999999999998, 0.8479168930240847, 0.5817950677660301, 0.8326878982514615, 0.8586240805116886, 0.5263959651463253, 0.8869478358315055, 0.8533215413240924, 0.8862108683603257, 0.8757328891940964, 0.23212288196633682, 0.8643242318643407, 0.7830165848944464, 0.9381627107102335, 0.9380028164241971, 0.3724717481224528, 0.7309411332512028, 0.49214379246130685, 0.5310058316887893, 0.8653482974237394, 0.9325612605595173, 0.8893355923007517, 0.8222612446454185, 0.3271409183716262, 0.9165358491941105, 0.8241719399253024, 0.7968846715032678, 0.9165920087981493, 0.8720966030577064, 0.9107369602021806, 0.9194788269960043, 0.5064461316591794, 0.9294051657022157, 0.3553919616158914, 0.6663462820513508, 0.9631202834774983, 0.740036110625229, 0.7551936636814511, 0.6902581504029937, 0.43976224060396457, 0.4791092010893535, 0.6205713055519594, 0.7128330967534201, 0.643567865554923, 0.8915541102509017, 0.34827947106954926, 0.8958567094680726, 0.8391737987033556, 0.8250284078306169, 0.8684678524551399, 0.7112525742291989, 0.8020102124729349, 0.7541964836850582, 0.4316174868033941, 0.9706087501216745, 0.906869627083767, 0.8789022959384416, 0.9418592846870403, 0.6145509981962799, 0.5712339641135403, 0.4213880481529366, 0.9429802617056263, 0.7296893851527231, 0.7532200123551663, 0.8853199230135175, 0.9214702527340175, 0.939245586439728, 0.8331138579536881, 0.703720757951185, 0.43696706607897406, 0.8655948693055546, 0.9413148827137688, 0.9265641605959328, 0.9447479563899492, 0.7567426632168909, 0.7002230031300608, 0.46503521743797327, 0.516930992096831, 0.871134798544646, 0.5431423251624258, 0.6620206194116128, 0.9170741489117346, 0.6748633694510612, 0.6496370017079703, 0.5587134663207385, 0.8571562698336727, 0.6833800197834571, 0.5203423208125884], [0.7517427872442287, 0.796753008415316, 0.8353479557364365, 0.5064742529205445, 0.6569391906664912, 0.188919894448859, 0.4102781502928038, 0.0, 0.4448585834345038, 0.33290633320248053, 0.0, 0.3048446687976599, 0.8840219472420059, 0.8615164624814053, 0.33675137945089273, 0.4410806012313771, 0.8479168930240847, 1.0000000000000004, 0.48322216831736226, 0.7435302434722756, 0.8317939598755277, 0.5145831329404529, 0.7638654791374233, 0.7069538138087764, 0.8208515146518718, 0.7587318800102922, 0.19604999588183225, 0.705501000146965, 0.6521698073083319, 0.8926480169135889, 0.8030195706708714, 0.31458804951463526, 0.6840686977795346, 0.4547841722146058, 0.44591839573428466, 0.7284948216382744, 0.8694577360485876, 0.8464157769599931, 0.6804898396123634, 0.27368262222201273, 0.8031114947157382, 0.7038575842906687, 0.7072349435331372, 0.7570978585895273, 0.7294533845354377, 0.7303832188959971, 0.7566197698009423, 0.41591595329321124, 0.8489998520200048, 0.30016253469288, 0.5283909135027539, 0.8708074992470253, 0.6250313420696025, 0.6015951876454129, 0.5848071275335538, 0.39005679301847, 0.39924810239184005, 0.5499648034908095, 0.626116517726055, 0.47722881069326645, 0.8200616577458847, 0.29102114719291117, 0.8329840588056141, 0.6977782575286949, 0.785158276894499, 0.8124976357814827, 0.6452622472123533, 0.6859192659595093, 0.6827632667999407, 0.3517144147222068, 0.8761462171059831, 0.858245485754074, 0.7208469163050563, 0.7823075359150248, 0.5123148509678028, 0.5003649421737947, 0.35124607050241863, 0.8384573480671297, 0.6763643137390458, 0.6012290059814662, 0.8071214336768754, 0.8791013741362185, 0.8830770699819543, 0.6920558854826168, 0.6224639308408201, 0.3690605199262646, 0.6837585140772909, 0.8821338535234433, 0.9335421863084866, 0.7804008423460617, 0.7122712126385419, 0.5619494306827896, 0.3912250854858983, 0.4244725273876666, 0.7629373380934554, 0.3640860184675575, 0.49959204322053374, 0.8059663001507913, 0.5743059957558665, 0.5865821598623144, 0.46733823575863764, 0.8325972433778206, 0.5771798494372605, 0.34317546063640164], [0.8536824665791607, 0.748572672479469, 0.6235319011301077, 0.6709487917852804, 0.6371084786067659, 0.17038693659138757, 0.8061757327186972, 0.0, 0.7557726211426474, 0.9439865172848518, 0.0, 0.8060463627645704, 0.6858305033842318, 0.6406192550072803, 0.8640802829166736, 0.8135515941229645, 0.5817950677660301, 0.48322216831736226, 0.9999999999999999, 0.7329257861673172, 0.4237587635131087, 0.6945690132236203, 0.5894267853535312, 0.6276551290396994, 0.6745896301111338, 0.7409235661844066, 0.583580783113517, 0.761381232725454, 0.8046648417653656, 0.6663078049292144, 0.5419703604514375, 0.9364322578438654, 0.6471230972180202, 0.6610617129784825, 0.8260750678824456, 0.6014876661379456, 0.5643891967447552, 0.5783968617918658, 0.6459557858524699, 0.7976909304106008, 0.7002664674124928, 0.3699449391784852, 0.7955961828575487, 0.4952131529571916, 0.6357336470295005, 0.6306500995711336, 0.5584380138985918, 0.8746915602418348, 0.659481890743715, 0.7560199682553093, 0.8347102829344049, 0.5260177798508652, 0.805840310175771, 0.7585843999897796, 0.8425608368422588, 0.6412465773597333, 0.646316058897503, 0.6649973773168524, 0.8240263464248453, 0.2850627247998107, 0.4365439327224879, 0.8013484877393732, 0.4439864215056717, 0.682865848996633, 0.7691715368794267, 0.42641900140341377, 0.6950088952835827, 0.3660515439282158, 0.8730353824604538, 0.6356502900932264, 0.6186705465192245, 0.4833692517902861, 0.6834138775976744, 0.5087278587321739, 0.7141961611692383, 0.8144542892762323, 0.8141230916610142, 0.5284674049147148, 0.6908946422641418, 0.7442068618592468, 0.7206773117823919, 0.4928984813905685, 0.5295579122580388, 0.7805326881129168, 0.7926540862398538, 0.8919919803514877, 0.49355265652226815, 0.5846985227764643, 0.515097442152631, 0.6367384107816554, 0.7277463906976214, 0.7958136638933516, 0.9455771307455303, 0.641944915729524, 0.7654533348058763, 0.2272433795683724, 0.29002928587064897, 0.664090045775422, 0.7687535162908855, 0.6959664568064903, 0.6471837356191223, 0.43486973505708204, 0.861632382156663, 0.2266206907763857], [0.9052596608571704, 0.9838562109026125, 0.9025354402043544, 0.6513977144436033, 0.840973440966821, 0.3937956158574356, 0.7096305115670423, 0.0, 0.6730938596713156, 0.6285895483276008, 0.0, 0.551861989242629, 0.8282171520346039, 0.8493327778714959, 0.626723080727504, 0.6358413742255393, 0.8326878982514615, 0.7435302434722756, 0.7329257861673172, 1.0000000000000004, 0.8379479971359797, 0.5944625034869486, 0.9161631579787937, 0.9347594865498584, 0.9757949217082194, 0.8005484046970957, 0.3677804671576904, 0.8965455321588687, 0.8518565236318671, 0.8071426916685431, 0.8791723977486401, 0.5901522175111701, 0.7701838658976352, 0.6044791461214043, 0.6980863190947099, 0.925717537893722, 0.8924605855756128, 0.7024301078976951, 0.972696593580296, 0.5132307327969025, 0.9497625080357632, 0.7884105829911203, 0.7810479272839782, 0.8670258308757784, 0.9122904089071732, 0.796493513531054, 0.8728713348010312, 0.7311296481684915, 0.9364283628354249, 0.563090637855065, 0.8625180054902132, 0.8699651586521328, 0.7589559702905719, 0.8167432663840746, 0.890713900468737, 0.5397080691236475, 0.6044523120133579, 0.721744634156161, 0.8046593682652143, 0.7149111274555561, 0.8461162308581297, 0.535599487153418, 0.846819189722021, 0.9379311764479122, 0.8363388968484715, 0.8497987990723883, 0.7757727605697332, 0.7822486460676122, 0.8892445543169162, 0.567729053098904, 0.8386933228113151, 0.8549390846921701, 0.8839064958213099, 0.8677112177324021, 0.6909842265195669, 0.7181249841332299, 0.6082187238768972, 0.8717073322515646, 0.7796584535203831, 0.8946884283042278, 0.8729661307725654, 0.8488258151463507, 0.8164195086530015, 0.9037238867115411, 0.7626980850127574, 0.6559590608745163, 0.8535543828101435, 0.7894600781250416, 0.7901190685719164, 0.8905044483281616, 0.7619501614948425, 0.8119562850326091, 0.6822731254967318, 0.6457249898915406, 0.9119309545093776, 0.6005020174412788, 0.7341088459851919, 0.7466280554295537, 0.8415629700436873, 0.7141179802060125, 0.6821977376051378, 0.8473437784774244, 0.8146448475778044, 0.5884877533232236], [0.7725799488047469, 0.8418435474395962, 0.9047884078846045, 0.5163050082110041, 0.8106262869129651, 0.41862232932613747, 0.5012154890225364, 0.0, 0.4699251689234156, 0.3028961049468427, 0.0, 0.2838931294706188, 0.8183452761552968, 0.863012939380488, 0.29160438873858235, 0.38740147765177235, 0.8586240805116886, 0.8317939598755277, 0.4237587635131087, 0.8379479971359797, 1.0, 0.43547979335406417, 0.929180812722158, 0.8815426574833306, 0.9088942371663921, 0.7033834003891103, 0.15969321154214458, 0.7428098053280042, 0.6588598429812856, 0.778551862849985, 0.9405940726771943, 0.2562487987505574, 0.7317270520650799, 0.4621185391327652, 0.481778531802386, 0.9086194086014526, 0.9597257580272073, 0.6894509388521062, 0.8764965755315957, 0.23307708232265048, 0.9120635959996136, 0.9107891667176718, 0.5760807029840901, 0.9269923047032329, 0.8759261606991835, 0.7670474114419135, 0.9079758781045444, 0.43449174518681033, 0.9074040101356912, 0.2444984450733077, 0.6469685525064902, 0.9518297195115191, 0.5091214711871415, 0.6426477023680004, 0.5709301903368975, 0.378837663986891, 0.46667090804227823, 0.6323724814412343, 0.6486596789192556, 0.8329715747166767, 0.9597895045691128, 0.2610844741566708, 0.9636016351847416, 0.8378540255554483, 0.7241066683650285, 0.9650355435079094, 0.6896529017871431, 0.9226283321838517, 0.7508758037781522, 0.4091172543355204, 0.8416528985882069, 0.9502376507598908, 0.8258846036911354, 0.9414665181616699, 0.5547896517456751, 0.5141411984694907, 0.35684245885568466, 0.9361149724690874, 0.7216402059811613, 0.7122752486344684, 0.7788724124086449, 0.9400718882072283, 0.8837422509417924, 0.7431290598649999, 0.5942695947796115, 0.3006195405174215, 0.9035200689127316, 0.8075015804423438, 0.8763776930135703, 0.8904045018125485, 0.6640082700605325, 0.5745491198944251, 0.38502285253754165, 0.5261129358375317, 0.7916593059505552, 0.7161891166542674, 0.8544268459022679, 0.6852272653720695, 0.6603130376415072, 0.6056479803300864, 0.5694615472980967, 0.9726388156181466, 0.47014387008507474, 0.6917230716851311], [0.