[[1.0, 0.7892203706896289, 0.9789991424340807, 0.9345636510990346, 0.9656667278415684, 0.7916065913270792, 0.8739202958720318, 0.9758204673858393, 0.8182513670059197, 0.9758204673858393, 0.9817851508050295, 0.9548944710879512, 0.9254970458450559, 0.900499346413124, 0.9683925244733957, 0.9826234298327203, 0.9758204673858393, 0.9821021581315088, 0.7386543493753237, 0.9922031457279961, 0.9899924980729322, 0.9098601999131595, 0.8752070228337598, 0.7988473430570967, 0.9823441830221138, 0.6834554295074671, 0.8695603708928591, 0.9889252426195445, 0.9182866516694996, 0.9802448749198227, 0.9844225829636372, 0.8611753542563032, 0.8921341736991167, 0.8786922251568623, 0.9877341663138377, 0.9882637631437032, 0.7585964826808226, 0.9605431336710385, 0.9679750468773137, 0.9828180383023848, 0.9806919225145474, 0.9043388583112257, 0.9969094228468247, 0.9898325386884341, 0.82673886477348, 0.8554324129344866, 0.9844225829636372, 0.7811133612280543, 0.9586429767386511, 0.9389563749184451, 0.6291259661080966, 0.8758226924978516, 0.9181017958991409, 0.7098630617585899, 0.9758204673858393, 0.9741403777355863, 0.9848463467120352, 0.9196617083998558, 0.988491284097915, 0.9860037571320937, 0.9838075110792706, 0.8480557440239622, 0.9928392215482424, 0.9909636107391696, 0.99436454382884, 0.8264859110010543, 0.9859934131321576, 0.974258991430369, 0.8724093299967663, 0.8375567526955207, 0.9746237201990623, 0.6956582705111346, 0.9758204673858393, 0.8370025790606566, 0.940024994729658, 0.9889423330957291, 0.9715126882194346, 0.9403202693033341, 0.8259505465687274, 0.9935400857060557, 0.8321031761944971, 0.9382477122782187, 0.9546083633665332, 0.8893579528326888, 0.7199027806312317, 0.8806263795441788, 0.8975075848281001, 0.9782232284816982, 0.9067863789596965, 0.9735817618673483, 0.992016223853192, 0.9758204673858393, 0.9892275849167202, 0.8982239518045355, 0.8922324523433871, 0.8917744418415683, 0.9857642548274168, 0.9227920831417368, 0.9098853821494578, 0.8366901201659183, 0.9308826585725346], [0.7892203706896289, 1.0, 0.8007655965182114, 0.8778614721406754, 0.8276093312417815, 0.9513884632612944, 0.9757320301183128, 0.7257255959728192, 0.9909996860607965, 0.7257255959728192, 0.7471122336963686, 0.8849809719014463, 0.9321764897131187, 0.9629287277296752, 0.8515516231892134, 0.7623524053780549, 0.7257255959728192, 0.7707176380391844, 0.9818360074392832, 0.8171407290482244, 0.8009674065950789, 0.9312645613106569, 0.9482177477720004, 0.9886452322761337, 0.8312699373223822, 0.9472012993051038, 0.9781888829638296, 0.7944677016340814, 0.9360226503008787, 0.7378593740885407, 0.7393904009311844, 0.9848232572617002, 0.9643837768383907, 0.9691107541962658, 0.8449715220235408, 0.7852081406452831, 0.9613887844797709, 0.9126742128294028, 0.8958451259190762, 0.8250619146970853, 0.8559439496639406, 0.945807065577489, 0.7951739049563972, 0.7824725221897887, 0.9911314177045354, 0.9795143038602147, 0.7393904009311844, 0.9923171325925298, 0.8971147076283424, 0.9200693045425483, 0.9197863859665762, 0.9788587542114221, 0.9181362208042779, 0.9662537565630329, 0.7257255959728192, 0.8468339729796993, 0.7736941822112725, 0.9424086064757532, 0.7697586971327185, 0.7829686566860485, 0.7398526643740446, 0.9674792035587407, 0.8045195809385913, 0.801545802026197, 0.8299897892238653, 0.9899367869493264, 0.783642857017417, 0.7467963355072371, 0.9539249239441985, 0.9832029531788947, 0.8593080298465665, 0.9664732154514485, 0.7257255959728192, 0.9721394934151321, 0.8667990996840745, 0.8146426620845155, 0.8843099259655559, 0.9311405277788878, 0.988979451814493, 0.7966161162311554, 0.9842427893507029, 0.9033195471408806, 0.7463864824647969, 0.9620800445192896, 0.9817174441306942, 0.9548955110218964, 0.9516837756822392, 0.8528938966435898, 0.9595870975804487, 0.845839174849423, 0.7732476436293174, 0.7257255959728192, 0.8299668035477342, 0.9638156669161567, 0.9742846328508593, 0.9675122181024816, 0.8268526267785856, 0.9242687807493256, 0.9603802434186397, 0.9879727490228393, 0.9372458108861008], [0.9789991424340807, 0.8007655965182114, 1.0, 0.9446382081617362, 0.9755077739487253, 0.7746494194567932, 0.8757833591997426, 0.9722464593634029, 0.8224354465241401, 0.9722464593634029, 0.9775228488951341, 0.9609116357619094, 0.9293826810232207, 0.905514368914096, 0.9675963443002656, 0.979671895503305, 0.9722464593634029, 0.9799839089743788, 0.7593293467244685, 0.9839111036654625, 0.9890094569189822, 0.9191833986694944, 0.8564161160842564, 0.7962372683043989, 0.9801948873797378, 0.6804653833716674, 0.8737942769448019, 0.9838289215142926, 0.9254376210941275, 0.9757643199461531, 0.9779047109612297, 0.8611257766072796, 0.8933220710525136, 0.8857290641515692, 0.9757434863170644, 0.9832402593744368, 0.7477798786971629, 0.9589922487736744, 0.9623592067932093, 0.9814889685661814, 0.9766860319690999, 0.9138318779390212, 0.9839935084646289, 0.9832979892498996, 0.8322362212126926, 0.8519052577081483, 0.9779047109612297, 0.7902041246824758, 0.9599858894787904, 0.9284248997901583, 0.6192077128593411, 0.8767501779092517, 0.9280161631212027, 0.7041753038842102, 0.9722464593634029, 0.9735181486156089, 0.9813502977444093, 0.9241607701239797, 0.9818811960160239, 0.9823755187869414, 0.9785160924423915, 0.8372777798069745, 0.9852402973335703, 0.9843483400278314, 0.9828643792065883, 0.8230793902109138, 0.9818566629111664, 0.994668129873287, 0.8620272971549218, 0.8461116543769232, 0.9743075131583803, 0.6937747619904616, 0.9722464593634029, 0.871086285069662, 0.9494076715301972, 0.988169644974044, 0.9682669146007616, 0.9413201368601958, 0.8338760528033723, 0.9844667454693355, 0.827352509479021, 0.9451942154611133, 0.9815444837004448, 0.8972880700014508, 0.7231954403064605, 0.8909994591635895, 0.9279083742428582, 0.9759597254584202, 0.8985519186066201, 0.978076836206636, 0.9850986885219216, 0.9722464593634029, 0.9811435847396396, 0.8956430123446403, 0.9022248324922802, 0.8896187345080617, 0.9827833029662145, 0.9296386240286696, 0.9049232198210843, 0.8423450189476831, 0.9426429252204548], [0.9345636510990346, 0.8778614721406754, 0.9446382081617362, 1.0, 0.9808672416627905, 0.8182465220686994, 0.9289815928754206, 0.9316368505516291, 0.9074878387708698, 0.9316368505516291, 0.9393454078974278, 0.9922019577091786, 0.9870008792354601, 0.9651873551668958, 0.9902158292793591, 0.9494388080903664, 0.9316368505516291, 0.9540074175211003, 0.8153660294590794, 0.9642644079592103, 0.9499081622039631, 0.9876365157540528, 0.890390750912121, 0.8773678155464848, 0.9674966372800219, 0.7408273167238397, 0.9460724716296013, 0.9587525594261646, 0.9846859733674688, 0.9355217572311598, 0.9339581054792642, 0.9236025559472059, 0.9355795049149401, 0.9583573558948072, 0.9461232970571052, 0.9551151280585773, 0.8025212335476549, 0.9746696760211929, 0.9508548868384911, 0.9737373952195164, 0.9666598047727484, 0.9805996348435131, 0.9444134698069595, 0.9530584332503159, 0.911371343459479, 0.8971622931214113, 0.9339581054792642, 0.8829308129643566, 0.9804569612823858, 0.951749536423796, 0.6873160982096296, 0.9412663696989173, 0.994616657211623, 0.777468485203467, 0.9316368505516291, 0.9859482981961234, 0.9526362994594979, 0.9807527555208327, 0.9480789830152732, 0.9565827358422556, 0.9333745640390352, 0.8716491065850366, 0.9569588242526955, 0.9607028581401684, 0.9610297634851095, 0.8900180113509909, 0.9611227364017377, 0.9236954087930135, 0.8948343887255273, 0.929992803882116, 0.9837045966466895, 0.7663970274386653, 0.9316368505516291, 0.9290011125040553, 0.9995567816558184, 0.9513808588716973, 0.9726442595094165, 0.9745379973865514, 0.9179754996156773, 0.9535328514631204, 0.8877829539203405, 0.9960753978275421, 0.8943535731111576, 0.9695942088760955, 0.8097287199659435, 0.9728019492961777, 0.9557327867004242, 0.9867312300229122, 0.9419095776513223, 0.9837080489954612, 0.9397221502337875, 0.9316368505516291, 0.9717342820622441, 0.9499948228546422, 0.9483920847967948, 0.9496549697938839, 0.97563693723497, 0.9892460596566146, 0.9403389372489882, 0.9204819151820349, 0.9794081817720822], [0.9656667278415684, 0.8276093312417815, 0.9755077739487253, 0.9808672416627905, 1.0, 0.7857762476148856, 0.8915841456148522, 0.9664774560988068, 0.8514452596087282, 0.9664774560988068, 0.9708514375234462, 0.9787604951207346, 0.9608846542255279, 0.9291110366857643, 0.9923791026986982, 0.9763100063641493, 0.9664774560988068, 0.9789399217305707, 0.7640887156548517, 0.9830205463571192, 0.9842813411556586, 0.9543397944638365, 0.8666579818026351, 0.8214250575887423, 0.9771761821872629, 0.6974588641202788, 0.9027621986607854, 0.9806336412151428, 0.9547528315367825, 0.9689600623339878, 0.9705823150775496, 0.8804745550223153, 0.9040297670356056, 0.916508555599335, 0.96387600877304, 0.978998553959427, 0.7579107998391826, 0.9715239822061583, 0.9591948840504603, 0.9854342906467246, 0.973748845630087, 0.944565805212132, 0.9743703852765063, 0.9784084999528141, 0.8593311932567133, 0.85914937551823, 0.9705823150775496, 0.8196242590747016, 0.9730151676060703, 0.9439797201011835, 0.6309927683597383, 0.898907870359847, 0.963823491598591, 0.7202213397203027, 0.9664774560988068, 0.9918713017770734, 0.9780047142835427, 0.9514592080282689, 0.9760586955066245, 0.9801453840578919, 0.9711891186308307, 0.8386714141241578, 0.9829830233778262, 0.9815557392735279, 0.9776995909573526, 0.8434790232748085, 0.9817921832237756, 0.9666003011288444, 0.8702733618220914, 0.8745983052708703, 0.9871379733059691, 0.7100572141291353, 0.9664774560988068, 0.8856840487318891, 0.9847597974632856, 0.9841374696057705, 0.9700315601437929, 0.9635257624455819, 0.8644846503966014, 0.9778144240814459, 0.8436734885569015, 0.9767405512422223, 0.951920955833249, 0.9287432474419179, 0.7449874647738545, 0.9270561331762314, 0.9320733520551587, 0.9904779517623623, 0.9106228525532474, 0.9928200271272837, 0.9755819915015759, 0.9664774560988068, 0.9866187612563166, 0.9143394745351036, 0.9228366710756232, 0.9115401134511354, 0.9907049224835953, 0.9583760649645816, 0.9125392989461414, 0.8683295988319728, 0.9662042460913056], [0.7916065913270792, 0.9513884632612944, 0.7746494194567932, 0.8182465220686994, 0.7857762476148856, 1.0, 0.9316930283334823, 0.6914468994841222, 0.9427873609074733, 0.6914468994841222, 0.7141365591456954, 0.8301778732528526, 0.8911564426445339, 0.9117897419109571, 0.8156240551160299, 0.7272176054167373, 0.6914468994841222, 0.7332254396614788, 0.9539018109566962, 0.7929772345701744, 0.7784968978230465, 0.876990790868515, 0.9813953685612317, 0.9667353348827576, 0.7925729516937097, 0.9729249059254651, 0.9378389303267868, 0.7637407397658325, 0.8800604273526695, 0.7055589428575505, 0.7153844387646664, 0.9515332185104347, 0.9195775736164985, 0.9243164221136165, 0.8317803551833529, 0.7539205468046446, 0.9726541363612082, 0.8881391688124864, 0.8894402016557128, 0.7869081469429003, 0.8234069912976807, 0.8829946664141933, 0.786858659814418, 0.7541897581748886, 0.9497593729481164, 0.9564881109530581, 0.7153844387646664, 0.9295918769804445, 0.8516235484463096, 0.92490736697709, 0.9473043557606026, 0.9392774759515651, 0.857902413868366, 0.9669022757160113, 0.6914468994841222, 0.8098775014373967, 0.7392845750525908, 0.8967559252778965, 0.740697475541574, 0.7490995055022114, 0.7158316937915311, 0.9642091037138616, 0.7868738706823721, 0.7734577892413055, 0.814604666085371, 0.9735863657232634, 0.7507582552778571, 0.7203093682631603, 0.9531798131973148, 0.9226441319407911, 0.8202590401696563, 0.9653532223931689, 0.6914468994841222, 0.9080871207647275, 0.8091970871328502, 0.7976878463555833, 0.852648997582211, 0.9035460834458188, 0.9396145065751059, 0.7731723048228085, 0.9671328215233287, 0.8553899672384953, 0.7324024378600384, 0.9041457300152289, 0.9439322780880013, 0.8917206860602646, 0.900062633314241, 0.8187621341361389, 0.9456125271673728, 0.8074881132865914, 0.7547304417715617, 0.6914468994841222, 0.8069636701411216, 0.9335157757253779, 0.9293645977854919, 0.9388546886858905, 0.8003192519104324, 0.8703856323838965, 0.9395215546719241, 0.9376175596727259, 0.8879756587602485], [0.8739202958720318, 0.9757320301183128, 0.8757833591997426, 0.9289815928754206, 0.8915841456148522, 0.9316930283334823, 1.0, 0.8228194580624718, 0.9834858742360202, 0.8228194580624718, 0.8425703164111288, 0.9437804604849841, 0.9651945380896254, 0.9911397111211551, 0.9174712732712241, 0.8545852848208212, 0.8228194580624718, 0.8617417875198174, 0.945045500377807, 0.8997724416127861, 0.8770974437110635, 0.960003051666241, 0.9540049374452807, 0.9707801246771587, 0.9118576728896076, 0.8874089336986126, 0.9861713081570705, 0.8817588643731943, 0.9728362853089604, 0.8343362818976712, 0.8329417537867263, 0.9955637060621689, 0.9969642251339904, 0.9791738010979845, 0.9231836096384685, 0.8744199218765212, 0.946604523596203, 0.9619445803352622, 0.9496003315683015, 0.9054230976910297, 0.929582850976254, 0.9777505477024137, 0.8776858707245159, 0.8716937844398966, 0.9829358762841206, 0.9921056079356518, 0.8329417537867263, 0.9784143222968069, 0.9602130516209557, 0.9588978059348446, 0.8643906051129844, 0.992487508026123, 0.9566316278079054, 0.9302135693723768, 0.8228194580624718, 0.9185099378089955, 0.8648365015918178, 0.9754209877050906, 0.8612923044414722, 0.8725712062173717, 0.8324213278406587, 0.9817283938550222, 0.8854901382243129, 0.8871449325686532, 0.907952957266192, 0.9828565976584953, 0.8691552787028198, 0.8318506591592525, 0.9799971661686706, 0.9846290574111397, 0.9317032561974253, 0.9238769071882784, 0.8228194580624718, 0.9667238698668179, 0.9219730423705371, 0.8856848544931554, 0.9482911212317898, 0.9699979010719167, 0.9808379397535092, 0.8837696843713275, 0.9851262956077661, 0.9472729474762291, 0.8133082340441731, 0.9862574846054651, 0.951234661175966, 0.973131974632912, 0.9720036683387098, 0.9217922420319592, 0.9802146175688985, 0.9114719185261698, 0.8599794155810425, 0.8228194580624718, 0.9071423898522372, 0.9830500887930927, 0.9896562825776719, 0.9833507663922639, 0.8999223078410241, 0.9597120843921852, 0.9906631553425596, 0.9920887302816465, 0.9701054794355115], [0.9758204673858393, 0.7257255959728192, 0.9722464593634029, 0.9316368505516291, 0.9664774560988068, 0.6914468994841222, 0.8228194580624718, 1.0, 0.7603250488773196, 1.0, 0.999036195953841, 0.9468762888282419, 0.8938467689734234, 0.8617380442964883, 0.9590413584030664, 0.9977718478926247, 1.0, 0.9966664178528192, 0.662126516388459, 0.9831648923573586, 0.9822349052169802, 0.8854531331130406, 0.7870261362135896, 0.7253174914627176, 0.9788375352947088, 0.5875907947938737, 0.8185332853961417, 0.9914242790713514, 0.8929111452360556, 0.9995591897916375, 0.9978885044589233, 0.8015729606702852, 0.8454811810281929, 0.8341543968171016, 0.9609846927242274, 0.993646983964836, 0.6688087007428062, 0.9245234917136983, 0.9242231882694404, 0.9825968220645692, 0.965832748477196, 0.8789010255123868, 0.9819381935222788, 0.9934708501586892, 0.7679525333689067, 0.7888065839678333, 0.9978885044589233, 0.7265648903053774, 0.9403871920305449, 0.8811384698662326, 0.5327468923072525, 0.8220964154330891, 0.901512658199317, 0.6223357515342373, 1.0, 0.9672929229379135, 0.9961563581917656, 0.8867757197798273, 0.9960797749655662, 0.9944252238287044, 0.9972650190031371, 0.7700543014095186, 0.9842575722376184, 0.9892344744704408, 0.9750273481498452, 0.7532572561416113, 0.9932598228715078, 0.9823917162549926, 0.8004811315179052, 0.7909644882327869, 0.9653730228993918, 0.609855430363212, 1.0, 0.7942856829382006, 0.9397645269032944, 0.9744259408747482, 0.9478881263576487, 0.9009325631718884, 0.7721181773434765, 0.9890785852905535, 0.7593075984945665, 0.9213608061477822, 0.9468178476565589, 0.8545685678621634, 0.6481790257897598, 0.8498758565854106, 0.8594739706360897, 0.9673768872300401, 0.8440947765612311, 0.9684454004232551, 0.9902798354908652, 1.0, 0.9760441896151585, 0.8445322657204658, 0.84451703677618, 0.836172737270578, 0.9781193506619479, 0.8996779128691532, 0.8529297800399156, 0.7835263077693748, 0.9008600195744623], [0.8182513670059197, 0.9909996860607965, 0.8224354465241401, 0.9074878387708698, 0.8514452596087282, 0.9427873609074733, 0.9834858742360202, 0.7603250488773196, 1.0, 0.7603250488773196, 0.7804271150764908, 0.9137422654516574, 0.954409123776956, 0.9794840719770137, 0.8819872234062722, 0.795481775977878, 0.7603250488773196, 0.8037780971564227, 0.9662205634878466, 0.8467688785969731, 0.8236294867981119, 0.9547950548411318, 0.9540644010135342, 0.9922822915190654, 0.8592768507291914, 0.9221685722002445, 0.9913266881964102, 0.8258867573240858, 0.960238330275124, 0.7713438180488073, 0.7720627446983692, 0.9911396693251519, 0.9764098096032469, 0.9841945735098832, 0.8683701329066787, 0.8168452566204999, 0.9499699872174305, 0.9306056415838524, 0.9086605319060583, 0.8556628268840829, 0.8839789618649473, 0.9679994720453503, 0.8238030315649137, 0.8145037395149001, 0.9976012484619133, 0.9830998704284082, 0.7720627446983692, 0.9950884306601029, 0.9212086428787533, 0.9321525486729174, 0.8968725067796501, 0.9915825563124855, 0.9427505209414282, 0.9511322503554702, 0.7603250488773196, 0.8761540122596125, 0.8061179695371373, 0.9639340778303848, 0.8022758012707928, 0.8146399597279088, 0.7715803562450271, 0.9673457973456405, 0.8331722195802118, 0.8323864148733346, 0.8582392545270509, 0.9911251022030505, 0.8167729764134731, 0.7715233482324715, 0.9539994421918108, 0.9959331425453867, 0.8857697745565432, 0.9476670174424253, 0.7603250488773196, 0.9782470979044734, 0.8971068470355501, 0.8345318067518974, 0.9091991376581915, 0.9462003329655824, 0.9975158256882506, 0.8274332274925789, 0.9850403920825483, 0.9296952592059434, 0.7585418894024578, 0.9778744332074477, 0.9715898583719387, 0.9755020659245619, 0.9602658838975332, 0.8824116281138537, 0.9743113503389825, 0.8726200641672315, 0.8010640081632254, 0.7603250488773196, 0.8597425239362001, 0.9815193825975176, 0.9787880067134113, 0.9822312243125405, 0.8559901374769682, 0.9497679075953493, 0.9715969198431808, 0.9930151889948892, 0.950621287128314], [0.9758204673858393, 0.7257255959728192, 0.9722464593634029, 0.9316368505516291, 0.9664774560988068, 0.6914468994841222, 0.8228194580624718, 1.0, 0.7603250488773196, 1.0, 0.999036195953841, 0.9468762888282419, 0.8938467689734234, 0.8617380442964883, 0.9590413584030664, 0.9977718478926247, 1.0, 0.9966664178528192, 0.662126516388459, 0.9831648923573586, 0.9822349052169802, 0.8854531331130406, 0.7870261362135896, 0.7253174914627176, 0.9788375352947088, 0.5875907947938737, 0.8185332853961417, 0.9914242790713514, 0.8929111452360556, 0.9995591897916375, 0.9978885044589233, 0.8015729606702852, 0.8454811810281929, 0.8341543968171016, 0.9609846927242274, 0.993646983964836, 0.6688087007428062, 0.9245234917136983, 0.9242231882694404, 0.9825968220645692, 0.965832748477196, 0.8789010255123868, 0.9819381935222788, 0.9934708501586892, 0.7679525333689067, 0.7888065839678333, 0.9978885044589233, 0.7265648903053774, 0.9403871920305449, 0.8811384698662326, 0.5327468923072525, 0.8220964154330891, 0.901512658199317, 0.6223357515342373, 1.0, 0.9672929229379135, 0.9961563581917656, 0.8867757197798273, 0.9960797749655662, 0.9944252238287044, 0.9972650190031371, 0.7700543014095186, 0.9842575722376184, 0.9892344744704408, 0.9750273481498452, 0.7532572561416113, 0.9932598228715078, 0.9823917162549926, 0.8004811315179052, 0.7909644882327869, 0.9653730228993918, 0.609855430363212, 1.0, 0.7942856829382006, 0.9397645269032944, 0.9744259408747482, 0.9478881263576487, 0.9009325631718884, 0.7721181773434765, 0.9890785852905535, 0.7593075984945665, 0.9213608061477822, 0.9468178476565589, 0.8545685678621634, 0.6481790257897598, 0.8498758565854106, 0.8594739706360897, 0.9673768872300401, 0.8440947765612311, 0.9684454004232551, 0.9902798354908652, 1.0, 0.9760441896151585, 0.8445322657204658, 0.84451703677618, 0.836172737270578, 0.9781193506619479, 0.8996779128691532, 0.8529297800399156, 0.7835263077693748, 0.9008600195744623], [0.9817851508050295, 0.7471122336963686, 0.9775228488951341, 0.9393454078974278, 0.9708514375234462, 0.7141365591456954, 0.8425703164111288, 0.999036195953841, 0.7804271150764908, 0.999036195953841, 1.0, 0.9561460326218985, 0.906612039627155, 0.8783503037903476, 0.9658076203418963, 0.9994403994601992, 0.999036195953841, 0.9986147646264609, 0.6851255097532133, 0.989267373010169, 0.9868244584985729, 0.8978100831121496, 0.8068765776810343, 0.747039788699516, 0.985853420921502, 0.6105740596846626, 0.8365363897001951, 0.9957224774576371, 0.9063729402847209, 0.9998255614127857, 0.9981544308606537, 0.8219325461694882, 0.8642719502061532, 0.8508413826344939, 0.9708513308100689, 0.9972718934152112, 0.6932436920716325, 0.9372951597751618, 0.9377205133143809, 0.9886319820507694, 0.9748787132852171, 0.8930295037380604, 0.987181945357334, 0.9970266280848205, 0.7880537417147924, 0.8104289633310892, 0.9981544308606537, 0.7476285309714507, 0.9517341109092368, 0.8968123884285729, 0.5570020204500133, 0.8407568898704848, 0.9129001045906011, 0.6466317490992903, 0.999036195953841, 0.9741968159911947, 0.9987395542217976, 0.9010282186587817, 0.9985757000123824, 0.9976930651021951, 0.9975307792527944, 0.7927235107922143, 0.9891870794585025, 0.994007384501793, 0.9826638873643673, 0.7748078034807844, 0.995937348926195, 0.9838636311229142, 0.8217863534496899, 0.8097910269244045, 0.9736623175973668, 0.6341263511959226, 0.999036195953841, 0.8116405520671155, 0.9466375947248512, 0.9803128550988593, 0.9591738317910774, 0.9145937520430879, 0.7914201621637744, 0.9939443481235689, 0.7812695687423991, 0.9314113598826119, 0.9494041965729595, 0.8705862329099993, 0.6718763398063575, 0.8648015172141069, 0.8750265815822056, 0.9746234874402222, 0.8620282130083807, 0.9747549109379584, 0.993490442664478, 0.999036195953841, 0.9826397284096706, 0.8619544682442143, 0.8623235559778528, 0.8539902305265796, 0.9835947730642906, 0.9116788133872793, 0.8718953394036391, 0.8037475339198592, 0.9142698219094328], [0.9548944710879512, 0.8849809719014463, 0.9609116357619094, 0.9922019577091786, 0.9787604951207346, 0.8301778732528526, 0.9437804604849841, 0.9468762888282419, 0.9137422654516574, 0.9468762888282419, 0.9561460326218985, 1.0, 0.984985386397967, 0.9724919457538884, 0.9884295395049468, 0.9644366624137196, 0.9468762888282419, 0.9682837806079226, 0.8270241809146469, 0.9790959328983687, 0.9664120782436693, 0.9841143003956492, 0.9018657055930263, 0.8838571214690746, 0.9860517259175725, 0.7520867997447864, 0.9498998336015869, 0.9748433758507045, 0.9871889934330508, 0.9516741023558145, 0.9500834532171064, 0.9345085512590323, 0.9547892754272161, 0.9601048235781188, 0.9710079890086012, 0.9715126247676465, 0.8176062617930119, 0.9848458148787591, 0.9705099043077406, 0.9871153796438599, 0.9879482923759652, 0.9827900956598564, 0.9639419904578771, 0.9697153235270558, 0.9181781520536153, 0.9180900376987132, 0.9500834532171064, 0.88997015450568, 0.9922850762524783, 0.9560107204446712, 0.7008843698530729, 0.9497109998927834, 0.9891965766480983, 0.7892470031183811, 0.9468762888282419, 0.9892077267067672, 0.9682901473241791, 0.9842925645005294, 0.9647400526234412, 0.9716892772614664, 0.9494898365833673, 0.893950614982651, 0.9724668574152893, 0.9763272082426588, 0.9790359434314622, 0.8997139142800041, 0.973803014474353, 0.9404829356149809, 0.9089235085695535, 0.9362862967798159, 0.9914278769925876, 0.7794776141563969, 0.9468762888282419, 0.9323660981719135, 0.9916791343937404, 0.9672181028981339, 0.9911075997988559, 0.978731651690884, 0.9226578706048522, 0.9718461764891587, 0.8994477859078791, 0.9931693240641994, 0.911421265797528, 0.9707124879108147, 0.820568742350716, 0.9706326301712821, 0.9636215089968925, 0.9924295076871708, 0.953867558701851, 0.9895504954351453, 0.9583265813642192, 0.9468762888282419, 0.981975921811724, 0.9606023768879155, 0.9584825048537587, 0.955874734974926, 0.984609979891468, 0.9898766958179821, 0.9571501895083777, 0.9270940695669655, 0.9849477438649004], [0.9254970458450559, 0.9321764897131187, 0.9293826810232207, 0.9870008792354601, 0.9608846542255279, 0.8911564426445339, 0.9651945380896254, 0.8938467689734234, 0.954409123776956, 0.8938467689734234, 0.906612039627155, 0.984985386397967, 1.0, 0.9884349508068545, 0.9769256453678603, 0.9183747173754925, 0.8938467689734234, 0.9239570363868631, 0.882097295756168, 0.9494963593412069, 0.9345976230909534, 0.9976734147350673, 0.9457381662051434, 0.934917948159424, 0.9530440304748422, 0.8252166841869213, 0.9823875525535064, 0.9367161226357827, 0.9951230054758076, 0.9009109480700412, 0.9033424749663025, 0.9658358835689763, 0.967597623670682, 0.9880516989816048, 0.9475705748687046, 0.9308259946675723, 0.8715800013602771, 0.9866512937284234, 0.9674442821149236, 0.9559638286534614, 0.9626241606548838, 0.9931445823930258, 0.9325742733165663, 0.9294991828948177, 0.9588160148435875, 0.9464516445707275, 0.9033424749663025, 0.9318906544439356, 0.9810664357619134, 0.9762591755808765, 0.7733718067615808, 0.9779068857711771, 0.9954324977030609, 0.852207644452573, 0.8938467689734234, 0.9717663142351609, 0.9245136016479197, 0.9970068039480148, 0.9214968573878335, 0.930430358776887, 0.9027780623167744, 0.9261056541940599, 0.9425972349663461, 0.9410711359532662, 0.9532361868553615, 0.9459838178575589, 0.93454916313344, 0.896848308700619, 0.9390838669175344, 0.9668575968590499, 0.97261109986692, 0.8439675207736363, 0.8938467689734234, 0.9625557118471243, 0.9833845571118075, 0.9416943499279501, 0.9761873820625879, 0.9908007799808715, 0.9621570734759519, 0.9354832499713902, 0.9408438408868492, 0.995964041979468, 0.8791268030068845, 0.9901794774514552, 0.8749974031972403, 0.9909137594837345, 0.978762386699466, 0.974975164524423, 0.9780986035018291, 0.9698622328857462, 0.9194614582722579, 0.8938467689734234, 0.9594537257872909, 0.9836393940429969, 0.9800334650203746, 0.9836758063691576, 0.9613958960158101, 0.9961731730245206, 0.9742096576117758, 0.961246973544001, 0.99210174824417], [0.900499346413124, 0.9629287277296752, 0.905514368914096, 0.9651873551668958, 0.9291110366857643, 0.9117897419109571, 0.9911397111211551, 0.8617380442964883, 0.9794840719770137, 0.8617380442964883, 0.8783503037903476, 0.9724919457538884, 0.9884349508068545, 1.0, 0.9515883956834108, 0.890551850628198, 0.8617380442964883, 0.8972125681100619, 0.9214412043177108, 0.9282675058459406, 0.9077411455947492, 0.9863819211504982, 0.9513977373271965, 0.9612646768919682, 0.9376890194809179, 0.8579105129978427, 0.9930337569140616, 0.9138482296727082, 0.9936192664775602, 0.8710271467742322, 0.870033087934345, 0.988844492994807, 0.9917174801758879, 0.9925734298293861, 0.9387319726973874, 0.9069469587039178, 0.9151556593438793, 0.9788416476626124, 0.9610970641790199, 0.936165871177679, 0.9521731012791577, 0.9957960087265946, 0.9067207129245247, 0.9047020561097954, 0.9804179352672399, 0.9780282363180208, 0.870033087934345, 0.966701174730962, 0.9776647557811722, 0.969736566289946, 0.8234338717393673, 0.9945151629204151, 0.9841486484836298, 0.8977642172287479, 0.8617380442964883, 0.9498175286075459, 0.899080284700936, 0.993777113210477, 0.8950414419813649, 0.9058463449028932, 0.8694894871473273, 0.9604105081904531, 0.9160044847178165, 0.918284163170704, 0.9340218312851247, 0.9708206760081595, 0.9060066015905649, 0.8662434537807121, 0.9646546025405736, 0.9879041110038358, 0.9573477622795543, 0.8899745614303447, 0.8617380442964883, 0.9752353164327023, 0.9594215943067099, 0.9148977916522661, 0.9675342027544883, 0.9849208895506314, 0.981760312802802, 0.9134105697049236, 0.9711432292715692, 0.9778546566830475, 0.845039776182338, 0.9968274599008871, 0.9231098709635313, 0.9921261335953466, 0.9826417405495398, 0.9533148145578085, 0.9867466228491456, 0.9455141003695999, 0.89156148548338, 0.8617380442964883, 0.9370271177676597, 0.9916086762606421, 0.9925897389315551, 0.9915056871741602, 0.9335954272487681, 0.9860925950918692, 0.9902184580698092, 0.9855102721644299, 0.9883374786137613], [0.9683925244733957, 0.8515516231892134, 0.9675963443002656, 0.9902158292793591, 0.9923791026986982, 0.8156240551160299, 0.9174712732712241, 0.9590413584030664, 0.8819872234062722, 0.9590413584030664, 0.9658076203418963, 0.9884295395049468, 0.9769256453678603, 0.9515883956834108, 1.0, 0.9726240529656954, 0.9590413584030664, 0.9758486918632316, 0.7919477619009891, 0.98670730851177, 0.9746196092775017, 0.9696685862775075, 0.8935794604438009, 0.8557785888652018, 0.9811630815208555, 0.7231411983690506, 0.9278540284020299, 0.9812503059353601, 0.9727358993299348, 0.9629948809899387, 0.9631607197977802, 0.9083918563030677, 0.9277194755126642, 0.9383614709523066, 0.9700096359551021, 0.9785186833868305, 0.7955951306082766, 0.9819174635984104, 0.9658088749403918, 0.9885280032233464, 0.9799046301714915, 0.9634388963189244, 0.9731503285179433, 0.978100785071813, 0.887003943299309, 0.887689511567457, 0.9631607197977802, 0.8512099240348258, 0.9846772646359809, 0.9625160632358072, 0.6699543156927432, 0.9265433690358014, 0.9788872446935897, 0.758282642052326, 0.9590413584030664, 0.9980136390451134, 0.9756233822443077, 0.9691483686739724, 0.9741125634111345, 0.9788677918171833, 0.9625589324260497, 0.8709574328999797, 0.980927435880482, 0.983289351303309, 0.9824798224301562, 0.8747395466564805, 0.9807653501133575, 0.9526495729370671, 0.8994919473432645, 0.9026583590558818, 0.9943013336962925, 0.7446029051670439, 0.9590413584030664, 0.9021165555287171, 0.9926647603209733, 0.9754379834871164, 0.9798524221043658, 0.9752919242106467, 0.8912782394559677, 0.9789125863093484, 0.8768859983672892, 0.9876396820851985, 0.9256397405901019, 0.9507163468499282, 0.7814219368723206, 0.948803708076342, 0.9429088463185, 0.997034311950495, 0.9370544156401656, 0.9927882129628184, 0.9693563019861346, 0.9590413584030664, 0.9927362381423219, 0.9392845361393952, 0.9370577669770662, 0.9384184392436312, 0.9915317719489745, 0.973852172940016, 0.936755961683926, 0.8971252597897194, 0.9731017719660867], [0.9826234298327203, 0.7623524053780549, 0.979671895503305, 0.9494388080903664, 0.9763100063641493, 0.7272176054167373, 0.8545852848208212, 0.9977718478926247, 0.795481775977878, 0.9977718478926247, 0.9994403994601992, 0.9644366624137196, 0.9183747173754925, 0.890551850628198, 0.9726240529656954, 1.0, 0.9977718478926247, 0.999565456038132, 0.7000774738942018, 0.9920228845331958, 0.9885480912002469, 0.9104080231109174, 0.8187625114657371, 0.7623213376197011, 0.9895089130833616, 0.6250483908526041, 0.8504610702991022, 0.9974758145255661, 0.9178726224853682, 0.9989130740777246, 0.9972434686771019, 0.8352994144674756, 0.8751522912704547, 0.8647242552131548, 0.9737422622375137, 0.9985332750478126, 0.7065134012733467, 0.9455061155529186, 0.9440337731148774, 0.9923887036756959, 0.9793257384309333, 0.9053026706890465, 0.9884150951603551, 0.9980780497575062, 0.8029383854520264, 0.8225806442101697, 0.9972434686771019, 0.7631917159284295, 0.9591394273159816, 0.9063918578859547, 0.571214544469455, 0.8540548569806297, 0.9247828440893237, 0.6614469349630974, 0.9977718478926247, 0.9799615548920927, 0.9995831834263483, 0.9127016503271015, 0.9990362320643476, 0.9990021657716135, 0.9966203862427221, 0.8041641681022658, 0.9912865788801452, 0.996113577189442, 0.9859819121610593, 0.7890300458264026, 0.9980314842804606, 0.9833130605038476, 0.8325610783608133, 0.8245855156177043, 0.9795102911350774, 0.6489465705704989, 0.9977718478926247, 0.826116091468884, 0.9560539322548435, 0.9828439971758335, 0.9656595772561226, 0.9245352879121586, 0.80651636708524, 0.995363287665961, 0.7947593719098921, 0.9419463078052336, 0.9492082112655215, 0.8837909906279993, 0.6873180701716769, 0.8787584589103135, 0.8867442826005945, 0.9806874653183422, 0.8739925836654477, 0.9806045622082107, 0.9936363523957252, 0.9977718478926247, 0.9866044416893075, 0.8743504580867463, 0.8744390181682166, 0.8670537509381486, 0.9879428424099125, 0.9234900644201355, 0.8829053313278571, 0.8182636423106329, 0.9246643612223323], [0.9758204673858393, 0.7257255959728192, 0.9722464593634029, 0.9316368505516291, 0.9664774560988068, 0.6914468994841222, 0.8228194580624718, 1.0, 0.7603250488773196, 1.0, 0.999036195953841, 0.9468762888282419, 0.8938467689734234, 0.8617380442964883, 0.9590413584030664, 0.9977718478926247, 1.0, 0.9966664178528192, 0.662126516388459, 0.9831648923573586, 0.9822349052169802, 0.8854531331130406, 0.7870261362135896, 0.7253174914627176, 0.9788375352947088, 0.5875907947938737, 0.8185332853961417, 0.9914242790713514, 0.8929111452360556, 0.9995591897916375, 0.9978885044589233, 0.8015729606702852, 0.8454811810281929, 0.8341543968171016, 0.9609846927242274, 0.993646983964836, 0.6688087007428062, 0.9245234917136983, 0.9242231882694404, 0.9825968220645692, 0.965832748477196, 0.8789010255123868, 0.9819381935222788, 0.9934708501586892, 0.7679525333689067, 0.7888065839678333, 0.9978885044589233, 0.7265648903053774, 0.9403871920305449, 0.8811384698662326, 0.5327468923072525, 0.8220964154330891, 0.901512658199317, 0.6223357515342373, 1.0, 0.9672929229379135, 0.9961563581917656, 0.8867757197798273, 0.9960797749655662, 0.9944252238287044, 0.9972650190031371, 0.7700543014095186, 0.9842575722376184, 0.9892344744704408, 0.9750273481498452, 0.7532572561416113, 0.9932598228715078, 0.9823917162549926, 0.8004811315179052, 0.7909644882327869, 0.9653730228993918, 0.609855430363212, 1.0, 0.7942856829382006, 0.9397645269032944, 0.9744259408747482, 0.9478881263576487, 0.9009325631718884, 0.7721181773434765, 0.9890785852905535, 0.7593075984945665, 0.9213608061477822, 0.9468178476565589, 0.8545685678621634, 0.6481790257897598, 0.8498758565854106, 0.8594739706360897, 0.9673768872300401, 0.8440947765612311, 0.9684454004232551, 0.9902798354908652, 1.0, 0.9760441896151585, 0.8445322657204658, 0.84451703677618, 0.836172737270578, 0.9781193506619479, 0.8996779128691532, 0.8529297800399156, 0.7835263077693748, 0.9008600195744623], [0.9821021581315088, 0.7707176380391844, 0.9799839089743788, 0.9540074175211003, 0.9789399217305707, 0.7332254396614788, 0.8617417875198174, 0.9966664178528192, 0.8037780971564227, 0.9966664178528192, 0.9986147646264609, 0.9682837806079226, 0.9239570363868631, 0.8972125681100619, 0.9758486918632316, 0.999565456038132, 0.9966664178528192, 1.0, 0.708032004831271, 0.9929401769825723, 0.9889856974533741, 0.9161700461701551, 0.8236774751725922, 0.7696479100009076, 0.990887892421643, 0.6325502755522249, 0.8575505386088889, 0.9977751929750306, 0.9237292566774223, 0.9978584793949281, 0.9961906366671781, 0.842078176118134, 0.8816076224922382, 0.871268609743117, 0.9757988685235599, 0.9986612384985334, 0.7133398331280356, 0.9494831661523665, 0.946727494128231, 0.9936123502017128, 0.9815731858157047, 0.9118609566402264, 0.9883854110363385, 0.9979866387803971, 0.8104765094891553, 0.8294708746613909, 0.9961906366671781, 0.771986291883631, 0.963501448655729, 0.9100958093152538, 0.5782212440245567, 0.8609183327751803, 0.9302472692988364, 0.6688768819241495, 0.9966664178528192, 0.9826389661443875, 0.9995417091735933, 0.9182889721815268, 0.9989284079321713, 0.9991900165625315, 0.9955682120472161, 0.8100241497975975, 0.9919477063820237, 0.9966776359241303, 0.9866911116787173, 0.7963737039518999, 0.9981327777104791, 0.9823262241707136, 0.8383105298941629, 0.8323806021404341, 0.9824821360058941, 0.6565426150012077, 0.9966664178528192, 0.8336736137014049, 0.960300749086748, 0.9832737739890358, 0.9680108236156632, 0.9302311672781961, 0.8145115468647085, 0.995716320640805, 0.801903258373734, 0.9466477303129363, 0.9483051144442591, 0.8906514545070318, 0.6954946895587665, 0.8853692272740936, 0.8927056073825309, 0.9833759981779128, 0.8795301572319888, 0.9833364803626068, 0.993268326502199, 0.9966664178528192, 0.9881262361813343, 0.8799723385331203, 0.8807804238648035, 0.8727815838212272, 0.9894174882892792, 0.9286243989788212, 0.8878294269670657, 0.8256009151949535, 0.9302560658870879], [0.7386543493753237, 0.9818360074392832, 0.7593293467244685, 0.8153660294590794, 0.7640887156548517, 0.9539018109566962, 0.945045500377807, 0.662126516388459, 0.9662205634878466, 0.662126516388459, 0.6851255097532133, 0.8270241809146469, 0.882097295756168, 0.9214412043177108, 0.7919477619009891, 0.7000774738942017, 0.662126516388459, 0.708032004831271, 1.0, 0.7607697192936761, 0.7436118084697502, 0.8787325770844969, 0.9325805432163838, 0.9759767701679223, 0.7738180460764402, 0.9620832586035957, 0.9440072972594745, 0.7353768702318588, 0.885920279292355, 0.6754782671441527, 0.6779558543842709, 0.958680830868683, 0.9305524874086347, 0.9299957227022393, 0.7963927036916115, 0.7254646533678174, 0.9675997490116777, 0.8652011305996534, 0.8535438528504552, 0.765819645643139, 0.8022994902595588, 0.8962294330203768, 0.741148790957488, 0.7232070133603374, 0.9662000004290602, 0.9608621189984915, 0.6779558543842709, 0.9705492169047939, 0.8436589605722943, 0.8835760190595445, 0.948388102691203, 0.9469863884547816, 0.8621531926526936, 0.9765333139019622, 0.662126516388459, 0.7873679860260964, 0.7122551629668187, 0.8951469546791898, 0.7095450232789821, 0.722046467761297, 0.6783797092341042, 0.9562869386434985, 0.7471859341971412, 0.7431608557921462, 0.7770336290996609, 0.9743369076869626, 0.7222950638874446, 0.7010331149103788, 0.9348039071219512, 0.9511945995436862, 0.8016320385104696, 0.9776151963753674, 0.662126516388459, 0.9544676348288174, 0.8032968810595585, 0.75934607543414, 0.8336580575934773, 0.8848237388925211, 0.9603567083878861, 0.7395295877210081, 0.9691026806406896, 0.8464959900301164, 0.7051725482153803, 0.9177840654780731, 0.9806362504989985, 0.9083318832022726, 0.9269577469935792, 0.7947006199916617, 0.9299838856351293, 0.7860660561120696, 0.715571033972813, 0.662126516388459, 0.7738832627834198, 0.9295528714772693, 0.9378578264418101, 0.9345657297885018, 0.7679656929119575, 0.8713552119822969, 0.9300740160400488, 0.9599796729119361, 0.8881046965522762], [0.9922031457279961, 0.8171407290482244, 0.9839111036654625, 0.9642644079592103, 0.9830205463571192, 0.7929772345701745, 0.8997724416127861, 0.9831648923573586, 0.8467688785969731, 0.9831648923573586, 0.989267373010169, 0.9790959328983687, 0.9494963593412069, 0.9282675058459406, 0.98670730851177, 0.9920228845331958, 0.9831648923573586, 0.9929401769825723, 0.7607697192936761, 1.0, 0.9922003147602924, 0.938718246426297, 0.8759897147359121, 0.8207365793030591, 0.9954021362885763, 0.6921641958231594, 0.8958100787709508, 0.9979095487408132, 0.9473690004213207, 0.9871633198121437, 0.9874139144075328, 0.8845594100625441, 0.916361259238798, 0.9059090622723129, 0.9901844045228948, 0.9968528406352773, 0.7726117760872053, 0.9745262004839993, 0.9727970255584114, 0.9971614572856599, 0.9918114216097176, 0.9359233506347622, 0.9944707043426992, 0.9968975443725129, 0.8536604373404242, 0.873636682128786, 0.9874139144075328, 0.814842643218482, 0.9802101342930011, 0.9477075583907371, 0.6409215825087011, 0.9005233367012999, 0.9492629444661288, 0.7278891442921683, 0.9831648923573586, 0.9921349570070329, 0.9944059858208324, 0.9450625891952704, 0.9947701853632381, 0.9959536751015788, 0.9867969735251365, 0.8611820889227845, 0.9962978890760245, 0.9988195424546186, 0.9973170347413804, 0.846279101633635, 0.9950116695390766, 0.9765841313134863, 0.8863158062387734, 0.8692713991310911, 0.9926043413145509, 0.7143536584355764, 0.9831648923573586, 0.8677372090122473, 0.9686355507421733, 0.9905971116204153, 0.9850653875683796, 0.9576025365235071, 0.8552703172489926, 0.9983349523426326, 0.8520652269309602, 0.9635277835037435, 0.9489981845179076, 0.9206236031220374, 0.7477883651997743, 0.9136633694981773, 0.9223329584762757, 0.993254175474009, 0.9199734724483872, 0.9890173738379142, 0.9927022388047914, 0.9831648923573586, 0.9982008686189026, 0.9179914602456614, 0.9159699092230337, 0.9128705520521778, 0.9956095009039836, 0.9494807523018102, 0.9260130512938332, 0.8667280697933814, 0.9542428776549662], [0.9899924980729322, 0.8009674065950789, 0.9890094569189822, 0.9499081622039631, 0.9842813411556586, 0.7784968978230464, 0.8770974437110635, 0.9822349052169802, 0.8236294867981119, 0.9822349052169802, 0.9868244584985729, 0.9664120782436693, 0.9345976230909534, 0.9077411455947492, 0.97461960927750