[[0.9999999999999998, 0.9820837303090769, 0.9781334367004421, 0.9560575532831284, 0.989566278116348, 0.9841610232174356, 0.9781458444654556, 0.0, 0.992283836259136, 0.9893089314780857, 0.998958418954586, 0.9900585933456756, 0.9893229627123897, 0.9946718170896993, 0.9894976828329416, 0.965347144217939, 0.9191616945069186, 0.9787940267216924, 0.982206681467728, 0.9804392468994105, 0.9821577902824666, 0.9929616003627388, 0.995838951505934, 0.9958532143796939, 0.9709331283431586, 0.9659296046146374, 0.9966739341134088, 0.9813191525371561, 0.9967942685292728, 0.9967593857255544, 0.9901905762161883, 0.9908056478985569, 0.979691082478246, 0.9950535798079185, 0.9852769830802404, 0.9758934793030226, 0.9397900804657062, 0.9816537130402925, 0.9790970936174552, 0.9803733376775257, 0.9891922783054476, 0.9914200921682575, 0.979409761489683, 0.9760885406077746, 0.9888017544947313, 0.9792401877973421, 0.9762922847923798, 0.9842871916354118, 0.9851792206094055, 0.9824962609483459, 0.9321699521505715, 0.9909520686498686, 0.9970810078610095, 0.9695395544581161, 0.8598477724945813, 0.9877371568094367, 0.9841590755115093, 0.9967481816219235, 0.985491207439015, 0.9796941292399034, 0.9828895094395353, 0.9579438129975427, 0.981448719612609, 0.9803415684794328, 0.9887022192815645, 0.9932496798281089, 0.9882669325443069, 0.9863992698530251, 0.9815654516604212, 0.9906918557745599, 0.9848389401067352, 0.9491861100385728, 0.9773586470250425, 0.995254979378991, 0.9715630146680172, 0.9835478851583168, 0.9806051159047456, 0.9795450850196801, 0.9934500654613018, 0.9773354760450517, 0.9882895018043705, 0.9945998878201755, 0.9822147498793206, 0.99730356678717, 0.9492995124128909, 0.9987832559875437, 0.995785969226977, 0.9775957608298006, 0.9868922371917499, 0.9896532501724437, 0.9958528155817723, 0.9723745485156242, 0.9842400073899964, 0.9638605428469346, 0.9922082838240952, 0.9980215184317099, 0.9789260932246027, 0.9881674298623939, 0.9945948565356116, 0.9938666316656959, 0.990501318488501], [0.9820837303090769, 0.9999999999999996, 0.9424513944778148, 0.9087607461202077, 0.9718206619428907, 0.9493887756952869, 0.9626488504634911, 0.0, 0.9898504942898645, 0.9967571676707226, 0.9844148410900606, 0.9684599825355625, 0.9694097637640677, 0.9791089236614808, 0.9630865052428427, 0.9218861066185725, 0.9539203977000272, 0.9412186193209475, 0.9909995029274458, 0.9449049702825534, 0.9509012672695591, 0.9684163859249476, 0.9698272324902237, 0.9906085157110901, 0.9204285825385712, 0.9932561933474431, 0.9830539019698724, 0.9490575900585468, 0.9721396639148094, 0.9866328594392996, 0.9925147637062726, 0.9679768510410894, 0.968844958715574, 0.9924659460725028, 0.9674017174695098, 0.9412916672900682, 0.9271769802301937, 0.9534113647595331, 0.9549816226342238, 0.9453292904321399, 0.9590172877625961, 0.9866769186459593, 0.9451977593285648, 0.9377136642461547, 0.9986087990521304, 0.9605989351763088, 0.9960962169265242, 0.9821594778335688, 0.9651697906997062, 0.9496425865441444, 0.974626697001338, 0.9693725089101226, 0.9775942490245388, 0.9805150472260828, 0.7547029303261631, 0.9621365149787732, 0.9510238081664756, 0.9843304794493023, 0.9524855529976861, 0.947865085148497, 0.9918488852542985, 0.9306952137129303, 0.9498186007863003, 0.9479629122364347, 0.9597284864056422, 0.983921140666278, 0.9694851935574468, 0.9992369373206162, 0.9784115885223574, 0.9945174104739084, 0.9557716720817119, 0.9867658801610915, 0.9537304228368757, 0.9929898431571764, 0.9636666938542048, 0.9547727015209284, 0.9522679694807843, 0.9505497214367649, 0.9961098364558919, 0.9404063254214021, 0.9876626531310438, 0.9744398265329487, 0.9877331340716136, 0.9808449614393713, 0.9897116387199225, 0.9851756713794897, 0.9762104634780819, 0.9387696005381612, 0.9784668554873588, 0.9703227742563564, 0.9724342753335181, 0.9951219973055881, 0.953646071825421, 0.9830149909076773, 0.975482848313936, 0.9772156803013433, 0.9419889628463023, 0.9780912455215172, 0.9687271829037745, 0.9860779654814857, 0.97533099462716], [0.9781334367004421, 0.9424513944778148, 0.9999999999999998, 0.9895726463583564, 0.9939571205725476, 0.9931062403315565, 0.992600605402397, 0.0, 0.9766691329135301, 0.9598596747218986, 0.9803477413482419, 0.9957898635539244, 0.9923208026183548, 0.9890875238240782, 0.996649462956894, 0.997674848901829, 0.9058330460420787, 0.999498039067822, 0.9684775598038022, 0.999290175136854, 0.9994957878478739, 0.9946837988971013, 0.9901485238554246, 0.9621768341599493, 0.9940686884220735, 0.9181013395232596, 0.9844413169836206, 0.9994052286928075, 0.9887949144462318, 0.9819765298650398, 0.9733234318726244, 0.9954769365260839, 0.9888013526755492, 0.9747168244633211, 0.9946594695475649, 0.999732019533428, 0.9752445412025613, 0.9984928345268377, 0.9976569737851949, 0.9995954438917781, 0.9974597446533682, 0.9804066770489074, 0.9996608087335427, 0.9974163720162187, 0.9547603293536282, 0.9936629136731663, 0.9420392292077105, 0.9562948003228114, 0.9953881289269568, 0.9970180899015251, 0.8848196039871158, 0.9913043405956161, 0.9881204802616134, 0.9589860087864285, 0.9104233555592185, 0.9970631620713405, 0.9993241046647592, 0.9850921903871095, 0.9981128851481844, 0.9996503024680596, 0.9648776560058215, 0.9929404081884641, 0.9994988093276672, 0.9996748940425472, 0.9977448135117798, 0.9860535519810273, 0.9920746991989939, 0.9472658898847957, 0.9785444022272844, 0.9619494315183763, 0.9989016001118037, 0.9091089223450122, 0.9901347203960021, 0.9704777166935789, 0.9846237095467062, 0.9990244231996527, 0.9987328373423359, 0.9961692352201874, 0.9622374892017649, 0.999224247111657, 0.9776772111856147, 0.9918367479648976, 0.9666045362727319, 0.9855963794611765, 0.900194991894765, 0.9788032874550172, 0.990600043992235, 0.9987745215929829, 0.9856308066666493, 0.9948317327729315, 0.9904923261398839, 0.9404076851447477, 0.9989416192032345, 0.9470058938715247, 0.9921784214506493, 0.9849467529146799, 0.9972743548347243, 0.9890448940186294, 0.9872485247896874, 0.9772576409003682, 0.9898361277879162], [0.9560575532831284, 0.9087607461202077, 0.9895726463583564, 1.0000000000000007, 0.9759338559165298, 0.986915072600509, 0.9745634650973679, 0.0, 0.9470383432292663, 0.9316844051188413, 0.9602691806744618, 0.9799261957746984, 0.9810157056187343, 0.9700788474563251, 0.9835578112576224, 0.9915126453371034, 0.8723550097618554, 0.9905482274314144, 0.9393312353786754, 0.9870646563837782, 0.986224517883301, 0.9807362548644041, 0.9747280287342632, 0.9338865122390653, 0.9897008853520193, 0.8753953088251041, 0.9636348309423438, 0.9862151555673453, 0.9709383836132058, 0.9606715965540433, 0.9479050846609481, 0.9804955505298883, 0.9672513552988167, 0.950557163442219, 0.9753410741410917, 0.9901819918570204, 0.9700714220432558, 0.9877433377378927, 0.9839284222611997, 0.987017383258554, 0.9838749570025357, 0.9599818391908678, 0.9883033791297345, 0.9867372912769207, 0.9213431522798745, 0.9753808035003187, 0.9049657730711558, 0.931909681480817, 0.977266002362766, 0.9921359621523447, 0.8467331544277459, 0.9739488731099832, 0.9725877315689274, 0.9420940144241138, 0.9362884544926157, 0.9836073199675293, 0.987080776438468, 0.9633856160837414, 0.9862425346359839, 0.9877820330961307, 0.9364685993052035, 0.9837202359678359, 0.9868605012243284, 0.9875724351356241, 0.9829750594336898, 0.9654573176873352, 0.9689108141155536, 0.9135357431826636, 0.9638097509133485, 0.9290604617061349, 0.9867515336943616, 0.8736250703931369, 0.9786873815572074, 0.9433010508953841, 0.9715324236314334, 0.9855331137094333, 0.9836178924985403, 0.9921069746235307, 0.9321508404172782, 0.9869556648614914, 0.9571328060406274, 0.9773738853029219, 0.9408503616642618, 0.9687547888427629, 0.8600229090902988, 0.9571840580483851, 0.9709185558661985, 0.9869772352338974, 0.9599388001103007, 0.9772329680558712, 0.9753298724223185, 0.9063179031461494, 0.9847225595334562, 0.9218188121826474, 0.9731473727681498, 0.9647587087192554, 0.9871720059074527, 0.9690728740604067, 0.9678546849532654, 0.9576274872270716, 0.9766095639656085], [0.989566278116348, 0.9718206619428907, 0.9939571205725476, 0.9759338559165298, 0.9999999999999998, 0.9905166837433266, 0.9971363529773725, 0.0, 0.9934609013170292, 0.983103722392842, 0.9923708870771509, 0.9992226192129153, 0.9973803447473976, 0.9974982141238551, 0.9982983509763202, 0.9859243666049201, 0.936945541776692, 0.9932809504277492, 0.9883151210132862, 0.9942428599573109, 0.9964080681195889, 0.9978268534838852, 0.9950791674968097, 0.9810563057058619, 0.9813546126474043, 0.9528889756217217, 0.9954833179865108, 0.9957296622944458, 0.9944140691611808, 0.9950167680673981, 0.9916869042565446, 0.9989206404094433, 0.9969124794264643, 0.9918197406191165, 0.9989790437193867, 0.9937754060726826, 0.9760226256599109, 0.9971133645356467, 0.9968682861262221, 0.9943659452387291, 0.9972581460204608, 0.9945606620046049, 0.9947626433014765, 0.9900777678036662, 0.9799703660095699, 0.9966194443337424, 0.970688908829688, 0.9767114756726835, 0.9984553996042272, 0.9942208248304426, 0.9245084098212039, 0.9959865890039695, 0.9959579600332742, 0.9791378919871283, 0.8681640704699423, 0.9984193912770026, 0.9961113514678593, 0.9965738388028889, 0.9959171699574918, 0.9955882569738466, 0.9862920514752456, 0.987097069380285, 0.9961200222679587, 0.9955836879896044, 0.9976505970590196, 0.997478034480945, 0.9978757123665756, 0.9749282389766244, 0.9913305607754634, 0.982496388544758, 0.9975638239002171, 0.9461737486772694, 0.990336677465332, 0.9885210579650859, 0.9924736238926308, 0.9973134759800049, 0.9966366893337898, 0.9940153981252141, 0.9842869542044778, 0.9927830488501219, 0.9936359407299695, 0.9979045108514634, 0.985222516374021, 0.9951064728657044, 0.9403986913449798, 0.9912543308369254, 0.9978729783915813, 0.9916949607984299, 0.9966355307034523, 0.9991409815249287, 0.9955229897299482, 0.9700060980340959, 0.9970830112166581, 0.9718138522899782, 0.9995857092652252, 0.9931634439583977, 0.991301517546195, 0.9977174099216077, 0.9918916596989751, 0.9917592697113182, 0.9972833343519166], [0.9841610232174356, 0.9493887756952869, 0.9931062403315565, 0.986915072600509, 0.9905166837433266, 1.0000000000000004, 0.9846915090217974, 0.0, 0.976459535930779, 0.9660312670737108, 0.9861474262860268, 0.9923137925298539, 0.9920665273060956, 0.9912470819113847, 0.9955712421397195, 0.9891538815757143, 0.8993119306951673, 0.9949906129616574, 0.9670212386536186, 0.9936385429028213, 0.9936661338248293, 0.9952699215752023, 0.9922055024465798, 0.9685278944240753, 0.989881569590695, 0.9306039653259547, 0.9881693178597948, 0.9938493811565702, 0.9920392218908213, 0.9844310253550553, 0.9756052231222287, 0.9937754990103566, 0.9816262845530328, 0.9776476468643627, 0.9890175140416978, 0.9926887431915205, 0.9615569658247453, 0.9937674310289264, 0.9898610681432201, 0.9929129309041482, 0.9960687143760145, 0.9797976680953457, 0.9943240435293254, 0.9916170960128454, 0.9594041290036085, 0.9843594988105578, 0.9420921009582127, 0.959727261257087, 0.9894173490275732, 0.9951349582399276, 0.88274031141652, 0.9912900180722602, 0.9914820451741315, 0.9570379923233605, 0.9122776529833618, 0.9952456693311253, 0.9949183715536566, 0.9872773249085111, 0.9963031132940318, 0.9936907326361832, 0.9655100735626473, 0.9827750321188448, 0.9925764168461377, 0.9939539278696606, 0.9951168298805891, 0.9865996714402211, 0.9868439163018627, 0.9537527224866451, 0.9792823643463139, 0.964438914954157, 0.9949626088710213, 0.9087031879256897, 0.9797779211003246, 0.9737293686179662, 0.9772091629261136, 0.9940926975522415, 0.9907803105340407, 0.9942316080822352, 0.9678003517162334, 0.9931097665418072, 0.9767895579838554, 0.9934752644568215, 0.9626666207939862, 0.9905741238334332, 0.9050662382366317, 0.9851199303043252, 0.9899521328355229, 0.9923704023612915, 0.979000285328348, 0.991789442110867, 0.9920621644532918, 0.940037270034197, 0.9937733972868871, 0.9418345502490933, 0.9905735390464148, 0.986926105288386, 0.9934112486427262, 0.9859509003434722, 0.9849640824112982, 0.9787815664864788, 0.9901191781749639], [0.9781458444654556, 0.9626488504634911, 0.992600605402397, 0.9745634650973679, 0.9971363529773725, 0.9846915090217974, 1.0000000000000004, 0.0, 0.9883351234190905, 0.9751046226048331, 0.9820987582151645, 0.9957140497385641, 0.99230632716859, 0.9918215324101242, 0.9946901118098247, 0.9860151485595376, 0.9364679312657903, 0.9910774266687521, 0.9859029415578069, 0.9922878513265994, 0.9947881261107577, 0.9919574909921278, 0.9862860066147293, 0.9684807523903175, 0.9779369312421239, 0.9429313216657335, 0.9883990043031147, 0.9945473524713526, 0.9852608045655558, 0.9875157702106285, 0.9872123963561129, 0.9951431334493794, 0.9985183335970789, 0.9837550307133962, 0.9984191536280865, 0.9935298547153519, 0.9834917285186784, 0.9961770077308854, 0.9972889160071448, 0.9922912956781625, 0.992875556401532, 0.9886439781458448, 0.9937310868198491, 0.9882205003847514, 0.9709694998077336, 0.9971195068737129, 0.9641499904436035, 0.9680848276568207, 0.996920993943162, 0.9904151489591035, 0.9169365457322246, 0.9915177140702625, 0.9875429937115711, 0.9760228498253175, 0.8581620540232564, 0.9955192032567242, 0.9930199325676651, 0.9896675007895125, 0.9925564245280108, 0.99466498165253, 0.9821444260836094, 0.9925026578826375, 0.9947882069577882, 0.9944549374461611, 0.9938562565198813, 0.9925280516005164, 0.9961215568608972, 0.964851351135646, 0.9872723479037322, 0.973394773355797, 0.9952075580466122, 0.9406061237309777, 0.9885081275613257, 0.9792850942156215, 0.9933416325081219, 0.9955594356592123, 0.9962078963514535, 0.9914600344532525, 0.9747296940998237, 0.991558904582714, 0.9893503275386621, 0.9917189383365342, 0.9800457518689623, 0.986576321969602, 0.9330432180303541, 0.9807352040253988, 0.9917679566185511, 0.989671274432541, 0.9957575396557596, 0.9960151486410714, 0.9876044595291256, 0.9640589355720108, 0.9952592089449599, 0.9692911920427991, 0.9955240795346731, 0.9839972124781535, 0.988917736387781, 0.9954620706834145, 0.9836801099365504, 0.9835800370514131, 0.9925748452663212], [0.0, 0.0, 0.0, 0.0, 0.0, 0.0, 0.0, 0.0, 0.0, 0.0, 0.0, 0.0, 0.0, 0.0, 0.0, 0.0, 0.0, 0.0, 0.0, 0.0, 0.0, 0.0, 0.0, 0.0, 0.0, 0.0, 0.0, 0.0, 0.0, 0.0, 0.0, 0.0, 0.0, 0.0, 0.0, 0.0, 0.0, 0.0, 0.0, 0.0, 0.0, 0.0, 0.0, 0.0, 0.0, 0.0, 0.0, 0.0, 0.0, 0.0, 0.0, 0.0, 0.0, 0.0, 0.0, 0.0, 0.0, 0.0, 0.0, 0.0, 0.0, 0.0, 0.0, 0.0, 0.0, 0.0, 0.0, 0.0, 0.0, 0.0, 0.0, 0.0, 0.0, 0.0, 0.0, 0.0, 0.0, 0.0, 0.0, 0.0, 0.0, 0.0, 0.0, 0.0, 0.0, 0.0, 0.0, 0.0, 0.0, 0.0, 0.0, 0.0, 0.0, 0.0, 0.0, 0.0, 0.0, 0.0, 0.0, 0.0, 0.0], [0.992283836259136, 0.9898504942898645, 0.9766691329135301, 0.9470383432292663, 0.9934609013170292, 0.976459535930779, 0.9883351234190905, 0.0, 0.9999999999999999, 0.9947588827807132, 0.9938094918952102, 0.9908791658294032, 0.9886624815648083, 0.9950782667456732, 0.9884093315591462, 0.9632656820508817, 0.9480685421836398, 0.9758734778899346, 0.9955238160295914, 0.9789173474939665, 0.9823832965521878, 0.9896854299704033, 0.9890114704386441, 0.9919257210050607, 0.9602255213054871, 0.9782094265532109, 0.9964409172685306, 0.9814976703328856, 0.9907398437404096, 0.9966187956745548, 0.9975471428221351, 0.9904004827305964, 0.9921030471689164, 0.9971081901513843, 0.9918181629528027, 0.9760987823671563, 0.9572454356912843, 0.9831649642517851, 0.9834772197742143, 0.9786041406724968, 0.9863763436086824, 0.9951552439317538, 0.9788252264315641, 0.9735421938719825, 0.9947873522877585, 0.9874193104459381, 0.9880938323922213, 0.9846164470549873, 0.9898651521875411, 0.9779927898296804, 0.9498474349562219, 0.990458299192912, 0.9924861490006336, 0.9804162189333604, 0.8195895229571606, 0.98805579506117, 0.9817099222208077, 0.9973241029146402, 0.983027912575731, 0.9801406483899268, 0.9938148973222747, 0.9670930570704015, 0.9814863610078399, 0.9803848102327134, 0.9871078638158626, 0.9965576573820979, 0.9939515885344885, 0.9920173301257763, 0.9871859190782818, 0.9948874777966268, 0.9844743313662603, 0.9677380463028673, 0.9783152027209798, 0.995886382786673, 0.9828477672845322, 0.9843355020900794, 0.9829144851666226, 0.9773334864213734, 0.9959795281164708, 0.9764114767379788, 0.9955182629002713, 0.9919674346232862, 0.9909530912019409, 0.9932850309465827, 0.9664676437056203, 0.9940526747602763, 0.9943147935198207, 0.9748423610507315, 0.9958922167947715, 0.9923108977732363, 0.9905952333561117, 0.9858268905551438, 0.9843674656305406, 0.9786599769838316, 0.9951342926389971, 0.9925650666482531, 0.9757139048180843, 0.9939830109316845, 0.9887499917650119, 0.9925482188957526, 0.9910134845242325], [0.9893089314780857, 0.9967571676707226, 0.9598596747218986, 0.9316844051188413, 0.983103722392842, 0.9660312670737108, 0.9751046226048331, 0.0, 0.9947588827807132, 0.9999999999999997, 0.991951154550155, 0.9809232887070325, 0.9815326035457206, 0.9887809178221582, 0.9770987423975381, 0.9417482068566765, 0.9528633420634054, 0.9592702034035706, 0.9940777713173578, 0.961367578491417, 0.9666702614175994, 0.9809158792799589, 0.9820997497761468, 0.9930687552167053, 0.9409342928856554, 0.9868068491165556, 0.9915461390505194, 0.9654190623122783, 0.9832687022708282, 0.9940043308471571, 0.99671309491515, 0.9810361089946228, 0.9797409397148984, 0.9969391909480886, 0.9795000854665709, 0.9590063640199064, 0.943525179870797, 0.9694065906912532, 0.9693861813574424, 0.9620833007670928, 0.9738212213670038, 0.9932244609337885, 0.9623458246439746, 0.9540502076653947, 0.997957379364166, 0.9739039567368523, 0.9938947210548904, 0.9896339164674876, 0.9777444677533468, 0.966462926096329, 0.9593910447464069, 0.9791665595093743, 0.9876376656232673, 0.9840063771300435, 0.7904278708717031, 0.9757913424415291, 0.9669809207116394, 0.9919660667261908, 0.9687010957367408, 0.9640677941458015, 0.995062032458432, 0.9488294892537593, 0.9660281298545073, 0.9642016274552807, 0.9741605274468818, 0.9917505940060936, 0.9805945171354937, 0.9977765140492456, 0.9852934380988585, 0.9945204464768733, 0.9707005427213352, 0.9781069765424384, 0.9652177827372329, 0.9967435037820129, 0.9750049685454841, 0.9697809384081272, 0.9670381671361923, 0.966850690837276, 0.9982871677705438, 0.9584551357736278, 0.9936870789354032, 0.9855793678203765, 0.9878977278826198, 0.9896148908727098, 0.980097991230628, 0.9920017440951996, 0.9866746418571393, 0.9558064914153673, 0.9872596778059979, 0.9819825566267081, 0.9829287409786654, 0.9926070077199399, 0.9692292509486407, 0.9836397964427747, 0.9860672142134265, 0.9862417530941788, 0.9575820100390353, 0.9864385462530221, 0.9789948219440869, 0.9924691896104028, 0.9862947138599449], [0.998958418954586, 0.9844148410900606, 0.9803477413482419, 0.9602691806744618, 0.9923708870771509, 0.9861474262860268, 0.9820987582151645, 0.0, 0.9938094918952102, 0.991951154550155, 1.0000000000000002, 0.9925248906450346, 0.9927999089029733, 0.9967590278716525, 0.9914689809880503, 0.9676211989717458, 0.930352462557574, 0.9808239189842876, 0.9860648505346427, 0.9816295630704648, 0.9842114610889819, 0.994961917076686, 0.9969088791765611, 0.9948091830417264, 0.9702496364225973, 0.9687907655963753, 0.9976587995721008, 0.9831549130139382, 0.9969304367377734, 0.998473413357043, 0.9932709174287803, 0.9931729083114045, 0.9832201151761061, 0.9972083441061173, 0.9879664633638, 0.9785424497056927, 0.948582944812008, 0.9845720830124957, 0.9826712538600172, 0.9821732627598414, 0.9906714048772507, 0.9948201885313983, 0.9814890520091286, 0.9766342699755931, 0.9902241313265026, 0.9825428842960785, 0.9789112090394889, 0.9863495919199425, 0.9881235849742716, 0.9855285109787265, 0.9352473125684793, 0.9915239866970094, 0.9985415228245187, 0.9768416231072905, 0.8569019285674278, 0.990048202605146, 0.986129629949792, 0.9981794489566578, 0.9870716683720181, 0.9821617112629211, 0.9875020388486234, 0.9636723334495283, 0.9836444497349757, 0.9825710060827177, 0.9902958965995003, 0.9960583548768492, 0.9891389755992123, 0.9879314644124607, 0.9880673886054204, 0.991044398789657, 0.9872387956038834, 0.9545374193966317, 0.978943922344671, 0.9966090010839538, 0.9784366968606668, 0.9858687944370979, 0.9831575342313953, 0.9836670655710279, 0.9945988394807885, 0.9790103584653391, 0.9923008585777243, 0.9967041242184608, 0.9847669971118559, 0.9989959655038526, 0.9539055697305381, 0.9993864696202253, 0.9969422743696597, 0.9783630108916046, 0.9894015989402811, 0.9920183015492177, 0.9964620938378199, 0.9767611498015976, 0.9860326120282952, 0.9707136117842952, 0.9944972990151684, 0.9975554490838894, 0.9795337112485223, 0.9916677279962847, 0.9929286593366251, 0.9965519385696714, 0.9942488545084537], [0.9900585933456756, 0.9684599825355625, 0.9957898635539244, 0.9799261957746984, 0.9992226192129153, 0.9923137925298539, 0.9957140497385641, 0.0, 0.9908791658294032, 0.9809232887070325, 0.9925248906450346, 1.0000000000000002, 0.9979153650549015, 0.9973598965713127, 0.9988291016925028, 0.9881984227827826, 0.9304250472041005, 0.994994508239991, 0.9855367466185637, 0.9955606445774012, 0.9975304438307872, 0.9987869226792573, 0.9960948808130979, 0.9805117603751966, 0.9851521678461975, 0.9474434518772569, 0.9948470864368489, 0.9968868195174159, 0.995110152228317, 0.994588766224709, 0.9894682813742418, 0.999460821794752, 0.9944016340929196, 0.9907768084977845, 0.9984234849688768, 0.9953045109214125, 0.9745773991092673, 0.9977258043379461, 0.9976886722083516, 0.9961307882140866, 0.9982549686084587, 0.9937969435139984, 0.9961024827530357, 0.9918819779102133, 0.977202990918238, 0.996409567486047, 0.9676792358594486, 0.9756001283528505, 0.9986785775480492, 0.9960285999210219, 0.9196260183024998, 0.9958626366357063, 0.9966244448343746, 0.9772849376032716, 0.8786854688413799, 0.9986836930911769, 0.997503800195556, 0.9957195112503266, 0.996872038276325, 0.9968289706671902, 0.9835609914975539, 0.9872896755221078, 0.9975301505692613, 0.9968744027971411, 0.9985949055417024, 0.9965800392663474, 0.9967200771124312, 0.9719206174614384, 0.9904427305968727, 0.9809941367757387, 0.9984993211760269, 0.9411537291629315, 0.9921332936318586, 0.9877451508211473, 0.9911260372786181, 0.9981910883462756, 0.9974688441216483, 0.995797966474499, 0.9822236841174259, 0.9942757201798765, 0.9919243131884916, 0.9985281983909943, 0.9834219204513786, 0.9953482486822272, 0.9350285747684081, 0.9913457759185921, 0.9980123571558146, 0.9934743269256504, 0.9949888764578925, 0.9994347330047463, 0.9967371489829874, 0.9666095922120655, 0.9978918542392078, 0.9691152280983023, 0.998926513882514, 0.9937673905726612, 0.9930109382121636, 0.9971580226498546, 0.9934580627860901, 0.9914385784405331, 0.9977773019785605], [0.9893229627123897, 0.9694097637640677, 0.9923208026183548, 0.9810157056187343, 0.9973803447473976, 0.9920665273060956, 0.99230632716859, 0.0, 0.9886624815648083, 0.9815326035457206, 0.9927999089029733, 0.9979153650549015, 1.0, 0.9961490765744799, 0.9971099199296886, 0.9838190400640519, 0.9372436809015615, 0.992303844331888, 0.9846061551381095, 0.9916707338566209, 0.9939129913085895, 0.9976460687938443, 0.9956093566802998, 0.9805645744863059, 0.9799823584490819, 0.9476648014617216, 0.9938640603833147, 0.9928469791600688, 0.9939080777249278, 0.9940130470308577, 0.9893040935316888, 0.9974851321395758, 0.9915718633761376, 0.9913253923561497, 0.9947090867395505, 0.9919592737069771, 0.9771845725914476, 0.9959726501199746, 0.9948087368637141, 0.9921824231094294, 0.9962523204118608, 0.9952820826064376, 0.9924411293395021, 0.987226743447329, 0.9771494012081741, 0.9937476579881793, 0.9666631212560658, 0.9763796284721198, 0.9961804671259259, 0.996838528163415, 0.9239522387942987, 0.992689061357368, 0.9970406478116683, 0.9825840815273537, 0.875797143554628, 0.9967552035110725, 0.9945961668755321, 0.9948987611279114, 0.994342630342946, 0.9934070609459613, 0.984453738424205, 0.9836200404184092, 0.994138138144695, 0.9932708199640845, 0.9955867176761947, 0.995717707163746, 0.9924877327961655, 0.9724319130163707, 0.9937064099342435, 0.9785290914414583, 0.99608840554737, 0.9452387004825306, 0.9910213201645671, 0.9879360005679063, 0.9930858499585751, 0.9952175309301009, 0.9932522740880678, 0.9969322477951332, 0.9821142584863595, 0.9895331184114784, 0.9933534327932367, 0.9983095380374343, 0.984267745627019, 0.9956110649167311, 0.9386647143914568, 0.9909360893371951, 0.9963617952018969, 0.9888855133221985, 0.9908022663210251, 0.9971629137552998, 0.9953729427614426, 0.9682176908481231, 0.994381633791307, 0.9727237515046447, 0.9972879471367806, 0.9914894421870177, 0.9891211201602843, 0.9951550219066851, 0.9907872921357801, 0.9924423057975067, 0.9988906159089137], [0.9946718170896993, 0.9791089236614808, 0.9890875238240782, 0.9700788474563251, 0.9974982141238551, 0.9912470819113847, 0.9918215324101242, 0.0, 0.9950782667456732, 0.9887809178221582, 0.9967590278716525, 0.9973598965713127, 0.9961490765744799, 1.0000000000000002, 0.9968305189432694, 0.9794517981984185, 0.9332776142370802, 0.9891961354626727, 0.9890564952709925, 0.9903189120465555, 0.9925387078906885, 0.9982541788760092, 0.9961189174035479, 0.987891894938049, 0.9782619973025526, 0.9635428123072505, 0.9988720639254036, 0.9919770889529164, 0.9971892919373032, 0.9974344922024002, 0.9939898547700176, 0.9974745084835162, 0.9920243741285637, 0.9950731799226348, 0.9959140630797826, 0.9884932704557181, 0.9638873292617607, 0.992954336889235, 0.9919633688515511, 0.990091885506132, 0.9957261289358373, 0.9948796514352748, 0.9904655988767691, 0.9864792336022373, 0.9856514404717939, 0.991117168180225, 0.9750254882886582, 0.9797720720447645, 0.9950142708879671, 0.9911818495026481, 0.9283481628028496, 0.9957382870370404, 0.9983114950521936, 0.9772218181345569, 0.864127941354283, 0.9965185389298955, 0.9927043271466588, 0.9987386138553948, 0.9937564005459207, 0.9912684120647334, 0.9873555075679765, 0.9790758003688464, 0.9916856990759468, 0.9914224984699469, 0.9959661217181611, 0.9982862159737081, 0.9954681088706527, 0.9818621985185042, 0.9901567559613569, 0.9884521604052751, 0.9944328096526558, 0.9487203299020062, 0.9853634551211784, 0.99265017122034, 0.9860276716129299, 0.9938561747529991, 0.991638304164604, 0.9907371680014694, 0.9898030943124965, 0.9886479116964719, 0.9939941281231965, 0.9987895268681483, 0.9851410360149576, 0.9984709747213396, 0.9465346826450871, 0.9966903043182949, 0.9980483308255964, 0.9876390376167115, 0.9939865607763982, 0.9978320088060341, 0.9976010593752602, 0.9727713229551626, 0.9935015324451074, 0.9697540019829494, 0.9985151104711535, 0.9959480699109049, 0.9884500330522928, 0.9970106582674907, 0.9927849086389313, 0.9930928756555331, 0.9973835110662486], [0.9894976828329416, 0.9630865052428427, 0.996649462956894, 0.9835578112576224, 0.9982983509763202, 0.9955712421397195, 0.9946901118098247, 0.0, 0.9884093315591462, 0.9770987423975381, 0.9914689809880503, 0.9988291016925028, 0.9971099199296886, 0.9968305189432694, 1.0, 0.9907354651034793, 0.9201697663928566, 0.9970143130969109, 0.9804720912547715, 0.9972461595777092, 0.9981693087292338, 0.9990675585516867, 0.9960390440228306, 0.9780466030875618, 0.9891668972644793, 0.942585067593198, 0.9947695676358251, 0.9979625696861547, 0.9960176646140921, 0.992294178942625, 0.9860955037587492, 0.9991893491836629, 0.9933002082574839, 0.987375572525329, 0.9974080099097393, 0.9963439758585161, 0.9722097490788523, 0.9985012598597809, 0.9964774899868686, 0.9966168866949876, 0.9994035819836948, 0.9899637538266087, 0.997458348513422, 0.9943835290501797, 0.9725685284667888, 0.9942598354296008, 0.9596079165350597, 0.971255165519513, 0.9968127919986332, 0.9974216663789897, 0.9080469769005558, 0.9966412465564405, 0.9962557734649476, 0.9702792142078766, 0.8913206055214482, 0.9997538656694384, 0.9983092422444634, 0.9948973299296718, 0.9990539465775994, 0.9976138800971093, 0.9778783101416813, 0.9877561649637464, 0.9976624019861304, 0.9977148072779364, 0.999401232608382, 0.9948321377158141, 0.9964685241047069, 0.9670650345655739, 0.9862160048725431, 0.9767197965665851, 0.9990839067611393, 0.9306757913947652, 0.9900012516430016, 0.9837190146907813, 0.9875416487933629, 0.9986990631260928, 0.9969186025361046, 0.9963292623516055, 0.9787598832191374, 0.996119856302811, 0.9882393912913509, 0.9981273157397874, 0.977674644750768, 0.9950248839678454, 0.9249770252200644, 0.9906190196013678, 0.9972071918379931, 0.9953521566922356, 0.9918358321046176, 0.998297144214161, 0.996829118154198, 0.9581122165163384, 0.9987861244639359, 0.9597682350004507, 0.998020663669746, 0.9935805922942694, 0.9956235429430391, 0.994529930537793, 0.9929416454244187, 0.9879475860470092, 0.9959985655475428], [0.965347144217939, 0.9218861066185725, 0.997674848901829, 0.9915126453371034, 0.9859243666049201, 0.9891538815757143, 0.9860151485595376, 0.0, 0.9632656820508817, 0.9417482068566765, 0.9676211989717458, 0.9881984227827826, 0.9838190400640519, 0.9794517981984185, 0.9907354651034793, 1.0000000000000004, 0.883603099148017, 0.997502550719001, 0.9531997877877204, 0.997134147649081, 0.9960530495019339, 0.9875273827447874, 0.9808725976048924, 0.9459532359320629, 0.9955707804737184, 0.896094684886917, 0.9735074045155212, 0.9963131508193214, 0.979962510262095, 0.9688139168471152, 0.9583846815321512, 0.987972820460247, 0.9809794954145588, 0.959746876115679, 0.9878573548906917, 0.9977691901052923, 0.9709698120179012, 0.9942472222035328, 0.9927456005257933, 0.9965911206609103, 0.9920533409379438, 0.9666848470112279, 0.9971277328072357, 0.997535134762093, 0.9359405254813452, 0.9865836125524076, 0.9203890226687099, 0.9368467017844662, 0.9880970240139725, 0.9926348968284495, 0.8597987931313074, 0.9852502520227322, 0.9779638424410637, 0.9420157434341235, 0.9255195075497858, 0.9918106606044264, 0.9954610764370643, 0.9739083602334458, 0.9943694516977423, 0.9967903833292894, 0.9477312683837191, 0.9923205758623547, 0.9956276278939135, 0.9967612415943713, 0.9924202747780337, 0.9748119584771969, 0.9844480737339983, 0.9270637884660355, 0.9661097419231816, 0.9463530972469402, 0.9944573895587897, 0.884813170772871, 0.984182717438076, 0.9540129044075859, 0.9753079408660158, 0.9949889044099777, 0.994552995342176, 0.9915783870571457, 0.9446029186579032, 0.997707257876662, 0.9639365890592938, 0.9828398701024867, 0.95243610770122, 0.9748579212547887, 0.8733840821096163, 0.9661720236237943, 0.9807627251226462, 0.9973929507068549, 0.974528183384139, 0.9872856074310811, 0.9825469943407673, 0.9184435905799165, 0.9947492805863754, 0.9270844444701256, 0.9833289009926844, 0.9750833345406164, 0.9966220894353827, 0.9793497581430275, 0.9784806308746965, 0.962550409819055, 0.9799579407859548], [0.9191616945069186, 0.9539203977000272, 0.9058330460420787, 0.8723550097618554, 0.936945541776692, 0.8993119306951673, 0.9364679312657903, 0.0, 0.9480685421836398, 0.9528633420634054, 0.930352462557574, 0.9304250472041005, 0.9372436809015615, 0.9332776142370802, 0.9201697663928566, 0.883603099148017, 0.9999999999999991, 0.9025412774604188, 0.961899415178772, 0.9029727373787013, 0.9125769832318995, 0.9226246828406165, 0.9202412022735115, 0.9258334595212113, 0.8599666030900676, 0.9488500870023809, 0.9313493521984029, 0.9089293762651636, 0.9172434466035276, 0.9396215820193051, 0.9536360892828905, 0.9267282841343505, 0.9439479466171548, 0.9488886695434203, 0.9328040848835569, 0.9070675495701865, 0.9425272326443567, 0.9197263929473405, 0.9269873514285915, 0.906638828342942, 0.9152576293710291, 0.9547531824471149, 0.9063527368908002, 0.8886824699784076, 0.9514916555818619, 0.938522452725011, 0.9595412016045517, 0.9402123201746672, 0.9350743909961946, 0.914175716059119, 0.9483445600680347, 0.9134613550819016, 0.9281432067771104, 0.9725173702934296, 0.681017695853223, 0.9213102211658527, 0.9110352170551005, 0.9370899216737412, 0.9085916373894375, 0.9114780059592777, 0.9667728580971682, 0.9147446412730373, 0.9138306254780157, 0.9101300578778734, 0.9162032244002154, 0.9442734033763868, 0.9291980749784328, 0.9506810886096555, 0.9599434861534086, 0.9371774811312037, 0.9173049571384665, 0.9657084418776494, 0.919006702222803, 0.9462893354321749, 0.9589804698619052, 0.9172466800124157, 0.9180201826217057, 0.9196974978690983, 0.9459968563661161, 0.900122314913685, 0.9580294266928794, 0.9289511523356203, 0.9530796606948969, 0.9297259864055274, 0.9646949887704511, 0.92803734071665, 0.929964312888581, 0.8957392351629045, 0.9438621444234448, 0.9318713790105011, 0.9152050530578428, 0.9712462141855768, 0.9140626647272238, 0.976713244543245, 0.9365091820091531, 0.9147796635357883, 0.8912218706345965, 0.9433338997129355, 0.9086288143578489, 0.9447484330297322, 0.9405202640375856], [0.9787940267216924, 0.9412186193209475, 0.999498039067822, 0.9905482274314144, 0.9932809504277492, 0.9949906129616574, 0.9910774266687521, 0.0, 0.9758734778899346, 0.9592702034035706, 0.9808239189842876, 0.994994508239991, 0.992303844331888, 0.9891961354626727, 0.9970143130969109, 0.997502550719001, 0.9025412774604188, 1.0, 0.9662316471219214, 0.9992999743719042, 0.9990427829718354, 0.994904748162476, 0.9905722629246764, 0.9624441589278412, 0.9947660203597771, 0.9178567142209784, 0.9849758795126518, 0.9990729013948079, 0.9899831605503818, 0.9814163905460129, 0.9720924620344622, 0.9951723338033329, 0.9875935411032853, 0.9739413639125803, 0.9935328020296184, 0.999269513595104, 0.9730651710318718, 0.9982537692432671, 0.9961849218930077, 0.9989958464620424, 0.997855826741134, 0.9791093469460783, 0.9994700344961337, 0.997548108319147, 0.9537827898559442, 0.9918056086476005, 0.9387768643848773, 0.955154632092684, 0.9942211600431984, 0.9975290695552904, 0.8801597655914473, 0.9913118548643493, 0.9886178195862747, 0.9561889908219168, 0.9157481608655933, 0.9972936989003235, 0.9991312071374694, 0.9851396442632143, 0.9989100341807406, 0.9991713559801236, 0.9627754776724937, 0.9919489544769844, 0.998753735460485, 0.9992392371235526, 0.9979040850852163, 0.9853518247212678, 0.9913930883464076, 0.9463248189956869, 0.9770262503247924, 0.9605443104004169, 0.9986218167959181, 0.9052774222366625, 0.988168707362194, 0.9695215964118882, 0.9825966810103458, 0.9986186376737581, 0.9974770093557717, 0.9962373193559009, 0.9617771056822672, 0.9992167399008298, 0.9762763016321927, 0.9919196782330737, 0.9640505338620993, 0.9861429120847678, 0.8969786640399149, 0.9794487184444426, 0.9904577074931425, 0.9987173522654297, 0.9835593116827128, 0.9940258600525095, 0.9907770137631148, 0.937462632518221, 0.9987476431268065, 0.9429591190257192, 0.9918479660038801, 0.985248126347423, 0.9976911268213091, 0.9874916926808817, 0.9871695134969479, 0.9761062472287498, 0.9893573282057594], [0.982206681467728, 0.9909995029274458, 0.9684775598038022, 0.9393312353786754, 0.9883151210132862, 0.9670212386536186, 0.9859029415578069, 0.0, 0.9955238160295914, 0.9940777713173578, 0.9860648505346427, 0.9855367466185637, 0.9846061551381095, 0.9890564952709925, 0.9804720912547715, 0.9531997877877204, 0.961899415178772, 0.9662316471219214, 1.0000000000000009, 0.9690311633186718, 0.974543621986598, 0.9819463310151069, 0.9790014213958782, 0.9843759763594147, 0.945309433448643, 0.979581782378832, 0.989299498741329, 0.9733139368056846, 0.9796537407182399, 0.9917836422726956, 0.9977942836114239, 0.9840312965435645, 0.989751509352773, 0.9942678824807486, 0.9875863520277919, 0.9687280802126358, 0.9644595633167943, 0.9770999020689092, 0.9802163578263267, 0.9697583839109287, 0.977327444743231, 0.9946900388367759, 0.9706224790343561, 0.9627444095557451, 0.9931450724335873, 0.9852943084991447, 0.992682797840343, 0.9808191577028431, 0.9856112640404671, 0.9707469718667617, 0.9624145485423604, 0.9826707758167638, 0.9848474070790093, 0.9894400941401641, 0.7880494034281766, 0.9807278028248742, 0.9730647778506564, 0.990924269743048, 0.9727338249300109, 0.9730241642316949, 0.9974419920032319, 0.9643100796684659, 0.9740141652929144, 0.9727796128838295, 0.9780070910875477, 0.9935009331243319, 0.9866553943721423, 0.990653337049497, 0.9902217872219816, 0.9923888879253382, 0.9772905043190326, 0.9798470976264885, 0.9752051485088391, 0.9930451036456882, 0.9864125200543653, 0.9774958595968402, 0.9764825920227335, 0.9734588901051675, 0.9919876047335231, 0.96628170463126, 0.9957662327761782, 0.9857336489550494, 0.9934123592318743, 0.9862498431983373, 0.9775522835147848, 0.9855864964290606, 0.9865553326724015, 0.963847357755256, 0.9927460764283661, 0.9875080865105608, 0.9817002362197751, 0.9916961151927935, 0.9757661808050089, 0.989201754933407, 0.9892477251953189, 0.981950909515926, 0.965264770746161, 0.9920243310629179, 0.9775009649865394, 0.9896001917146993, 0.9883231412600276], [0.9804392468994105, 0.9449049702825534, 0.999290175136854, 0.9870646563837782, 0.9942428599573109, 0.9936385429028213, 0.9922878513265994, 0.0, 0.9789173474939665, 0.961367578491417, 0.9816295630704648, 0.9955606445774012, 0.9916707338566209, 0.9903189120465555, 0.9972461595777092, 0.997134147649081, 0.9029727373787013, 0.9992999743719042, 0.9690311633186718, 1.0000000000000004, 0.999469426028283, 0.9951596504235081, 0.9904213164134362, 0.9650899726027086, 0.9948564396024966, 0.9220117458960942, 0.9867160183638157, 0.9995280089254698, 0.9908231176279074, 0.9827098828263725, 0.9741605538308054, 0.9954553541224249, 0.989515256274885, 0.975763854626856, 0.9951020188794605, 0.9990471198799772, 0.9715186448803372, 0.9981289448535825, 0.9964817587065082, 0.999079939016395, 0.9978280977029141, 0.9800542109619065, 0.9994406935299441, 0.9988516424344853, 0.9571866917641599, 0.9926476346928825, 0.9427360926545671, 0.9553311361242147, 0.9949444017059559, 0.996042359124391, 0.8869871664868882, 0.9936015209961018, 0.9890568686067898, 0.9562171149646501, 0.9094058362526168, 0.9977465337311415, 0.9989575855682022, 0.9868038008370209, 0.9988465148435929, 0.9993181753974729, 0.9642503251068644, 0.9915176443157828, 0.9988738020427441, 0.9994311549494653, 0.9982747690106801, 0.9867566098462685, 0.9938968116463613, 0.9497219185598816, 0.9763338305726965, 0.9648100073780114, 0.9987823464429709, 0.9090207491617198, 0.9899202376549978, 0.9713573547374651, 0.9819863552888819, 0.9990355929519401, 0.9981277763132611, 0.9946200472818373, 0.9642490281912873, 0.9994202687611985, 0.9777393117425737, 0.9922514674070809, 0.9679204435400627, 0.986772338736382, 0.9010490908734377, 0.9809067397207564, 0.9914203768611387, 0.9995064997330867, 0.9859215150332293, 0.9951694446793695, 0.9919173706732968, 0.9404324052272367, 0.99912382556048, 0.9442235075338196, 0.9929852033029266, 0.9870252042929416, 0.9987877269937864, 0.9892255335544942, 0.9894631525560684, 0.9767072227697706, 0.9891719223347389], [0.9821577902824666, 0.9509012672695591, 0.9994957878478739, 0.986224517883301, 0.9964080681195889, 0.9936661338248293, 0.9947881261107577, 0.0, 0.9823832965521878, 0.9666702614175994, 0.9842114610889819, 0.9975304438307872, 0.9939129913085895, 0.9925387078906885, 0.9981693087292338, 0.9960530495019339, 0.9125769832318995, 0.9990427829718354, 0.974543621986598, 0.999469426028283, 0.9999999999999996, 0.9964944992975525, 0.9920046133143176, 0.9681223451396411, 0.9924882434514477, 0.9287912248552613, 0.98871405618077, 0.9998648232719153, 0.991549022996926, 0.9860967092854296, 0.9789164511152562, 0.9972460633449198, 0.9920998056039916, 0.9797713706865673, 0.9971415811199379, 0.9993226635306469, 0.9751161521568285, 0.9991088787784015, 0.998320383069251, 0.9994243567377459, 0.998542004492102, 0.9842375360385441, 0.9996764935494392, 0.9974191808606739, 0.9622364624393517, 0.995274103086846, 0.950015852984634, 0.9612440192680858, 0.9971805586948156, 0.9966962467256273, 0.8948906856573412, 0.9942004386153677, 0.9909035880161471, 0.9631054838408336, 0.9005285915161252, 0.9986282543005512, 0.9995173875765687, 0.9891847901721471, 0.998893938190258, 0.9998140456111256, 0.9706744979711366, 0.9925872059083624, 0.9996421973725484, 0.9998810191636911, 0.9990057531227178, 0.9899015651488579, 0.9951963286534402, 0.9552613268595491, 0.9814442272770506, 0.9688663264543991, 0.9996260029480171, 0.9182652316922479, 0.9907832511580996, 0.9757134431087781, 0.986356248495971, 0.9998154085148984, 0.9992465560353, 0.9959443719075193, 0.9687979660938405, 0.9991325381870854, 0.982183443405373, 0.9941839376159401, 0.971982134984316