[[1.0, 0.9939912182300468, 0.9941757802621447, 0.9940662000269027, 0.9938863705675333, 0.993941466986266, 0.9943152619374646, 0.993941466986266, 0.9940463146487799, 0.9980635780530861, 0.9980644861526531, 0.9944055053213467, 0.9942125120045451, 0.9938863705675333, 0.9940356242988764, 0.9941275497201544, 0.9939858730550952, 0.9941416857526141, 0.9939912182300468, 0.9940525679232987, 0.9941085724415983, 0.9938863705675333, 0.9941458171363421, 0.9938863705675333, 0.9939912182300468, 0.9939912182300468, 0.9940028166795173, 0.9941174588841314, 0.9939858730550952, 0.9975199997723694, 0.9971781119622353, 0.9939858730550952, 0.994059946752384, 0.9939477202607846, 0.9945547432864708, 0.994154305753775, 0.9940028166795173, 0.9940463146487799, 0.9946807615421599, 0.9945529954075292, 0.9940409694738281, 0.9939912182300468, 0.993941466986266, 0.9942310974041535, 0.9940409694738281, 0.994850738330121, 0.993941466986266, 0.9938863705675333, 0.9939361218113144, 0.9939361218113144, 0.9940356242988764, 0.9940409694738281, 0.9939912182300468, 0.9939912182300468, 0.9939858730550952, 0.9939965634049988, 0.9938863705675333, 0.9938863705675333, 0.9962957559776922, 0.9940735788559876, 0.9940409694738281, 0.9941192627915019, 0.9944031528872139, 0.9941238340286248, 0.995234411441099, 0.9941596509287266, 0.9941404719613903, 0.9939858730550952, 0.9955447702917086, 0.993941466986266, 0.9944229171919408, 0.9939361218113144, 0.993941466986266, 0.9938863705675333, 0.9940409694738281, 0.9947105717502086, 0.9945450443293958, 0.9942377425576194, 0.9939858730550952, 0.994358759906727, 0.9939912182300468, 0.9940356242988764, 0.9962532672683566, 0.9940463146487799, 0.9939858730550952, 0.9939858730550952, 0.9939912182300468, 0.9941238340286248, 0.9957967240570007, 0.9946010547938486, 0.9941351267864386, 0.9939361218113144, 0.9941957700689037, 0.9939912182300468, 0.9939361218113144, 0.9941953701429239, 0.9944569386025233, 0.9939858730550952, 0.9963463180608958, 0.9939858730550952, 0.9951393591172638], [0.9939912182300468, 1.0, 0.9940704196472878, 0.9974982911175866, 0.996635667131628, 0.9976199447912032, 0.9967473319227311, 0.9939361218113144, 0.9954783569539659, 0.9938863705675333, 0.9939912182300468, 0.9961563574873691, 0.9976114257087528, 0.9939361218113144, 0.9968740386922865, 0.9940164487831215, 0.9939974715045655, 0.9942386506571869, 0.9961324192164961, 0.994074082784844, 0.9942071668295934, 0.9960417233297872, 0.994096065892561, 0.9983313115505473, 0.9942009135550748, 0.9988608950380682, 0.9976103001541863, 0.9942418098658866, 0.9975945461597917, 0.9939858730550952, 0.993941466986266, 0.9972371818806717, 0.9969587751267005, 0.9980403811541452, 0.9939361218113144, 0.9939477202607846, 0.9948605752581842, 0.9959441615892104, 0.9951182420808188, 0.9946195329223044, 0.9943363369456147, 0.9977034792809524, 0.9940409694738281, 0.9943421983411864, 0.9938863705675333, 0.9963085091710849, 0.9940028166795173, 0.9939858730550952, 0.9953791611275672, 0.9968930159708422, 0.9939361218113144, 0.9978100905886268, 0.9977311833415554, 0.9981338286043877, 0.9939974715045655, 0.9962670156666006, 0.9940463146487799, 0.9939858730550952, 0.9941628949225026, 0.9943159956130836, 0.9938863705675333, 0.9967393808445976, 0.9946384739125401, 0.9943318998702304, 0.9939550990898698, 0.9973014364489038, 0.9942125120045451, 0.9939974715045655, 0.9939361218113144, 0.9974418283246702, 0.9956507783948947, 0.9939361218113144, 0.9940525679232987, 0.9980952758840974, 0.9974295625952498, 0.9946076537389521, 0.9948739352290622, 0.9966852124418971, 0.9983801546947612, 0.9941150431711167, 0.9978605674609946, 0.9973020902828431, 0.9939477202607846, 0.9979852847354123, 0.9938863705675333, 0.9980718649817383, 0.9974407369575444, 0.995397602967703, 0.9954519367708641, 0.9938863705675333, 0.9939965634049988, 0.9940356242988764, 0.9940028166795177, 0.9973451483987106, 0.9967695408804255, 0.9975490145363958, 0.9944992517205141, 0.9972469938641104, 0.9938863705675333, 0.9939361218113144, 0.9941520704108607], [0.9941757802621447, 0.9940704196472878, 1.0, 0.9940704196472878, 0.9941826461388868, 0.9941201708910689, 0.9942154537582459, 0.994153397654208, 0.9941826461388871, 0.9941811254370964, 0.9941811254370966, 0.9939974715045655, 0.9941806124847535, 0.9940777984763732, 0.9940090699540365, 0.9942349349656575, 0.994232397382668, 0.994317295591598, 0.9941275497201544, 0.9939858730550952, 0.9943385722885288, 0.9941988158254804, 0.9944291704664601, 0.9941699221348499, 0.9943932495634817, 0.9941201708910689, 0.9942303637285346, 0.9941340204496724, 0.9939974715045655, 0.9941636688603314, 0.9943991076907768, 0.9941085724415983, 0.9940463146487799, 0.9940704196472878, 0.9942265261670307, 0.9940641663727691, 0.9944059735675188, 0.994059946752384, 0.994324521041145, 0.994137466132229, 0.9941465269987098, 0.9942303637285343, 0.994176392864368, 0.994435775357716, 0.9942567198361755, 0.9941139176165502, 0.9942637708617742, 0.9942513746612237, 0.9941900249679724, 0.9943289581165297, 0.9942016234174428, 0.9942937470759197, 0.9941699221348499, 0.9942312718281018, 0.9942460294862719, 0.994146725235909, 0.9940649000483882, 0.9943392786993155, 0.9943567352760806, 0.9941510982358327, 0.9940599467523837, 0.9944715428811558, 0.9943729049626744, 0.9941391481696243, 0.9942859730996105, 0.9942694246224123, 0.994163096611283, 0.9942685165228451, 0.9941328948951059, 0.9941391481696248, 0.9942419621780049, 0.9942513746612237, 0.9941192627915019, 0.9941815205843204, 0.9942863682468341, 0.9939477202607846, 0.9941934706505284, 0.9942694246224123, 0.9941201708910689, 0.9939974715045655, 0.9941201708910689, 0.9943184694554066, 0.9942246234063589, 0.9941699221348499, 0.9942513746612237, 0.9941255160660205, 0.994047222748347, 0.9942548203437804, 0.9943991076907768, 0.9942016234174428, 0.9941846797930205, 0.9942202266841493, 0.9942812405268826, 0.9940028166795173, 0.9940525679232987, 0.9940588211978173, 0.9940641663727693, 0.9941699221348499, 0.994232397382668, 0.9942016234174428, 0.9941701395898495], [0.9940662000269027, 0.9974982911175866, 0.9940704196472878, 1.0, 0.9971217526498868, 0.9970651307506079, 0.9957497320959401, 0.9939912182300468, 0.9943201031835607, 0.9941159512706834, 0.9941647944148977, 0.9958873461232232, 0.9973818450056023, 0.9940525679232987, 0.996867785417768, 0.9940715452018543, 0.993941466986266, 0.9941391481696248, 0.9951075551824969, 0.9940687376098921, 0.9942134201041124, 0.9959190239432842, 0.9940525679232987, 0.9975036362925382, 0.994047222748347, 0.997548042361368, 0.9972580200645327, 0.9941423073783244, 0.9970379159200621, 0.9941159512706834, 0.9939858730550952, 0.9966752064659906, 0.995773967011455, 0.9973184616582175, 0.9940969739921279, 0.9943066693171555, 0.9939361218113144, 0.995778872333012, 0.9945814972192123, 0.9946248780972563, 0.994162760760764, 0.9971275019955493, 0.9940516598237317, 0.9944407927291814, 0.9939477202607846, 0.9952053518194122, 0.9939858730550952, 0.9939477202607846, 0.9954289123713485, 0.9970973661209184, 0.9940028166795173, 0.9969958299792225, 0.9974982911175866, 0.9971143097453405, 0.9938863705675333, 0.9964883094410986, 0.9939912182300468, 0.9939974715045655, 0.9939638899473779, 0.9943793789604686, 0.9945047661927132, 0.9960614517253003, 0.9945398795245451, 0.9942323973826684, 0.9939477202607846, 0.9964871758394999, 0.9940516598237317, 0.9939858730550952, 0.9941212964456353, 0.996553711472977, 0.9954484618989524, 0.9939477202607846, 0.9939361218113144, 0.997256910276185, 0.997496257463453, 0.9944891739728341, 0.9949299397473618, 0.9963102278606712, 0.9973871901805542, 0.9941096979961649, 0.996993244086991, 0.9971358929270778, 0.9940662000269027, 0.9973267485868695, 0.994047222748347, 0.997548042361368, 0.9967250707361353, 0.9952927553051891, 0.9949955188810646, 0.9940028166795173, 0.993941466986266, 0.9940356242988764, 0.9939477202607846, 0.9965672243844829, 0.9964732653090717, 0.997031445190544, 0.994659195801761, 0.9970937187495813, 0.9939477202607846, 0.9939477202607846, 0.9938863705675333], [0.9938863705675333, 0.996635667131628, 0.9941826461388868, 0.9971217526498868, 1.0, 0.9965505672339171, 0.9954197215878601, 0.9939361218113144, 0.9940409694738281, 0.9941458171363421, 0.993941466986266, 0.9952378631448487, 0.996690763550361, 0.994047222748347, 0.996930817148415, 0.9940579130982502, 0.9940853755426576, 0.9942493410070902, 0.9948059344361916, 0.9941247421281919, 0.9941636688603314, 0.995597517818856, 0.993941466986266, 0.9966907635503608, 0.9942884019009677, 0.996685418375409, 0.9967405147941416, 0.9942036570715757, 0.9965518944772642, 0.9939912182300468, 0.9942758953519303, 0.9959896043474391, 0.9956936400396476, 0.9966157817535052, 0.9938863705675333, 0.9940356242988764, 0.9939477202607846, 0.9957913788820493, 0.9944958250724532, 0.994674629341037, 0.9939912182300468, 0.9964690299224677, 0.994137466132229, 0.994176000985421, 0.9938863705675333, 0.9951196796726532, 0.9939912182300468, 0.9938863705675333, 0.9956332625214246, 0.9967902660379229, 0.9938863705675333, 0.9964442392227878, 0.996685418375409, 0.9966907635503608, 0.9939912182300468, 0.9964269597478472, 0.994096065892561, 0.9939858730550952, 0.9940749908844109, 0.9942637067863132, 0.9941458171363421, 0.9956126749772461, 0.9947188008843474, 0.994121296445636, 0.9940409694738281, 0.9960563849771727, 0.9939361218113144, 0.993941466986266, 0.993941466986266, 0.9957408387307994, 0.9953267346874769, 0.9939858730550952, 0.9939361218113144, 0.9963942862902263, 0.9969805683921962, 0.9945306382879631, 0.9949680925416727, 0.9966086011616194, 0.9966240686821575, 0.9940599467523837, 0.9964862117115042, 0.9964086923316593, 0.994096065892561, 0.9968652478347783, 0.9938863705675333, 0.9967902660379229, 0.9962831853531937, 0.9952546025108785, 0.9942071668295934, 0.9940525679232987, 0.993941466986266, 0.9939858730550952, 0.9941076643420313, 0.9958318710221501, 0.9960892198613646, 0.9963062782492587, 0.9946707942512313, 0.9959769933697652, 0.9938863705675333, 0.9940356242988764, 0.9941043528212131], [0.993941466986266, 0.9976199447912032, 0.9941201708910689, 0.9970651307506079, 0.9965505672339171, 1.0, 0.9960064351482475, 0.9939361218113144, 0.9947818662483119, 0.9939361218113144, 0.9939361218113144, 0.9956627555267054, 0.9970174131609599, 0.9940525679232987, 0.9966470638923178, 0.994154305753775, 0.993941466986266, 0.9942386506571869, 0.9957857750203819, 0.9942147473474592, 0.994169014035283, 0.9956096885173749, 0.9943120144921075, 0.9977150102033806, 0.9940028166795173, 0.9980402435408257, 0.9971898637912441, 0.9942418098658866, 0.9969345486061632, 0.9939361218113144, 0.9938863705675333, 0.9965827277391945, 0.9963741992233232, 0.9971952089661956, 0.9939858730550952, 0.994047222748347, 0.9947566356952373, 0.9958453655124342, 0.9949901975193643, 0.9944742971225656, 0.9941203883460682, 0.9970762893466828, 0.9940546015774321, 0.9943368531662348, 0.9941023191670797, 0.995543862192142, 0.9939361218113144, 0.9941023191670797, 0.995277423297091, 0.9967581648293502, 0.9941023191670797, 0.9973120707703788, 0.9970651307506079, 0.997608544578932, 0.9939912182300468, 0.9962266275293757, 0.9939361218113144, 0.9941023191670797, 0.9940356242988764, 0.9942662443693028, 0.9941096979961651, 0.996436234617746, 0.9947212344644605, 0.9942187652790642, 0.994059946752384, 0.9968938424855182, 0.9940516598237317, 0.9938863705675333, 0.9939858730550952, 0.9965163291649137, 0.9955396774578621, 0.9941520704108607, 0.9938863705675333, 0.9972632276261646, 0.9970767292000782, 0.9944993603938818, 0.9950845386536569, 0.9966445186130157, 0.9974546555350047, 0.9942612910732985, 0.9970791785464101, 0.9970933671328432, 0.9938863705675333, 0.9971202271693403, 0.9941023191670797, 0.9973063099032284, 0.9965703342165205, 0.9954081893147302, 0.9949260804963601, 0.9939974715045655, 0.9940463146487799, 0.9940853755426574, 0.9940028166795177, 0.9966020162813128, 0.9965522650375318, 0.9970456495431959, 0.9946538506268091, 0.9967814751804144, 0.9940409694738281, 0.9940525679232987, 0.9940525679232987], [0.9943152619374646, 0.9967473319227311, 0.9942154537582459, 0.9957497320959401, 0.9954197215878601, 0.9960064351482475, 1.0, 0.9940189863661109, 0.9959879111462236, 0.994309916762513, 0.9942104142749507, 0.9951080707044514, 0.995841855754417, 0.9945700731936897, 0.9953583718946085, 0.9943045715875612, 0.9939858730550952, 0.9939912182300468, 0.9958549192349178, 0.9941023191670797, 0.9940579130982506, 0.994845663164142, 0.994588542298658, 0.9964834482785376, 0.9942506647988557, 0.9969632805222776, 0.9958842281691126, 0.9941423073783249, 0.9959754437280227, 0.9942655106936833, 0.9942242446157539, 0.9958751225964605, 0.996486049936988, 0.9961182459476481, 0.9941291792035767, 0.9941192627915019, 0.9957638738552241, 0.9959960504900007, 0.9948467572091447, 0.9946458396532828, 0.9942676084232781, 0.9961245632976277, 0.993941466986266, 0.9942944807515389, 0.9945558688410375, 0.9951459622424349, 0.9940356242988764, 0.9947970479936586, 0.9950221081120103, 0.9953583718946085, 0.9946975455060967, 0.9962890786159974, 0.9959520485918826, 0.9965938393532023, 0.9938863705675333, 0.9956041222843526, 0.9939912182300468, 0.9946975455060967, 0.994146725235909, 0.9944808786263306, 0.9939974715045655, 0.9964809222170357, 0.9945824693942404, 0.9941139176165504, 0.9940090699540365, 0.9964696998802939, 0.9939912182300468, 0.9938863705675333, 0.995021589213514, 0.9954944625650987, 0.995301553511065, 0.9946859470566258, 0.9939361218113144, 0.9961862646076164, 0.9956006766017961, 0.9942621991728655, 0.9951777878667002, 0.9954530972115363, 0.9965438898722221, 0.9940101955086027, 0.9965980781913877, 0.9956396033339352, 0.9941490645816994, 0.9963279412726757, 0.9947970479936586, 0.9961244992221666, 0.9964825401789706, 0.9947019019660962, 0.9955342973968051, 0.994770291960038, 0.993941466986266, 0.9938863705675333, 0.994325848284492, 0.9963288493722428, 0.9960085570390382, 0.9960305401467556, 0.9945124439707232, 0.9960060194560487, 0.994397000937695, 0.9946859470566258, 0.994922284963151], [0.993941466986266, 0.9939361218113144, 0.994153397654208, 0.9939912182300468, 0.9939361218113144, 0.9939361218113144, 0.9940189863661109, 1.0, 0.9939361218113144, 0.9939361218113144, 0.9941023191670797, 0.9939858730550952, 0.9940356242988764, 0.9939965634049988, 0.9939912182300468, 0.9940588211978173, 0.9938863705675333, 0.9941465269987098, 0.9938863705675333, 0.9940652919273357, 0.9943820909674063, 0.994096065892561, 0.9939912182300468, 0.993941466986266, 0.9940028166795177, 0.9939361218113144, 0.9939912182300468, 0.9941290752007005, 0.9939361218113144, 0.9939361218113144, 0.9938863705675333, 0.9938863705675333, 0.994047222748347, 0.9941458171363421, 0.9938863705675333, 0.9942445087844818, 0.9939974715045655, 0.9939912182300468, 0.9940326184697147, 0.9940356242988764, 0.9941636688603314, 0.9938863705675333, 0.9941076643420313, 0.994077798476373, 0.9939361218113144, 0.9940687376098919, 0.9938863705675333, 0.9938863705675333, 0.9939361218113144, 0.9940662000269027, 0.9938863705675333, 0.993997471504566, 0.9941023191670797, 0.9939361218113144, 0.9939361218113144, 0.9941139176165502, 0.9939912182300468, 0.9940463146487799, 0.9941710476894164, 0.994059946752384, 0.9939361218113144, 0.9940028166795177, 0.9943344374532196, 0.9939912182300468, 0.9938863705675333, 0.993941466986266, 0.9939361218113144, 0.9939858730550952, 0.993941466986266, 0.9940136411911593, 0.9941636688603314, 0.9940356242988764, 0.9938863705675333, 0.9938863705675333, 0.9938863705675333, 0.994047222748347, 0.9940530808756417, 0.9939550990898698, 0.9938863705675333, 0.994337245045182, 0.993941466986266, 0.9940242275381864, 0.9939361218113144, 0.9940409694738281, 0.9939361218113144, 0.9939965634049988, 0.9940028166795173, 0.9947361823127977, 0.9939361218113144, 0.9940525679232987, 0.9941159512706839, 0.9939361218113144, 0.994155317856218, 0.9938863705675333, 0.9939912182300468, 0.9940525679232987, 0.9940463146487799, 0.993997471504566, 0.9938863705675333, 0.9940242275381864, 0.9939361218113144], [0.9940463146487799, 0.9954783569539659, 0.9941826461388871, 0.9943201031835607, 0.9940409694738281, 0.9947818662483119, 0.9959879111462236, 0.9939361218113144, 1.0, 0.9939858730550952, 0.9939858730550952, 0.9947805424565461, 0.9946545315492248, 0.9964440375340075, 0.9939912182300468, 0.9942675443478172, 0.9938863705675333, 0.9940048503336509, 0.996809695819305, 0.9948961612801496, 0.9943124543455023, 0.9959067940446087, 0.9965502765153293, 0.9954250767343672, 0.9939361218113144, 0.9956508075842503, 0.9944988070883632, 0.9942369686197912, 0.9947997179723009, 0.9940907207176094, 0.9939858730550952, 0.99516313728874, 0.9954096284316293, 0.9950652195784292, 0.9939912182300468, 0.9943011259050047, 0.9978904175604341, 0.9948811021784825, 0.9946671468798942, 0.9941363405776621, 0.9947890468401975, 0.9949692268488846, 0.9940463146487799, 0.9941212964456355, 0.9968561869682973, 0.9954274801556184, 0.9940463146487799, 0.9969978636333562, 0.9945624078907478, 0.9939361218113144, 0.996948112389575, 0.9953239562848702, 0.9945476502325773, 0.9953554401124635, 0.9939361218113144, 0.9940803360593624, 0.9944385877284341, 0.9965743174383763, 0.9941131436787214, 0.9941427073043041, 0.9939361218113144, 0.9947006311769373, 0.9943418162823048, 0.9942169613716937, 0.9943342392160205, 0.9956255402205474, 0.9943650131812457, 0.9938863705675333, 0.996685418375409, 0.9956416248477947, 0.9946067456393848, 0.9969365139401045, 0.9939361218113144, 0.9954357670842704, 0.9942016234174426, 0.9940735788559876, 0.9940356242988764, 0.9943851800898287, 0.9954411122592224, 0.9943064710799565, 0.9951207316893609, 0.9944238252915076, 0.9939361218113144, 0.9947520003826535, 0.996948112389575, 0.995126569271681, 0.9950527130293918, 0.9941942445883578, 0.9959484311085662, 0.9952599607741727, 0.993941466986266, 0.9938863705675333, 0.9953633340342242, 0.9953753254905863, 0.9951237616797186, 0.9948726661150229, 0.994416999767941, 0.9949052754971826, 0.9953383271907946, 0.9967373072761996, 0.9961821174576703], [0.9980635780530861, 0.9938863705675333, 0.9941811254370964, 0.9941159512706834, 0.9941458171363421, 0.9939361218113144, 0.994309916762513, 0.9939361218113144, 0.9939858730550952, 1.0, 0.9980158604634387, 0.9944996626339571, 0.9944168621546213, 0.9940409694738281, 0.9939858730550952, 0.9941888994134056, 0.9939361218113144, 0.9941914369963952, 0.9938863705675333, 0.9939477202607846, 0.9940969739921279, 0.9940516598237317, 0.9938863705675333, 0.9938863705675333, 0.9942950708676852, 0.9938863705675333, 0.9939477202607846, 0.9941609568533937, 0.9939858730550952, 0.9974586500791183, 0.9978580747356661, 0.9939858730550952, 0.9939550990898698, 0.9940579130982502, 0.9945663417359416, 0.994154305753775, 0.9940525679232987, 0.9939858730550952, 0.9947856092046737, 0.9946578430700431, 0.9939858730550952, 0.9940356242988764, 0.9941848780302198, 0.9941262497416398, 0.9939361218113144, 0.9947458906676073, 0.9939361218113144, 0.9939361218113144, 0.9940853755426576, 0.9940356242988764, 0.9938863705675333, 0.9938863705675333, 0.9938863705675333, 0.9938863705675333, 0.9939858730550952, 0.9939858730550952, 0.993941466986266, 0.9939858730550952, 0.9962587287379482, 0.9940735788559876, 0.9938863705675333, 0.9939477202607846, 0.9943978077122623, 0.9942846862094384, 0.9950673059857666, 0.9942040569975561, 0.9939361218113144, 0.9938863705675333, 0.9952230659300816, 0.9942453196239041, 0.9942513746612235, 0.9939361218113144, 0.9941351267864386, 0.9939361218113144, 0.9938863705675333, 0.9947603229939895, 0.9946445468169579, 0.9942874938014008, 0.9938863705675333, 0.9942983183130425, 0.9938863705675333, 0.9939361218113144, 0.9965624650809461, 0.9939858730550952, 0.9938863705675333, 0.9939361218113144, 0.9941458171363421, 0.9940136411911593, 0.9962848432293931, 0.9950755418626367, 0.9938863705675333, 0.9940356242988764, 0.994135328475219, 0.9939858730550952, 0.9938863705675333, 0.9940238276122069, 0.9945564410900857, 0.9940356242988764, 0.9959811157300061, 0.9939361218113144, 0.99497850693645], [0.9980644861526531, 0.9939912182300468, 0.9941811254370966, 0.9941647944148977, 0.993941466986266, 0.9939361218113144, 0.9942104142749507, 0.9941023191670797, 0.9939858730550952, 0.9980158604634387, 1.0, 0.9944499113901759, 0.9942018216546419, 0.9940463146487799, 0.9941404719613903, 0.9941328948951059, 0.9938863705675333, 0.9942465334151279, 0.9940409694738281, 0.993997471504566, 0.994225018553583, 0.9940409694738281, 0.9938863705675333, 0.9938863705675333, 0.9940409694738281, 0.9939361218113144, 0.9940525679232987, 0.9943218090342074, 0.9939361218113144, 0.9972987059978715, 0.9972024344157427, 0.9940409694738281, 0.9940048503336509, 0.9940028166795177, 0.99450499204269, 0.9942654066908075, 0.994047222748347, 0.9940409694738281, 0.9947856092046737, 0.99460274665131, 0.9940907207176094, 0.9939912182300468, 0.9940409694738281, 0.9941262497416398, 0.993941466986266, 0.9946961394238262, 0.9940907207176094, 0.993941466986266, 0.9939361218113144, 0.9939361218113144, 0.9940409694738281, 0.9939361218113144, 0.9941520704108607, 0.9938863705675333, 0.9939361218113144, 0.993941466986266, 0.9940907207176094, 0.9940409694738281, 0.9962596368375151, 0.9942281777622828, 0.9939912182300468, 0.9940090699540365, 0.9942432088059672, 0.9941238340286248, 0.995030061291023, 0.9941045545099936, 0.9939858730550952, 0.9939912182300468, 0.995383918110895, 0.994096065892561, 0.9944291704664592, 0.9939912182300468, 0.994195568380123, 0.9939858730550952, 0.9939912182300468, 0.9946554753314757, 0.9944899479106631, 0.9941328948951057, 0.9938863705675333, 0.9941988158254802, 0.9939858730550952, 0.9939361218113144, 0.9960266283189064, 0.993941466986266, 0.9939912182300468, 0.9940356242988764, 0.9938863705675333, 0.9940189863661109, 0.9957543516423047, 0.9946552431130145, 0.9940907207176094, 0.9939361218113144, 0.9940358259876569, 0.9940853755426576, 0.9940907207176094, 0.9941349285492393, 0.994501344671353, 0.9939361218113144, 0.9961419679108194, 0.9939858730550952, 0.9949901053859204], [0.9944055053213467, 0.9961563574873691, 0.9939974715045655, 0.9958873461232232, 0.9952378631448487, 0.9956627555267054, 0.9951080707044514, 0.9939858730550952, 0.9947805424565461, 0.9944996626339571, 0.9944499113901759, 1.0, 0.9958567703951969, 0.9938863705675333, 0.9953427108073626, 0.9941043528212131, 0.9940356242988764, 0.9940588211978175, 0.9949779452130804, 0.9943445555540749, 0.9940641663727691, 0.9956867039683638, 0.9939912182300468, 0.9962844020488238, 0.9938863705675333, 0.9962790568738723, 0.995850299665679, 0.9942036570715759, 0.9957976066681972, 0.9942335229372343, 0.9942369686197909, 0.9959836894020853, 0.9952876784640904, 0.9963827789818193, 0.993997471504566, 0.9940641663727691, 0.9942303637285343, 0.9949212623419771, 0.9946565430915288, 0.9944167675494799, 0.994096065892561, 0.9960198085422622, 0.9942071668295934, 0.9942086744430416, 0.9938863705675333, 0.9954359046975907, 0.9940525679232987, 0.9939858730550952, 0.9948096739409724, 0.9955278854416836, 0.9939361218113144, 0.9957661228406037, 0.9959901601316036, 0.9957181877959569, 0.9939965634049988, 0.9952686371100742, 0.994047222748347, 0.993941466986266, 0.9943348773066145, 0.9944850005608113, 0.9939638899473779, 0.9950533742116987, 0.9941725553028643, 0.9943650131812459, 0.9942411882401764, 0.9954941424579248, 0.9942953765593417, 0.993941466986266, 0.994059946752384, 0.9959190816468325, 0.9947097316000151, 0.9938863705675333, 0.9940584260505935, 0.9960724713808818, 0.9959044879848444, 0.9947570114731714, 0.9945572703507297, 0.9951175479617966, 0.9961679559368394, 0.9943167874180112, 0.9957624113938061, 0.995927483195005, 0.9942369686197909, 0.9959181200884485, 0.9938863705675333, 0.9963288081176531, 0.9963198607032954, 0.994367428894261, 0.9949068409051441, 0.9940907207176094, 0.9938863705675333, 0.9942527866896466, 0.9940090699540365, 0.9959487598919355, 0.9957562064285291, 0.9959617703698289, 0.9940939681629664, 0.9956870779802124, 0.9942700819308065, 0.9938863705675333, 0.9940136411911593], [0.9942125120045451, 0.9976114257087528, 0.9941806124847535, 0.9973818450056023, 0.996690763550361, 0.9970174131609599, 0.995841855754417, 0.9940356242988764, 0.9946545315492248, 0.9944168621546213, 0.9942018216546419, 0.9958567703951969, 1.0, 0.9940409694738281, 0.9968624402428161, 0.9940164487831215, 0.9939912182300468, 0.9945594469192471, 0.9952704410174439, 0.994118488853673, 0.994047222748347, 0.9958460758005622, 0.9939912182300468, 0.9977109281963149, 0.9940356242988764, 0.9978211210337804, 0.9975924484301969, 0.9942418098658866, 0.9971635570602656, 0.9943120144921075, 0.9942071668295934, 0.9967936862321085, 0.996108395377119, 0.9976803524682888, 0.9941076643420313, 0.993941466986266, 0.9940048503336509, 0.995618928251765, 0.9946925981562447, 0.9947741318285996, 0.9940048503336509, 0.9972883541763632, 0.9940409694738281, 0.994176000985421, 0.9939912182300468, 0.9954465309720332, 0.9939912182300468, 0.9939965634049988, 0.9955391052088142, 0.9970476148771371, 0.9940516598237317, 0.9970306712527147, 0.9974813474931644, 0.9972390427859771, 0.9938863705675333, 0.9963283653598518, 0.9940525679232987, 0.9939912182300468, 0.9941798385469246, 0.994433349824635, 0.9938863705675333, 0.9958339046762835, 0.9944341237624641, 0.9943488434946524, 0.9941096979961649, 0.9965452140119327, 0.993941466986266, 0.9940907207176094, 0.9941130095169832, 0.9965619984016291, 0.9954294846203964, 0.9939965634049988, 0.9943448221114666, 0.997474892529865, 0.9972464216150624, 0.9946680953326364, 0.9949236864728431, 0.9963653242794039, 0.9975500760155013, 0.9940101955086027, 0.9970545937802423, 0.9971296396525591, 0.9941511623112935, 0.9974876007676833, 0.9939965634049988, 0.9976665221274854, 0.9968763581216118, 0.9951932528176268, 0.9950146943968194, 0.9941520704108607, 0.994047222748347, 0.9940409694738281, 0.994047222748347, 0.9972436581820959, 0.9966414963189705, 0.9971436716821428, 0.9946538506268091, 0.9970078483656225, 0.9940579130982502, 0.9939965634049988, 0.9941574155858124], [0.9938863705675333, 0.9939361218113144, 0.9940777984763732, 0.9940525679232987, 0.994047222748347, 0.9940525679232987, 0.9945700731936897, 0.9939965634049988, 0.9964440375340075, 0.9940409694738281, 0.9940463146487799, 0.9938863705675333, 0.9940409694738281, 1.0, 0.9939858730550952, 0.994137466132229, 0.994375599528273, 0.994153905827795, 0.9955267730837237, 0.9948473181359355, 0.9943439381730955, 0.9953586681885306, 0.996323084260361, 0.9939965634049988, 0.9944940792943909, 0.9938863705675333, 0.9943247384961443, 0.9941428113071804, 0.9939912182300468, 0.9938863705675333, 0.9939361218113144, 0.9944143692778028, 0.9941212964456355, 0.9939965634049988, 0.9943617657358885, 0.9941900249679719, 0.9965181112312957, 0.9944232530424594, 0.9941993287778235, 0.994418984045412, 0.9947595809005192, 0.9940356242988764, 0.9942147473474592, 0.9942221261765449, 0.9972201453491011, 0.9940641663727691, 0.9943446238742668, 0.997615923408017, 0.9948218544595567, 0.9939361218113144, 0.9976212685829687, 0.9938863705675333, 0.9941520704108607, 0.9943553142241705, 0.9942760970407112, 0.9940662000269027, 0.9946101302591512, 0.9966681389004679, 0.994174493371973, 0.9943064710799565, 0.9940525679232987, 0.9941699221348499, 0.994159889093341, 0.9944074811809664, 0.9942612910732983, 0.9944386949995869, 0.9942621991728651, 0.9941953701429235, 0.9966313098979229, 0.994092228331057, 0.9942675443478167, 0.997559918889717, 0.9941096979961649, 0.9939361218113144, 0.9939361218113144, 0.9941594492399459, 0.9945837693727544, 0.9941096979961649, 0.9939912182300468, 0.9942567198361753, 0.9939744762944054, 0.9938863705675333, 0.9943446238742668, 0.993941466986266, 0.99767101982675, 0.9940907207176094, 0.9938863705675333, 0.994410193187904, 0.994706908612653, 0.9952007088105154, 0.994325848284492, 0.9939974715045655, 0.9950793633231275, 0.9941458171363421, 0.9945166703338402, 0.9939361218113144, 0.994576543923208, 0.993941466986266, 0.9955977737596036, 0.9969910728195377, 0.9963535223750677], [0.9940356242988764, 0.9968740386922865, 0.9940090699540365, 0.996867785417768, 0.996930817148415, 0.9966470638923178, 0.9953583718946085, 0.9939912182300468, 0.9939912182300468, 0.9939858730550952, 0.9941404719613903, 0.9953427108073626, 0.9968624402428161, 0.9939858730550952, 1.0, 0.994047222748347, 0.994047222748347, 0.9943624755982563, 0.9949107820987052, 0.994118488853673, 0.9940969739921279, 0.9954375737376094, 0.9939912182300468, 0.9968126889990351, 0.9939858730550952, 0.9968126889990351, 0.9968624402428161, 0.9942036570715757, 0.9967786675884523, 0.993941466986266, 0.9939858730550952, 0.9961495484286859, 0.9955941375520853, 0.996732362027228, 0.9939858730550952, 0.9938863705675333, 0.9940028166795177, 0.9957851256075305, 0.9944407286537201, 0.994674629341037, 0.9939361218113144, 0.9965465493023126, 0.9939550990898698, 0.9942310974041535, 0.9941351267864386, 0.994951448662754, 0.9940409694738281, 0.9939912182300468, 0.9954893539650328, 0.9968316662775908, 0.9940356242988764, 0.9964858376996552, 0.9968126889990351, 0.9969291351110193, 0.9940028166795173, 0.9963718633291143, 0.9939912182300468, 0.9939912182300468, 0.9942179913412353, 0.9944154981006459, 0.9938863705675333, 0.9957346004259204, 0.9944287785875124, 0.9942430877325716, 0.9939858730550952, 0.9961114813959057, 0.9940028166795173, 0.9939912182300468, 0.9938863705675333, 0.9958130129356925, 0.9952994064048082, 0.9939858730550952, 0.9939912182300468, 0.9964718056700713, 0.9968740386922865, 0.99453154638753, 0.9948685900541107, 0.9965696744294801, 0.9967513393057833, 0.9940546015774319, 0.9966685787538629, 0.9968016627986127, 0.9938863705675333, 0.9967629377552539, 0.9939912182300468, 0.997017039149111, 0.9962056659733486, 0.9952483492363599, 0.9941300873031435, 0.9940969739921279, 0.9941076643420313, 0.9938863705675333, 0.9942207989331976, 0.9959313735097122, 0.9961165481440335, 0.9964388940478361, 0.9946654490762796, 0.9961540152371722, 0.9939858730550952, 0.9938863705675333, 0.9940907207176092], [0.9941275497201544, 0.9940164487831215, 0.9942349349656575, 0.9940715452018543, 0.9940579130982502, 0.994154305753775, 0.9943045715875612, 0.9940588211978173, 0.9942675443478172, 0.9941888994134056, 0.9941328948951059, 0.9941043528212131, 0.9940164487831215, 0.994137466132229, 0.994047222748347, 1.0, 0.9942095151988707, 0.9942086744430416, 0.9942281777622828, 0.9941480524792558, 0.9943055629803893, 0.9939858730550952, 0.994245121386705, 0.9941159512706839, 0.9942402891640962, 0.9940164487831215, 0.9942397762117531, 0.9941579285381555, 0.9940164487831215, 0.994232397382668, 0.9941085724415983, 0.9941159512706834, 0.9942513746612237, 0.9941266416205872, 0.9940939681629664, 0.9942125120045451, 0.9941321209572769, 0.9940164487831215, 0.9942928389763526, 0.9941255160660205, 0.9940646793251122, 0.9940939681629664, 0.9942382555099626, 0.994047222748347, 0.9942104142749507, 0.9940136411911593, 0.9941340204496721, 0.9941437194067475, 0.994232397382668, 0.9939477202607846, 0.9941437194067475, 0.9940164487831215, 0.9941710476894164, 0.9941212964456355, 0.9942095151988707, 0.9941710476894164, 0.9940641663727693, 0.9941798385469246, 0.993997471504566, 0.9942627031017214, 0.9941212964456353, 0.9941773009639352, 0.9940855772314378, 0.9941212964456353, 0.9942241104540159, 0.9944258589456413, 0.9943379549075495, 0.9941609568533937, 0.9941934706505284, 0.9941096979961649, 0.9943731659481597, 0.9942548203437802, 0.9941799341319494, 0.9939550990898698, 0.9940662000269027, 0.9942021363697856, 0.9942411882401764, 0.9941286752747205, 0.9940164487831215, 0.9940704196472878, 0.9940662000269027, 0.9940662000269027, 0.9943011259050047, 0.994176392864368, 0.9940939681629664, 0.9940715452018543, 0.9941275497201544, 0.9940295727131382, 0.9941988158254802, 0.9941101378495596, 0.9942592664426521, 0.9942439958321385, 0.9942513746612235, 0.9940851773054581, 0.9943288940410688, 0.9940851773054585, 0.9941248377132166, 0.994154305753775, 0.9941490645816994, 0.9941437194067475, 0.9941013469920517], [0.9939858730550952, 0.9939974715045655, 0.994232397382668, 0.993941466986266, 0.9940853755426576, 0.993941466986266, 0.9939858730550952, 0.9938863705675333, 0.9938863705675333, 0.9939361218113144, 0.9938863705675333, 0.9940356242988764, 0.9939912182300468, 0.994375599528273, 0.994047222748347, 0.9942095151988707, 1.0, 0.9940641663727691, 0.9939477202607846, 0.9941701395898495, 0.9940735788559876, 0.9939912182300468, 0.9940409694738281, 0.9939912182300468, 0.9949155724659475, 0.9938863705675333, 0.9942145456586786, 0.9943629885505995, 0.9940749908844109, 0.9939361218113144, 0.9938863705675333, 0.9939477202607846, 0.9939974715045655, 0.9939858730550952, 0.9939361218113144, 0.9941328948951057, 0.9939361218113144, 0.9944508835652042, 0.9940136411911593, 0.9947047226464009, 0.9961125466773124, 0.9942009135550748, 0.9949875144523792, 0.9946716050906542, 0.993941466986266, 0.994047222748347, 0.9938863705675333, 0.9938863705675333, 0.9950496879824303, 0.9939912182300468, 0.9938863705675333, 0.993941466986266, 0.9939361218113144, 0.9938863705675333, 0.9980073560797867, 0.9941203883460682, 0.993941466986266, 0.9940409694738281, 0.9940028166795173, 0.9940409694738281, 0.9938863705675333, 0.9938863705675333, 0.993941466986266, 0.9942943003814378, 0.9940356242988764, 0.9940136411911593, 0.9956686593082396, 0.9939858730550952, 0.9938863705675333, 0.9939873806685431, 0.9940409694738281, 0.9939912182300468, 0.9938863705675333, 0.9940463146487799, 0.9939361218113144, 0.9945063710663057, 0.9942166675494696, 0.9940525679232987, 0.9939361218113144, 0.9946006727349668, 0.99409092240639, 0.9942233365161869, 0.9938863705675333, 0.994096065892561, 0.9939361218113144, 0.9940356242988764, 0.9942578261729418, 0.9940463146487799, 0.9939361218113144, 0.9939858730550952, 0.9970258622217962, 0.9938863705675333, 0.9939361218113144, 0.9939361218113144, 0.9938863705675333, 0.9939965634049988, 0.9947985713733255, 0.9939638899473779, 0.9938863705675333, 0.9940853755426576, 0.9943140481462408], [0.9941416857526141, 0.9942386506571869, 0.994317295591598, 0.9941391481696248, 0.9942493410070902, 0.9942386506571869, 0.9939912182300468, 0.9941465269987098, 0.9940048503336509, 0.9941914369963952, 0.9942465334151279, 0.9940588211978175, 0.9945594469192471, 0.994153905827795, 0.9943624755982563, 0.9942086744430416, 0.9940641663727691, 1.0, 0.9941773009639352, 0.994169014035283, 0.9943619674246691, 0.9940715452018543, 0.9941328948951059, 0.9944927520510439, 0.9941321209572773, 0.9941888994134058, 0.9942439958321385, 0.9941710476894164, 0.9942386506571869, 0.9941967821713469, 0.9942527866896466, 0.994047222748347, 0.9942397762117535, 0.9942439958321385, 0.9942411882401764, 0.9940252396406297, 0.9941349285492393, 0.9939912182300468, 0.994176392864368, 0.9940463146487799, 0.994077798476373, 0.9944048480129521, 0.9940715452018543, 0.9942957807300531, 0.9940238276122066, 0.9943277684865021, 0.9946635240955135, 0.9942779290060637, 0.9941900249679719, 0.9943106907003417, 0.9941233300997689, 0.9942080749291605, 0.9943434983197005, 0.9942576279357427, 0.9941636688603309, 0.9942493410070902, 0.9940803360593624, 0.9941286752747205, 0.9942036570715759, 0.9942314892831011, 0.9940028166795177, 0.9939974715045655, 0.9942092004837269, 0.9943470973817955, 0.9945390292194914, 0.9942493410070902, 0.9941023191670797, 0.9954110606473592, 0.9941710476894164, 0.9942502491066574, 0.9945175143579466, 0.9940735788559876, 0.9952473561684119, 0.9943497515942197, 0.9942386506571869, 0.9942513746612235, 0.9941872173760098, 0.9943434983197007, 0.9941888994134058, 0.9943000003504382, 0.9942439958321385, 0.9941328948951059, 0.994806236676267, 0.9941391481696248, 0.9941233300997689, 0.9942937470759197, 0.9940803360593624, 0.9943790273437312, 0.9941904248939519, 0.9940090699540365, 0.9941469269246895, 0.9941988158254804, 0.9941139176165502, 0.9941902232051716, 0.9940588211978173, 0.9942016234174426, 0.9943359450666677, 0.9942439958321385, 0.9942548203437804, 0.9941233300997689, 0.9940579130982502], [0.9939912182300468, 0.9961324192164961, 0.9941275497201544, 0.9951075551824969, 0.9948059344361916, 0.9957857750203819, 0.9958549192349178, 0.9938863705675333, 0.996809695819305, 0.9938863705675333, 0.9940409694738281, 0.9949779452130804, 0.9952704410174439, 0.9955267730837237, 0.9949107820987052, 0.9942281777622828, 0.9939477202607846, 0.9941773009639352, 1.0, 0.9946551565514765, 0.9942303637285346, 0.9952251523374186, 0.9956505980247937, 0.9960293877531163, 0.9945828612731876, 0.9964648139280269, 0.9955530844851939, 0.9941730813435502, 0.9955190630746111, 0.9938863705675333, 0.9939361218113144, 0.9956788344070294, 0.9960478726243034, 0.9956197793533972, 0.9939361218113144, 0.9941888994134056, 0.9968226180605417, 0.9954703690652043, 0.9946835148036871, 0.9943868060987963, 0.9943988121934328, 0.9956110525713497, 0.993941466986266, 0.9940939681629666, 0.9959331774170823, 0.9956544549555872, 0.9938863705675333, 0.995994527110334, 0.9946364896350686, 0.9948556856799727, 0.9960940295978961, 0.995686889913799, 0.9951573064262781, 0.9962879262223581, 0.9940028166795177, 0.9950443059968501, 0.9944439329033858, 0.9956207321591352, 0.994118488853673, 0.9943354411378115, 0.993941466986266, 0.9956551003945492, 0.9942384762332387, 0.9941636688603314, 0.9941900249679724, 0.996258898035195, 0.9942548203437802, 0.9940101955086027, 0.9952693601690488, 0.9958620525510208, 0.9947784685402035, 0.9958780809983495, 0.9940652919273357, 0.9958959678578475, 0.9951022100075453, 0.9943976225634054, 0.994686813127898, 0.995112190495081, 0.9960454232779714, 0.9941328948951057, 0.9957852826130136, 0.9951981533604274, 0.9940356242988764, 0.9955776051759004, 0.9960496235290667, 0.9956260326279158, 0.995382731584504, 0.994573384714508, 0.9951482823704254, 0.994998392314573, 0.9940641663727693, 0.9938863705675333, 0.9946011125883621, 0.9956111867330881, 0.9955857579428145, 0.9954755651053486, 0.9944580641570897, 0.9951388373213093, 0.994843866507226, 0.995894822933991, 0.9954414749488144], [0.9940525679232987, 0.994074082784844, 0.9939858730550952, 0.9940687376098921, 0.9941247421281919, 0.9942147473474592, 0.9941023191670797, 0.9940652919273357, 0.9948961612801496, 0.9939477202607846, 0.993997471504566, 0.9943445555540749, 0.994118488853673, 0.9948473181359355, 0.994118488853673, 0.9941480524792558, 0.9941701395898495, 0.994169014035283, 0.9946551565514765, 1.0, 0.9945809617807921, 0.9945420797548238, 0.9949545692197005, 0.9940687376098921, 0.9941636688603314, 0.9941238340286248, 0.9940136411911593, 0.994301763995599, 0.9940803360593624, 0.9939477202607846, 0.994047222748347, 0.9943816958201823, 0.9940525679232987, 0.9940877148884479, 0.9944094192500751, 0.9940048503336509, 0.994841064861417, 0.9941076643420313, 0.9945233724852413, 0.994289527455534, 0.9940715452018543, 0.9940189863661109, 0.9940588211978173, 0.9942071668295934, 0.9947859684426841, 0.9940803360593624, 0.9941798385469246, 0.9947478156483731, 0.9939912182300468, 0.9942548203437802, 0.9948473181359355, 0.994173585272406, 0.9942233365161872, 0.9941238340286248, 0.9941647944148977, 0.9939858730550952, 0.9942636843002365, 0.9949309566285609, 0.9941247421281919, 0.994225018553583, 0.9941247421281919, 0.9939912182300468, 0.9943735017986786, 0.994048730361795, 0.993941466986266, 0.9943243466171969, 0.9941627607607643, 0.9940525679232987, 0.9947362171989027, 0.9942310974041537, 0.9943123503426261, 0.9947859684426841, 0.9941798385469246, 0.9940189863661109, 0.9942983183130425, 0.9942022615080368, 0.9942050690999988, 0.9941238340286248, 0.9941682400974543, 0.9941017469180317, 0.994118488853673, 0.9940803360593624, 0.9941076643420313, 0.9940803360593624, 0.9947975668921544, 0.994118488853673, 0.9943221325929629, 0.9944096209388555, 0.9942018216546419, 0.9942018216546419, 0.9942388681121861, 0.9941139176165502, 0.9945271344760985, 0.9939912182300468, 0.993941466986266, 0.9941238340286248, 0.9941159512706834, 0.9941070920929833, 0.9944064865198622, 0.9947478156483731, 0.9948311484493418], [0.9941085724415983, 0.9942071668295934, 0.9943385722885288, 0.9942134201041124, 0.9941636688603314, 0.99