[[1.0, 0.5902528999987836, 0.7180058055486268, 0.6459693031603768, 0.6507554724312301, 0.6127638522924445, 0.6491966221346367, 0.712810393658015, 0.6518453491164391, 0.8849984861801011, 0.8897780846244494, 0.6919268353463345, 0.6365107157533092, 0.6839626040827776, 0.6556455140347978, 0.7182092970794353, 0.7279726573329267, 0.7176624261147764, 0.6351817751281654, 0.7035304499732979, 0.7148758855027113, 0.6568649050430982, 0.7034033262479638, 0.5915831288091898, 0.7189448732224994, 0.5824301389099639, 0.6218885204947311, 0.7026902705444623, 0.6247621541781576, 0.8632129042021495, 0.8477118837636067, 0.6305888252936868, 0.6375774396214863, 0.6138418615458296, 0.7275985263133004, 0.7148089943151432, 0.6605120938817174, 0.6645433320798195, 0.7192005414070378, 0.7294656981219597, 0.7092012380106623, 0.618104905659375, 0.7158177118107635, 0.7241874786433053, 0.6850319351359462, 0.692070974941748, 0.7199056381978628, 0.6716509678197056, 0.6687706872565513, 0.6418457598451827, 0.6762871338409513, 0.6231016857745995, 0.6343261923708494, 0.5949765129936788, 0.7303385635701114, 0.6622428838003218, 0.7128597938608454, 0.693206440880484, 0.8019048180044505, 0.713079622021765, 0.7230002971107603, 0.6428908735493326, 0.7123470841260607, 0.7111846294246417, 0.7606196272107908, 0.6217622985182626, 0.7279385958738047, 0.7242163987440372, 0.7604402061344286, 0.6198850613391202, 0.7079204893176596, 0.6686032587819556, 0.7217801783684493, 0.6014761871618388, 0.6479694002261377, 0.7358593592494898, 0.7224602087722419, 0.6571183600267708, 0.6021712862184279, 0.7240790436643221, 0.6118437869291401, 0.639255668395009, 0.8107790903228059, 0.6255327675874033, 0.6732470070563219, 0.6177092273412519, 0.6355661369818294, 0.6953344387227036, 0.7454400360587908, 0.7280058273267273, 0.7291181189087531, 0.7199172002938798, 0.7171512943530204, 0.6232399928052104, 0.6341835365325758, 0.636824723890005, 0.7236669287223166, 0.6425450335984427, 0.7985286918556275, 0.6886535414874496, 0.7387807991375729], [0.5902528999987836, 1.0, 0.5537987949096405, 0.7740011978124359, 0.6976239830565395, 0.7749233654288954, 0.7223405668246514, 0.5322183905658688, 0.6832665107442843, 0.5844875681482371, 0.5896681754726107, 0.6692372403509889, 0.7822618072919747, 0.5906489474622132, 0.7027848723280377, 0.5493534145722873, 0.5842777409477987, 0.5728489326228594, 0.7010770780562245, 0.5502209562731449, 0.5654362401145723, 0.6976923550526969, 0.6021796929768207, 0.8410505667201377, 0.5843806121825595, 0.891465283814997, 0.7851314814473146, 0.5597187704851584, 0.790253502892881, 0.579323858244834, 0.586094025324808, 0.7419463831177008, 0.7280094166755755, 0.8176757001462398, 0.5482129295837381, 0.5428664652658362, 0.6386089705756735, 0.6716210874963805, 0.6235531037582119, 0.5811553564958009, 0.5971428542409953, 0.794328326277636, 0.5566605567860591, 0.565641999202074, 0.583552937915787, 0.6924344426012649, 0.5771642480555982, 0.6051618807644155, 0.6457900833688156, 0.7189347987091914, 0.5926720874853811, 0.7854230726219236, 0.7850414451322272, 0.8353146821927523, 0.5793632711620378, 0.6767060896464177, 0.5547133523758, 0.591238472501232, 0.5878521278009096, 0.5635888738179614, 0.5409728003990982, 0.7043158368572747, 0.5837724463887869, 0.5782231209541095, 0.5742589824029724, 0.7790180900325248, 0.580872754765425, 0.5884994325372114, 0.593009912489317, 0.756603863239722, 0.6570263126001261, 0.5858010333093155, 0.5784449677103055, 0.8112060392757681, 0.7586664828051486, 0.5908336975055245, 0.6112332470730432, 0.7051588612186089, 0.8449052200295626, 0.5623116187516021, 0.7987823526922215, 0.7529021638614415, 0.5930474362582582, 0.821307030150903, 0.5898723588329756, 0.8123265942500832, 0.7679893855422131, 0.6365548756204729, 0.6689588221620212, 0.5698607193209616, 0.5711527423091838, 0.5586257734427882, 0.5571483696202121, 0.7666652597677251, 0.7233043841893265, 0.7739593399493906, 0.6069769780524915, 0.7489043257878092, 0.5852204104671346, 0.5900941253020622, 0.6081575537301521], [0.7180058055486268, 0.5537987949096405, 1.0, 0.6091841008267939, 0.6489788505310993, 0.6022936243846185, 0.62937358113413, 0.7707237851475186, 0.6285655380355744, 0.7133773200914264, 0.716657646957068, 0.6616204144414418, 0.6012269389285714, 0.6760873184066535, 0.6359726295380802, 0.7623619783074223, 0.7511079763869439, 0.7495154094055232, 0.6247617020802734, 0.7378862251172132, 0.7558026040850722, 0.6388240445675116, 0.6877401450311689, 0.5681038545719049, 0.7457031165752691, 0.5462437025893645, 0.594773417901077, 0.7519946221296422, 0.583805900228641, 0.732221336408421, 0.7342717078753654, 0.6070484076291004, 0.6252618390422489, 0.5760194889201539, 0.7537427039453578, 0.7536518640922184, 0.6630724230621324, 0.651617050870292, 0.7223578301415682, 0.7307453262547422, 0.7203307458778925, 0.5933832219844019, 0.7551364160943855, 0.7584564265374489, 0.6731630347660424, 0.6519426541080175, 0.7473131691267667, 0.6608766147949672, 0.6679650700513022, 0.6390543655038416, 0.6555876568616744, 0.6016069914076064, 0.6071815097676347, 0.5701432421716244, 0.7519076150594718, 0.6579570592241438, 0.7467043342588666, 0.6958766283090596, 0.737957518007893, 0.7509803779913508, 0.7657202682352015, 0.656018229208915, 0.7377323061343493, 0.7412774721642794, 0.7358046697541076, 0.6013916188232739, 0.7505268122967859, 0.7445525748690756, 0.6733884197888511, 0.6216593865704961, 0.6815058566350628, 0.6594684307699192, 0.7389585515929286, 0.5859513323642045, 0.6242357491104763, 0.7158885485166293, 0.6922420393637362, 0.6518991020117704, 0.5683017579913684, 0.7421386093665584, 0.5880993367057378, 0.6218990043868212, 0.723411221275237, 0.5948597607773367, 0.659008453674803, 0.5777595097035612, 0.6056146787217089, 0.7101557965473626, 0.6793341814090861, 0.716556650380681, 0.750796248801969, 0.7649013077256519, 0.7472537582539782, 0.5877337497479093, 0.6078454158964307, 0.5938013493956446, 0.7050565052028186, 0.6270229411586359, 0.6879608368722018, 0.6633232922754014, 0.6833961547545898], [0.6459693031603768, 0.7740011978124359, 0.6091841008267939, 1.0, 0.7866363687726406, 0.7605883239212388, 0.6602312549932361, 0.5973886331075751, 0.6052177146649921, 0.6452636253071516, 0.6546210115897412, 0.6905103148221539, 0.7889198734778378, 0.6291759335678466, 0.7660840642917519, 0.6111641857909186, 0.6288617212952878, 0.6233408331068543, 0.6306837827461441, 0.605029162858936, 0.6163339162297353, 0.7295528840669562, 0.6356341471225138, 0.7811368314652574, 0.6251347801120372, 0.7669705315907505, 0.7777669128432422, 0.6026266846053638, 0.7685804839409139, 0.6373366598772097, 0.6316798229307299, 0.7262744110244385, 0.6532822404266062, 0.7825235385078678, 0.6007993663769982, 0.6224033405847357, 0.5988110948444784, 0.6924808378758327, 0.6313147876757478, 0.6364034996727188, 0.6227873163732944, 0.7608904646806678, 0.6130589950058029, 0.6280246882504862, 0.6195401119490127, 0.6235700501061896, 0.6201697160024837, 0.6225133590508336, 0.6831286611070582, 0.7840559605505428, 0.617748220136955, 0.73878778021634, 0.8053251940105005, 0.7528338706455049, 0.6316654766379282, 0.7445267924663899, 0.6121807115570091, 0.6381045760761358, 0.6306797249912588, 0.6184269666412199, 0.6292891991627658, 0.6726020795104904, 0.6247418996561331, 0.6215587247220755, 0.6223281737077515, 0.7272134340338735, 0.6208663742244626, 0.6336324280030898, 0.6357364887402024, 0.7015868982183883, 0.6899980101858901, 0.6074196904707542, 0.6222308262130486, 0.7529247010490752, 0.822853994926989, 0.6367709337550767, 0.6583312858690468, 0.715302833490151, 0.7679409179876847, 0.6198020714457163, 0.7382205335329367, 0.7864557497732294, 0.6390143363366306, 0.7878212895677547, 0.62089786143347, 0.7997646706696547, 0.7385709358372853, 0.679851887781263, 0.653172062067755, 0.6326691422257092, 0.6199437670334784, 0.6103180992758179, 0.6163990234548361, 0.7172105914811447, 0.7345768154158892, 0.7607161505003355, 0.6636185111181263, 0.7685888531314448, 0.6265808245266874, 0.6278458938941107, 0.6270466240778099], [0.6507554724312301, 0.6976239830565395, 0.6489788505310993, 0.7866363687726406, 1.0, 0.7324663221723501, 0.6615800490368084, 0.6458821699586323, 0.5930067733296662, 0.6662795067826205, 0.6591210958250299, 0.6600878490590377, 0.7413121602459012, 0.6473472121735608, 0.8126432616849533, 0.6455831088068272, 0.6779418957430708, 0.6689456274851987, 0.6132329128377161, 0.6547439015720882, 0.6580680959212424, 0.7034586622195986, 0.6398110876296351, 0.7039609493596782, 0.6652287732673712, 0.6912095841006746, 0.7371102290066168, 0.6540326333537178, 0.729214051455528, 0.6482590118168143, 0.6731207431165828, 0.6834844542552263, 0.6694182443150487, 0.71698400408953, 0.6445019490773715, 0.6491055688856422, 0.6236964855229802, 0.7146056609949986, 0.6469704370263303, 0.6674154121928996, 0.648319613556654, 0.7130895018030979, 0.6573612897995543, 0.6622044122731685, 0.6170450007820852, 0.6481581424661894, 0.6424799186232112, 0.6223272883106904, 0.7155566571088956, 0.7919756584326216, 0.6152528350878456, 0.6912044976214109, 0.7451927384133227, 0.7140770099694408, 0.6738935938148922, 0.7795454477416965, 0.6532159672119005, 0.6667193962111985, 0.6723779184721276, 0.6536181091671186, 0.6628892608887803, 0.6513073361157488, 0.6776942755022014, 0.6456552603431992, 0.655444715709917, 0.693676426444551, 0.6326643565875556, 0.6504723130287615, 0.6487107444783694, 0.6408847356463991, 0.707284931611335, 0.6209839249161021, 0.6479837189939895, 0.6789369188349712, 0.7860156210101654, 0.6740379076383582, 0.6814423973355754, 0.7551349291828693, 0.696657220372231, 0.6606869860887691, 0.7130417990942928, 0.7385109007731686, 0.6594761153974419, 0.7490727269004772, 0.6162943682016546, 0.7311975516741728, 0.7007299611831473, 0.7138118276183336, 0.6039231957962957, 0.6488578111423319, 0.6540006797306099, 0.6532362236070124, 0.6643217211388431, 0.6558542850506721, 0.6995568424701706, 0.6998185170783491, 0.6894974693327683, 0.6830117916363606, 0.6316251771270527, 0.6390454159593655, 0.6508657822646926], [0.6127638522924445, 0.7749233654288954, 0.6022936243846185, 0.7605883239212388, 0.7324663221723501, 1.0, 0.6697301535415742, 0.5859326533352657, 0.6279962354285555, 0.6163850037268578, 0.6117860614626742, 0.651102222129346, 0.7361351231417944, 0.6110722718411807, 0.7328637842239876, 0.5965619769852519, 0.609840135925312, 0.6061411576305212, 0.6763323328006855, 0.6064750772182952, 0.6056577934501656, 0.6740176225575841, 0.6335031300636348, 0.7806795690329886, 0.5979923944354829, 0.7999607738837028, 0.7566114434657542, 0.6096271622226763, 0.7406894437747035, 0.6047717862350934, 0.6096883940787724, 0.7060707432493889, 0.6923210438078296, 0.7482086951436765, 0.5975866824395787, 0.5861560978814118, 0.6502966525853404, 0.6924301682380204, 0.6385629110791775, 0.6028228789984673, 0.6137112809487254, 0.7428740537454162, 0.5969625722387063, 0.6041632547406045, 0.6076509574393212, 0.6393495560454515, 0.6001646873357119, 0.6159885595643779, 0.6703880596744979, 0.7479158825280385, 0.6116879726189172, 0.7550103748430114, 0.7475225943002097, 0.7814719245949434, 0.6138729356887255, 0.710262277788164, 0.5900151859507629, 0.61430372332824, 0.6196551981792195, 0.5948988909959346, 0.5935962548837951, 0.7016592098613059, 0.6270907025967779, 0.6127447763882299, 0.6085718941801994, 0.7528886614752689, 0.6063013999864519, 0.6071968927692775, 0.6142836420715801, 0.6832854423627879, 0.6757385571804232, 0.6098994537772655, 0.597915140622084, 0.7399096046837259, 0.7634843917779102, 0.6187062920015417, 0.6454173361409514, 0.7400942260201552, 0.7588645776936086, 0.6172335619062662, 0.7382355324275326, 0.7638824942321556, 0.6101642587281442, 0.7456790359295062, 0.6131111942574043, 0.7508680028278373, 0.6972632530773568, 0.6665355432098751, 0.6449099998578449, 0.6071008854245464, 0.608822284189897, 0.6023646773775804, 0.6093527242744505, 0.7069353926230657, 0.7205149988891311, 0.7357996976316964, 0.646376210330737, 0.722742209836489, 0.6217318957903952, 0.6091225158859325, 0.6152257439915289], [0.6491966221346367, 0.7223405668246514, 0.62937358113413, 0.6602312549932361, 0.6615800490368084, 0.6697301535415742, 1.0, 0.6123960440535293, 0.7139545590883654, 0.6529828584228211, 0.6456994639838047, 0.6371544523822966, 0.6719687116266657, 0.6580432923627564, 0.6530334955998324, 0.6417139815276527, 0.6444989863519206, 0.6329265604705031, 0.6908175226159174, 0.6339078135960958, 0.6261891718809007, 0.6266666676385838, 0.6499904523998172, 0.6990588818336104, 0.641037326160952, 0.733787911536714, 0.6688000682048887, 0.6286951693900252, 0.6791848396141299, 0.6342713753263041, 0.650656032435099, 0.6725335836349929, 0.7367656983553068, 0.6727111674511732, 0.6392728379832722, 0.6256524526828147, 0.7113465083597877, 0.7064421135697508, 0.6618188038060254, 0.6446671546101472, 0.6527637644191329, 0.6808022354582905, 0.631844215235126, 0.6378605179822753, 0.6417274464446686, 0.6619936012478997, 0.633266654548616, 0.6618845567766769, 0.6658921344105566, 0.6513878857370302, 0.6510379782969326, 0.6845473210310119, 0.6681379455616749, 0.7235178917526214, 0.6329201364424506, 0.6909373156974712, 0.6259165406321566, 0.6646101381225649, 0.6521184863170569, 0.6412096534001728, 0.6256820421682502, 0.7363653334886237, 0.6628429637377562, 0.6344791931741028, 0.6286362757148012, 0.7170820590223276, 0.6239743296045276, 0.6327076991039091, 0.6753541578885788, 0.6303610897374533, 0.6790896313284582, 0.6517962728334288, 0.6351225351349243, 0.6713265245959632, 0.6504085346205772, 0.6370280060127484, 0.6830729602713156, 0.6608759422210491, 0.7037230833188318, 0.6184361131084303, 0.7336078627606244, 0.6501606821987068, 0.6498031629864491, 0.703910342497019, 0.6575465165613738, 0.6686449055030884, 0.7303838893408585, 0.6379311604849934, 0.6931962488396893, 0.6453821244938088, 0.6335831381437426, 0.6285938064317055, 0.6306938651636584, 0.7053757741827745, 0.6866023207602551, 0.6700423662244916, 0.6555168322427548, 0.6928073185792434, 0.6423679269299987, 0.6537488465959881, 0.6704421469105982], [0.712810393658015, 0.5322183905658688, 0.7707237851475186, 0.5973886331075751, 0.6458821699586323, 0.5859326533352657, 0.6123960440535293, 1.0, 0.6092584151117221, 0.7080449548756951, 0.7178012312305477, 0.6700686079064156, 0.5807272501053655, 0.6731155366726717, 0.647084125189846, 0.7735948032888826, 0.7502512287576044, 0.75620608358042, 0.6069881923458459, 0.7563084339728539, 0.7798566378746815, 0.6279002119276001, 0.6666647348597451, 0.5382118850192771, 0.7388908723668927, 0.520968520657095, 0.5725948879937659, 0.767894369359898, 0.5755285969105245, 0.731545613117044, 0.7187835952407513, 0.5929634922892928, 0.6313491952773795, 0.571978084412511, 0.7659582072726219, 0.7778302454765144, 0.639658047448129, 0.6520643009509084, 0.7164888822583122, 0.7278075793033424, 0.7302745002153442, 0.5629872619801067, 0.7694227205212858, 0.7616825331657388, 0.6506333702635662, 0.6528540061426942, 0.7398428202387328, 0.6356736381265344, 0.6627663092320116, 0.6250590223333514, 0.6300630089765538, 0.584972422622714, 0.5926851989035565, 0.5413038578253797, 0.755811311643495, 0.6597742393146317, 0.7776097247391638, 0.6814493214933335, 0.747336220663448, 0.7672062464402648, 0.7882571916746647, 0.6313579052286393, 0.7566040003995324, 0.7552176014696227, 0.7309324560025533, 0.5684369234267593, 0.7582245925485575, 0.7386420250130782, 0.6568526689028129, 0.6104134268304786, 0.6828895180335273, 0.6408126548445018, 0.7388492861307209, 0.561222877140873, 0.6046665218428217, 0.7372531867225854, 0.6962069901253963, 0.6375819652734348, 0.5405773568413171, 0.7796892043328415, 0.5721462458469312, 0.6048807431220616, 0.7139476243050565, 0.5767048038674293, 0.6336220957891083, 0.5593042101697049, 0.5925968213567121, 0.7357535489690707, 0.6509682177018369, 0.7225426806406989, 0.7623074840238278, 0.7773486156251255, 0.748832839207694, 0.5718309807054762, 0.6004050362606931, 0.5860645492191551, 0.7070716607583668, 0.6068012468671677, 0.6668612394923563, 0.6578112206909095, 0.6676246401601796], [0.6518453491164391, 0.6832665107442843, 0.6285655380355744, 0.6052177146649921, 0.5930067733296662, 0.6279962354285555, 0.7139545590883654, 0.6092584151117221, 1.0, 0.6517593556531857, 0.6480289127884789, 0.653983247842153, 0.6389523534173653, 0.7575094134473261, 0.5864500336739561, 0.6316002495863193, 0.6447335310040075, 0.6295686677999803, 0.7726588743318018, 0.6533890328160091, 0.642800060039426, 0.7185041153001326, 0.7673566451631716, 0.6820013907666088, 0.636401030358715, 0.6952618626039232, 0.6304504553662136, 0.6288659732118522, 0.6522619646917838, 0.6486116883557504, 0.6500394814891811, 0.648290675558296, 0.6936974065752778, 0.6578173685402173, 0.628694435147908, 0.632551489644787, 0.8374461191712782, 0.6543086047863584, 0.6504193769055459, 0.6300182389964923, 0.6767758874094072, 0.6534334982777947, 0.6283630213735111, 0.6268190942760435, 0.7821198723238384, 0.7037654469735268, 0.6487641473063739, 0.7976725641282523, 0.6513257794333612, 0.5859895404426362, 0.7893104981859306, 0.672986599491178, 0.61247896251881, 0.6768308798717171, 0.6406478493197361, 0.6047394934106424, 0.6439726765544852, 0.7604571674510209, 0.645414546430987, 0.6288972107338181, 0.6180833563121125, 0.6382038210611753, 0.6378562433106544, 0.6344246080940458, 0.6569285174418069, 0.6904827721293229, 0.6556431597330794, 0.647399986253904, 0.7656625573066587, 0.697660452470191, 0.6487860622567615, 0.7847264740106331, 0.6403886139320887, 0.6844972479598435, 0.5943672320236162, 0.6288463399339638, 0.6276840063065865, 0.6177515860063126, 0.6863326782983935, 0.6400746588930359, 0.6700478670051676, 0.6122472157254744, 0.6530768580071427, 0.63855354433446, 0.7849655160999025, 0.6544180970740651, 0.6571481162329699, 0.6291776454177748, 0.7462449658204128, 0.6918285037932214, 0.6386525147702372, 0.6254544065993128, 0.6736216339248869, 0.6879734206895411, 0.665223475483719, 0.6466716388724644, 0.6543575265858728, 0.6490807694097362, 0.712379641972022, 0.7645787634310414, 0.7457398753515849], [0.8849984861801011, 0.5844875681482371, 0.7133773200914264, 0.6452636253071516, 0.6662795067826205, 0.6163850037268578, 0.6529828584228211, 0.7080449548756951, 0.6517593556531857, 1.0, 0.8853238394935089, 0.6956928343221298, 0.6521084759496546, 0.6926616873360113, 0.6538457634123246, 0.7176658160284329, 0.7281353842510984, 0.7232285042283394, 0.6337878431981672, 0.7029550803099058, 0.7153226228852957, 0.6592200564928333, 0.6853269253844644, 0.5948173136196243, 0.7353522135602726, 0.5769623530619054, 0.6140266141507883, 0.7086269976302331, 0.6307241839901804, 0.8609797511287669, 0.8850425909316737, 0.6311973813459636, 0.6370489278726158, 0.622201649193466, 0.7331092600534972, 0.7160065336288892, 0.6748674760394774, 0.663460599122031, 0.7226977388228303, 0.7303323270865294, 0.704185188598283, 0.6187778754096457, 0.7313521209506094, 0.7152461152338744, 0.6793149913572033, 0.6852723006253012, 0.7183618614631412, 0.6760561472206533, 0.6842431468770512, 0.6493579890728334, 0.6700522012623872, 0.6072482430651998, 0.6242473991086934, 0.5959971294675337, 0.7292172745766532, 0.6628404390068952, 0.7123203414714993, 0.6954418862973378, 0.8003021888515717, 0.7138463428632948, 0.7131872652308424, 0.6423004082497366, 0.7140133618209383, 0.7242383440656385, 0.7533186662402609, 0.6286251519902044, 0.7175437251925567, 0.7188840884414054, 0.7478162845482416, 0.6394912448672536, 0.695679643588199, 0.6720384126240273, 0.7302651961226999, 0.6052611507810551, 0.6394262756837242, 0.7434476920120477, 0.7239476151347324, 0.6632783248147557, 0.5941072981744114, 0.7232950612043362, 0.6057098146825036, 0.6327087262891282, 0.8287617173505006, 0.6195042300118132, 0.6678740244074789, 0.6059171472923398, 0.6414301335170781, 0.6898440829031177, 0.7752740705812907, 0.752964552375153, 0.7161810261731952, 0.7264329940586842, 0.7150000243584931, 0.6259100128315408, 0.6307942679723368, 0.6238068981513782, 0.7281791682456734, 0.6416046397256918, 0.7809997453595744, 0.681643349007138, 0.7311772352571453], [0.8897780846244494, 0.5896681754726107, 0.716657646957068, 0.6546210115897412, 0.6591210958250299, 0.6117860614626742, 0.6456994639838047, 0.7178012312305477, 0.6480289127884789, 0.8853238394935089, 1.0, 0.694020003234991, 0.6406641998772474, 0.6933476224768292, 0.6659311352424985, 0.7194244025166322, 0.7257654076003922, 0.726045652714351, 0.6370739900397469, 0.7091549609705743, 0.7227289924032985, 0.6692001691568401, 0.6880202208598467, 0.5970403446209961, 0.7249302238261165, 0.577956617752651, 0.6262353155589198, 0.7122309553274008, 0.6264324749698141, 0.8545297082874438, 0.8503507567613264, 0.628981338509934, 0.6345005639029074, 0.6209302836713194, 0.7264141721108567, 0.7227569639022693, 0.6685365510589831, 0.6679603362191143, 0.7273695710749334, 0.7356273970378528, 0.7137116055564336, 0.6200832268652923, 0.7217732478341906, 0.7207038033933809, 0.6795872364475976, 0.678263548407404, 0.7273002404690351, 0.6753726243347554, 0.6741712466423834, 0.646838037049976, 0.6771926262560367, 0.6154355686545895, 0.6516207890382802, 0.5889611699511185, 0.7335258584248415, 0.6629866558546029, 0.7240065928151163, 0.7049914748621611, 0.799014425377933, 0.7225020097410175, 0.7223752127752283, 0.6380990709707651, 0.7058782088462989, 0.7146671464705356, 0.7551316755032228, 0.6183578790882177, 0.7218320756991321, 0.7273903200440842, 0.7547122098337227, 0.6311434647231153, 0.7083578850337924, 0.672328908423288, 0.735522098075255, 0.6124911306697752, 0.6502276417221469, 0.7336119177818794, 0.7238923349490887, 0.6478010093979448, 0.5955136730728714, 0.7161645526703867, 0.6125515473152128, 0.6349067870846272, 0.8016882835654997, 0.6226028181170129, 0.6729605987937605, 0.6246726303322645, 0.6282384300395839, 0.689973986436293, 0.7446160326146077, 0.7322026168311776, 0.7305405264567159, 0.721784915140929, 0.7116458669405313, 0.6322331962585158, 0.6448034927369549, 0.6368954568657154, 0.725839926186641, 0.6421500487286704, 0.7883314868836692, 0.6903871434689398, 0.7334920492415645], [0.6919268353463345, 0.6692372403509889, 0.6616204144414418, 0.6905103148221539, 0.6600878490590377, 0.651102222129346, 0.6371544523822966, 0.6700686079064156, 0.653983247842153, 0.6956928343221298, 0.694020003234991, 1.0, 0.6715528022991786, 0.6331535681548345, 0.6531932037254119, 0.6788384500137818, 0.6853220222719407, 0.6884901963475657, 0.6619152978709338, 0.6749058236522877, 0.670161171240786, 0.7137140636915841, 0.6469205740345696, 0.6866569852169516, 0.6632243096718705, 0.6721338916203814, 0.6768943870359861, 0.6708434008443432, 0.6834596038585505, 0.6875067849055068, 0.6767823278005765, 0.690594451383119, 0.6549613807788911, 0.7111215718528066, 0.666156325064202, 0.6712287088326135, 0.634352768988355, 0.6518283479567746, 0.6918233472741878, 0.6708171964698398, 0.6659460547422221, 0.6838153439278359, 0.6850336285705626, 0.6776265949930242, 0.6291540631518884, 0.704693656195454, 0.6804718151383539, 0.6370241194823103, 0.6699195907266065, 0.6609872885348207, 0.6264451030491887, 0.6556944641533967, 0.6924680208678499, 0.6457688959810776, 0.682814147786924, 0.6691226818476794, 0.6742309703069004, 0.6438166267154062, 0.6815405944667309, 0.6989675902172032, 0.6689008229423618, 0.6372259553194963, 0.6563910049278919, 0.6777696781255369, 0.6777522304731366, 0.655098869450089, 0.688639670831191, 0.6740525909646905, 0.6394299010505979, 0.7037722374367007, 0.6533330025525551, 0.6177449325375736, 0.6718585516733767, 0.6910360425398865, 0.6977767626958981, 0.6902332094575797, 0.6772064934703986, 0.651384281609746, 0.679428876484112, 0.6675891194758486, 0.6527171754289997, 0.6925498276697425, 0.6829480565218025, 0.6759906541024941, 0.6222682079061369, 0.7019004703944065, 0.721245247568326, 0.6467748195920813, 0.6747369838868762, 0.6735971930453115, 0.6736096600178759, 0.687759025733776, 0.6610841499253606, 0.6908355527466412, 0.6994251575966387, 0.6975098372799727, 0.6565461067679421, 0.6724608231610093, 0.6558881354658207, 0.6399100342084147, 0.6454612105138424], [0.6365107157533092, 0.7822618072919747, 0.6012269389285714, 0.7889198734778378, 0.7413121602459012, 0.7361351231417944, 0.6719687116266657, 0.5807272501053655, 0.6389523534173653, 0.6521084759496546, 0.6406641998772474, 0.6715528022991786, 1.0, 0.6215358371344524, 0.7533154447429914, 0.5941699942665014, 0.6212137693330158, 0.6290136563826878, 0.6392147971294678, 0.5984781425384412, 0.598922423219474, 0.711528758156227, 0.6194367648860419, 0.7961042220039786, 0.6120724479513864, 0.7913134371626335, 0.7974668587930687, 0.5957347006894954, 0.7720073633547079, 0.6313200109096355, 0.6320826160713798, 0.7247024563393786, 0.6833598151127956, 0.801909417388728, 0.5943307082533089, 0.5846340357951179, 0.5946363126552775, 0.6804439581338156, 0.6167631651414713, 0.6322503108649988, 0.602800750707591, 0.7666565398733182, 0.6003142030030353, 0.5964823969510488, 0.620250987125153, 0.6423159246507775, 0.6067023513882507, 0.6181112692371388, 0.6777078726740905, 0.7757636759836352, 0.6179843547990516, 0.7327512285186283, 0.79271995785383, 0.7666354460900333, 0.6157795990888535, 0.7249731590007152, 0.6002277937600214, 0.6301004333785726, 0.6238337941810955, 0.6147662739276993, 0.5878806823676501, 0.6454633587298199, 0.6125384526892689, 0.6195978825836015, 0.618563658188549, 0.7305404220681255, 0.6020822352492579, 0.6282554011460955, 0.6295862439733216, 0.70067956846323, 0.6715040626168371, 0.6089903374225042, 0.6327831006348859, 0.76618210040267, 0.7765892338499996, 0.6404389977184051, 0.6466091672713932, 0.7058849519207274, 0.7800600108780401, 0.5990715584313828, 0.7539025753390137, 0.7654364541301288, 0.6368045496590944, 0.7890045353953311, 0.6126368683008487, 0.7982656863766111, 0.7368261404100799, 0.6587695552518222, 0.6513361485760352, 0.6181975910732189, 0.619298406841425, 0.5995877738465878, 0.6040927114644774, 0.7695409900794214, 0.7286107405483145, 0.7583070090389539, 0.6567176247560021, 0.7516266372493541, 0.6257706444790115, 0.6177901511933725, 0.6308635815353985], [0.6839626040827776, 0.5906489474622132, 0.6760873184066535, 0.6291759335678466, 0.6473472121735608, 0.6110722718411807, 0.6580432923627564, 0.6731155366726717, 0.7575094134473261, 0.6926616873360113, 0.6933476224768292, 0.6331535681548345, 0.6215358371344524, 1.0, 0.6454990013886042, 0.6855064605113642, 0.7174645083971232, 0.6878768804459454, 0.7061122900746463, 0.7011056351398838, 0.6907494050600265, 0.7071866383966223, 0.7736994389629215, 0.5966671778741718, 0.7050978229739596, 0.5781186263069525, 0.6331473286146169, 0.6818619241301158, 0.6166009113443012, 0.6783894648130722, 0.6885475835090614, 0.6199324237230005, 0.6267415225121445, 0.6066138292465911, 0.6954220688974992, 0.6851545248663159, 0.7666339116706041, 0.661917179418184, 0.6706630599415432, 0.6969881531007363, 0.7211149541926982, 0.6184468712973334, 0.6935051228749077, 0.687137542217121, 0.8189265091634026, 0.6410992859182403, 0.7073837964820209, 0.8451275971158093, 0.6999351979052763, 0.6358709760359152, 0.8427585126281042, 0.5947220439631178, 0.6344986198596655, 0.6157063709048232, 0.7086519506493534, 0.6554202277803791, 0.7011914258571526, 0.7908613543851002, 0.6959306161337571, 0.6849335969066247, 0.6817851775676935, 0.6292355063361019, 0.6697153084192142, 0.6956041573027101, 0.6929171304337455, 0.626924900216951, 0.6993652791903067, 0.7060910826576638, 0.7940917399035125, 0.6223070221933901, 0.6741597338764139, 0.8378144384870162, 0.695951541065205, 0.604344520482653, 0.6319749852127131, 0.6787886637292043, 0.6832095622871692, 0.6473934921503596, 0.601459266753091, 0.6908730364447194, 0.6120664747518665, 0.6180971216109293, 0.711139716185009, 0.6133457543185303, 0.8435497471723961, 0.6073839869508458, 0.6061726276909984, 0.6808134409590924, 0.6955184515137891, 0.7325420769327493, 0.706055160072149, 0.6862194071803759, 0.7140083140120177, 0.6212195295061893, 0.646676204361678, 0.6055794148953993, 0.7062666597610411, 0.6155763865194871, 0.7542014388328497, 0.8000783873256656, 0.7879750028739166], [0.6556455140347978, 0.7027848723280377, 0.6359726295380802, 0.7660840642917519, 0.8126432616849533, 0.7328637842239876, 0.6530334955998324, 0.647084125189846, 0.5864500336739561, 0.6538457634123246, 0.6659311352424985, 0.6531932037254119, 0.7533154447429914, 0.6454990013886042, 1.0, 0.6409657906444118, 0.6699840660522369, 0.6650947420154322, 0.6150978995761754, 0.6570573546667107, 0.6486219896181069, 0.6858706129401216, 0.636200204467142, 0.709610201717821, 0.6452536380786832, 0.6899179498135359, 0.746247931916415, 0.6532730619603571, 0.7421047303538864, 0.6427195115502136, 0.6536459442951942, 0.6816742802005082, 0.6543207256168412, 0.7198789303697335, 0.6484959224725412, 0.6333960580664825, 0.6210368624050503, 0.7127498035338035, 0.6385769527095699, 0.6659860301980246, 0.6415044733787912, 0.7140366012870741, 0.6502866604585167, 0.6615019500900419, 0.6333689617403895, 0.626327470652488, 0.6401157041582715, 0.6224705975524781, 0.6998007420328365, 0.7964701351220875, 0.6205039600043659, 0.6899415626568377, 0.7526361943767833, 0.720996117638137, 0.6659099020684666, 0.775692297506779, 0.6438946632707648, 0.6588397756604171, 0.6753584745245593, 0.6594726818225807, 0.6436923492388384, 0.6525310157473289, 0.6554723349792422, 0.6540032263684288, 0.6476184041568832, 0.6906006325766936, 0.6317114095080486, 0.6492489077608516, 0.6336033742236158, 0.6394389226827548, 0.6962348455299191, 0.6199604828207048, 0.6450623682762355, 0.6784395494451044, 0.778770452189283, 0.668099810408794, 0.6646538952160386, 0.7546440626999761, 0.7020717837572046, 0.6593497667482592, 0.7292734464279382, 0.7547421180872863, 0.6421190027997692, 0.7333513175830106, 0.6153220404662388, 0.7384718851778755, 0.6865908054230672, 0.7060044864471546, 0.5944062728592722, 0.6504562217438407, 0.6571664180154122, 0.6431604424621489, 0.6708852540552074, 0.661335899896591, 0.6913519151075997, 0.6993445933602197, 0.6831566261384754, 0.6863489669186299, 0.6342196455410093, 0.6236304354999409, 0.6469951069919759], [0.7182092970794353, 0.5493534145722873, 0.7623619783074223, 0.6111641857909186, 0.6455831088068272, 0.5965619769852519, 0.6417139815276527, 0.7735948032888826, 0.6316002495863193, 0.7176658160284329, 0.7194244025166322, 0.6788384500137818, 0.5941699942665014, 0.6855064605113642, 0.6409657906444118, 1.0, 0.7504607068720393, 0.7500187198447439, 0.6268141314430313, 0.7423746553299632, 0.7582938948542455, 0.6340015300489849, 0.6828406005957857, 0.565902750425415, 0.7389193984268855, 0.5391157127674638, 0.5982735581000881, 0.7526041020152315, 0.5925544014343431, 0.7368521381448903, 0.7227771094542937, 0.6201956572367873, 0.643150890679464, 0.5897904486392052, 0.7551855108145737, 0.7631110793285342, 0.6478625285581718, 0.6571245800137323, 0.7148309557820355, 0.7297650765871896, 0.7236232734230186, 0.5854952855958789, 0.7619758823968228, 0.751441005895265, 0.6678050472200511, 0.6550625145077004, 0.7430089403407883, 0.6546134732377697, 0.6732058129172982, 0.623021027004275, 0.6508455327548058, 0.5888869897189217, 0.6105378005631011, 0.560366350437332, 0.7542827636853975, 0.6635419773198662, 0.7613772151919206, 0.6936660037294555, 0.7305360006191947, 0.7610204038589291, 0.7732989583295343, 0.6440649580203426, 0.7344218879668879, 0.7378725458157072, 0.7338435556047713, 0.6027411462852186, 0.7674130834689024, 0.7385699530877611, 0.6698061125947965, 0.6186314198339878, 0.6920161268999898, 0.6576948890393581, 0.7421107508319417, 0.5735431759923014, 0.619086122711857, 0.7286340004795665, 0.7053551193568163, 0.6394792918492448, 0.5633695536205411, 0.7445980722727868, 0.5847554525114447, 0.6135949892033983, 0.7283094156377207, 0.5951616391169355, 0.650287186327672, 0.5760119054044149, 0.6145139033702067, 0.6982578378042625, 0.6630454247086605, 0.7119250876207197, 0.7555373856680635, 0.7754935863296307, 0.7315877193919865, 0.5928298624056147, 0.6277398246706694, 0.5946742956495777, 0.7066719153728002, 0.6281068400164772, 0.6875062788632434, 0.6672122021152334, 0.6746123974648903], [0.7279726573329267, 0.5842777409477987, 0.7511079763869439, 0.6288617212952878, 0.6779418957430708, 0.609840135925312, 0.6444989863519206, 0.7502512287576044, 0.6447335310040075, 0.7281353842510984, 0.7257654076003922, 0.6853220222719407, 0.6212137693330158, 0.7174645083971232, 0.6699840660522369, 0.7504607068720393, 1.0, 0.7512679865854098, 0.6422990965054018, 0.7480383140112146, 0.7501974697681988, 0.6563852080088212, 0.6966148730269466, 0.586871126098458, 0.7723160675799793, 0.5666391292404773, 0.6231588078935291, 0.7500521949657561, 0.6198720399306539, 0.729347870498799, 0.7324934057006242, 0.6203765934614955, 0.648776293176667, 0.6051725647002892, 0.7470026007764761, 0.748814405296413, 0.66809770191703, 0.6883863232153034, 0.718555241917147, 0.7538850953174826, 0.8033204027486456, 0.6227630949852908, 0.7776998238147245, 0.7723997724317633, 0.6789037802483436, 0.6758759567904012, 0.7416665631536812, 0.6729374935785866, 0.733872582976261, 0.6522365969323125, 0.6683771401789502, 0.6046860394032877, 0.624912556851224, 0.5855874284201185, 0.9023709016232275, 0.6833528269048156, 0.7446094942741021, 0.7087035215959525, 0.7410402294430489, 0.7473304787282542, 0.7545665240183363, 0.6370400258696752, 0.7279446437091157, 0.7521273525292, 0.7388458073431836, 0.6087427731559155, 0.8171792721223471, 0.7442733804654182, 0.6870647326117171, 0.6326090390107695, 0.7010189413815535, 0.6737244224957332, 0.7402543369198917, 0.6084047420197028, 0.637087874755898, 0.7506479231197933, 0.7092404659481824, 0.6637204564621705, 0.58662125566618, 0.7666627722301542, 0.6152642817604037, 0.6462744783366857, 0.729348154396872, 0.6226171993918055, 0.6702886096485933, 0.6018049450610766, 0.6411875492790409, 0.7161631219750747, 0.6751086163920651, 0.7219654411058479, 0.8627547895219996, 0.7564535691506, 0.7312522351579264, 0.6119188686824968, 0.6246540504948124, 0.6139665187090414, 0.7531927043020218, 0.6314706279199988, 0.6935703507249812, 0.6918596173686047, 0.7151086659057737], [0.7176624261147764, 0.5728489326228594, 0.7495154094055232, 0.6233408331068543, 0.6689456274851987, 0.6061411576305212, 0.6329265604705031, 0.75620608358042, 0.6295686677999803, 0.7232285042283394, 0.726045652714351, 0.6884901963475657, 0.6290136563826878, 0.6878768804459454, 0.6650947420154322, 0.7500187198447439, 0.7512679865854098, 1.0, 0.6404862179003318, 0.7371113563792527, 0.7549415681079994, 0.6406956855545652, 0.6805103471338956, 0.5988944367422819, 0.7383471243740765, 0.5620811101044871, 0.6071801969056164, 0.7413608485167562, 0.6131461585801155, 0.7318919321806745, 0.7315366319050499, 0.6067819442567325, 0.6359095318668085, 0.6005346864893666, 0.7551337740490895, 0.7372989506280249, 0.662006124228741, 0.6458334519827228, 0.7142408409028909, 0.7150591708439872, 0.72210551984764, 0.6173495325188038, 0.7508291710861595, 0.7510103963098386, 0.6566073801651748, 0.6805674467974602, 0.7629468555308264, 0.6723957277583736, 0.6809507382025632, 0.6525510980787383, 0.6590069352241297, 0.589291745295841, 0.6268004800833591, 0.5834283323151163, 0.7555582278793983, 0.6761773162214102, 0.7441737256412859, 0.6942951891999797, 0.7387803085534895, 0.7481040123178357, 0.754220656798264, 0.6255067036447078, 0.7292130127637279, 0.7437558264345638, 0.7417480964732893, 0.6025215608843275, 0.7488165076960273, 0.7798215031105035, 0.680368706737465, 0.6429317973628446, 0.7020916932465272, 0.6553548434453259, 0.7775931416938439, 0.6115334778620373, 0.6408168399992995, 0.7335664525093735, 0.6941589987667997, 0.6684160690614905, 0.5797645624196338, 0.7424650094636724, 0.6128349461678986, 0.6199917503745633, 0.7472380970524511, 0.6013850110780101, 0.6589008747447036, 0.5959662598728731, 0.6115910417007405, 0.713008824502394, 0.6741963201011661, 0.7170152662664476, 0.7491520582315953, 0.7568566295684636, 0.7340914815572696, 0.6032246900318341, 0.6112282936667921, 0.6056316104219165, 0.7173970822388717, 0.6277333263478135, 0.6906810878704542, 0.6719782045982418, 0.6828925310381633], [0.6351817751281654, 0.7010770780562245, 0.6247617020802734, 0.6306837827461441, 0.6132329128377161, 0.6763323328006855, 0.6908175226159174, 0.6069881923458459, 0.7726588743318018, 0.6337878431981672, 0.6370739900397469, 0.6619152978709338, 0.6392147971294678, 0.7061122900746463, 0.6150978995761754, 0.6268141314430313, 0.6422990965054018, 0.6404862179003318, 1.0, 0.6443538900087734, 0.628965486743498, 0.6607827487552353, 0.705570933119171, 0.6935258618706857, 0.6538621044528591, 0.7265833812588931, 0.6664711454017946, 0.6285346311680939, 0.6716844557261598, 0.6238063292087015, 0.6309005183534591, 0.6532488096713829, 0.7019261116070767, 0.6638275147807831, 0.6200419765980949, 0.6299211922019742, 0.7787109241691218, 0.6632261299233791, 0.6551967355101508, 0.6370575045092195, 0.6536147707537672, 0.6686805018467975, 0.6250933728420985, 0.6185819109524893, 0.7196177636690799, 0.6997712254236115, 0.6371362387639601, 0.7334104070584986, 0.6358809671298823, 0.6193379210453472, 0.7379602073228858, 0.6641866617301097, 0.624467694988295, 0.71550850426737, 0.6402880214962471, 0.6362509658577362, 0.6385284500705302, 0.6966134484864258, 0.6330341360990501, 0.6353662670151445, 0.6103043868495555, 0.6747598462036168, 0.6054330378554224, 0.631112891696145, 0.6310996114606255, 0.7156474596157189, 0.6426125651567592, 0.6411982657236048, 0.6848889857916538, 0.7209914136015163, 0.6540250352485318, 0.7201438714936008, 0.6371718363719412, 0.6979538539778384, 0.6261764954093832, 0.6425646270598051, 0.6295756409939168, 0.6602992133912584, 0.6943603056106646, 0.6256233865605462, 0.6821752600388847, 0.6390083175064295, 0.6458819749284366, 0.6647439077479388, 0.7314737362393114, 0.659166421430508, 0.6495556248115391, 0.6302348136502539, 0.6867944489401808, 0.6689373602332686, 0.6416505517437392, 0.6178258150120105, 0.6396384077814292, 0.671371294511578, 0.6672812857691838, 0.6561569164739453, 0.6396463366735278, 0.6341708786790997, 0.6727742627020316, 0.7131057604074779, 0.6980244274635325], [0.7035304499732979, 0.5502209562731449, 0.7378862251172132, 0.605029162858936, 0.6547439015720882, 0.6064750772182952, 0.6339078135960958, 0.7563084339728539, 0.6533890328160091, 0.7029550803099058, 0.7091549609705743, 0.6749058236522877, 0.5984781425384412, 0.7011056351398838, 0.6570573546667107, 0.7423746553299632, 0.7480383140112146, 0.7371113563792527, 0.6443538900087734, 1.0, 0.76761949063513, 0.6482130626834498, 0.6988711939887754, 0.5629624152554177, 0.7266304712595216, 0.5458757936151298, 0.5838057535103763, 0.746808239956299, 0.594050402263677, 0.706349597523253, 0.7126094764192044, 0.610746008718574, 0.6250051316829919, 0.5791397192196535, 0.7636152085015996, 0.7314412405224282, 0.6738647958189854, 0.6637100838282236, 0.7281273475029945, 0.7278350560050791, 0.7201595246926795, 0.5804161730824315, 0.7481336481358811, 0.7559798448222436, 0.6825800722936923, 0.6380316829680192, 0.7335385033680645, 0.6707077331771729, 0.6643114529392673, 0.6443407855820443, 0.6717776352753959, 0.6048030616539891, 0.6107276048552617, 0.5640468443366401, 0.7471342678095891, 0.655432309214152, 0.7520375409117728, 0.710686710644661, 0.727709617509919, 0.747779682683235, 0.7571309562143627, 0.6385460389058271, 0.740139505068494, 0.7308581894933354, 0.7219797347246232, 0.5927012993745852, 0.7360535874370182, 0.7273218966239853, 0.6856374701451194, 0.6259822749671682, 0.6837862713023138, 0.6664452438795379, 0.7310779982196595, 0.5797268160672568, 0.6321782044715447, 0.7304649493907913, 0.6899416645475094, 0.6568293657438647, 0.5673116232347303, 0.7358724270425027, 0.5906228260759134, 0.6006014739030382, 0.7131455332194264, 0.5839746854521393, 0.6674061847624193, 0.5733424368814627, 0.6253818931143544, 0.711752323348409, 0.6557977783329048, 0.715625166859025, 0.7469134740127847, 0.756740012186403, 0.7433039203159799, 0.5893868019618339, 0.6124103915791315, 0.6024387991273198, 0.7047281304549081, 0.62163312165044, 0.6854453949092464, 0.6840003091898683, 0.7033794325432212], [0.7148758855027113, 0.5654362401145723, 0.7558026040850722, 0.6163339162297353, 0.6580