[[1.0, 0.9455116968910746, 0.6796172584966016, 0.9214350376078017, 0.8976273455296865, 0.8953484157828028, 0.8546127297987897, 0.41082293788698065, 0.9554728865369548, 0.8623652453959111, 0.9859338567844621, 0.852984301059042, 0.9330188913677024, 0.9391777235035911, 0.830053862846753, 0.7223102146466733, 0.47183075929733936, 0.719687662572847, 0.9748072784530597, 0.6867077959509901, 0.679955527199717, 0.8642435015242393, 0.9679575916826954, 0.9420168956384843, 0.8066514190485423, 0.7639319591687795, 0.9490091001253768, 0.6701938719513234, 0.9403877259699233, 0.9683876657843331, 0.9684726726299033, 0.9048747163930204, 0.8562918481403508, 0.9810770298215268, 0.8036078950864055, 0.6908134200615441, 0.8104016649986284, 0.8198649826452884, 0.7952462733591411, 0.7703336215180191, 0.8355453608698987, 0.9541720977922612, 0.6939087869961587, 0.6948191368801476, 0.9710429587832077, 0.8355684703319247, 0.8746203156696101, 0.6379032980113061, 0.8577258254352954, 0.8632897804212298, 0.4976374354271368, 0.8961573911348428, 0.9213367278681639, 0.8584489810182347, 0.667104070312344, 0.7305403106049154, 0.7773153037787532, 0.9003674626550303, 0.7445478737008595, 0.6781068617316254, 0.7765158962419383, 0.8611646776480867, 0.7614576912495652, 0.6859222123229913, 0.8183775860306575, 0.9641596179035551, 0.8890355472007369, 0.9496153321699927, 0.8422304282484032, 0.9668340442299311, 0.7569875698117502, 0.6282490056604413, 0.5838862248123483, 0.9651820852949278, 0.8379634213867299, 0.6933505945808003, 0.7694722618762655, 0.871895889981337, 0.954230443489767, 0.6990800739590136, 0.9572333160001787, 0.924206226671647, 0.8117104703236493, 0.9688831246755008, 0.8187692821654916, 0.9906398892218516, 0.9267438024988356, 0.7724068265079317, 0.9196330127715533, 0.8203457881758786, 0.9183395488129353, 0.8125164053102422, 0.7500546700090434, 0.8087929219099829, 0.9184307095993326, 0.9660309250743445, 0.7730724049989555, 0.9198661077991831, 0.8678410431179617, 0.924679428612155, 0.924761279857919], [0.9455116968910746, 1.0, 0.6083540750548492, 0.8428329488076642, 0.8096668562283035, 0.8613809072578734, 0.7746973133785499, 0.4239124962215933, 0.9016603769085617, 0.9002491270275762, 0.9324697028655183, 0.7624128187754284, 0.8552347871757683, 0.8683146539783083, 0.7535200210805245, 0.6389207264571071, 0.489182067733573, 0.6570676939544304, 0.9321259601480881, 0.6231396549166837, 0.610091537378838, 0.7840067286840698, 0.8960523088478243, 0.9608491757742303, 0.7164696849411701, 0.8352357582238344, 0.8883462871192733, 0.6042734492588588, 0.8748297412407505, 0.909534380031932, 0.9375943582256314, 0.8208192489649133, 0.7829248109305534, 0.9367892608540324, 0.7247217482803825, 0.6166508956305584, 0.7686534778672416, 0.7294089224029737, 0.7112065417906714, 0.6825514750094345, 0.7447272231268306, 0.9111310101756714, 0.6211134300334493, 0.6199111169908771, 0.9809143560213961, 0.7674322592806198, 0.9301619194033387, 0.7123602933572241, 0.7787160686746254, 0.7880723238475265, 0.518388416117593, 0.8556292009694478, 0.8638539546829931, 0.8987891118935359, 0.725069672335894, 0.7001309667672649, 0.6879332591673619, 0.857480061329679, 0.6980356130661337, 0.6074729312403545, 0.8457171337803691, 0.7714035583128233, 0.6747072101553457, 0.6126979190047924, 0.7276143158885765, 0.8999203446278393, 0.7972845733316285, 0.9786634017509904, 0.86030752073169, 0.9457297094569098, 0.6801840545906157, 0.7053390369158322, 0.6432091232379269, 0.9299653290434966, 0.8273519714009415, 0.6311242216690013, 0.6892030908234567, 0.7825967102586471, 0.9586934999365481, 0.6234767933303719, 0.9220081291169915, 0.8405083984939581, 0.8772677967464325, 0.8987426274218188, 0.895586084151781, 0.9342902732070104, 0.8543942110963568, 0.6826738156704633, 0.8478355904950104, 0.7388585586407969, 0.8298979347613826, 0.882008107354089, 0.6694518491587141, 0.8963613574057335, 0.8312893377695633, 0.9018918316520874, 0.6835283109169118, 0.838732300944959, 0.8704175123973288, 0.9191067897237103, 0.8585964514386236], [0.6796172584966016, 0.6083540750548492, 1.0, 0.7092380696938324, 0.7329956714175773, 0.6117158344968284, 0.7192436036295204, 0.33891935888396707, 0.6867247695306165, 0.5468132169857947, 0.69978632331998, 0.7801770459047375, 0.7063629171345345, 0.6595429388129969, 0.8815965864176123, 0.9458232423128544, 0.37939064524894617, 0.9465890188941956, 0.6060767213998733, 0.9803157082637869, 0.987884272364812, 0.8323874822042894, 0.6857906292412218, 0.5996626388702911, 0.8376988494800657, 0.49136637928285126, 0.745054484790948, 0.9922250469952566, 0.7667896175401357, 0.6583175381711225, 0.6089866846279388, 0.7050477237774443, 0.726780011734024, 0.6666195235004526, 0.7978679777068104, 0.987803649550199, 0.5740916713529287, 0.8535871667596348, 0.8112983244415315, 0.8716120282428864, 0.8337263238329342, 0.625308813914072, 0.9790959278793251, 0.9669675833200388, 0.6402549885738144, 0.6728714650911096, 0.545702810095437, 0.4672417885037848, 0.6712078805552394, 0.8679514055086391, 0.3964295896577836, 0.5991512509486006, 0.8020083151359263, 0.5214558050616594, 0.4974569843514129, 0.9480672158223092, 0.8654041141897131, 0.791144875074862, 0.9450659741166461, 0.990953645274506, 0.5082714191291053, 0.6887283588243521, 0.8687459968002882, 0.9877834736379081, 0.8412956265477425, 0.6459496944778507, 0.7146610287082218, 0.6010112054917623, 0.5338656821819888, 0.6515677827504436, 0.9045367158265676, 0.44776398000061224, 0.4489961347321682, 0.6293340604101973, 0.5351437566765059, 0.9668733642969413, 0.8771607476824677, 0.8145519623694482, 0.6117726422418575, 0.9786195411915124, 0.6213670549437477, 0.7828093241359674, 0.5114007734185045, 0.7424010841207388, 0.5092732315715931, 0.7069606974977289, 0.7644342366142204, 0.8551054019060028, 0.6454226197098716, 0.8175332333467155, 0.7754191018765616, 0.5144936350641374, 0.9048089877897462, 0.5000051636710162, 0.7464843085424222, 0.7254808122304544, 0.8814643953694433, 0.6709265512071145, 0.56256748178749, 0.6078263585492512, 0.6517558378852074], [0.9214350376078017, 0.8428329488076642, 0.7092380696938324, 1.0, 0.9554409231018531, 0.9011883572342869, 0.9182298884910562, 0.43443724311839677, 0.9242568238156776, 0.8091125609962178, 0.9291601104786835, 0.9062773384709583, 0.9679598135932334, 0.9668678580653223, 0.7872906452654947, 0.7751901949075417, 0.5018814810860784, 0.7486552071042317, 0.9135132291575345, 0.7099825664495911, 0.6990177414985216, 0.8478567665521969, 0.9642702766177516, 0.8615237822743912, 0.8415699433607572, 0.7008354517759635, 0.9083091444288568, 0.6888978864224659, 0.9006413116794192, 0.9535595779729759, 0.9148646172538735, 0.9707167246462246, 0.8894263745316663, 0.9367555080605743, 0.8439218502533328, 0.7238598161973786, 0.8555119692004458, 0.8356782113109334, 0.8782463406116408, 0.8036294637573835, 0.8370614507801537, 0.94303212121529, 0.7204927144521247, 0.7186022771409618, 0.869501514552721, 0.9117039876937603, 0.8006898667583665, 0.6529843725798938, 0.9385599222460764, 0.8571549224288035, 0.5312708880229137, 0.9101213434735429, 0.8698949891947687, 0.7728042175533448, 0.7151146299948034, 0.7060511200650051, 0.8026332134277656, 0.8589881756821722, 0.7266198055684808, 0.6972739927874876, 0.7209698295143089, 0.9380854450408203, 0.8056897155178494, 0.7070726098612681, 0.8159412305918781, 0.9581311553494302, 0.9279148307478474, 0.8500142866397317, 0.7888805976840544, 0.8864368772462773, 0.7634925720165421, 0.6092909836996454, 0.6309098093615597, 0.9114346401886279, 0.7838428528428875, 0.7108287830567291, 0.8067001021875807, 0.8910195924564632, 0.8839557037452221, 0.7274919300989563, 0.9285733233515187, 0.9099456408504447, 0.7366605362978933, 0.9244341521172973, 0.7313557023128295, 0.914220685461625, 0.9202601736701604, 0.8157996716359812, 0.9541228570725611, 0.8276752179967971, 0.9010762266786555, 0.7499035124432287, 0.7604720522257783, 0.7299540693896706, 0.9447336571308258, 0.9274237584248636, 0.7850563671830274, 0.9533511093284047, 0.8383582622295032, 0.895538887923636, 0.9502074190720327], [0.8976273455296865, 0.8096668562283035, 0.7329956714175773, 0.9554409231018531, 1.0, 0.8104351995942994, 0.9478944684511381, 0.38768794282772645, 0.9269498977049162, 0.7288947524686947, 0.9200418183429148, 0.9706481141828857, 0.9530129931022461, 0.9295385011455455, 0.8668744198193554, 0.7927654900401667, 0.4415702402814454, 0.7707850041610036, 0.8488518834581879, 0.7335028988612516, 0.7239070389174024, 0.9219315899397947, 0.9389045568765308, 0.8113478985524271, 0.8854432446181674, 0.6408014568792161, 0.935369362462567, 0.7132042883062323, 0.936066234471521, 0.9117896904956277, 0.8581922260414427, 0.9672750189304027, 0.9427703935520207, 0.9117723133025698, 0.8913249427640361, 0.7487007730101388, 0.7460955210837938, 0.9017572893677268, 0.9207210794552164, 0.8266524732716852, 0.9087071134318336, 0.8907826845779758, 0.7465892700846419, 0.7464319507913186, 0.8403853129276295, 0.893652933347951, 0.7388738721622249, 0.565272187484153, 0.9385576919334104, 0.9234745362998734, 0.46482316382531585, 0.8070372606555809, 0.912421667059594, 0.6921860074513071, 0.6101043783616874, 0.7319518346717586, 0.826235208607082, 0.9066156741976746, 0.7516878677545068, 0.7222254443469565, 0.6259759030412622, 0.921165565196057, 0.8334848056143738, 0.732518730032474, 0.8830089825952004, 0.9218517588561962, 0.9613787934905574, 0.8112838837401761, 0.6716030798156081, 0.8592967810479943, 0.7922951173744548, 0.5370098258861453, 0.5387842781175244, 0.8645562457212946, 0.6665360880467912, 0.7370877285962214, 0.8479494936554631, 0.9457561414405846, 0.8357426142973314, 0.7492733859421477, 0.8835872918225604, 0.9595734112794767, 0.6421144082620412, 0.9416748326795527, 0.6810797249901852, 0.9114226707542626, 0.9566994148081408, 0.844576829645523, 0.9216473219787896, 0.8977685101006697, 0.9482778758021807, 0.6717625189517605, 0.7883411564715908, 0.6550519454822171, 0.9847317065009461, 0.933647296246357, 0.8171435984952929, 0.9548218140245901, 0.7200776545598838, 0.8311668832320623, 0.9024863470234068], [0.8953484157828028, 0.8613809072578734, 0.6117158344968284, 0.9011883572342869, 0.8104351995942994, 1.0, 0.8195090819089562, 0.46067004856288013, 0.8473656592438352, 0.914350774127059, 0.8727530501044308, 0.7446639334543794, 0.897367040746614, 0.9290420720221656, 0.6601428270484224, 0.6778983289894199, 0.5379922877797001, 0.6437131712097999, 0.9206200086204783, 0.6132629777432921, 0.6033589644920337, 0.6960669305115538, 0.9222863453642881, 0.9188763408012797, 0.7220309942866532, 0.8129043698269045, 0.7938056469645053, 0.5972520497415583, 0.79328010450332, 0.9236365222345768, 0.9476929367837473, 0.8737291200238135, 0.7734167493261342, 0.8911995327060583, 0.7092473307393283, 0.6232831635623356, 0.8918141303538915, 0.7045488935142691, 0.7543024196165243, 0.6873334757579566, 0.7038367853838653, 0.9558376606569385, 0.6220131599352511, 0.6273855611768957, 0.8628276246310739, 0.8648722291123677, 0.8909611093504877, 0.7491109398545998, 0.8698156083800237, 0.7099367581743378, 0.5683444019084885, 0.9692597816861128, 0.7393660571803782, 0.9078592248499413, 0.7951771479286712, 0.6085866732080073, 0.6856072912080432, 0.7267220261284058, 0.6272556415421147, 0.602365120666391, 0.8838351046530792, 0.8929020871795482, 0.6882094159421516, 0.6102073713289823, 0.6914316336901634, 0.940472286371162, 0.8124929309368012, 0.8828068007504656, 0.9271058876911548, 0.8517290723358587, 0.6517733498222265, 0.7214391965458221, 0.6898465636169936, 0.927274462488654, 0.9338456766344806, 0.6121330315267703, 0.6838265749068249, 0.7511541564403208, 0.9165530659252047, 0.6269258059082485, 0.9447809826615584, 0.764460643528001, 0.8990618801799436, 0.8199825794128772, 0.8160239855958632, 0.8529743993567408, 0.7841288164310403, 0.7095902426934413, 0.8947235765024989, 0.6934440823507829, 0.7618313042911041, 0.8650271014938782, 0.6518696464502524, 0.8632405300881979, 0.7948792977347728, 0.8416819969323236, 0.6788695563539321, 0.8808806095018618, 0.9652717648821055, 0.9512431371005051, 0.942881269165604], [0.8546127297987897, 0.7746973133785499, 0.7192436036295204, 0.9182298884910562, 0.9478944684511381, 0.8195090819089562, 1.0, 0.3983034200523612, 0.8861937290993904, 0.7235436643834897, 0.8742163016119335, 0.9306041631717865, 0.9496109279938298, 0.9131938978054477, 0.8323604341343371, 0.8010848320628045, 0.4553941351508049, 0.7589448734323485, 0.8186581867777725, 0.7190811376708464, 0.7073893713201537, 0.8869249754819962, 0.890180280475595, 0.7829861411946589, 0.8492709139905578, 0.6338695268978547, 0.8927215150545151, 0.6981201052829995, 0.8961759669165906, 0.8737076259427385, 0.8225850309084866, 0.9493041143601013, 0.970421163174775, 0.86584704124356, 0.8575803961028484, 0.7344216152881627, 0.7680630198609655, 0.8584163951918355, 0.9122291703589243, 0.8279407809267901, 0.8694407768586958, 0.8647040997308124, 0.7316339705255048, 0.7339813056371332, 0.8034120792897967, 0.9478621403975652, 0.7191596832810336, 0.5881266860095835, 0.9497068385615443, 0.8902808402447477, 0.4801666099156156, 0.8218550138073237, 0.8762754559242871, 0.6907712244469345, 0.6368134993637344, 0.7145859516502592, 0.8156569612088744, 0.8701152579697604, 0.7381448855751458, 0.7065171729192651, 0.6556133867101764, 0.903659474640336, 0.8239382496871908, 0.719095202608369, 0.8407536829392047, 0.906297955920691, 0.9719034621824678, 0.7758866890388787, 0.7072990594360858, 0.8194345050034612, 0.7775294127873984, 0.5575957845521479, 0.559507834117852, 0.8224624301250282, 0.7065711614911981, 0.7194802190435893, 0.8193750231559592, 0.9213845402454479, 0.7993494679023868, 0.7357819417562345, 0.8563506305906223, 0.920952930040899, 0.6695777403879912, 0.8970971828250728, 0.6629191677108406, 0.8699389842610945, 0.9125324650701027, 0.8458133363806862, 0.8840063723257304, 0.8603445439218863, 0.9128203043496138, 0.6776767248824336, 0.7752152318150299, 0.6560067076687999, 0.9339673538733896, 0.8994550996896854, 0.8012920529519688, 0.9442055167039918, 0.7507223133132968, 0.8197160684373475, 0.9095331288131493], [0.41082293788698065, 0.4239124962215933, 0.33891935888396707, 0.43443724311839677, 0.38768794282772645, 0.46067004856288013, 0.3983034200523612, 1.0, 0.3949235048904086, 0.4784012187490318, 0.4001234234344018, 0.37612422739380846, 0.40141259498834003, 0.4171615610830136, 0.3533768305292146, 0.36306332936329916, 0.767894949594771, 0.35020823200081, 0.43264162432347614, 0.34091416080922976, 0.3363383416227306, 0.3639483842474097, 0.4139363085414432, 0.45149917578819027, 0.38330630609026917, 0.5379626081994728, 0.3798386037200192, 0.33443212258493127, 0.3806688213349928, 0.41503935131906816, 0.43552341464196775, 0.400642749235241, 0.38535678886039026, 0.40668980909160624, 0.3668709932034424, 0.3424404675637335, 0.4658226385469212, 0.3657156872021688, 0.37856753237390334, 0.3626805908773422, 0.36640973595883913, 0.42528858527493296, 0.34243159456406186, 0.34758687220964585, 0.4111383331958057, 0.4136772334260495, 0.4755956507919408, 0.5564747958500711, 0.40957655304990853, 0.36714032088937465, 0.7138574009588837, 0.4510379952728126, 0.3666351616243521, 0.4919606970144918, 0.6018815957824316, 0.33795660981018716, 0.3613357307833806, 0.36430302217995636, 0.34449567488545185, 0.3360292864151246, 0.508164276825413, 0.43642552280727764, 0.3612634931447558, 0.3385465252430865, 0.3638018312457051, 0.4196588990541641, 0.3956556815645516, 0.43570748506725926, 0.4842055915045269, 0.4097070137238827, 0.35096434402471377, 0.5892969647474194, 0.5908066753945309, 0.4263423355536677, 0.48211017339724477, 0.33904738614279895, 0.3599495011230249, 0.37908839485463075, 0.4352333276393948, 0.34574597903119564, 0.4280963089656966, 0.3743869579340198, 0.5097986960106271, 0.3854387156571777, 0.5034140232238871, 0.39642469837698463, 0.3781010386149629, 0.3712099069932404, 0.4197575663530753, 0.3625966015354146, 0.37910758282761775, 0.4996786813511665, 0.35112946305939835, 0.5126693311181606, 0.38257418759141476, 0.3936636144425586, 0.36349939897317834, 0.4083631608100517, 0.4833224586912181, 0.4426370192618513, 0.42153932967941793], [0.9554728865369548, 0.9016603769085617, 0.6867247695306165, 0.9242568238156776, 0.9269498977049162, 0.8473656592438352, 0.8861937290993904, 0.3949235048904086, 1.0, 0.7783900199387103, 0.961163869975869, 0.8727730618903842, 0.9285948266984813, 0.9253302843152764, 0.8637713595712616, 0.7227043768507444, 0.45098122911317934, 0.7492828098420552, 0.9370304133780224, 0.7075850931278503, 0.6901052785086131, 0.9053685434904966, 0.9513314968016438, 0.8629837906127472, 0.8196170991066797, 0.6815975506074102, 0.9879821286825259, 0.6830876300984522, 0.9795991584282417, 0.9353752276722705, 0.9109228585407042, 0.9172389953115856, 0.8967309587741256, 0.9488601135175845, 0.8291890690932098, 0.6960204125840566, 0.7929027370753348, 0.8349081926409353, 0.8047681582624903, 0.7783233674826999, 0.8533392092317116, 0.9134798250461297, 0.7050233936583815, 0.7003983121871514, 0.9384251331825862, 0.8585338033622956, 0.7845806208481765, 0.5807871823708783, 0.8760486337447076, 0.9081133975555891, 0.47526312485027505, 0.8593126306919275, 0.9785496471620172, 0.7512179058507599, 0.6282174082706172, 0.7985570279398804, 0.7873006880331144, 0.9740268326579214, 0.7987185128141298, 0.684801127954367, 0.6872483210480349, 0.8661090404607733, 0.7681881034752226, 0.6930914477339342, 0.8326922654322416, 0.9390659627819158, 0.9197007161975075, 0.8812551998419402, 0.7576189683465884, 0.9558937963092902, 0.7760819152222517, 0.5526995759472936, 0.5528612106987102, 0.8980691566393105, 0.7520478347777823, 0.7168470811315901, 0.7837433434619124, 0.8991730132031603, 0.8822175222365715, 0.7055122109440215, 0.9174393992362109, 0.9592072468001387, 0.7157914130172948, 0.9752139675122693, 0.7349529336899205, 0.9687486577033334, 0.9707371660824201, 0.7768070421790814, 0.9274454558129931, 0.8446147577056529, 0.9581218669061542, 0.7258489799364933, 0.7623489755413875, 0.7108910751661728, 0.9524924334480351, 0.9837105795493214, 0.7811448445113703, 0.9378931438502294, 0.7924010785150726, 0.8604292673087075, 0.9020185932723983], [0.8623652453959111, 0.9002491270275762, 0.5468132169857947, 0.8091125609962178, 0.7288947524686947, 0.914350774127059, 0.7235436643834897, 0.4784012187490318, 0.7783900199387103, 1.0, 0.8365654765581934, 0.6506520773714215, 0.8218902433589892, 0.8507110426097785, 0.584747336890229, 0.595784637813288, 0.5632067416333048, 0.5731312715771054, 0.8758369673422616, 0.5479002212943767, 0.5401258961834303, 0.6160473921930525, 0.8503793154026715, 0.9636614433279849, 0.6280925591566544, 0.931298638994831, 0.7356995226411847, 0.5349620358738686, 0.7253691280954019, 0.8719110154941943, 0.9157943727326916, 0.7832215530912023, 0.6915573334006454, 0.8600265381331691, 0.6234501651521237, 0.5559351841815191, 0.8072202766487419, 0.6190548413342393, 0.6583961757612797, 0.6065262673063394, 0.6178466300379234, 0.9081536984387749, 0.554194459512369, 0.5568214833463856, 0.8643707801203758, 0.7682908143688146, 0.965290293575727, 0.866598029184219, 0.7600485096185043, 0.6279948935359728, 0.6337418018769441, 0.9014322935573076, 0.6807207048438527, 0.9733998481764002, 0.8684575797333677, 0.5443114763498779, 0.6045988628111857, 0.6675139095068106, 0.558577421256896, 0.5393293121776898, 0.9692824008949643, 0.764267813869866, 0.6064917805243277, 0.5454017304951069, 0.610692097545683, 0.8736399337510176, 0.7185097479117767, 0.9318228572903017, 0.9512411280442103, 0.8305769955921933, 0.5783692012849604, 0.8544922258750767, 0.8112258148074414, 0.9029213580723855, 0.9012215698823015, 0.5471465576871091, 0.6033853702057542, 0.6618786438221304, 0.939358244653152, 0.5597298332644624, 0.9064431123163297, 0.6958132298340073, 0.9787109569923211, 0.7711839290304893, 0.9408272849745418, 0.8175716145807529, 0.7151080422257919, 0.6190628406675208, 0.8175487084706013, 0.6112060722981323, 0.6881777686042991, 0.9816469524650505, 0.5779974060767739, 0.985621008818717, 0.7204485681236955, 0.7805536370434202, 0.5971785848414076, 0.7886554889149929, 0.9426035915675823, 0.9469678561631264, 0.8638150076161542], [0.9859338567844621, 0.9324697028655183, 0.69978632331998, 0.9291601104786835, 0.9200418183429148, 0.8727530501044308, 0.8742163016119335, 0.4001234234344018, 0.961163869975869, 0.8365654765581934, 1.0, 0.8788758261429899, 0.9419385269744118, 0.940005793621089, 0.8416555718202708, 0.7440089440362605, 0.45777482886736587, 0.7331629281153709, 0.9784828045784818, 0.704574216867897, 0.6973027332367491, 0.8825996699639806, 0.9729314052943057, 0.9295400562730606, 0.8301935365496818, 0.7415219429202077, 0.9563339355677146, 0.6879393467445408, 0.947418030247999, 0.972186209712679, 0.9699987863476337, 0.9173460326366046, 0.874707308752619, 0.9870769524839815, 0.825776071031865, 0.712426863095979, 0.800190523867964, 0.8471124368851349, 0.8175806922969635, 0.7939391776858079, 0.856923759067827, 0.9501933773847512, 0.7157431263260462, 0.7152521032261354, 0.9604383498748102, 0.8370991584486566, 0.8559442816727456, 0.6048080943749438, 0.8625395634409009, 0.8833799147823949, 0.48281411068129637, 0.8797390757847885, 0.9289057561218883, 0.8312012126000996, 0.6414785740367236, 0.7376366278253775, 0.7997384745071219, 0.9075536671420987, 0.7530417032257615, 0.696477305588553, 0.7430251027376761, 0.8587688764027683, 0.7873966416687452, 0.7051187201414496, 0.8400168813405235, 0.9670654180124705, 0.9086341083775722, 0.9406406711576475, 0.8135009629554683, 0.9614374564221114, 0.774986387823803, 0.5993409323832968, 0.5631058276415288, 0.9599110274214382, 0.8122196445245784, 0.7106054742581266, 0.7923474502978579, 0.892747685311949, 0.9479789631216756, 0.7183397143915308, 0.959195235559331, 0.9427331494527226, 0.778262810024719, 0.9792992084289555, 0.8059931150280424, 0.9867112844773934, 0.9411253950849459, 0.7935098792798817, 0.9310744335496984, 0.8416711391684961, 0.9324986937757569, 0.7869496664791582, 0.764855633325678, 0.781525833015069, 0.9399270014825958, 0.9701416587410492, 0.7949515275286995, 0.9345177166231629, 0.8409057844668263, 0.9112383045528316, 0.9204029435896665], [0.852984301059042, 0.7624128187754284, 0.7801770459047375, 0.9062773384709583, 0.9706481141828857, 0.7446639334543794, 0.9306041631717865, 0.37612422739380846, 0.8727730618903842, 0.6506520773714215, 0.8788758261429899, 1.0, 0.9018097643698416, 0.8527657208937175, 0.9122898662703648, 0.8394738990659187, 0.42663075121593164, 0.8204680699513578, 0.7818522292757141, 0.7816044262500904, 0.7728427018880724, 0.9491317943809792, 0.8854608986888876, 0.7566782786650432, 0.9363588092017329, 0.5762609171264587, 0.9137972768729528, 0.7593640548744321, 0.9254377876683598, 0.8553332817162543, 0.7859211317280783, 0.9120147102775331, 0.9329918916838233, 0.8595708564000125, 0.9339942841682238, 0.7985003969125619, 0.6896438707759607, 0.9567520844233076, 0.9395125501431165, 0.8895765656424336, 0.9563383129643992, 0.8045989178163137, 0.7960124028149249, 0.7963952298953626, 0.7946098330307639, 0.8373038183142582, 0.674668515051053, 0.5410197961790247, 0.8455549783574344, 0.9476731928024097, 0.4482982721985397, 0.7261271281718629, 0.9111585077278905, 0.6150629915230148, 0.581948289310094, 0.7950288838406253, 0.889597424294571, 0.904745462116768, 0.8141480735140646, 0.7706915561955696, 0.5968031332640642, 0.8639023011201024, 0.8918562546693275, 0.7816014122875952, 0.9398579149805141, 0.8483854302182366, 0.9447552893847049, 0.7581879722067051, 0.6324022685577273, 0.8127822167800574, 0.849173745915585, 0.5150759882296132, 0.5167071207393611, 0.8029281601792674, 0.6341964689169244, 0.788530748053586, 0.896053934004409, 0.9622191205854463, 0.7802803577923126, 0.7992710849817389, 0.8047808086981656, 0.9565080561242529, 0.6011222161453393, 0.9165340487497114, 0.630714257727471, 0.8774160148055633, 0.9459897020651522, 0.9015773935343377, 0.8424364006947757, 0.9458980511700233, 0.9364321769639785, 0.6054000542087258, 0.8441620788740011, 0.5854386131512002, 0.9674460622937372, 0.8987926701805932, 0.8785152746492989, 0.8918151833229742, 0.6730805860631232, 0.7532887314831551, 0.8148640687887329], [0.9330188913677024, 0.8552347871757683, 0.7063629171345345, 0.9679598135932334, 0.9530129931022461, 0.897367040746614, 0.9496109279938298, 0.40141259498834003, 0.9285948266984813, 0.8218902433589892, 0.9419385269744118, 0.9018097643698416, 1.0, 0.9794062621015365, 0.7871303360639409, 0.7739378083850157, 0.45946304575054425, 0.7451871536348383, 0.9285542750613018, 0.7070589829017885, 0.6963731938615428, 0.8465774063807717, 0.9710480549991878, 0.879026220686944, 0.8278300763100719, 0.7135254795609923, 0.912722679819976, 0.6872254556069574, 0.9089761170326708, 0.9659098085370146, 0.9277555515665263, 0.9755393676750977, 0.9297321921251126, 0.9459673646262203, 0.83959785199042, 0.722225823341416, 0.8380458097745096, 0.8358348307557507, 0.8800870287532975, 0.8025695921752094, 0.8342927449948203, 0.9524692363259023, 0.7177921157482546, 0.7208398017709082, 0.8823283937639419, 0.9152652297981605, 0.8155150365487266, 0.5949308932789745, 0.9410077056845914, 0.8644166387237577, 0.48469244089328295, 0.9117489661868287, 0.8714934886381204, 0.7935629797751726, 0.6447985270318164, 0.7033573060189574, 0.8014941866350349, 0.8603144687974191, 0.7252125678628202, 0.6946164343469652, 0.708280519611382, 0.9214864246449381, 0.805155976428747, 0.704683850074641, 0.8149384038922519, 0.9694260699314452, 0.9254172523638658, 0.8649212381743984, 0.7888559975072136, 0.8968511836787592, 0.7607081373963264, 0.5650649545241974, 0.565662488630897, 0.9246007378565984, 0.7785291752195032, 0.7080984594857997, 0.8043183272367518, 0.9029219273338467, 0.8969576167301554, 0.7227637869186884, 0.9501720101705649, 0.9150404861902871, 0.7465818321432909, 0.9287438970454287, 0.7447981966657093, 0.9239017391063957, 0.9243887635469223, 0.8201196252670104, 0.9562295984798871, 0.8249386661376598, 0.9014584901574668, 0.7621920307369273, 0.7597985471738071, 0.7450238067102155, 0.9428850111178562, 0.9290552739807483, 0.7866154359449009, 0.955293597628267, 0.8287210162181146, 0.9096643569817091, 0.9707843036357765], [0.9391777235035911, 0.8683146539783083, 0.6595429388129969, 0.9668678580653223, 0.9295385011455455, 0.9290420720221656, 0.9131938978054477, 0.4171615610830136, 0.9253302843152764, 0.8507110426097785, 0.940005793621089, 0.8527657208937175, 0.9794062621015365, 1.0, 0.7344852756317093, 0.7216830556859738, 0.48021420477087706, 0.6938679680951064, 0.9454903835595079, 0.6607589950445434, 0.6506618450084695, 0.802694098217023, 0.972645489448469, 0.8926414976303729, 0.7678201200571811, 0.7375630716980383, 0.9036201873127152, 0.6419942378377963, 0.8977586863409539, 0.9733053208372888, 0.943207764915717, 0.9618264510472354, 0.8862115276885413, 0.9510466110865496, 0.7747536175392755, 0.672413450144048, 0.8689998390943311, 0.7664866525665136, 0.8250774087542682, 0.7424977338455098, 0.7756685860210331, 0.9703421687624612, 0.668705816628691, 0.6712845385338095, 0.8921281050794034, 0.9011106549651148, 0.8364504215434412, 0.6280708968436735, 0.9226040341744273, 0.8133656263971383, 0.5078266472205435, 0.9418844276607468, 0.8533504932016687, 0.8238489551856634, 0.6840698291589747, 0.6567844978058033, 0.7408108657453432, 0.8394123563825125, 0.6747482942345329, 0.649152950116381, 0.7542269374095475, 0.9119914614883775, 0.7447906474358901, 0.6578314022432724, 0.7506246264876598, 0.9820306061443692, 0.906399191425445, 0.8779152590773205, 0.8359304814838081, 0.9078599402115769, 0.7063968401678228, 0.6057151464595113, 0.5988929484079991, 0.9372978872243192, 0.8337384668296964, 0.6609167231322098, 0.7431239802652466, 0.8472063796168181, 0.9136453167672044, 0.6747849330181076, 0.9601521034865492, 0.887161400145299, 0.7876143884070699, 0.9248571648331589, 0.7639697271184889, 0.9258720766591736, 0.9011906883672925, 0.7555519865079735, 0.9480666158777283, 0.7663310316120256, 0.873860556852675, 0.7925247049667302, 0.7037719172037813, 0.7741219676342264, 0.9203882154577784, 0.9296997816663204, 0.7283410339901505, 0.9596834535850424, 0.8694875925038031, 0.9264676369781347, 0.9661303502940201], [0.830053862846753, 0.7535200210805245, 0.8815965864176123, 0.7872906452654947, 0.8668744198193554, 0.6601428270484224, 0.8323604341343371, 0.3533768305292146, 0.8637713595712616, 0.584747336890229, 0.8416555718202708, 0.9122898662703648, 0.7871303360639409, 0.7344852756317093, 1.0, 0.9230733788628671, 0.3975998391267365, 0.9419164479400864, 0.7402139684440601, 0.8893467754637933, 0.8844410077889265, 0.9819371810489936, 0.7979168274280127, 0.6977138998297671, 0.9592663816471936, 0.5217216446159105, 0.922208689893236, 0.8713295925790182, 0.9303732656343757, 0.7564940947876201, 0.7045423452416023, 0.7818385712574742, 0.9248120584005926, 0.7934232216802866, 0.9740330841112015, 0.8937223775901634, 0.6168392107252377, 0.9612077968493631, 0.877136860822101, 0.9359972551084357, 0.9772958946724163, 0.6924620159460968, 0.9039681654422275, 0.9046446891515016, 0.7914692662734192, 0.7339956210408819, 0.5966709667215561, 0.4951707346609823, 0.7296636356425492, 0.9800889756717232, 0.4163540592028723, 0.6456507347616304, 0.947588431216997, 0.5560668281711857, 0.5292377416839378, 0.9331829846081069, 0.9696621470343224, 0.9375989278953069, 0.9459841225715729, 0.8771391394958891, 0.5414951306192164, 0.7497395552922078, 0.939735025893328, 0.8922478999521488, 0.9817703554174108, 0.7462732767236878, 0.8884375547483272, 0.7330462830379565, 0.5706406781237701, 0.8079276449083481, 0.9699514030046307, 0.4733491718365067, 0.47472637647455657, 0.7120264152020414, 0.5721011366828057, 0.9085480580250452, 0.931980326297287, 0.9587574314844797, 0.7026615872098104, 0.9083927749175226, 0.7116828526723382, 0.9390890646921276, 0.5449853729594311, 0.8994561645685696, 0.5787884319083706, 0.8629410477035727, 0.9484264992905551, 0.9218905014700092, 0.7433277463117871, 0.9765736866925955, 0.9406112540812038, 0.5483010164866672, 0.9622906923729249, 0.5316666350528892, 0.9236628602303524, 0.8944880072077666, 0.9626273925322058, 0.788837932560308, 0.6035250279535904, 0.6545265890974926, 0.7077005872720095], [0.7223102146466733, 0.6389207264571071, 0.9458232423128544, 0.7751901949075417, 0.7927654900401667, 0.6778983289894199, 0.8010848320628045, 0.36306332936329916, 0.7227043768507444, 0.595784637813288, 0.7440089440362605, 0.8394738990659187, 0.7739378083850157, 0.7216830556859738, 0.9230733788628671, 1.0, 0.4089955688757339, 0.9640600021002506, 0.646279934283827, 0.9633096465427399, 0.9529736840827481, 0.8685419690437489, 0.738510709044067, 0.641477637761642, 0.8982208741517079, 0.5310468404497579, 0.787619755009072, 0.9378733979453323, 0.8062936223788866, 0.7094983597174743, 0.6522860395432264, 0.7727652671456757, 0.7985162635995735, 0.7121185816982133, 0.8531982742421764, 0.9607615250460587, 0.6395814879846264, 0.9147525582700793, 0.8809037525165552, 0.9417583527452761, 0.8889345988555233, 0.6823774411633027, 0.9742628742227342, 0.9782767368936627, 0.6695293125700293, 0.75607227818288, 0.5854523567897816, 0.5107771724245943, 0.744159864243254, 0.8986664954411894, 0.42847406740263916, 0.6637130448701083, 0.8292499732447429, 0.5677623357405182, 0.5475318642454797, 0.927838915578292, 0.9212174724926439, 0.8091712235440172, 0.9402821097697059, 0.9419895756736428, 0.5557413089978155, 0.7614394507120824, 0.9374782299904404, 0.9594206204253543, 0.8980923782772062, 0.7021904757328516, 0.7685215557860887, 0.6361035958744901, 0.5843248100616543, 0.6860098504728892, 0.9500769986847328, 0.4860253767949315, 0.49091058526471065, 0.6737487223221811, 0.5885298078580081, 0.9694854302967683, 0.9410300905082783, 0.8720500992623746, 0.6522103492753302, 0.9760948100105059, 0.6684519637283719, 0.8344410228008358, 0.5587761554126979, 0.7882823433854415, 0.5433493595836331, 0.750264431084168, 0.8082848573436391, 0.9293357366931878, 0.6950904689882824, 0.8721563352329705, 0.8227249411348495, 0.5607089860944444, 0.9558103526935129, 0.5433722347052581, 0.8019411231112507, 0.7651975252122138, 0.9407945327303238, 0.7273947842498868, 0.6189019318266156, 0.6599472242918856, 0.7162095529116993], [0.47183075929733936, 0.489182067733573, 0.37939064524894617, 0.5018814810860784, 0.4415702402814454, 0.5379922877797001, 0.4553941351508049, 0.767894949594771, 0.45098122911317934, 0.5632067416333048, 0.45777482886736587, 0.42663075121593164, 0.45946304575054425, 0.48021420477087706, 0.3975998391267365, 0.4089955688757339, 1.0, 0.3935930506470245, 0.5008431432643394, 0.38189000566961145, 0.3761593500608818, 0.4110331799980117, 0.4759452854078235, 0.5247918711392764, 0.4336885339379711, 0.7001764407221699, 0.43141599303946115, 0.3737766331452838, 0.4324873029886885, 0.4774041425627986, 0.5047091757757002, 0.45845471626305623, 0.43854859714279554, 0.4663901283479667, 0.4147647904649475, 0.3838083738954812, 0.5458541937753236, 0.41328875925847625, 0.4297770384785215, 0.40941686139418343, 0.414175337797992, 0.49101544684062315, 0.38379722766972246, 0.3885152887070193, 0.4722499713042209, 0.4756028079455193, 0.5593223708798934, 0.7210909479212151, 0.4701905619193013, 0.41510906082676435, 0.9699067185866798, 0.5224576381364752, 0.414463390964436, 0.5820945546660626, 0.6717262177428885, 0.37818464804264224, 0.4077038807593753, 0.4114855711569353, 0.3863919981514952, 0.3757728231047947, 0.604917195708436, 0.5056520634229483, 0.40761191624706666, 0.37892351442025135, 0.41084626408999103, 0.48352652183858935, 0.45193339200857036, 0.504956389489423, 0.5712687177095119, 0.4691658529118453, 0.39454836095199625, 0.800558037100988, 0.7199545051143195, 0.492420610447049, 0.5683542840290723, 0.37955108150607586, 0.4059399184252798, 0.4304484728997745, 0.5043196450638379, 0.38796560453216367, 0.49476190219886784, 0.42439697531652804, 0.6029613007697423, 0.43865470514634114, 0.6369967274450137, 0.45293990254552224, 0.4291759019199853, 0.42021289490189445, 0.4836575113452227, 0.4093098342250502, 0.42947070536626947, 0.5940515138711182, 0.39475704872702655, 0.6113118534804793, 0.4349483878272595, 0.4482468325438737, 0.4085035991253164, 0.4685921508196215, 0.5659099744999513, 0.5142872329577295, 0.48602457286845924], [0.719687662572847, 0.6570676939544304, 0.9465890188941956, 0.7486552071042317, 0.7707850041610036, 0.6437131712097999, 0.7589448734323485, 0.35020823200081, 0.7492828098420552, 0.5731312715771054, 0.7331629281153709, 0.8204680699513578, 0.7451871536348383, 0.6938679680951064, 0.9419164479400864, 0.9640600021002506, 0.3935930506470245, 1.0, 0.6307789243225996, 0.967591214677696, 0.9531755571555612, 0.9040961511030811, 0.718243878610519, 0.6246805015725275, 0.8919329648751524, 0.5119773679578989, 0.8198569244959848, 0.9387848817184947, 0.8371945837298574, 0.6881210985912143, 0.6350811778797086, 0.745776249590782, 0.780513723806474, 0.6943162644047699, 0.8780580652763268, 0.9571861618747786, 0.6081436626615353, 0.9033276321892145, 0.8563269930719924, 0.9235564988804914, 0.8919952075145315, 0.6558850162015756, 0.9702699125078269, 0.966764018794906, 0.6918263301285579, 0.7139930478094829, 0.567833002661286, 0.48861749725630194, 0.7098675305392125, 0.9278389463158321, 0.41196245456749814, 0.6315737509139503, 0.8655949315665877, 0.5441096682089347, 0.5218723335483265, 0.9655975682978749, 0.9355122324258224, 0.8559406376376733, 0.9794121251100285, 0.941388970026547, 0.5324871417380006, 0.7308413888480019, 0.9190014102737429, 0.956930367735388, 0.9101523047254747, 0.6777002525612084, 0.7517898206456537, 0.6288316405979589, 0.5600700628612519, 0.7089375610601182, 0.9674437403839147, 0.4672078305202175, 0.4690254872748836, 0.6574267395850196, 0.5616528327063025, 0.9758854302764688, 0.9256646902934835, 0.8669403247774097, 0.6376462020819819, 0.9673842844097225, 0.6477703262844513, 0.8295287530784148, 0.5343323240011429, 0.7892286993660553, 0.5275837686724969, 0.7523443146975415, 0.8332225830055235, 0.9030586146668957, 0.6750400462214398, 0.8942600029556719, 0.8306834536324204, 0.537867076650052, 0.9641109947353289, 0.5208701939184536, 0.7837693748373851, 0.7857806631561168, 0.9433590637078518, 0.703307501429356, 0.5910709701162474, 0.637330545733334, 0.6896039495348235], [0.9748072784530597, 0.9321259601480881, 0.6060767213998733, 0.9135132291575345, 0.8488518834581879, 0.9206200086204783, 0.8186581867777725, 0.43264162432347614, 0.9370304133780224, 0.8758369673422616, 0.9784828045784818, 0.7818522292757141, 0.9285542750613018, 0.9454903835595079, 0.7402139684440601, 0.646279934283827, 0.5008431432643394, 0.6307789243225996, 1.0, 0.6076834585253486, 0.6033570690617664, 0.7848979523098861, 0.9647854393422653, 0.9307043898655102, 0.7203747881295224, 0.7721371645632417, 0.9202158603530656, 0.5960173238106777, 0.9018531063181626, 0.972897480384554, 0.9685254493858257, 0.8805569677911528, 0.8028610278429622, 0.9800051662365458, 0.7216226540460045, 0.6173069169198787, 0.8743564542270706, 0.7372214327311802, 0.7356987857732603, 0.683093781932365, 0.7489439702324944, 0.9641547473746195, 0.6174772941920874, 0.6171185911952648, 0.956543887183026, 0.8382988897521388, 0.8783267906150442, 0.6875585674444074, 0.8349849036994114, 0.7878439915693481, 0.5309705809282638, 0.9326452744968575, 0.8743920002704018, 0.876310735818936, 0.7293671867822981, 0.641446110222621, 0.6844369425626902, 0.8502752881540044, 0.6512579683570794, 0.6027885151338916, 0.8153768045499676, 0.8256238436745713, 0.674768298266939, 0.6096461639547643, 0.7268380598762427, 0.9661518569254635, 0.829980286742658, 0.9381967246050402, 0.8757070433741273, 0.96989956846277, 0.663617543152944, 0.6675908456384292, 0.6297157300132887, 0.9648281260442146, 0.8865492730025873, 0.6132725385458595, 0.6923203260824102, 0.798622017390561, 0.9489761370282922, 0.6182374531009709, 0.9610799907490534, 0.8744943642149707, 0.8390323399999635, 0.9550871297015894, 0.8170365089219517, 0.9758697841352435, 0.879711466622411, 0.6859382989051283, 0.9255770980454375, 0.738199892466395, 0.8565806612221165, 0.829501911683824, 0.6543680354502918, 0.8238772865999537, 0.8687126686789298, 0.9454661262136256, 0.6801710875724636, 0.8993590484814382, 0.9056995753148472, 0.9410091124075327, 0.9437602894600451], [0.6867077959509901, 0.6231396549166837, 0.9803157082637869, 0.7099825664495911, 0.7335028988612516, 0.6132629777432921, 0.7190811376708464, 0.34091416080922976, 0.7075850931278503, 0.5479002212943767, 0.704574216867897, 0.7816044262500904, 0.7070589829017885, 0.6607589950445434, 0.8893467754637933, 0.9633096465427399, 0.38189000566961145, 0.967591214677696, 0.6076834585253486, 1.0, 0.9852112744806314, 0.8425027475115995, 0.6870237688972213, 0.6021877264873517, 0.8446302409750821, 0.49258048254223963, 0.7706632373071866, 0.9776087942958867, 0.7882599325998577, 0.6585284737458256, 0.6092740317135911, 0.705488195293302, 0.7304881299792735, 0.6666732264049763, 0.8032634634026805, 0.9863053918812854, 0.5761360296593722, 0.8607791575493976, 0.8104962238192261, 0.8797895820428293, 0.8382015619561256, 0.6243611578307335, 0.9898201047240264, 0.9822238654159204, 0.6483644569044883, 0.6742858254691345, 0.5455870551883949, 0.4688112075985801, 0.6719051481323797, 0.8865586984184645, 0.39862138176024026, 0.6012135258192652, 0.8143102862745805, 0.5218793911068192, 0.5004585385043734, 0.9639179752314251, 0.8747853566754331, 0.8147361924158101, 0.9658712183283358, 0.9790056100577019, 0.5099351776357972, 0.6900732630878295, 0.8743269244044389, 0.9860370040106922, 0.8510213412149729, 0.6475029787099401, 0.7205737499191088, 0.6039074811384206, 0.5354571593708765, 0.668655807523781, 0.9151626917496962, 0.44988028881888287, 0.4521176918016425, 0.6286389604215028, 0.5367231324761564, 0.9864806462286879, 0.8831821613496907, 0.8222490316557629, 0.6118750574668804, 0.9842429107108787, 0.6207029569248953, 0.789435433429407, 0.5125217099435599, 0.7493273231379769, 0.5089824289068327, 0.7138935816340031, 0.772840973969652, 0.8611188232631652, 0.6455895622300506, 0.8247318613693074, 0.7845128668566203, 0.5157136304762335, 0.9193316450244491, 0.5003291172523122, 0.750924627925407, 0.7330609713117325, 0.892816146330272, 0.6721573175343155, 0.5629545397