[[0.9999999999999989, 0.5338496978343283, 0.8424113493205316, 0.8472365263093097, 0.8122333571873194, 0.8272103165907471, 0.902602973686784, 0.6717167830788928, 0.8952554963647992, 0.8476180255741897, 0.8775072908119459, 0.8413596754000583, 0.8569080088256709, 0.8825575745025065, 0.8241472398142236, 0.8994269962461956, 0.8179563990241248, 0.8328559352850745, 0.6219980348460877, 0.9504559250114057, 0.8338649107963221, 0.9712420122763668, 0.8645632035977219, 0.8509365681035945, 0.8078587077266762, 0.8679386181427134, 0.9014526249013124, 0.9590891611064674, 0.8191283333690879, 0.8922564294756301, 0.8821121721725677, 0.7867388667999383, 0.4625290054803817, 0.7975873417452795, 0.9488720053885528, 0.9332097499510726, 0.7371019671991756, 0.9620164865996527, 0.9461233056536335, 0.9177644567991823, 0.9091332385791898, 0.9099128025322114, 0.9326793788386343, 0.9102889177540757, 0.8183760413525109, 0.8820234932378691, 0.8771625888368888, 0.8229250787250912, 0.8587197740039497, 0.5937255331842936, 0.8971969942667352, 0.9737059144831043, 0.9238710371796353, 0.8737909784893985, 0.8264584883949324, 0.9177051560487037, 0.9571730670203228, 0.9660934634677166, 0.9235047739695273, 0.9186973469259067, 0.8443657594475412, 0.7899994091413355, 0.8685867422553893, 0.8812645567798767, 0.848948442698266, 0.8800412913077749, 0.8435923220008545, 0.9111053637599577, 0.9430936883256038, 0.9229086882947881, 0.8149834974946157, 0.884812807847335, 0.9621511201961013, 0.9398216286522314, 0.8100777101188906, 0.9009601211074043, 0.9462400051628866, 0.787971469967856, 0.9507877144151071, 0.9167239632734144, 0.9257476687185398, 0.8242987279165499, 0.8033522120566426, 0.7892720367573799, 0.7890506709989654, 0.9451256241093742, 0.8867870124619684, 0.685691999534969, 0.9203872194718756, 0.9620615735925989, 0.9265074012658044, 0.9082663897437051, 0.9134834311405299, 0.8897280129353676, 0.9545924181309837, 0.8271371277390162, 0.8594284483936421, 0.8801512299229126, 0.6617049037603568, 0.9282211996462906, 0.9005737944971628], [0.5338496978343283, 1.0000000000000029, 0.483174199728574, 0.5235354238931241, 0.49575626194586414, 0.48520093142195564, 0.4244806170772431, 0.543524175173622, 0.5131602359692318, 0.4422960262109333, 0.48748185339046873, 0.5881610693688669, 0.509903543497056, 0.48315937559024286, 0.5234531747549691, 0.5604498840575846, 0.45659661386365247, 0.5532360061998399, 0.6390923874216801, 0.4511207825279696, 0.48914692730418735, 0.4694468491643435, 0.4384763600022701, 0.5333851606758981, 0.5733470889284771, 0.4963766930207674, 0.46882117836197534, 0.5414295814491855, 0.44368393905896997, 0.4630016073715232, 0.4390550016883719, 0.4338044182457362, 0.2763161877147641, 0.6741273863194139, 0.5411859671219885, 0.5625266353192734, 0.5300222424077187, 0.552091194912579, 0.4287120082887269, 0.6576667238084581, 0.5112278856479157, 0.6489276133264172, 0.500017864398865, 0.5419086089794471, 0.49927979484504575, 0.528292934345299, 0.5349118135582989, 0.5770702529831655, 0.43544636121001024, 0.6562265200954561, 0.5244859606060002, 0.5122479686234662, 0.6792006709421335, 0.552778559725847, 0.42392343059751486, 0.4104374518506904, 0.5378059706831044, 0.46774291713184907, 0.4095258685199942, 0.4194822842139897, 0.5012064744383627, 0.6805692259067189, 0.40106028137798255, 0.524517306045359, 0.6682232588132243, 0.4552977964795765, 0.518830660077803, 0.6470539642101102, 0.3587192605677844, 0.7267064737823288, 0.40741236529879493, 0.54321872965653, 0.5579397182309151, 0.5052647555978066, 0.2840110744037844, 0.5794248605561036, 0.5382942077297634, 0.654192814276735, 0.5189819244474969, 0.4857713866890756, 0.5264654454335749, 0.5614223820793453, 0.5630339785703478, 0.5525606415579363, 0.40856623018397403, 0.4730215380547984, 0.4846624768641986, 0.5893045124958514, 0.4091942548354427, 0.5136766439338897, 0.47631329168056, 0.43941838459895843, 0.5825726760924118, 0.41140223656213126, 0.4080007523051616, 0.43347288721708166, 0.3471406925940741, 0.37893462089179586, 0.707130558491676, 0.6427750604974354, 0.46026521172067686], [0.8424113493205316, 0.483174199728574, 1.0000000000000002, 0.7988253390174802, 0.752776019780505, 0.7822605930467603, 0.8148027865338839, 0.6485431189791656, 0.7952157722523219, 0.7704819540954279, 0.8095019381743639, 0.7733747363415244, 0.7769924094827554, 0.7611534127269363, 0.7414776996595318, 0.8269871477300094, 0.7913012163496543, 0.6885758612317623, 0.5585760749240166, 0.8375614135517455, 0.706183924650357, 0.8450237299272664, 0.7845207376343997, 0.776279354449609, 0.7690612352670823, 0.7798995066889814, 0.8215578654969925, 0.8651279533163712, 0.772353745942215, 0.7794612622565584, 0.8018156508384302, 0.6931095795181927, 0.48040331043687096, 0.7541828347529133, 0.8277764480502838, 0.8394732132707908, 0.6016760867419637, 0.8639884080341393, 0.8425066819717792, 0.8296269719209404, 0.8108416549046598, 0.8003356335640878, 0.8415888338246637, 0.8103487516180137, 0.7431012428604857, 0.8092916542199284, 0.7895710171529572, 0.7278818934531037, 0.7783516003012624, 0.5883039690978571, 0.8402679992716721, 0.8324643002223093, 0.8247288038761839, 0.7422515517129502, 0.7554650978687976, 0.8312326215393107, 0.8287284107450372, 0.8635152331666254, 0.7930166377646211, 0.8395984344176811, 0.7713528225090148, 0.750432601741682, 0.7889003804428065, 0.7791484074182342, 0.7596863121724698, 0.8093955970738315, 0.7883730153318106, 0.7805220060136675, 0.8420861882424141, 0.8300115922761016, 0.7549570336038891, 0.8030516172148203, 0.8620006212106665, 0.8499450933028979, 0.7641851140471083, 0.813160624194156, 0.8275107720170499, 0.7506536909021186, 0.8667634628396798, 0.8053006411297187, 0.8265035793165364, 0.758456685705218, 0.6862292129938818, 0.7929497554081505, 0.7134868305663343, 0.8635921048426036, 0.8365741968730604, 0.6642097717569018, 0.8142421328427291, 0.86391468776071, 0.8355236925194174, 0.7863968541127216, 0.8353508985177396, 0.8054855270859913, 0.828513408111044, 0.7712087697086675, 0.737631395582214, 0.7593845350234021, 0.6314722914240075, 0.8398768061163542, 0.7961738248678039], [0.8472365263093097, 0.5235354238931241, 0.7988253390174802, 1.000000000000003, 0.795548308424169, 0.8426253009461949, 0.8799349007739127, 0.7841961137644884, 0.8456935496002247, 0.8353647030456941, 0.8544821719204464, 0.8526693715356486, 0.878319902765223, 0.8075889170810538, 0.8156604015357377, 0.8732835403027028, 0.7848730679029337, 0.7451065424898898, 0.673195277387317, 0.8908891604597883, 0.7633327955563775, 0.8821740183203247, 0.8476271239509211, 0.8564117240666055, 0.8702351890296207, 0.7822676644116124, 0.8606849975123924, 0.9194047098900143, 0.7994527715437192, 0.8450841637752914, 0.8469156762863036, 0.7911230546152612, 0.5735077615431998, 0.8462929723920724, 0.8861478863266972, 0.8987469436951181, 0.7173022545234877, 0.9207717429759281, 0.883263945217838, 0.870134724369316, 0.9058059358427781, 0.8642092219904546, 0.8865334323247576, 0.8356174630690691, 0.8169465915662706, 0.8266131064770879, 0.8631343345140322, 0.8280080027305167, 0.8119238407429303, 0.667681230494832, 0.8770962501900894, 0.8711394677287781, 0.8685257647564225, 0.8002851588048765, 0.8014458386137143, 0.8663954849389792, 0.8841592601240379, 0.8864873230294765, 0.8247562543808962, 0.8900216453727395, 0.8337798264484401, 0.8136295143439142, 0.8491629137718593, 0.8329207268926988, 0.8585839086546898, 0.8250784792535629, 0.8265021858807587, 0.8554520531415345, 0.8754419286852921, 0.843049876033318, 0.8075415391390158, 0.8530739264688822, 0.9164671176491523, 0.8863992546912556, 0.8093064212295579, 0.8483197858660688, 0.8932728776356428, 0.8263868585979718, 0.9096962756491161, 0.8781642176490101, 0.8794363466739845, 0.7956759304318283, 0.7843063142913776, 0.7952270924378326, 0.7591709800097787, 0.8931446984383391, 0.86927518874199, 0.7037059772961363, 0.8616874919670147, 0.9049205086196458, 0.8948451049149811, 0.8434276774025111, 0.866549565915057, 0.8505684813905399, 0.8741312689784551, 0.790714387128885, 0.7731881674489003, 0.7986231521963745, 0.7125291255760065, 0.8862485571965348, 0.84232715475048], [0.8122333571873194, 0.49575626194586414, 0.752776019780505, 0.795548308424169, 1.0000000000000007, 0.7832340353060788, 0.8135642276854609, 0.6684358160974919, 0.84174746029193, 0.7797714693274277, 0.8485011921562252, 0.7823492810006897, 0.7850012729266242, 0.7806941677695458, 0.7543779814243293, 0.8202124391766973, 0.791186987736443, 0.6688239255085306, 0.6510247903171993, 0.834688480586724, 0.7724463004152914, 0.8374067161989528, 0.7817490496811534, 0.7713575300984074, 0.8153947401521987, 0.7653199497534071, 0.829986480243215, 0.8549065080607321, 0.7302422186721805, 0.8035563466716471, 0.7581980909035522, 0.7281744074223192, 0.5746500042003881, 0.7572872961128043, 0.8369736384150818, 0.8039233577583612, 0.6581157225839847, 0.8653118705963461, 0.836354310533662, 0.8420582789718164, 0.8407242179021084, 0.8223188990249369, 0.8352739274280407, 0.8139014318516365, 0.7341965532982571, 0.7844324429469699, 0.7987736388517277, 0.7187586614643171, 0.7827401345224048, 0.6688627206352484, 0.8613798128471991, 0.7994892664598968, 0.8404442189718766, 0.7816059552326476, 0.773277402317883, 0.8218552036340145, 0.8356868557735737, 0.8489767169046448, 0.7754341335104896, 0.8400448427991747, 0.780664804650737, 0.7400813736695695, 0.796259857036286, 0.768949350128613, 0.8002779649186367, 0.7893052358304158, 0.7450586368309375, 0.8358364200166184, 0.8092074999678245, 0.8218389408498166, 0.7185519118005071, 0.7825684051215742, 0.8631356398623813, 0.803139986477412, 0.7411699071477165, 0.8238080895638454, 0.8460282329488558, 0.7526052633461384, 0.861396959302775, 0.8060620751874418, 0.8155249682299632, 0.7616320785000638, 0.702902079652274, 0.7259835593147729, 0.7042091818373675, 0.838164781763165, 0.7697565595940171, 0.6572197156477266, 0.8191679241996283, 0.8621902538025702, 0.8310139191032407, 0.8137286605939561, 0.8255362562271878, 0.7820971431927842, 0.7843890544402946, 0.7886599761415344, 0.6941668841284104, 0.7709107743578872, 0.6901125423270555, 0.8539031634403215, 0.796792145554372], [0.8272103165907471, 0.48520093142195564, 0.7822605930467603, 0.8426253009461949, 0.7832340353060788, 0.9999999999999998, 0.8380859280176166, 0.7446204235903472, 0.809879862916874, 0.8627203348840521, 0.8120200264201259, 0.831260975717988, 0.7605243133876358, 0.836787099971719, 0.8893279892614138, 0.9139710994631746, 0.7964592807479447, 0.6979281984985417, 0.6468699347221436, 0.8471278163189689, 0.6501385223634012, 0.8771564200772013, 0.7291840483674514, 0.754461378780511, 0.8735445695625706, 0.8041918962295422, 0.8927890423238354, 0.893969302007604, 0.7708891951552427, 0.8386215895210419, 0.8990444546082812, 0.8573785221393109, 0.6369248906637287, 0.8272239385813618, 0.8251109603454466, 0.9071952605666938, 0.6435693581001621, 0.9068960654142281, 0.8540569469160147, 0.8714897306266299, 0.8956637456882535, 0.8623302569027851, 0.8777209734119581, 0.8300363813448125, 0.7934857483910805, 0.8278197618681437, 0.8547290573105971, 0.8157899893937792, 0.8094939994247683, 0.7219837314790813, 0.8558849823491546, 0.8143164980234331, 0.8659494447550365, 0.8646777910618638, 0.841480091052959, 0.863320233737085, 0.8677048190754616, 0.8951778172617834, 0.7633458759162934, 0.8463766511976647, 0.7918440825843851, 0.7824838700057012, 0.8212523437532607, 0.747319723580828, 0.8346680395790381, 0.8332732838549015, 0.827577931908133, 0.8221117107848221, 0.8768241184635716, 0.8469574136161423, 0.8143445048118657, 0.9178052742932415, 0.9039296927993371, 0.8775009080563163, 0.8374079655828236, 0.7684268639944777, 0.8322286599169789, 0.8295896970854467, 0.892932079875529, 0.8650225850314394, 0.8817501239217395, 0.9203653629115653, 0.7490988502833092, 0.7732127661891138, 0.727484327411268, 0.8703879505516817, 0.8687841998638777, 0.7105555719633362, 0.91312026238079, 0.8918762331407936, 0.8454496679150375, 0.8744766863293665, 0.8448919171385042, 0.8315922915722601, 0.8275715170307132, 0.7975841977071876, 0.6663061735539286, 0.8105970540631224, 0.7798593108510132, 0.8497158692796233, 0.8196946695676636], [0.902602973686784, 0.4244806170772431, 0.8148027865338839, 0.8799349007739127, 0.8135642276854609, 0.8380859280176166, 0.9999999999999999, 0.6954330553207482, 0.8502495400955814, 0.8167115723341934, 0.8721773795983001, 0.8398780076318945, 0.8567577159283223, 0.8713189497145509, 0.8329306896379739, 0.8876415720775184, 0.8116940221101654, 0.7788280198168194, 0.6368065630747451, 0.9384425564018204, 0.8212376213689053, 0.9263910000295014, 0.8698138061198241, 0.8531681484226208, 0.8490956640440334, 0.7940510973634783, 0.8949985576590478, 0.9489552177166295, 0.770439765069211, 0.8764731072884435, 0.8807307042717347, 0.8265594035691897, 0.5662129415204512, 0.8233500825649495, 0.9257821851089838, 0.9013322572016859, 0.6732433954715809, 0.9399431005358447, 0.9412917825459676, 0.8868249631466727, 0.9103628264487069, 0.8658945925214119, 0.929044313132695, 0.864642396802247, 0.8313152307949374, 0.8462694947689078, 0.8549317114573081, 0.851096977767666, 0.8376345489598392, 0.6287597482439614, 0.9064358983694273, 0.9051825860332664, 0.8824697319005189, 0.7993799859872311, 0.8366370060796168, 0.8970826802645301, 0.907011764699114, 0.9359951081473795, 0.9173388751533093, 0.9461023642798109, 0.7996454437622779, 0.8193752014835712, 0.8876432251625099, 0.8172190081045261, 0.8421215028712019, 0.8736813038203901, 0.8291714626178872, 0.8547237287358659, 0.9478145703054052, 0.8438697427103471, 0.8222484471263877, 0.8495864982548897, 0.9389087617313269, 0.921222993609919, 0.8737763177010783, 0.8634832837645252, 0.9097357083419505, 0.7982952813148928, 0.9399621341218426, 0.8764093696064462, 0.9119155154617271, 0.7970100477350696, 0.819511650209502, 0.7621862469228291, 0.8113159318398628, 0.9283962912560076, 0.8791528500544804, 0.687925632609499, 0.9000231760360637, 0.9446359078697152, 0.9058046408759151, 0.8752686258640151, 0.9160275671499164, 0.9001575766314994, 0.8935393740351111, 0.8610725522067386, 0.8743892560239115, 0.8388960632067184, 0.6587049759039225, 0.9067774079718276, 0.8728055147936875], [0.6717167830788928, 0.543524175173622, 0.6485431189791656, 0.7841961137644884, 0.6684358160974919, 0.7446204235903472, 0.6954330553207482, 1.0000000000000004, 0.740154931562338, 0.7346484283413003, 0.6905352243532676, 0.7488404059719667, 0.7961552669107824, 0.6828837381240959, 0.7359249459068157, 0.7379570711269774, 0.6750442516255061, 0.595934269703593, 0.7529498783177979, 0.6806433576443478, 0.6255372701564349, 0.7174606844181908, 0.7223253462025451, 0.7184929913694703, 0.8218706915113699, 0.6499204781979189, 0.7029592182382972, 0.75965231385874, 0.6386198276162681, 0.7708664999935084, 0.6982072110377052, 0.6879384372194554, 0.6385747296752203, 0.8051952797483886, 0.728363789868374, 0.7740620610498368, 0.7298662958663167, 0.7777018073144811, 0.6989565690206518, 0.7892250712089901, 0.7249467646972819, 0.7919013576443076, 0.7292512020327864, 0.6914710001215401, 0.68277448361986, 0.6951382097789695, 0.6912775574629789, 0.6989177917455086, 0.6808348444061826, 0.6870568361153483, 0.7225735437904912, 0.6703234211287123, 0.7733716096841676, 0.6990480905897137, 0.6744161766894409, 0.6371995200671899, 0.7102929989718512, 0.6894054599472836, 0.6284112536089935, 0.7124328189129728, 0.7464428253829781, 0.7449751140654118, 0.6870626022739675, 0.6863397343753422, 0.8498772750973955, 0.6429693589702412, 0.7164213458207285, 0.7411960309116485, 0.6754083726955562, 0.7578053288824157, 0.6746803366842891, 0.7620562681989701, 0.7709960974975328, 0.7142923486345713, 0.56874269102581, 0.6493928307104174, 0.7760053953846215, 0.7544462161405292, 0.7480913547633455, 0.7368354792859376, 0.7176927778345183, 0.7084137510660513, 0.7299001202419892, 0.7377336804105415, 0.6335265852791961, 0.7281127997218433, 0.698593226753286, 0.6643999495333146, 0.7080888461868667, 0.7094565668792294, 0.723076363665468, 0.6897285470675302, 0.6947831235586011, 0.6586045609916662, 0.7050944536180993, 0.6722198656203286, 0.6749624540205055, 0.6372797407505781, 0.7191750695711929, 0.7985622018790088, 0.7028349303002854], [0.8952554963647992, 0.5131602359692318, 0.7952157722523219, 0.8456935496002247, 0.84174746029193, 0.809879862916874, 0.8502495400955814, 0.740154931562338, 0.9999999999999999, 0.8398682810400159, 0.8941779409862103, 0.8127172511518626, 0.8238913211482114, 0.8470188329568513, 0.8054809652038545, 0.8570858105759506, 0.8393513508146884, 0.7490340624806511, 0.6846221187178061, 0.8972075841969905, 0.7907846074621445, 0.9117987370288357, 0.8561929787365993, 0.8093457286823273, 0.7970330248065413, 0.7939502758203668, 0.8631105813358098, 0.9095665697290548, 0.7660460075824443, 0.8285150465468455, 0.8073676910504656, 0.7839108481456688, 0.5351361337263582, 0.7690024001963937, 0.9004516721337001, 0.8941507655109602, 0.704822706431835, 0.9179868074796415, 0.8793010279558151, 0.8804927154092833, 0.874011186721871, 0.9075999368690605, 0.8763039328547391, 0.8350196843210641, 0.7824708110377947, 0.7757398325872618, 0.853104330064603, 0.8071681847307955, 0.8285948956311234, 0.5944860977128966, 0.8742884148077337, 0.896510749890609, 0.8805261970551754, 0.8659571660098285, 0.808396349162509, 0.8734150529868028, 0.8940700026274554, 0.8977058465699236, 0.8376996795116323, 0.8766314928589477, 0.8272917998530364, 0.7781768539088185, 0.8125148374569477, 0.8378961583882224, 0.8495331310213747, 0.7969586915213415, 0.8054663384324863, 0.8861989894753044, 0.8602946686829777, 0.8795552295283224, 0.7725553678609689, 0.8297757015039056, 0.9147142547007535, 0.8892110231252093, 0.7777483513216918, 0.8996338459693333, 0.9004565297141595, 0.798130345155838, 0.9121253323286359, 0.8677254850230416, 0.8815429142844575, 0.802080648096612, 0.763644675027188, 0.7290659298172761, 0.7454213717870725, 0.8789835255191746, 0.837852066732285, 0.6217185275823156, 0.8992617586378417, 0.906778957106579, 0.8867293349543178, 0.8638142581051512, 0.8561740213342701, 0.8336897436654555, 0.89724881564868, 0.8138864063318538, 0.7506542903586738, 0.8073171819581204, 0.6942699946262927, 0.8851894205798292, 0.8600559107175404], [0.8476180255741897, 0.4422960262109333, 0.7704819540954279, 0.8353647030456941, 0.7797714693274277, 0.8627203348840521, 0.8167115723341934, 0.7346484283413003, 0.8398682810400159, 0.9999999999999986, 0.8183219957750858, 0.7704640244318616, 0.8019160666950628, 0.8201399580396677, 0.8019739589534189, 0.8400624702176115, 0.7738427318966827, 0.7073264797829945, 0.6162454905763587, 0.8558877246465744, 0.7243856061875988, 0.8885815195609496, 0.7692684047544833, 0.7557343967672105, 0.7854208453561599, 0.8329920575368961, 0.8654357867075552, 0.8764293654221923, 0.7669632867496559, 0.8084908367292464, 0.8340198647841606, 0.7689925536535782, 0.502232116265307, 0.7564161087182282, 0.8427878070425857, 0.8833420864112513, 0.7121187270545393, 0.8919250817404458, 0.8704684943297134, 0.8439601202486385, 0.8595308197084215, 0.8343552699502548, 0.8620358700513308, 0.8158112018907641, 0.7275454717439345, 0.8394302218529015, 0.8260010188623411, 0.7760970002098518, 0.8351542085662724, 0.5983281627773348, 0.8466991274133091, 0.8523106603734892, 0.8639726563134597, 0.7875915583991528, 0.7849416727314419, 0.8293703585081296, 0.8506730991935422, 0.8731923571778964, 0.7964152930557779, 0.8592454535992644, 0.8130263880534544, 0.719526850564927, 0.8401063690969404, 0.7752747253224117, 0.7998964093160859, 0.8129631789915693, 0.802606698421858, 0.8309293393530917, 0.8505262081703585, 0.8192874063476623, 0.7715344232181889, 0.8449186349398491, 0.8904488706783686, 0.8624095904641869, 0.7777666307232138, 0.7808067895165257, 0.847279491189065, 0.7944829080921895, 0.8754096971182731, 0.858109085657635, 0.8589657310027687, 0.7983503649711198, 0.6970759327966536, 0.7822650956786538, 0.6774616592541941, 0.884225701158866, 0.8500876920409729, 0.6331955257365229, 0.8732184900219803, 0.866393309381883, 0.8608165478618665, 0.817400248200664, 0.8257294615296676, 0.8331589837597175, 0.8661938083311193, 0.7340677149278348, 0.7308600805717683, 0.8233933623182201, 0.7034647543676574, 0.8446238343855024, 0.816553122339946], [0.8775072908119459, 0.48748185339046873, 0.8095019381743639, 0.8544821719204464, 0.8485011921562252, 0.8120200264201259, 0.8721773795983001, 0.6905352243532676, 0.8941779409862103, 0.8183219957750858, 1.0000000000000007, 0.8451943385888286, 0.8374766717094767, 0.8154753723011811, 0.7648484549689485, 0.8302173643436296, 0.8276050199934692, 0.7369497088501793, 0.5877685747763569, 0.9125760184070871, 0.8308601686825929, 0.8865550993171257, 0.8679913631536078, 0.84211763099365, 0.8224992641836459, 0.8130567890558374, 0.8592248949842615, 0.9214040254565273, 0.7478051699556707, 0.8412326738987073, 0.8629097210049209, 0.8522844225130923, 0.5611522601507041, 0.8280897054228921, 0.8857752239365849, 0.8765904501582535, 0.6953641754089788, 0.9254384606835385, 0.897941041776518, 0.8813685964153735, 0.8756297649182121, 0.857159744865869, 0.9134178186458554, 0.8303903392986208, 0.7977114430240704, 0.8063465558562746, 0.8925779664881599, 0.8273267271834394, 0.841241144051108, 0.6718513834000153, 0.8949609799324862, 0.8801701582275443, 0.8756256288669358, 0.8036486413744142, 0.813010611658317, 0.8912469895960728, 0.8977574635180909, 0.9225942109872556, 0.8638197100460752, 0.9287273314558331, 0.8372629717162094, 0.857872208620055, 0.8441657436968819, 0.826382519023384, 0.8444783271244501, 0.8029985737157811, 0.8134793298696732, 0.8608800887393175, 0.8635833210694793, 0.8655269379209714, 0.823230256715541, 0.799720529707367, 0.9235640476674306, 0.894795972793602, 0.8729609771770634, 0.8868993113871937, 0.8780454820989163, 0.7676798532624914, 0.9205234463507049, 0.8635293372337153, 0.8786582647255973, 0.7824124903343692, 0.6971711027954837, 0.7638485218417632, 0.7620137686382996, 0.9034031484036898, 0.8629117685407757, 0.6971198759095191, 0.8831845072859317, 0.9264251022156333, 0.8842533533349887, 0.8594108367892774, 0.8514675950322719, 0.8450276567792289, 0.8639971943579274, 0.8293815593314552, 0.7298338819312684, 0.7885872349329637, 0.7288951161826669, 0.8799378881634008, 0.8788651211627642], [0.8413596754000583, 0.5881610693688669, 0.7733747363415244, 0.8526693715356486, 0.7823492810006897, 0.831260975717988, 0.8398780076318945, 0.7488404059719667, 0.8127172511518626, 0.7704640244318616, 0.8451943385888286, 1.0000000000000007, 0.8353970204589085, 0.814304788798554, 0.8003991932099146, 0.8642922219779168, 0.7908094132000276, 0.7406743449591642, 0.6896102234125936, 0.8412526266932301, 0.7606274320400983, 0.8491685300997126, 0.8178123704561003, 0.8227253676247014, 0.846637308883468, 0.7922365615438798, 0.8340723162263097, 0.8788126554576761, 0.7111367102170068, 0.7959133034972846, 0.8353097807666287, 0.7769998156463348, 0.5829982784407216, 0.8347162569689566, 0.8308084881600911, 0.8702432855143791, 0.7023668316702526, 0.9026150114434232, 0.8280792823945159, 0.8639133846629109, 0.8672670894080682, 0.8917067957637437, 0.8742880536887592, 0.7780022251038661, 0.7736010782140424, 0.8277622468858505, 0.8063016342920418, 0.829249046866838, 0.78783023714709, 0.7162506705145342, 0.8670635986175297, 0.8223269059424897, 0.8993036544023434, 0.8516698411227624, 0.7647511034412884, 0.8317682597610957, 0.8346247656132517, 0.8801552161101988, 0.7975700504074649, 0.8518842553254897, 0.789767137683071, 0.8510216370640739, 0.8088617401508769, 0.8050281683374165, 0.855565504374082, 0.7962524354103744, 0.7761388337178319, 0.8595643605986564, 0.8299972269128391, 0.8754114240338545, 0.7918492449927736, 0.8243510060237981, 0.9015885240897059, 0.8507043163514028, 0.751877874660501, 0.8402262351022095, 0.8665796481634921, 0.8408183670660252, 0.8782453802064077, 0.8141904344248551, 0.8661618266528289, 0.7816883656137678, 0.7679265064278852, 0.772497096621903, 0.7336078931578853, 0.8508680043525821, 0.8599551492090349, 0.7100085657048403, 0.8300696943759335, 0.8770677670294242, 0.8641274956878501, 0.8214187937617519, 0.8607420597679851, 0.8356144363454524, 0.8090992655275441, 0.7896900283013101, 0.7221490760936671, 0.78316701374107, 0.7411742084046125, 0.8843132433466594, 0.8309894569481475], [0.8569080088256709, 0.509903543497056, 0.7769924094827554, 0.878319902765223, 0.7850012729266242, 0.7605243133876358, 0.8567577159283223, 0.7961552669107824, 0.8238913211482114, 0.8019160666950628, 0.8374766717094767, 0.8353970204589085, 1.0000000000000027, 0.8060566325695732, 0.7470371052161052, 0.8447389433575299, 0.7730922486060349, 0.7476612429997884, 0.6346990772420559, 0.8797965981263494, 0.798024574415909, 0.8702863804524177, 0.8634761884162546, 0.8390059291920303, 0.8147975112876876, 0.8132373276215125, 0.8397670863645431, 0.8901849997364673, 0.754599075869813, 0.84391759570778, 0.822940288290381, 0.7528354126317811, 0.6287982293066787, 0.8491608634832554, 0.8849195842431881, 0.8723620210012769, 0.7415337469998678, 0.9016391281704919, 0.8786162828805092, 0.8602211702833317, 0.858328509078288, 0.8557001767124924, 0.8521510763278578, 0.833621719609134, 0.7780220916557594, 0.830937535291097, 0.8160515027559787, 0.810465239627501, 0.7995065962830955, 0.6789574857833123, 0.862258118056503, 0.8558656985199959, 0.881127177820236, 0.7493521771889565, 0.7783667577330202, 0.8257689082649401, 0.8776362217498266, 0.8561952096077544, 0.8149199211491006, 0.8886578994425692, 0.8328429074814176, 0.8186209634846261, 0.8038664996651357, 0.8162362868975634, 0.8612090318918129, 0.8308813289408236, 0.7453959872313873, 0.8611908799869984, 0.8444614920294868, 0.8594520729881641, 0.7708248060267194, 0.8231865710448932, 0.8977657183569849, 0.8735454938909963, 0.7576623179638117, 0.8011566623443397, 0.8770948424130582, 0.770469118671294, 0.8887509057256028, 0.846604946213292, 0.8372817431459928, 0.7450200589314682, 0.7971622836535519, 0.76029004958381, 0.7420368812087615, 0.8645266258457298, 0.8322121164606469, 0.6695100254829695, 0.8240760711032405, 0.8687469751575969, 0.8572452244363954, 0.825257347451304, 0.8530253856061144, 0.822873958585747, 0.8482251140646478, 0.7600203689413557, 0.8215242320426605, 0.7777477606303241, 0.676749261129098, 0.8981605065302672, 0.8388629875369586], [0.8825575745025065, 0.48315937559024286, 0.7611534127269363, 0.8075889170810538, 0.7806941677695458, 0.836787099971719, 0.8713189497145509, 0.6828837381240959, 0.8470188329568513, 0.8201399580396677, 0.8154753723011811, 0.814304788798554, 0.8060566325695732, 0.9999999999999989, 0.8335680507990846, 0.8897950557632724, 0.780233569375519, 0.6990917580508951, 0.6377397509095767, 0.8865192488114699, 0.7839355042937656, 0.91098500807593, 0.8137636347034632, 0.7844065148776647, 0.7611896009915805, 0.8013495644607274, 0.9084465620759983, 0.8937619287843082, 0.722787745896331, 0.8035142274423662, 0.8419281005995712, 0.7958477491235011, 0.48658372490102936, 0.748457514193368, 0.8848861519354182, 0.8779516023374918, 0.6658117881662394, 0.9108812268711209, 0.8914770397338769, 0.8678046575067043, 0.8609097259679989, 0.8642383198722535, 0.8813479943007755, 0.7886567382160306, 0.7883714239785925, 0.8302506468329927, 0.8004228146941936, 0.7991026577809501, 0.8029855648367049, 0.554667093343362, 0.850199729494411, 0.8871515338668972, 0.8798605418266745, 0.8454219232908662, 0.8167181466129002, 0.8735689897167124, 0.851874081509534, 0.9009122766437345, 0.8464335195226595, 0.8774031220986176, 0.8138509835133336, 0.7432188419909105, 0.8438798267480647, 0.8022554505020726, 0.8021122186615419, 0.815476998343287, 0.8124336343031461, 0.8616818431980331, 0.8756833842214173, 0.8555355604574628, 0.7984235080202893, 0.8487395092707415, 0.9142645246447542, 0.8750460347311703, 0.8166848029729805, 0.8267902786417207, 0.86859618644291, 0.7904324803370948, 0.8956458515607518, 0.8440396101357608, 0.8557818372616746, 0.8070578321225883, 0.7839152392346184, 0.686419381685685, 0.7682808143339764, 0.8705261114171757, 0.8308419161165559, 0.55713265187023, 0.8852071923324959, 0.8908795554811598, 0.8751068588318499, 0.8910584495205062, 0.8817830486148249, 0.8514826742091094, 0.8811271552381471, 0.8167805381816746, 0.7810138135058382, 0.8191851751011301, 0.694225773931926, 0.8718504532358836, 0.8020115451181818], [0.8241472398142236, 0.5234531747549691, 0.7414776996595318, 0.8156604015357377, 0.7543779814243293, 0.8893279892614138, 0.8329306896379739, 0.7359249459068157, 0.8054809652038545, 0.8019739589534189, 0.7648484549689485, 0.8003991932099146, 0.7470371052161052, 0.8335680507990846, 1.0000000000000002, 0.8801204900339614, 0.75918339281298, 0.7045145557015783, 0.7092396929267973, 0.8389498007748196, 0.6563094789068982, 0.8697030571943798, 0.7805935129806914, 0.7328068124019443, 0.8280547107212138, 0.7924936174760844, 0.8574568289421858, 0.8768844543607776, 0.7157087126850546, 0.8058269745820908, 0.8548104915556469, 0.8225582234687141, 0.5321122795003722, 0.7746754937906317, 0.8414151435925524, 0.8682272026021544, 0.6667903317353439, 0.8810059705648912, 0.8298540216280451, 0.8700400069647336, 0.8306489571618428, 0.8727160587113383, 0.8455897984252421, 0.8231040626762159, 0.7882834716805514, 0.7987766182120439, 0.8078480015624246, 0.8061509287911126, 0.7486619613327249, 0.6292047735886449, 0.8341892310361632, 0.813520877870531, 0.8342190566092773, 0.8472134063963983, 0.7797570867850453, 0.8403691192937102, 0.8490972734290756, 0.864356259479941, 0.7690628313300426, 0.8144628951428071, 0.7226387951557677, 0.7417668642121364, 0.789390292334552, 0.7645456272732966, 0.8096212940554975, 0.7950443576479693, 0.8567616379190764, 0.819026891947102, 0.8391432478858716, 0.8384464385066858, 0.7498625748802582, 0.861677707478499, 0.8781958735201073, 0.8486483127578867, 0.7681694815992407, 0.7857654523872383, 0.8409190303786068, 0.8622897961552753, 0.8649988541148845, 0.8370269463387147, 0.8457302777775993, 0.8143750480380522, 0.7386133123196928, 0.7317389797770872, 0.7530495923202226, 0.8288752462818169, 0.8182445902106525, 0.6357920069295642, 0.8746768557546329, 0.8747791693835307, 0.831553711780899, 0.8446063394069846, 0.8339319172690961, 0.818363773574113, 0.8285033867525483, 0.7792053525881447, 0.6840630037039677, 0.7747960073406581, 0.6928934268097293, 0.8375699716266711, 0.7807765798813262], [0.8994269962461956, 0.5604498840575846, 0.8269871477300094, 0.8732835403027028, 0.8202124391766973, 0.9139710994631746, 0.8876415720775184, 0.7379570711269774, 0.8570858105759506, 0.8400624702176115, 0.8302173643436296, 0.8642922219779168, 0.8447389433575299, 0.8897950557632724, 0.8801204900339614, 0.9999999999999984, 0.8168477191132051, 0.7764995335282181, 0.7003427417079907, 0.9125448287268595, 0.7742888822201002, 0.9309373329457253, 0.845233671528641, 0.8159268816356133, 0.8520844353665534, 0.8567499318432761, 0.9240920181701731, 0.9367602396880206, 0.787041806586107, 0.8193963837672571, 0.8923957556524114, 0.800112099250672, 0.5723083158810445, 0.8561329686442284, 0.9047815858223599, 0.9173122490521898, 0.6856080862929101, 0.9497836849696153, 0.904543560310863, 0.910341437230806, 0.9015863346155033, 0.9225097805302888, 0.9074199096848323, 0.8765534712273211, 0.8132410133592639, 0.8651676686048527, 0.8551590487575995, 0.8637861125011743, 0.844911548027194, 0.699440520240786, 0.9059609708011273, 0.9007839243073644, 0.9216560601082029, 0.8808112238209728, 0.8336161358080929, 0.9252564816180048, 0.9024961106769636, 0.9282317174147716, 0.8351263504731958, 0.8991859454082894, 0.8331152207530929, 0.8211760870373312, 0.8671828448364066, 0.8278155402280337, 0.8605273942032055, 0.8816894717606509, 0.852112088766127, 0.902469291053721, 0.9100787898927143, 0.9003288020849072, 0.8042523786216228, 0.9026255415014739, 0.9500143466709892, 0.929951892797602, 0.8506879673172341, 0.8500001495666399, 0.8918988861322777, 0.8646502484977368, 0.9357306285101484, 0.8961640664452176, 0.8991158675117653, 0.8634451703369685, 0.8406767102189259, 0.7681146340976451, 0.7601533966906221, 0.9024757988454327, 0.8878984555439269, 0.7060630196005327, 0.9098097285924407, 0.9301498638060166, 0.8960316297013075, 0.9332514600924326, 0.9361687864459133, 0.8775226412183955, 0.8931997371682117, 0.8509530670492853, 0.8042208750886151, 0.8284775518930649, 0.7715392825172728, 0.9171930213069273, 0.8543934529082535], [0.8179563990241248, 0.45659661386365247, 0.7913012163496543, 0.7848730679029337, 0.791186987736443, 0.7964592807479447, 0.8116940221101654, 0.6750442516255061, 0.8393513508146884, 0.7738427318966827, 0.8276050199934692, 0.7908094132000276, 0.7730922486060349, 0.780233569375519, 0.75918339281298, 0.8168477191132051, 0.9999999999999999, 0.7217748248106476, 0.6306937933381693, 0.8550652970547226, 0.7333468266406031, 0.8486804489782821, 0.8406748328771347, 0.7757526415159113, 0.80525442956342, 0.7298194056829002, 0.8313848033370216, 0.8706511297177412, 0.685593381458108, 0.8069556682073503, 0.755020501661259, 0.7134909605294019, 0.5992319612136142, 0.7439690478529927, 0.8527774352939038, 0.8321942272096247, 0.6488077412769456, 0.8711091800606889, 0.8515633563717148, 0.8596904085755542, 0.8497853766797363, 0.8324040031796206, 0.849387493785255, 0.7994553450264522, 0.7316270318542388, 0.780204607135257, 0.7817686909115772, 0.7615194871661866, 0.7410915859879058, 0.5976216901773562, 0.836855136829745, 0.8012275716966922, 0.8088475940014281, 0.792252277874936, 0.8491100068713365, 0.8325036327036094, 0.8497414547689889, 0.8550176540425121, 0.7925855595692937, 0.8432611686176565, 0.8132605140073855, 0.753866160092242, 0.7454975474004717, 0.8247035477504973, 0.78059301702365, 0.7170640927350488, 0.7507941277579203, 0.8134721554003557, 0.8331347465068604, 0.8154432486055295, 0.8141764594302566, 0.780206543762058, 0.8650757404020516, 0.8572069866178921, 0.7444068143246655, 0.8272358552665254, 0.8469919651186832, 0.7533280094136812, 0.8525590775098983, 0.800936348705298, 0.8384524822842403, 0.747420912972615, 0.7553667532718957, 0.7351034528480085, 0.7266046649008921, 0.8440538684451561, 0.8031402057158973, 0.5984496537398457, 0.8635411870297477, 0.8610409175373747, 0.8526102722336748, 0.8095826106569617, 0.8208114745473006, 0.8213469967303646, 0.8137979775445274, 0.8265768558249468, 0.6736281580016648, 0.7731531560971073, 0.5761143656049923, 0.8472363458799141, 0.8007055049736329], [0.8328559352850745, 0.5532360061998399, 0.6885758612317623, 0.7451065424898898, 0.6688239255085306, 0.6979281984985417, 0.7788280198168194, 0.595934269703593, 0.7490340624806511, 0.7073264797829945, 0.7369497088501793, 0.7406743449591642, 0.7476612429997884, 0.6990917580508951, 0.7045145557015783, 0.7764995335282181, 0.7217748248106476, 1.0000000000000002, 0.6434232279281497, 0.7812701372332838, 0.752840537886469, 0.8037236515064669, 0.7611593909466928, 0.7020058715660458, 0.7435062497088789, 0.707911907193804, 0.7086419237086757, 0.8270330315005918, 0.6436631300417359, 0.7903544506902817, 0.7777775390255537, 0.6601551770104127, 0.4364751255953888, 0.759385655747464, 0.7918923882551328, 0.8031766718754164, 0.6470240639431131, 0.8210342650813607, 0.7775839236814305, 0.8117608119874584, 0.7771781217089972, 0.7895874884652143, 0.7724406994789741, 0.7746714619858416, 0.7429571507062864, 0.7619390473142257, 0.7727207013418791, 0.7935971921383123, 0.7085279759063505, 0.5730466019820156, 0.7661189776262634, 0.7974456326861541, 0.8014146180520221, 0.743636836609627, 0.6497161740547628, 0.7558906592632266, 0.8165586609727346, 0.8061138216512184, 0.8060294700185864, 0.765854143180688, 0.7082022500796892, 0.7501037951353825, 0.7335651644056591, 0.8040511091733901, 0.7772631327283939, 0.6962894167252021, 0.7139114312936832, 0.772388986838311, 0.7969746597580334, 0.825557775985683, 0.7045482470215394, 0.7313237969960925, 0.8227444491257833, 0.8103524235911675, 0.6710212397009245, 0.7660418982693832, 0.8186701571671171, 0.6800493556068042, 0.8107852783092456, 0.7293338294259339, 0.794891704980092, 0.695680269362311, 0.7369914459154232, 0.7304331349517327, 0.6392930878508799, 0.788618329623897, 0.7803538887461561, 0.6189348513841478, 0.7567931051760602, 0.8154863119281628, 0.7626051493507198, 0.7510021586350724, 0.8136558527855636, 0.8012737950112718, 0.7777149264889175, 0.7070059261716579, 0.7093498867701904, 0.7204326743964855, 0.5623314699092173, 0.7892984409469337, 0.7566945007920113], [0.6219980348460877, 0.6390923874216801, 0.5585760749240166, 0.673195277387317, 0.6510247903171993, 0.6468699347221436, 0.6368065630747451, 0.7529498783177979, 0.6846221187178061, 0.6162454905763587, 0.5877685747763569, 0.6896102234125936, 0.6346990772420559, 0.6377397509095767, 0.7092396929267973, 0.7003427417079907, 0.6306937933381693, 0.6434232279281497, 0.9999999999999997, 0.606397695764798, 0.6182766188942715, 0.6459339519763373, 0.6360621008274356, 0.6473057151889756, 0.7767857999905949, 0.5929498285471644, 0.5913156468590373, 0.6909152398842566, 0.5486085803100335, 0.6586964507050016, 0.5748524084201092, 0.5663147185147984, 0.43116678819180493, 0.7068582956866243, 0.6889410788050327, 0.7066079376786141, 0.7059399666507894, 0.6927841038389718, 0.6116354084876676, 0.7477480049334105, 0.6555106260766249, 0.7646790816386857, 0.6407245482444808, 0.6573924797072157, 0.6315690128949407, 0.6218285175495688, 0.666430052970365, 0.656975722379657, 0.6066217331673615, 0.5988032083451358, 0.6537607349052725, 0.6137443176395756, 0.7181097141504185, 0.6840624342756834, 0.5385388735534118, 0.5499101240292585, 0.6295430112613358, 0.6105212314905705, 0.5911947672021671, 0.5949660372320245, 0.6104567510024197, 0.6560124790614151, 0.5654366322964826, 0.6405942031991896, 0.7443699361614227, 0.5771988749071825, 0.6811396446164588, 0.7188617437332326, 0.585288570881545, 0.6989909365591083, 0.567750255445322, 0.6756884023479267, 0.6913580309141543, 0.6530473691971299, 0.43291898839995246, 0.6203334581913468, 0.7129374719314144, 0.7262920468700297, 0.6594664672708899, 0.6140591457314614, 0.6487143381863232, 0.6337756002594009, 0.7223220069209401, 0.6828644661064701, 0.5558857092158418, 0.6500018701538722, 0.6737845905282942, 0.6056692520257407, 0.6041822852280985, 0.6591449988354992, 0.6123810151390577, 0.5793915003422327, 0.6649918577337193, 0.5590094611061587, 0.5959669867751315, 0.5388941636870178, 0.5760943778186061, 0.5609167242083435, 0.6702104735311829, 0.7568021256113562, 0.5920954314810813], [0.9504559250114057, 0.4511207825279696, 0.8375614135517455, 0.8908891604597883, 0.834688480586724, 0.8471278163189689, 0.9384425564018204, 0.6806433576443478, 0.8972075841969905, 0.8558877246465744, 0.9125760184070871, 0.8412526266932301, 0.8797965981263494, 0.8865192488114699, 0.8389498007748196, 0.9125448287268595, 0.8550652970547226, 0.7812701372332838, 0.606397695764798, 0.9999999999999991, 0.8264573989265284, 0.9754869925239964, 0.8977241771585436, 0.8776849387149501, 0.8050918991940349, 0.8604291472643483, 0.9368245227389892, 0.9724215967363856, 0.798916620727982, 0.8706497402819787, 0.8842165564335861, 0.8287528594296093, 0.5275481464835657, 0.7948005305149759, 0.974654814556229, 0.9419719395958287, 0.7265279085592109, 0.9694074345816083, 0.9851605887634309, 0.9154523976140395, 0.9298877025439016, 0.8960106817426595, 0.9466343221809586, 0.9019339607188726, 0.8425865049381446, 0.8585353281478706, 0.9030629924630978, 0.8541440849590849, 0.8539283460026794, 0.5875132214915942, 0.9376320716529719, 0.9608445568337448, 0.9046209380447403, 0.8411658900507055, 0.8664154004945372, 0.9577088572897566, 0.9538357479843698, 0.9671389718507718, 0.9264441173144674, 0.9726995253641867, 0.8588005106021196, 0.7861465640367317, 0.8948504234241077, 0.8648202278243151, 0.8314639466911026, 0.8728599225144138, 0.832712631188225, 0.9093009937817554, 0.9542201167460286, 0.8901096652808312, 0.8549578021273087, 0.8879581126595104, 0.9657321021952469, 0.9531392579099941, 0.8984804250233474, 0.9167741960252965, 0.9331465565599458, 0.8011372599991583, 0.9662979183329441, 0.9448850625856205, 0.9301267121546809, 0.8238964104254368, 0.8275695893763206, 0.775624871661182, 0.8043758153040474, 0.9498368856075763, 0.8956253814371288, 0.6269579200478099, 0.9541538958162082, 0.97464852064