[[1.0000000000000004, 0.8524078946484385, 0.2923971190954315, 0.8867166251673657, 0.8439774979043004, 0.6414755052148527, 0.9397249745852013, 0.9507753587514732, 0.6865147634964451, 0.41606320851858397, 0.9232317739980419, 0.847677116038897, 0.8299557026826015, 0.9067068894931949, 0.961024141660835, 0.7999268320689347, 0.8068538727683547, 0.0, 0.3529983727571808, 0.9222756329653522, 0.0, 0.9734892920945518, 0.915029151574152, 0.6555018938661916, 0.4049624784621119, 0.8856358532692783, 0.7309881140234645, 0.631204864523759, 0.8793127133753113, 0.9300182255324347, 0.713868653767557, 0.9626095798565982, 0.7918491540811758, 0.8986370972239895, 0.9578770293679347, 0.9518923490783355, 0.4585271004310228, 0.4331136392450457, 0.7070411078617305], [0.8524078946484385, 0.9999999999999996, 0.3232409983692192, 0.6611499425287128, 0.8947701724179952, 0.6885633178021041, 0.8683504932279869, 0.724535503044397, 0.7589326400831371, 0.42764535571460854, 0.6855374002901186, 0.795874302100415, 0.9438267989069354, 0.632091640266677, 0.8297969308477577, 0.722476212794457, 0.5181970044359184, 0.0, 0.3902348517855959, 0.688743791437062, 0.0, 0.8599098662279923, 0.773782339829476, 0.6402603627024244, 0.4476804567880974, 0.6109062233794592, 0.6364371978852724, 0.6618481882227654, 0.919032314631119, 0.857607552504352, 0.430701858423384, 0.7566378844350246, 0.6999050651042139, 0.8559893955071713, 0.7738984509140497, 0.7570670554580975, 0.4024430847403993, 0.45115180468406385, 0.749793886820129], [0.2923971190954315, 0.3232409983692192, 1.0000000000000002, 0.1833027263230381, 0.43315053889714017, 0.8322003858541105, 0.3040042333368982, 0.23425953225591203, 0.47086931038053254, 0.9384963540603727, 0.2193948466192982, 0.4364538518396, 0.35968680825774324, 0.18063837728797683, 0.2867279043659665, 0.44708422600034214, 0.15450942677784027, 0.0, 0.9798972300418678, 0.19793967233050389, 0.0, 0.2864163470970886, 0.3623362901777037, 0.5431075760074351, 0.9502600432718039, 0.20502275512686022, 0.8144616227683577, 0.6295638190604751, 0.32917489378815784, 0.27802054272672044, 0.10465737702473822, 0.3145453985524143, 0.6861648594393699, 0.3707928274711551, 0.23665325052836184, 0.2269872681221513, 0.9175421963807612, 0.9768662014977252, 0.5261889260517976], [0.8867166251673657, 0.6611499425287128, 0.1833027263230381, 1.0000000000000002, 0.6237403467311973, 0.4541804557494151, 0.7287605391325634, 0.9697242868847332, 0.4303736924605022, 0.30665882336351363, 0.9859065775228268, 0.6986070377107642, 0.5507327041245721, 0.9673243667368484, 0.9280362555512044, 0.6522513121147855, 0.7987901305491952, 0.0, 0.22129343925878048, 0.9792064997736654, 0.0, 0.8728689838857333, 0.8030081342496267, 0.4875885391147906, 0.25386955449589277, 0.8817139967720564, 0.6542813417990881, 0.43799567091375774, 0.6434316008609762, 0.7286015983632038, 0.9185637352886651, 0.941371377955913, 0.6430738708839623, 0.6724281791329628, 0.9092776025669754, 0.9275409758501978, 0.4039486265790759, 0.30736906070287623, 0.48546639903937405], [0.8439774979043004, 0.8947701724179952, 0.43315053889714017, 0.6237403467311973, 0.9999999999999996, 0.7078752988393426, 0.8456564047038779, 0.719737151210176, 0.9511285192533437, 0.48988895697376955, 0.6851349568284556, 0.9326496353853535, 0.9299167295843569, 0.6125209692358308, 0.8264945762388527, 0.9111324169054, 0.5233320425704812, 0.0, 0.5229238778501196, 0.6558859619156738, 0.0, 0.8350202807265896, 0.8920019376366538, 0.826318814330954, 0.5999023393993685, 0.641600144755967, 0.7270392582067381, 0.7837211739782856, 0.8859660385870023, 0.8089264622629465, 0.42558803281069857, 0.7813796895557326, 0.7680575064126238, 0.9220094570260433, 0.7377588207224833, 0.7168443602740362, 0.4729461600199607, 0.5931584138313745, 0.881134807491069], [0.6414755052148527, 0.6885633178021041, 0.8322003858541105, 0.4541804557494151, 0.7078752988393426, 1.0000000000000004, 0.6550086950411951, 0.5308326785074994, 0.6467521781667093, 0.9270705269747017, 0.49777873892284236, 0.6789584338414316, 0.7057233902527503, 0.4633432594798094, 0.6191614545247717, 0.6243807099881972, 0.3975328570737911, 0.0, 0.8291894989239038, 0.5052995780627053, 0.0, 0.6381113687818969, 0.6135711294360484, 0.6268639221431354, 0.8282216401184131, 0.4601946373263298, 0.9157426386228548, 0.7123056179610148, 0.6972762792038052, 0.6878974977762938, 0.26926995310334095, 0.5987673365771191, 0.7755143217529338, 0.7095861061397736, 0.6037124422799114, 0.5756921701768942, 0.8931984653955936, 0.8681432231304985, 0.7135063343650114], [0.9397249745852013, 0.8683504932279869, 0.3040042333368982, 0.7287605391325634, 0.8456564047038779, 0.6550086950411951, 1.0000000000000002, 0.8431351936551258, 0.7137669310725419, 0.4119911866186273, 0.7935810969846818, 0.8209991030517493, 0.8772824802909356, 0.7913990964694132, 0.8799835800468103, 0.7638375866384979, 0.7565719085675862, 0.0, 0.36701113886212716, 0.7929750730088435, 0.0, 0.9464973995693388, 0.8671249955705232, 0.6510172048385708, 0.42103803271366746, 0.7997710102389423, 0.682571236094618, 0.6505839257239177, 0.9430759862116639, 0.9371081739690602, 0.5124660231581403, 0.8755125810456474, 0.7894952470221308, 0.9294682274325564, 0.8930979081953198, 0.8839650364253389, 0.43251909323457177, 0.43266380820744216, 0.7272838755849996], [0.9507753587514732, 0.724535503044397, 0.23425953225591203, 0.9697242868847332, 0.719737151210176, 0.5308326785074994, 0.8431351936551258, 0.9999999999999999, 0.5443373307663937, 0.3559112806114836, 0.9903055750271852, 0.7833180112242878, 0.651364465738518, 0.9867197472979287, 0.9539478872877923, 0.7474598649729198, 0.878392692258901, 0.0, 0.2828113831798942, 0.9849633987108543, 0.0, 0.9368932292779278, 0.8958193658805876, 0.5813023988683939, 0.324443418181446, 0.9476078627647359, 0.7097944858607527, 0.5277540440736891, 0.744556236776424, 0.8274104211094349, 0.853269730559114, 0.9868658859391033, 0.7371345212827685, 0.7934806158609671, 0.9607632813789388, 0.9693490894861517, 0.440052734943261, 0.3698376861466412, 0.5867986017903046], [0.6865147634964451, 0.7589326400831371, 0.47086931038053254, 0.4303736924605022, 0.9511285192533437, 0.6467521781667093, 0.7137669310725419, 0.5443373307663937, 0.9999999999999997, 0.4766387978761949, 0.5047805486504877, 0.8997463921379473, 0.8445032046408897, 0.4241181077497649, 0.6575438452615365, 0.9016394590763487, 0.36277034093397004, 0.0, 0.5684601163644665, 0.46473955611097817, 0.0, 0.6724725995836456, 0.7988390496160994, 0.8511708728027895, 0.6521418663540623, 0.4813698188365805, 0.6691311257410532, 0.7873007462744114, 0.7728647431857518, 0.6527602177738757, 0.2457234690224382, 0.6281801884066113, 0.6924749611498161, 0.8313801590390191, 0.5556345795052726, 0.5329399659396903, 0.4416918797510666, 0.6296400338190581, 0.8830792365213354], [0.41606320851858397, 0.42764535571460854, 0.9384963540603727, 0.30665882336351363, 0.48988895697376955, 0.9270705269747017, 0.4119911866186273, 0.3559112806114836, 0.4766387978761949, 0.9999999999999998, 0.3383657876536852, 0.4877706763398984, 0.4460281313828694, 0.3067885707422186, 0.40440170573722806, 0.47518801883946143, 0.26075458472156654, 0.0, 0.9011721635139457, 0.3281407276206237, 0.0, 0.40799862584876134, 0.4373281929858602, 0.5126967416753798, 0.8712996483255099, 0.31489472216526637, 0.89248991523097, 0.5780009703352033, 0.4314424530637966, 0.4140146985264549, 0.20789037354681134, 0.4161444331286376, 0.642857742601434, 0.45916345225207184, 0.37401118036217834, 0.35931266441830784, 0.9811883183373982, 0.9274162285160444, 0.5278259284078308], [0.9232317739980419, 0.6855374002901186, 0.2193948466192982, 0.9859065775228268, 0.6851349568284556, 0.49777873892284236, 0.7935810969846818, 0.9903055750271852, 0.5047805486504877, 0.3383657876536852, 1.0000000000000002, 0.7571005436289228, 0.5998261063015611, 0.9834115124796746, 0.9547386612726725, 0.7217612946666383, 0.850880912760379, 0.0, 0.2648658922752485, 0.9828617365995107, 0.0, 0.9119504379140948, 0.8672857089607335, 0.5539877438166, 0.3038562114552449, 0.9261618691536826, 0.6937956803082621, 0.4988159064440513, 0.7002012057090864, 0.7825832193110999, 0.8942076037019187, 0.9750327638481409, 0.7062755647030428, 0.7548305232975058, 0.9421656408268902, 0.9575204428974702, 0.4347539373693674, 0.3514039335046764, 0.5521376646523811], [0.847677116038897, 0.795874302100415, 0.4364538518396, 0.6986070377107642, 0.9326496353853535, 0.6789584338414316, 0.8209991030517493, 0.7833180112242878, 0.8997463921379473, 0.4877706763398984, 0.7571005436289228, 0.9999999999999997, 0.8155814265539724, 0.7081704595568455, 0.8488467086934693, 0.9500536072533455, 0.5960529791288716, 0.0, 0.5269118244379776, 0.728470701240423, 0.0, 0.8500392670896542, 0.900926632004438, 0.8482924908850062, 0.6044773427388445, 0.6990783996489465, 0.7725381677284278, 0.7950199250682111, 0.8389611346571643, 0.7929347634980759, 0.5166998577493408, 0.8483357833279933, 0.7993583003245652, 0.902590079301525, 0.8022624282315811, 0.7823412723762327, 0.501037321275004, 0.6095882295494695, 0.8839477700947305], [0.8299557026826015, 0.9438267989069354, 0.35968680825774324, 0.5507327041245721, 0.9299167295843569, 0.7057233902527503, 0.8772824802909356, 0.651364465738518, 0.8445032046408897, 0.4460281313828694, 0.5998261063015611, 0.8155814265539724, 1.0000000000000002, 0.5459493657216665, 0.7658803396260785, 0.7547934871765335, 0.46697897099076024, 0.0, 0.43423429892196663, 0.5982396442131116, 0.0, 0.8333843990307458, 0.7774728607311907, 0.6870772657531651, 0.4981569647224955, 0.565247147517463, 0.628385764426059, 0.7041897797987446, 0.9460119294501635, 0.8402707178733566, 0.3163094656993034, 0.7015065524151007, 0.7048878605058566, 0.8806932015918988, 0.7152449770734803, 0.6860311574910866, 0.4024249942962879, 0.490474553532185, 0.7971838485771907], [0.9067068894931949, 0.632091640266677, 0.18063837728797683, 0.9673243667368484, 0.6125209692358308, 0.4633432594798094, 0.7913990964694132, 0.9867197472979287, 0.4241181077497649, 0.3067885707422186, 0.9834115124796746, 0.7081704595568455, 0.5459493657216665, 0.9999999999999996, 0.9171244675721009, 0.6685627057582358, 0.898625494092321, 0.0, 0.21807688611098164, 0.9830054489170039, 0.0, 0.897376377940867, 0.8329946703284972, 0.49725808947047484, 0.25017949970990705, 0.9473186938280954, 0.6606891878319862, 0.4469461286607278, 0.6708360000803022, 0.7831227144762803, 0.8714865397360201, 0.9645388829231915, 0.6915425172553241, 0.723943730420523, 0.9478475468413773, 0.959025356998255, 0.40770528464500433, 0.3025857489131262, 0.4940005209414913], [0.961024141660835, 0.8297969308477577, 0.2867279043659665, 0.9280362555512044, 0.8264945762388527, 0.6191614545247717, 0.8799835800468103, 0.9539478872877923, 0.6575438452615365, 0.40440170573722806, 0.9547386612726725, 0.8488467086934693, 0.7658803396260785, 0.9171244675721009, 1.0, 0.7811178928273144, 0.7700457742464105, 0.0, 0.3461541754528325, 0.939201871967108, 0.0, 0.9571321233267572, 0.8998028772603852, 0.6409642016878531, 0.3971107620878862, 0.8550989575150089, 0.730857947143007, 0.6234428096995852, 0.8404727604875479, 0.8753477806076116, 0.7784138329540653, 0.966413575103643, 0.7696435278444657, 0.8765794368662108, 0.954991786997528, 0.9586296070604309, 0.46668912488208, 0.4285379679535476, 0.6946464376225034], [0.7999268320689347, 0.722476212794457, 0.44708422600034214, 0.6522513121147855, 0.9111324169054, 0.6243807099881972, 0.7638375866384979, 0.7474598649729198, 0.9016394590763487, 0.47518801883946143, 0.7217612946666383, 0.9500536072533455, 0.7547934871765335, 0.6685627057582358, 0.7811178928273144, 1.0, 0.614499354080852, 0.0, 0.539745414564142, 0.6784942430046134, 0.0, 0.7863035297734504, 0.8957929634568812, 0.8798093861207467, 0.6192001371372012, 0.7299674806721455, 0.7626473025405878, 0.766264162778216, 0.7485962017932848, 0.7137501888348187, 0.5170569253107963, 0.8120704864560578, 0.7766623421736146, 0.839352049352235, 0.7223783970825814, 0.7065606108967605, 0.4954087411568751, 0.6188086409990949, 0.8544128704166623], [0.8068538727683547, 0.5181970044359184, 0.15450942677784027, 0.7987901305491952, 0.5233320425704812, 0.3975328570737911, 0.7565719085675862, 0.878392692258901, 0.36277034093397004, 0.26075458472156654, 0.850880912760379, 0.5960529791288716, 0.46697897099076024, 0.898625494092321, 0.7700457742464105, 0.614499354080852, 0.9999999999999998, 0.0, 0.18653253628816135, 0.8614740903302889, 0.0, 0.811823002337851, 0.7939806892331844, 0.45724557394812276, 0.2139915762757323, 0.9580312238254096, 0.5786027818893056, 0.38779710682253343, 0.5936045575652111, 0.7355967705856328, 0.7010482650787174, 0.8611823834779365, 0.6486812656479892, 0.6574726761023029, 0.8482610652453653, 0.8690513477735613, 0.35194294731922054, 0.25246744129874926, 0.42578762422504407], [0.0, 0.0, 0.0, 0.0, 0.0, 0.0, 0.0, 0.0, 0.0, 0.0, 0.0, 0.0, 0.0, 0.0, 0.0, 0.0, 0.0, 0.0, 0.0, 0.0, 0.0, 0.0, 0.0, 0.0, 0.0, 0.0, 0.0, 0.0, 0.0, 0.0, 0.0, 0.0, 0.0, 0.0, 0.0, 0.0, 0.0, 0.0, 0.0], [0.3529983727571808, 0.3902348517855959, 0.9798972300418678, 0.22129343925878048, 0.5229238778501196, 0.8291894989239038, 0.36701113886212716, 0.2828113831798942, 0.5684601163644665, 0.9011721635139457, 0.2648658922752485, 0.5269118244379776, 0.43423429892196663, 0.21807688611098164, 0.3461541754528325, 0.539745414564142, 0.18653253628816135, 0.0, 0.9999999999999996, 0.2389639899767711, 0.0, 0.3457780458614232, 0.4374329036458745, 0.6556702444805891, 0.9897642918227999, 0.2475150889375036, 0.8220751277311004, 0.7600451206997411, 0.3973985866181299, 0.3356421550226346, 0.12634831663546497, 0.3797370308940089, 0.7423453988111359, 0.447642114711235, 0.28570121553401573, 0.2740318937874556, 0.8777883607469834, 0.9824936769752073, 0.6352450914487661], [0.9222756329653522, 0.688743791437062, 0.19793967233050389, 0.9792064997736654, 0.6558859619156738, 0.5052995780627053, 0.7929750730088435, 0.9849633987108543, 0.46473955611097817, 0.3281407276206237, 0.9828617365995107, 0.728470701240423, 0.5982396442131116, 0.9830054489170039, 0.939201871967108, 0.6784942430046134, 0.8614740903302889, 0.0, 0.2389639899767711, 1.0000000000000002, 0.0, 0.9071402869940671, 0.8401616263461551, 0.5158920458033316, 0.27414134770177884, 0.9173418896809615, 0.6747151181244931, 0.4787539959039963, 0.695486153630047, 0.8069196229113996, 0.8652953029300385, 0.9642370488531694, 0.6959257212548, 0.741024926817168, 0.951411535163911, 0.9612266837255378, 0.4130283490582041, 0.32343880534039343, 0.5348296868684693], [0.0, 0.0, 0.0, 0.0, 0.0, 0.0, 0.0, 0.0, 0.0, 0.0, 0.0, 0.0, 0.0, 0.0, 0.0, 0.0, 0.0, 0.0, 0.0, 0.0, 0.0, 0.0, 0.0, 0.0, 0.0, 0.0, 0.0, 0.0, 0.0, 0.0, 0.0, 0.0, 0.0, 0.0, 0.0, 0.0, 0.0, 0.0, 0.0], [0.9734892920945518, 0.8599098662279923, 0.2864163470970886, 0.8728689838857333, 0.8350202807265896, 0.6381113687818969, 0.9464973995693388, 0.9368932292779278, 0.6724725995836456, 0.40799862584876134, 0.9119504379140948, 0.8500392670896542, 0.8333843990307458, 0.897376377940867, 0.9571321233267572, 0.7863035297734504, 0.811823002337851, 0.0, 0.3457780458614232, 0.9071402869940671, 0.0, 0.9999999999999999, 0.9028520720159086, 0.6445142233268535, 0.3966792632954972, 0.879742663350447, 0.7196850738889741, 0.6315100440572584, 0.9171520709530026, 0.9114846263389573, 0.6926524128692625, 0.9516852987500687, 0.7868019167777475, 0.8942519205539409, 0.9598408592746863, 0.9545036840887955, 0.4565941890559372, 0.42395844215676465, 0.7034502636503115], [0.915029151574152, 0.773782339829476, 0.3623362901777037, 0.8030081342496267, 0.8920019376366538, 0.6135711294360484, 0.8671249955705232, 0.8958193658805876, 0.7988390496160994, 0.4373281929858602, 0.8672857089607335, 0.900926632004438, 0.7774728607311907, 0.8329946703284972, 0.8998028772603852, 0.8957929634568812, 0.7939806892331844, 0.0, 0.4374329036458745, 0.8401616263461551, 0.0, 0.9028520720159086, 1.0, 0.7638087593246616, 0.5018264289370097, 0.8654726525755281, 0.7567777395844464, 0.6850134563276993, 0.807993394071996, 0.8183651040973248, 0.6476807570899432, 0.9195705562659906, 0.7885505938002606, 0.9036596881956978, 0.8611912386275927, 0.8615798914346015, 0.47862627662646023, 0.5205091105697405, 0.7633060657378168], [0.6555018938661916, 0.6402603627024244, 0.5431075760074351, 0.4875885391147906, 0.826318814330954, 0.6268639221431354, 0.6510172048385708, 0.5813023988683939, 0.8511708728027895, 0.5126967416753798, 0.5539877438166, 0.8482924908850062, 0.6870772657531651, 0.49725808947047484, 0.6409642016878531, 0.8798093861207467, 0.45724557394812276, 0.0, 0.6556702444805891, 0.5158920458033316, 0.0, 0.6445142233268535, 0.7638087593246616, 0.9999999999999996, 0.7521900035538248, 0.5519210458094066, 0.7135895391372326, 0.8579165149270839, 0.6610892273125342, 0.6038617229024233, 0.34704042415946124, 0.6823585319736338, 0.7592996602294018, 0.7424990710030341, 0.5722805178058769, 0.5569918560854673, 0.5096683592208472, 0.680253184900585, 0.9551325839651926], [0.4049624784621119, 0.4476804567880974, 0.9502600432718039, 0.25386955449589277, 0.5999023393993685, 0.8282216401184131, 0.42103803271366746, 0.324443418181446, 0.6521418663540623, 0.8712996483255099, 0.3038562114552449, 0.6044773427388445, 0.4981569647224955, 0.25017949970990705, 0.3971107620878862, 0.6192001371372012, 0.2139915762757323, 0.0, 0.9897642918227999, 0.27414134770177884, 0.0, 0.3966792632954972, 0.5018264289370097, 0.7521900035538248, 0.9999999999999999, 0.28395123493062197, 0.8300859086047454, 0.8173760734685455, 0.4558987490996711, 0.385051290499371, 0.14494777144315527, 0.43028486602309163, 0.7693775466577312, 0.5135385152672639, 0.32775865633204815, 0.31437151967317883, 0.8458148885451756, 0.976584293496617, 0.7287581091512272], [0.8856358532692783, 0.6109062233794592, 0.20502275512686022, 0.8817139967720564, 0.641600144755967, 0.4601946373263298, 0.7997710102389423, 0.9476078627647359, 0.4813698188365805, 0.31489472216526637, 0.9261618691536826, 0.6990783996489465, 0.565247147517463, 0.9473186938280954, 0.8550989575150089, 0.7299674806721455, 0.9580312238254096, 0.0, 0.2475150889375036, 0.9173418896809615, 0.0, 0.879742663350447, 0.8654726525755281, 0.5519210458094066, 0.28395123493062197, 1.0000000000000002, 0.6573399682973583, 0.4646458517840258, 0.6652279560015281, 0.7702917519725158, 0.7963506356430651, 0.9322327430968221, 0.7059991160287119, 0.7254860784765303, 0.899288908181727, 0.9075695177042753, 0.4061252538265233, 0.32533434529829625, 0.5134709139729636], [0.7309881140234645, 0.6364371978852724, 0.8144616227683577, 0.6542813417990881, 0.7270392582067381, 0.9157426386228548, 0.682571236094618, 0.7097944858607527, 0.6691311257410532, 0.89248991523097, 0.6937956803082621, 0.7725381677284278, 0.628385764426059, 0.6606891878319862, 0.730857947143007, 0.7626473025405878, 0.5786027818893056, 0.0, 0.8220751277311004, 0.6747151181244931, 0.0, 0.7196850738889741, 0.7567777395844464, 0.7135895391372326, 0.8300859086047454, 0.6573399682973583, 0.9999999999999998, 0.7148206911945064, 0.6572228289296806, 0.6588988414317374, 0.5210640605105802, 0.7612555390882162, 0.8265072471528427, 0.7207367091924831, 0.6996747174830041, 0.6937809927996905, 0.9190752999814071, 0.8840421259284134, 0.7143475468125458], [0.631204864523759, 0.6618481882227654, 0.6295638190604751, 0.43799567091375774, 0.7837211739782856, 0.7123056179610148, 0.6505839257239177, 0.5277540440736891, 0.7873007462744114, 0.5780009703352033, 0.4988159064440513, 0.7950199250682111, 0.7041897797987446, 0.4469461286607278, 0.6234428096995852, 0.766264162778216, 0.38779710682253343, 0.0, 0.7600451206997411, 0.4787539959039963, 0.0, 0.6315100440572584, 0.6850134563276993, 0.8579165149270839, 0.8173760734685455, 0.4646458517840258, 0.7148206911945064, 0.9999999999999997, 0.693871307786605, 0.6371563624465132, 0.26267541640798703, 0.6431228325770976, 0.8239367877923732, 0.7444827418341677, 0.5772728990880321, 0.5541825358435272, 0.5572512383018773, 0.7304094156919164, 0.8908386070112522], [0.8793127133753113, 0.919032314631119, 0.32917489378815784, 0.6434316008609762, 0.8859660385870023, 0.6972762792038052, 0.9430759862116639, 0.744556236776424, 0.7728647431857518, 0.4314424530637966, 0.7002012057090864, 0.8389611346571643, 0.9460119294501635, 0.6708360000803022, 0.8404727604875479, 0.7485962017932848, 0.5936045575652111, 0.0, 0.3973985866181299, 0.695486153630047, 0.0, 0.9171520709530026, 0.807993394071996, 0.6610892273125342, 0.4558987490996711, 0.6652279560015281, 0.6572228289296806, 0.693871307786605, 1.0000000000000002, 0.8983277711774837, 0.40207964834424714, 0.7926391593147305, 0.7565494564698644, 0.923443402324008, 0.8340551110656043, 0.8098841436798132, 0.4252217592691693, 0.4571912904948992, 0.7771054617530067], [0.9300182255324347, 0.857607552504352, 0.27802054272672044, 0.7286015983632038, 0.8089264622629465, 0.6878974977762938, 0.9371081739690602, 0.8274104211094349, 0.6527602177738757, 0.4140146985264549, 0.7825832193110999, 0.7929347634980759, 0.8402707178733566, 0.7831227144762803, 0.8753477806076116, 0.7137501888348187, 0.7355967705856328, 0.0, 0.3356421550226346, 0.8069196229113996, 0.0, 0.9114846263389573, 0.8183651040973248, 0.6038617229024233, 0.385051290499371, 0.7702917519725158, 0.6588988414317374, 0.6371563624465132, 0.8983277711774837, 0.9999999999999999, 0.498258456864599, 0.8603924026487095, 0.7767717713294428, 0.9147411447289124, 0.9157435108888555, 0.8951959279306346, 0.41232477550705443, 0.39787087534375853, 0.7184844683747258], [0.713868653767557, 0.430701858423384, 0.10465737702473822, 0.9185637352886651, 0.42558803281069857, 0.26926995310334095, 0.5124660231581403, 0.853269730559114, 0.2457234690224382, 0.20789037354681134, 0.8942076037019187, 0.5166998577493408, 0.3163094656993034, 0.8714865397360201, 0.7784138329540653, 0.5170569253107963, 0.7010482650787174, 0.0, 0.12634831663546497, 0.8652953029300385, 0.0, 0.6926524128692625, 0.6476807570899432, 0.34704042415946124, 0.14494777144315527, 0.7963506356430651, 0.5210640605105802, 0.26267541640798703, 0.40207964834424714, 0.498258456864599, 0.9999999999999999, 0.8045486932203847, 0.4752221019170773, 0.4453408907227333, 0.7377223562981537, 0.7623384605585809, 0.33158210531746324, 0.20618085183576002, 0.28840839585186434], [0.9626095798565982, 0.7566378844350246, 0.3145453985524143, 0.941371377955913, 0.7813796895557326, 0.5987673365771191, 0.8755125810456474, 0.9868658859391033, 0.6281801884066113, 0.4161444331286376, 0.9750327638481409, 0.8483357833279933, 0.7015065524151007, 0.9645388829231915, 0.966413575103643, 0.8120704864560578, 0.8611823834779365, 0.0, 0.3797370308940089, 0.9642370488531694, 0.0, 0.9516852987500687, 0.9195705562659906, 0.6823585319736338, 0.43028486602309163, 0.9322327430968221, 0.7612555390882162, 0.6431228325770976, 0.7926391593147305, 0.8603924026487095, 0.8045486932203847, 1.0, 0.8078249186075909, 0.8498142799136092, 0.9673167060873518, 0.9715574250361506, 0.4907362791403432, 0.45529711080188745, 0.6926509301185728], [0.7918491540811758, 0.6999050651042139, 0.6861648594393699, 0.6430738708839623, 0.7680575064126238, 0.7755143217529338, 0.7894952470221308, 0.7371345212827685, 0.6924749611498161, 0.642857742601434, 0.7062755647030428, 0.7993583003245652, 0.7048878605058566, 0.6915425172553241, 0.7696435278444657, 0.7766623421736146, 0.6486812656479892, 0.0, 0.7423453988111359, 0.6959257212548, 0.0, 0.7868019167777475, 0.7885505938002606, 0.7592996602294018, 0.7693775466577312, 0.7059991160287119, 0.8265072471528427, 0.8239367877923732, 0.7565494564698644, 0.7767717713294428, 0.4752221019170773, 0.8078249186075909, 1.0000000000000004, 0.8179703336969496, 0.7720898376986469, 0.7573937051556181, 0.6637450099648864, 0.7693823022601451, 0.7857570427621845], [0.8986370972239895, 0.8559893955071713, 0.3707928274711551, 0.6724281791329628, 0.9220094570260433, 0.7095861061397736, 0.9294682274325564, 0.7934806158609671, 0.8313801590390191, 0.45916345225207184, 0.7548305232975058, 0.902590079301525, 0.8806932015918988, 0.723943730420523, 0.8765794368662108, 0.839352049352235, 0.6574726761023029, 0.0, 0.447642114711235, 0.741024926817168, 0.0, 0.8942519205539409, 0.9036596881956978, 0.7424990710030341, 0.5135385152672639, 0.7254860784765303, 0.7207367091924831, 0.7444827418341677, 0.923443402324008, 0.9147411447289124, 0.4453408907227333, 0.8498142799136092, 0.8179703336969496, 1.0000000000000007, 0.8618953628712145, 0.8390778442290583, 0.46254533528173625, 0.5144346162577034, 0.8343168245491002], [0.9578770293679347, 0.7738984509140497, 0.23665325052836184, 0.9092776025669754, 0.7377588207224833, 0.6037124422799114, 0.8930979081953198, 0.9607632813789388, 0.5556345795052726, 0.37401118036217834, 0.9421656408268902, 0.8022624282315811, 0.7152449770734803, 0.9478475468413773, 0.954991786997528, 0.7223783970825814, 0.8482610652453653, 0.0, 0.28570121553401573, 0.951411535163911, 0.0, 0.9598408592746863, 0.8611912386275927, 0.5722805178058769, 0.32775865633204815, 0.899288908181727, 0.6996747174830041, 0.5772728990880321, 0.8340551110656043, 0.9157435108888555, 0.7377223562981537, 0.9673167060873518, 0.7720898376986469, 0.8618953628712145, 1.0000000000000004, 0.9913776891935712, 0.4358739177581625, 0.3636310275142599, 0.6420562671094558], [0.9518923490783355, 0.7570670554580975, 0.2269872681221513, 0.9275409758501978, 0.7168443602740362, 0.5756921701768942, 0.8839650364253389, 0.9693490894861517, 0.5329399659396903, 0.35931266441830784, 0.9575204428974702, 0.7823412723762327, 0.6860311574910866, 0.959025356998255, 0.9586296070604309, 0.7065606108967605, 0.8690513477735613, 0.0, 0.2740318937874556, 0.9612266837255378, 0.0, 0.9545036840887955, 0.8615798914346015, 0.5569918560854673, 0.31437151967317883, 0.9075695177042753, 0.6937809927996905, 0.5541825358435272, 0.8098841436798132, 0.8951959279306346, 0.7623384605585809, 0.9715574250361506, 0.7573937051556181, 0.8390778442290583, 0.9913776891935712, 1.0000000000000002, 0.4324256815808003, 0.3512505865045003, 0.613765487593964], [0.4585271004310228, 0.4024430847403993, 0.9175421963807612, 0.4039486265790759, 0.4729461600199607, 0.8931984653955936, 0.43251909323457177, 0.440052734943261, 0.4416918797510666, 0.9811883183373982, 0.4347539373693674, 0.501037321275004, 0.4024249942962879, 0.40770528464500433, 0.46668912488208, 0.4954087411568751, 0.35194294731922054, 0.0, 0.8777883607469832, 0.4130283490582041, 0.0, 0.4565941890559372, 0.47862627662646023, 0.5096683592208472, 0.8458148885451756, 0.4061252538265233, 0.9190752999814071, 0.5572512383018773, 0.4252217592691693, 0.41232477550705443, 0.33158210531746324, 0.4907362791403432, 0.6637450099648864, 0.46254533528173625, 0.4358739177581625, 0.4324256815808003, 1.0000000000000004, 0.9107513592794249, 0.5005694452720445], [0.4331136392450457, 0.45115180468406385, 0.9768662014977252, 0.30736906070287623, 0.5931584138313745, 0.8681432231304985, 0.43266380820744216, 0.3698376861466412, 0.6296400338190581, 0.9274162285160444, 0.3514039335046764, 0.6095882295494695, 0.490474553532185, 0.3025857489131262, 0.4285379679535476, 0.6188086409990949, 0.25246744129874926, 0.0, 0.9824936769752073, 0.32343880534039343, 0.0, 0.42395844215676465, 0.5205091105697405, 0.680253184900585, 0.976584293496617, 0.32533434529829625, 0.8840421259284134, 0.7304094156919164, 0.4571912904948992, 0.39787087534375853, 0.20618085183576002, 0.45529711080188745, 0.7693823022601451, 0.5144346162577034, 0.3636310275142599, 0.3512505865045003, 0.9107513592794249, 1.0000000000000002, 0.6625117345922509], [0.7070411078617305, 0.7497938868201293, 0.5261889260517981, 0.48546639903937394, 0.8811348074910694, 0.7135063343650118, 0.7272838755850004, 0.5867986017903051, 0.8830792365213351, 0.5278259284078307, 0.5521376646523812, 0.8839477700947307, 0.7971838485771909, 0.4940005209414913, 0.694646437622503, 0.8544128704166617, 0.4257876242250442, 0.0, 0.6352450914487667, 0.5348296868684692, 0.0, 0.7034502636503116, 0.7633060657378173, 0.9551325839651921, 0.7287581091512283, 0.5134709139729636, 0.7143475468125454, 0.8908386070112525, 0.7771054617530065, 0.7184844683747257, 0.28840839585186423, 0.6926509301185728, 0.7857570427621842, 0.8343168245491005, 0.6420562671094558, 0.6137654875939642, 0.5005694452720443, 0.6625117345922505, 1.0]]