[[1.0, 0.9934650610062994, 0.9655574022567512, 0.9448912517683096, 0.9885136807332914, 0.9804141837177326, 0.9968508477820137, 0.770841105254198, 0.9939464493163225, 0.9819117068850499, 0.9438343412509433, 0.9962785760338609, 0.9964373792328308, 0.9807938913990839, 0.9851371503700525, 0.9951089159828681, 0.9926805695520082, 0.9886686525552179, 0.9527277555959921, 0.9980102005210879, 0.9886686525552179, 0.998520064278437, 0.9971964623127625, 0.9933476635073865, 0.9401420022541862, 0.9804465017328909, 0.9802491659037487, 0.9931107415504359, 0.9954102137641054, 0.9949023367564386, 0.9920166124019946, 0.6452349144613888, 0.994184540034015, 0.997753089017018, 0.9705630249888051, 0.9005618119395322, 0.9829406355350756, 0.9622031081789711, 0.9942655377278723], [0.9934650610062994, 1.0, 0.9680111671012346, 0.9099703297278627, 0.9769206302426086, 0.9740169700599287, 0.9988699395864868, 0.7080385400925585, 0.9964723590643406, 0.9837641623232789, 0.9060108763306767, 0.9978609829898202, 0.995943173601502, 0.9570051379706827, 0.9625574422102223, 0.9983616726372005, 0.9991070515326266, 0.9989547386973381, 0.9514253063371484, 0.9959564524956874, 0.9989547386973381, 0.9975804641130245, 0.9978366422785914, 0.9980862587744522, 0.9351966627779562, 0.9577141071778655, 0.9680525644241943, 0.9965496237787584, 0.9994669933410263, 0.9995845624709215, 0.9989793251880039, 0.5784353696139013, 0.9891882122939102, 0.9960378689582534, 0.9402606159242161, 0.8523718547806605, 0.9832570157750613, 0.958932644917158, 0.9976066169252695], [0.9655574022567511, 0.9680111671012346, 1.0, 0.8868230610733221, 0.962067677125607, 0.9884947797895313, 0.9683826306160195, 0.7015946562779646, 0.9727557829140456, 0.994337260490518, 0.8867102510814504, 0.9715476855626316, 0.969010051794389, 0.9304305401454944, 0.9412819790637896, 0.9713657350281755, 0.9660349871018064, 0.9652198729234575, 0.996157562127556, 0.9646722416720397, 0.9652198729234575, 0.9676285477108605, 0.9697143661660781, 0.9733389047545153, 0.9880064798787337, 0.9332778283281478, 0.98608288557464, 0.9770084692094216, 0.9687665707478884, 0.9677062387041135, 0.9655434081738401, 0.5893478884812569, 0.9814192557269503, 0.969591075890821, 0.9182091604758429, 0.8364013062665908, 0.9933298862552253, 0.9972605859322526, 0.9738068788679958], [0.9448912517683096, 0.9099703297278627, 0.8868230610733221, 1.0, 0.9360381670178824, 0.9172923901359228, 0.9202508912787207, 0.9119129328996003, 0.9128971831871195, 0.9060569154506588, 0.996845455755498, 0.9222731463041772, 0.9209655809458788, 0.9854128249006318, 0.9785143635466713, 0.9174493619775618, 0.9108337171641196, 0.8982515230985966, 0.8797991524042522, 0.9401777433924001, 0.8982515230985966, 0.9320313742360374, 0.9262408653755116, 0.9117409069766076, 0.8728990457867081, 0.9725565606788387, 0.9402558619245249, 0.9126400218941255, 0.9147913291533375, 0.9139288576148173, 0.9122724021849644, 0.8026319850487034, 0.9320341262772001, 0.9266607852105263, 0.9809475258990275, 0.9710986581255181, 0.9140703404593896, 0.8951428516964891, 0.9137012461509626], [0.9885136807332914, 0.9769206302426086, 0.962067677125607, 0.9360381670178824, 1.0, 0.9808436137389327, 0.9817147598353032, 0.7815564358313613, 0.9884632509118336, 0.9729877989090846, 0.9398007158163444, 0.9855964220399414, 0.9899927800515052, 0.9662533788033681, 0.9845894426853077, 0.9829489949309018, 0.9721469317183382, 0.9677492474274514, 0.9577542059313439, 0.9801288181870611, 0.9677492474274514, 0.9842697542495873, 0.9844563362079464, 0.9811560665492097, 0.9535345422922753, 0.9691285162786151, 0.9802016592652533, 0.9830185800800905, 0.9807193455398415, 0.9774895034256949, 0.97107081200068, 0.6700742627472408, 0.9864315057774246, 0.9889837975558635, 0.9663756046489164, 0.9028001831829969, 0.972042637986653, 0.9672169193339235, 0.984462961110771], [0.9804141837177326, 0.9740169700599287, 0.9884947797895313, 0.9172923901359228, 0.9808436137389327, 1.0, 0.9773202459562362, 0.7499598803055549, 0.9793226306177201, 0.994351685734576, 0.9186048814387092, 0.979020148709725, 0.9821150215317644, 0.954140651656667, 0.9682091445176229, 0.9766328938094422, 0.9703205413502752, 0.9671298348886824, 0.9829508800120369, 0.9753018898886333, 0.9671298348886824, 0.9786139375370211, 0.9773624130732455, 0.9766402378182477, 0.9753445710364861, 0.9545832404022881, 0.9936254396993283, 0.980671028355221, 0.976934909611085, 0.9752666757595219, 0.9689950635881871, 0.63767819123436, 0.9864656781324038, 0.9818673290917439, 0.9536244870461273, 0.8836560839812737, 0.9927045476577768, 0.988399520063766, 0.9799319122023261], [0.9968508477820137, 0.9988699395864868, 0.9683826306160195, 0.9202508912787207, 0.9817147598353032, 0.9773202459562362, 1.0, 0.7284744999225488, 0.9968547442448675, 0.9842250333989058, 0.9183588414471473, 0.9985043356406769, 0.9974049290258167, 0.9658802393781643, 0.970577281473018, 0.9984458592639952, 0.9983401318493859, 0.9966836048220893, 0.9530570161275314, 0.9974922166687163, 0.9966836048220893, 0.9992692086959771, 0.9988931648583613, 0.9977192784752786, 0.9380472030849971, 0.9669825475062482, 0.9730911742624133, 0.99668591293698, 0.9996036814817293, 0.9993854825091012, 0.9975467873678375, 0.6005040385368826, 0.9925665500224076, 0.9983340765399557, 0.9517363261873684, 0.8697168787621076, 0.9842888419587618, 0.9610651082872449, 0.9977430506389681], [0.770841105254198, 0.7080385400925585, 0.7015946562779647, 0.9119129328996003, 0.7815564358313613, 0.7499598803055549, 0.7284744999225488, 1.0, 0.721821621527386, 0.7176111104932313, 0.9234202503108545, 0.7314871654584981, 0.7354541792439223, 0.8610118584853785, 0.8487765228948566, 0.7232899610190534, 0.7092949957622579, 0.6887862918745379, 0.7069915359839403, 0.7546607220775681, 0.6887862918745379, 0.7456794094361564, 0.7377126167853574, 0.7147908613117571, 0.7124855729211741, 0.8501454084623444, 0.7866940708772092, 0.7188295879327183, 0.7184246986592597, 0.7157284070190496, 0.7078839729436619, 0.9648294295544488, 0.7585257252133784, 0.744564624231343, 0.8803414225138744, 0.9504443382671731, 0.7281056591728392, 0.7247695496725499, 0.7199592490039665], [0.9939464493163225, 0.9964723590643406, 0.9727557829140456, 0.9128971831871195, 0.9884632509118336, 0.9793226306177201, 0.9968547442448675, 0.721821621527386, 1.0, 0.9851108994952167, 0.9122740966359189, 0.998758067160706, 0.9975006126841843, 0.9577867970890138, 0.9684191268599763, 0.9985710206916416, 0.9944380759766126, 0.9935989960405429, 0.9610084652823346, 0.9930352634891594, 0.9935989960405429, 0.9960784900063094, 0.9976712193302147, 0.9981010791167347, 0.9494771631645532, 0.9607178004376641, 0.9756097261941149, 0.9974211503484652, 0.9972499728764634, 0.9961584652482861, 0.9939320437833231, 0.5985339919003341, 0.9919547803413282, 0.9975443745978493, 0.9452060878530788, 0.8609929421328707, 0.9841128725897702, 0.9687768806741273, 0.9985809586996651], [0.9819117068850499, 0.9837641623232789, 0.994337260490518, 0.9060569154506588, 0.9729877989090846, 0.994351685734576, 0.9842250333989058, 0.7176111104932313, 0.9851108994952167, 1.0, 0.9045957628838815, 0.9855114072220565, 0.9837898112300592, 0.9493403368404166, 0.9575558314447999, 0.9852093053251043, 0.982246707310629, 0.981031265851627, 0.9846270950903954, 0.9817802365333285, 0.981031265851627, 0.9838549132143521, 0.9845921710657162, 0.9857831122725288, 0.97292344896952, 0.9507137120515677, 0.9904448036962936, 0.9873031457885098, 0.9844212815894466, 0.9839460053747485, 0.9818403022225748, 0.5975467522621581, 0.9875919908561506, 0.9843903253709357, 0.9369346390546994, 0.8551712448227395, 0.9992724199168859, 0.9894588632692215, 0.9862570694685232], [0.9438343412509433, 0.9060108763306767, 0.8867102510814504, 0.996845455755498, 0.9398007158163444, 0.9186048814387092, 0.9183588414471473, 0.9234202503108545, 0.9122740966359187, 0.9045957628838814, 1.0, 0.9205904984888889, 0.9197319146447325, 0.9861286558142834, 0.9804511554206082, 0.9156387746119911, 0.9072960606103923, 0.8935686854931374, 0.8819331697272809, 0.9366402681458472, 0.8935686854931374, 0.9299262938175729, 0.9248526155590021, 0.9096799132796436, 0.8772503348987317, 0.9770951886890982, 0.9422352924997558, 0.911135091005736, 0.9121743507780079, 0.9108799310381974, 0.9074710348946806, 0.8216092930650976, 0.9332506568856535, 0.927216525112361, 0.9855567592664259, 0.9803560065023301, 0.912742015250482, 0.8971563737711571, 0.9121945653183176], [0.9962785760338609, 0.9978609829898202, 0.9715476855626316, 0.9222731463041772, 0.9855964220399414, 0.979020148709725, 0.9985043356406769, 0.7314871654584981, 0.998758067160706, 0.9855114072220565, 0.9205904984888889, 1.0, 0.9970128173515963, 0.9656844623776968, 0.9722458981903171, 0.9995028875494458, 0.9969029577497658, 0.9954318547225892, 0.958335262109095, 0.9968219804836448, 0.9954318547225892, 0.998453444073801, 0.9991039120275689, 0.9987165464268454, 0.9453763499102018, 0.9662955837865312, 0.976885630702305, 0.9978695264003963, 0.9985842991357394, 0.9981021850504121, 0.9965853150130274, 0.6061458990671496, 0.9934381846265367, 0.9984043133961444, 0.9519976001251991, 0.8700896853129838, 0.9855178052835422, 0.9666872730010951, 0.9989279195053157], [0.9964373792328308, 0.995943173601502, 0.969010051794389, 0.9209655809458788, 0.9899927800515052, 0.9821150215317644, 0.9974049290258167, 0.7354541792439223, 0.9975006126841843, 0.9837898112300592, 0.9197319146447325, 0.9970128173515963, 1.0, 0.9630406698242051, 0.9742818516382097, 0.9960773992622555, 0.9929659823012271, 0.9913183724993243, 0.9565615036052302, 0.9937658458750694, 0.9913183724993243, 0.9973267435623033, 0.9965236437821536, 0.9953525420297239, 0.9443466281313571, 0.9646887230941391, 0.9753318410170853, 0.9955295899261846, 0.9975374058027036, 0.9959286473948868, 0.9921769084602661, 0.6111615644824906, 0.9922228552790052, 0.9980071468572687, 0.9545428158895386, 0.8746979125436262, 0.982452360899441, 0.9645990423334271, 0.9967889067220561], [0.9807938913990839, 0.9570051379706827, 0.9304305401454944, 0.9854128249006318, 0.9662533788033681, 0.954140651656667, 0.9658802393781643, 0.8610118584853785, 0.9577867970890138, 0.9493403368404166, 0.9861286558142834, 0.9656844623776968, 0.9630406698242051, 1.0, 0.9915972735634565, 0.962665196285727, 0.9593535085393816, 0.9490960382010254, 0.9198095379890744, 0.9779689184014213, 0.9490960382010254, 0.9730517836384039, 0.9692159012687404, 0.958326570582762, 0.9093807958036758, 0.9945648163966107, 0.9687527266843152, 0.9583441165690697, 0.961149640638464, 0.961117077098312, 0.9586424612048858, 0.741468103222378, 0.9719996815262143, 0.9696701212153153, 0.9916233628958243, 0.9550744217403109, 0.9553198626878251, 0.9329405372434324, 0.9593605869374713], [0.9851371503700525, 0.9625574422102223, 0.9412819790637896, 0.9785143635466713, 0.9845894426853077, 0.9682091445176229, 0.970577281473018, 0.8487765228948566, 0.9684191268599763, 0.9575558314447999, 0.9804511554206082, 0.9722458981903171, 0.9742818516382097, 0.9915972735634565, 1.0, 0.968017537639084, 0.9605884177523072, 0.9521854819033504, 0.9344281039084336, 0.9784714288270092, 0.9521854819033504, 0.9771965371600764, 0.9735111025465296, 0.9645296432903555, 0.9276965848028986, 0.985583499245236, 0.9760778654969797, 0.9666437190219664, 0.9673720070445171, 0.965371009962003, 0.9603700436252692, 0.7364709437756642, 0.978148391331246, 0.9777523075407889, 0.9920019852349428, 0.9525059336546672, 0.9611378578240248, 0.9464887803976298, 0.9678664960075087], [0.9951089159828681, 0.9983616726372005, 0.9713657350281755, 0.9174493619775618, 0.9829489949309018, 0.9766328938094422, 0.9984458592639952, 0.7232899610190534, 0.9985710206916416, 0.9852093053251043, 0.9156387746119911, 0.9995028875494458, 0.9960773992622555, 0.962665196285727, 0.968017537639084, 1.0, 0.9979219819050668, 0.9967421397158915, 0.9574361321037143, 0.9964227803816034, 0.9967421397158915, 0.9979004496055588, 0.9991112005515793, 0.9992210284022637, 0.9437799889410977, 0.9651191321703346, 0.974786404830921, 0.9976826463364076, 0.9985280164678693, 0.9983989264538953, 0.9976053729560611, 0.5968139846742008, 0.9923442734493282, 0.9974002217373402, 0.9465136148262754, 0.8620022155317114, 0.9852731776965604, 0.9654810199259348, 0.9987408412264643], [0.9926805695520082, 0.9991070515326266, 0.9660349871018064, 0.9108337171641196, 0.9721469317183382, 0.9703205413502752, 0.9983401318493859, 0.7092949957622579, 0.9944380759766126, 0.982246707310629, 0.9072960606103923, 0.9969029577497658, 0.9929659823012271, 0.9593535085393816, 0.9605884177523072, 0.9979219819050668, 1.0, 0.9992113797716968, 0.9483914958504105, 0.9965245709640933, 0.9992113797716968, 0.9970959549412287, 0.99773004059739, 0.9974523457769466, 0.9311429614015707, 0.9610628799503754, 0.9666336859880276, 0.9952360321405941, 0.9984469956135462, 0.9992825855803619, 0.9995463087479936, 0.5783364221523947, 0.9883571300319166, 0.9946713806820039, 0.9398869806603608, 0.8525381758259696, 0.9826511002044273, 0.9560579206114506, 0.9961899747977097], [0.9886686525552179, 0.9989547386973381, 0.9652198729234575, 0.8982515230985966, 0.9677492474274514, 0.9671298348886824, 0.9966836048220893, 0.6887862918745379, 0.9935989960405429, 0.981031265851627, 0.8935686854931374, 0.9954318547225892, 0.9913183724993243, 0.9490960382010254, 0.9521854819033504, 0.9967421397158915, 0.9992113797716968, 1.0, 0.9468178476565589, 0.9933876530923267, 1.0, 0.9945129659610186, 0.9955464790714629, 0.9967857768390226, 0.9288391983666945, 0.9501919716850846, 0.9611582855559133, 0.9943962789107083, 0.9976045330595801, 0.9984394179781952, 0.9992743150592489, 0.5577895258891956, 0.9846667835795038, 0.9922104404680379, 0.9284993030511616, 0.8357482433176924, 0.9807173383708631, 0.9538679114559278, 0.9953494166568263], [0.9527277555959921, 0.9514253063371484, 0.996157562127556, 0.8797991524042523, 0.9577542059313439, 0.9829508800120369, 0.9530570161275314, 0.7069915359839403, 0.9610084652823346, 0.9846270950903954, 0.8819331697272809, 0.958335262109095, 0.9565615036052302, 0.9198095379890744, 0.9344281039084336, 0.9574361321037143, 0.9483914958504105, 0.9468178476565589, 1.0, 0.9491554533522721, 0.9468178476565589, 0.9529823070476059, 0.9555689455535064, 0.9603339027957876, 0.9972650190031371, 0.9235019094801616, 0.9823931169053913, 0.9669294786398126, 0.9531836025499678, 0.9512211661814806, 0.947637843727675, 0.6048524911764386, 0.9734032659755815, 0.9569914802600917, 0.911693154801466, 0.8354325087471387, 0.983288506482512, 0.9979528589148735, 0.9617197330946812], [0.9980102005210879, 0.9959564524956874, 0.9646722416720397, 0.9401777433924001, 0.9801288181870611, 0.9753018898886333, 0.9974922166687163, 0.7546607220775681, 0.9930352634891594, 0.9817802365333285, 0.9366402681458472, 0.9968219804836448, 0.9937658458750694, 0.9779689184014213, 0.9784714288270092, 0.9964227803816034, 0.9965245709640933, 0.9933876530923267, 0.9491554533522721, 1.0, 0.9933876530923267, 0.9988256944230566, 0.9980479356671651, 0.9949276176808478, 0.9339611924504514, 0.9763367885565046, 0.9759209910019402, 0.9936130934387964, 0.9965218663953078, 0.9970032171380693, 0.9964439962675561, 0.6247564551755935, 0.9920379042129052, 0.9962277122124774, 0.9621297183903486, 0.8871564592452064, 0.9834222642183247, 0.9584731247144848, 0.994666971946187], [0.9886686525552179, 0.9989547386973381, 0.9652198729234575, 0.8982515230985966, 0.9677492474274514, 0.9671298348886824, 0.9966836048220893, 0.6887862918745379, 0.9935989960405429, 0.981031265851627, 0.8935686854931374, 0.9954318547225892, 0.9913183724993243, 0.9490960382010254, 0.9521854819033504, 0.9967421397158915, 0.9992113797716968, 1.0, 0.9468178476565589, 0.9933876530923267, 1.0, 0.9945129659610186, 0.9955464790714629, 0.9967857768390226, 0.9288391983666945, 0.9501919716850846, 0.9611582855559133, 0.9943962789107083, 0.9976045330595801, 0.9984394179781952, 0.9992743150592489, 0.5577895258891956, 0.9846667835795038, 0.9922104404680379, 0.9284993030511616, 0.8357482433176924, 0.9807173383708631, 0.9538679114559278, 0.9953494166568263], [0.998520064278437, 0.9975804641130245, 0.9676285477108605, 0.9320313742360374, 0.9842697542495873, 0.9786139375370211, 0.9992692086959771, 0.7456794094361563, 0.9960784900063094, 0.9838549132143521, 0.9299262938175729, 0.998453444073801, 0.9973267435623033, 0.9730517836384039, 0.9771965371600764, 0.9979004496055588, 0.9970959549412287, 0.9945129659610186, 0.9529823070476059, 0.9988256944230566, 0.9945129659610186, 1.0, 0.9989833752225221, 0.9967090858721308, 0.9386310591479032, 0.9732705355664667, 0.9764150311999517, 0.9959097901679455, 0.9987636326572623, 0.9982814319901444, 0.9965465107125281, 0.6179158271098132, 0.9935761279895007, 0.9984107595405529, 0.9599216938607845, 0.882542494464207, 0.9845986211518736, 0.9616896629978327, 0.9969661046731472], [0.9971964623127625, 0.9978366422785914, 0.9697143661660781, 0.9262408653755116, 0.9844563362079464, 0.9773624130732455, 0.9988931648583613, 0.7377126167853574, 0.9976712193302147, 0.9845921710657162, 0.9248526155590021, 0.9991039120275689, 0.9965236437821536, 0.9692159012687404, 0.9735111025465296, 0.9991112005515793, 0.99773004059739, 0.9955464790714629, 0.9555689455535064, 0.9980479356671651, 0.9955464790714629, 0.9989833752225221, 1.0, 0.9981097176914437, 0.9417034110190561, 0.9710129448510252, 0.9763315726788021, 0.9967836454793392, 0.9984266757863502, 0.9982975988737313, 0.9971464030663214, 0.6099630068945744, 0.9932052208808622, 0.9983954234394871, 0.9537943597843348, 0.8736053950371224, 0.985101575275544, 0.9640822248843025, 0.9978408868416218], [0.9933476635073865, 0.9980862587744522, 0.9733389047545153, 0.9117409069766076, 0.9811560665492097, 0.9766402378182477, 0.9977192784752786, 0.7147908613117571, 0.9981010791167347, 0.9857831122725288, 0.9096799132796436, 0.9987165464268454, 0.9953525420297239, 0.958326570582762, 0.9645296432903555, 0.9992210284022637, 0.9974523457769466, 0.9967857768390226, 0.9603339027957876, 0.9949276176808478, 0.9967857768390226, 0.9967090858721308, 0.9981097176914437, 1.0, 0.9475766662528138, 0.9606417227768915, 0.9736358591541033, 0.9984604186439952, 0.9980580951313552, 0.9979290658689586, 0.9971198927694277, 0.5898838101614104, 0.9920710379485866, 0.9964180385442053, 0.9420313378712363, 0.8556675279416895, 0.9854864324968252, 0.9668875002181239, 0.9995194384804259], [0.9401420022541862, 0.9351966627779562, 0.9880064798787337, 0.8728990457867081, 0.9535345422922753, 0.9753445710364861, 0.9380472030849971, 0.7124855729211741, 0.9494771631645532, 0.97292344896952, 0.8772503348987317, 0.9453763499102018, 0.9443466281313571, 0.9093807958036758, 0.9276965848028986, 0.9437799889410977, 0.9311429614015707, 0.9288391983666945, 0.9972650190031371, 0.9339611924504514, 0.9288391983666945, 0.9386310591479032, 0.9417034110190561, 0.9475766662528138, 1.0, 0.9138997642170482, 0.9766209134563512, 0.9549048352669074, 0.9379245409869433, 0.9350899476827912, 0.9301369705011827, 0.6194354197108075, 0.9633849175684539, 0.9446293857114088, 0.9052940899986202, 0.8345300074387432, 0.9712638901931856, 0.9942946872403764, 0.9498567968417155], [0.9804465017328909, 0.9577141071778655, 0.9332778283281478, 0.9725565606788387, 0.9691285162786151, 0.9545832404022881, 0.9669825475062482, 0.8501454084623444, 0.9607178004376641, 0.9507137120515677, 0.9770951886890982, 0.9662955837865312, 0.9646887230941391, 0.9945648163966107, 0.985583499245236, 0.9651191321703346, 0.9610628799503754, 0.9501919716850846, 0.9235019094801616, 0.9763367885565046, 0.9501919716850846, 0.9732705355664667, 0.9710129448510252, 0.9606417227768915, 0.9138997642170482, 1.0, 0.9689319955694637, 0.9598631020348058, 0.9619795596938711, 0.9618551946758089, 0.958757177005438, 0.7313454690007769, 0.9734879659182996, 0.9705341635083973, 0.9855576781925027, 0.9448512340570127, 0.9560514746679609, 0.9357951449627439, 0.9608811835193912], [0.9802491659037487, 0.9680525644241943, 0.98608288557464, 0.9402558619245249, 0.9802016592652533, 0.9936254396993283, 0.9730911742624133, 0.7866940708772092, 0.9756097261941149, 0.9904448036962936, 0.9422352924997558, 0.976885630702305, 0.9753318410170853, 0.9687527266843152, 0.9760778654969797, 0.974786404830921, 0.9666336859880276, 0.9611582855559133, 0.9823931169053913, 0.9759209910019402, 0.9611582855559133, 0.9764150311999517, 0.9763315726788021, 0.9736358591541033, 0.9766209134563512, 0.9689319955694637, 1.0, 0.9763788104123567, 0.9712202567554181, 0.9696575665469899, 0.9658435351741625, 0.6758030906376445, 0.9859300433560446, 0.9781770123759121, 0.9627705570436287, 0.9029770779305792, 0.9919968718489425, 0.9896874103716893, 0.9754438387500037], [0.9931107415504359, 0.9965496237787584, 0.9770084692094216, 0.9126400218941255, 0.9830185800800905, 0.980671028355221, 0.99668591293698, 0.7188295879327183, 0.9974211503484652, 0.9873031457885098, 0.911135091005736, 0.9978695264003963, 0.9955295899261846, 0.9583441165690697, 0.9666437190219664, 0.9976826463364076, 0.9952360321405941, 0.9943962789107083, 0.9669294786398126, 0.9936130934387964, 0.9943962789107083, 0.9959097901679455, 0.9967836454793392, 0.9984604186439952, 0.9549048352669074, 0.9598631020348058, 0.9763788104123567, 1.0, 0.9970810746310734, 0.9965996862989026, 0.994729593897378, 0.5970690821909498, 0.9943003445519989, 0.9964372905466304, 0.9453198971994795, 0.8608347246965241, 0.9866573134587675, 0.9713670924333724, 0.9988385434940495], [0.9954102137641054, 0.9994669933410263, 0.9687665707478884, 0.9147913291533375, 0.9807193455398415, 0.976934909611085, 0.9996036814817293, 0.7184246986592597, 0.9972499728764634, 0.9844212815894466, 0.9121743507780079, 0.9985842991357394, 0.9975374058027036, 0.961149640638464, 0.9673720070445171, 0.9985280164678693, 0.9984469956135462, 0.9976045330595801, 0.9531836025499678, 0.9965218663953078, 0.9976045330595801, 0.9987636326572623, 0.9984266757863502, 0.9980580951313552, 0.9379245409869433, 0.9619795596938711, 0.9712202567554181, 0.9970810746310734, 1.0, 0.9995172024177182, 0.9979389234315982, 0.5904594145130169, 0.9913980560519536, 0.9977824199376161, 0.9471162177270541, 0.862236991114047, 0.9840704910171898, 0.9608887648214345, 0.998138631462418], [0.9949023367564386, 0.9995845624709215, 0.9677062387041135, 0.9139288576148173, 0.9774895034256949, 0.9752666757595219, 0.9993854825091012, 0.7157284070190496, 0.9961584652482861, 0.9839460053747485, 0.9108799310381974, 0.9981021850504121, 0.9959286473948868, 0.961117077098312, 0.965371009962003, 0.9983989264538953, 0.9992825855803619, 0.9984394179781952, 0.9512211661814806, 0.9970032171380693, 0.9984394179781952, 0.9982814319901444, 0.9982975988737313, 0.9979290658689586, 0.9350899476827912, 0.9618551946758089, 0.9696575665469899, 0.9965996862989026, 0.9995172024177182, 1.0, 0.9987740881980582, 0.5866210247352969, 0.9906619119096712, 0.9970162107631465, 0.9455075894792963, 0.8598319323826182, 0.9836498784919233, 0.9589104648872857, 0.9976567325443658], [0.9920166124019946, 0.9989793251880039, 0.9655434081738401, 0.9122724021849644, 0.97107081200068, 0.9689950635881871, 0.9975467873678375, 0.7078839729436619, 0.9939320437833231, 0.9818403022225748, 0.9074710348946806, 0.9965853150130274, 0.9921769084602661, 0.9586424612048858, 0.9603700436252692, 0.9976053729560611, 0.9995463087479936, 0.9992743150592489, 0.947637843727675, 0.9964439962675561, 0.9992743150592489, 0.9965465107125281, 0.9971464030663214, 0.9971198927694277, 0.9301369705011827, 0.958757177005438, 0.9658435351741625, 0.994729593897378, 0.9979389234315982, 0.9987740881980582, 1.0, 0.5761573876638887, 0.9870893886759895, 0.9935967547659832, 0.9379262962153672, 0.849801278359618, 0.9824521066952194, 0.955479997926878, 0.9956830511288982], [0.6452349144613888, 0.5784353696139013, 0.589347888481257, 0.8026319850487034, 0.6700742627472408, 0.63767819123436, 0.6005040385368826, 0.9648294295544488, 0.5985339919003341, 0.5975467522621581, 0.8216092930650977, 0.6061458990671496, 0.6111615644824906, 0.741468103222378, 0.7364709437756642, 0.5968139846742008, 0.5783364221523947, 0.5577895258891956, 0.6048524911764386, 0.6247564551755935, 0.5577895258891956, 0.6179158271098132, 0.6099630068945744, 0.5898838101614104, 0.6194354197108075, 0.7313454690007769, 0.6758030906376445, 0.5970690821909498, 0.5904594145130169, 0.5866210247352969, 0.5761573876638887, 1.0, 0.640326271211146, 0.6207934815814559, 0.774643259927001, 0.8743062489074722, 0.6073771400798462, 0.6189058964691114, 0.5968017471741032], [0.994184540034015, 0.9891882122939102, 0.9814192557269503, 0.9320341262772001, 0.9864315057774246, 0.9864656781324038, 0.9925665500224076, 0.7585257252133782, 0.9919547803413282, 0.9875919908561506, 0.9332506568856535, 0.9934381846265367, 0.9922228552790052, 0.9719996815262143, 0.978148391331246, 0.9923442734493282, 0.9883571300319166, 0.9846667835795038, 0.9734032659755815, 0.9920379042129052, 0.9846667835795038, 0.9935761279895007, 0.9932052208808622, 0.9920710379485866, 0.9633849175684539, 0.9734879659182996, 0.9859300433560446, 0.9943003445519989, 0.9913980560519536, 0.9906619119096712, 0.9870893886759895, 0.640326271211146, 1.0, 0.9947250230334141, 0.9633332175077427, 0.8912599211637409, 0.9881734545249871, 0.9791086419477638, 0.9932468544969667], [0.997753089017018, 0.9960378689582534, 0.969591075890821, 0.9266607852105263, 0.9889837975558635, 0.9818673290917439, 0.9983340765399557, 0.744564624231343, 0.9975443745978493, 0.9843903253709357, 0.927216525112361, 0.9984043133961444, 0.9980071468572687, 0.9696701212153153, 0.9777523075407889, 0.9974002217373402, 0.9946713806820039, 0.9922104404680379, 0.9569914802600917, 0.9962277122124774, 0.9922104404680379, 0.9984107595405529, 0.9983954234394871, 0.9964180385442053, 0.9446293857114088, 0.9705341635083973, 0.9781770123759121, 0.9964372905466304, 0.9977824199376161, 0.9970162107631465, 0.9935967547659832, 0.6207934815814558, 0.9947250230334141, 1.0, 0.9603221659267316, 0.8830382246834195, 0.9842494987162174, 0.9653379363986092, 0.9975959548587109], [0.9705630249888051, 0.9402606159242161, 0.9182091604758429, 0.9809475258990275, 0.9663756046489164, 0.9536244870461273, 0.9517363261873684, 0.8803414225138744, 0.9452060878530788, 0.9369346390546994, 0.9855567592664259, 0.9519976001251992, 0.9545428158895386, 0.9916233628958243, 0.9920019852349428, 0.9465136148262754, 0.9398869806603608, 0.9284993030511616, 0.911693154801466, 0.9621297183903486, 0.9284993030511616, 0.9599216938607845, 0.9537943597843348, 0.9420313378712363, 0.9052940899986202, 0.9855576781925027, 0.9627705570436287, 0.9453198971994795, 0.9471162177270541, 0.9455075894792963, 0.9379262962153672, 0.774643259927001, 0.9633332175077427, 0.9603221659267316, 1.0, 0.975449683199114, 0.9412703742716768, 0.9246250192233542, 0.9465157001530643], [0.9005618119395322, 0.8523718547806604, 0.8364013062665908, 0.9710986581255181, 0.9028001831829969, 0.8836560839812737, 0.8697168787621077, 0.9504443382671731, 0.8609929421328707, 0.8551712448227395, 0.9803560065023301, 0.8700896853129838, 0.8746979125436262, 0.9550744217403109, 0.9525059336546672, 0.8620022155317114, 0.8525381758259696, 0.8357482433176924, 0.8354325087471387, 0.8871564592452064, 0.8357482433176924, 0.882542494464207, 0.8736053950371224, 0.8556675279416895, 0.8345300074387432, 0.9448512340570127, 0.9029770779305792, 0.8608347246965241, 0.862236991114047, 0.8598319323826182, 0.849801278359618, 0.8743062489074722, 0.8912599211637409, 0.8830382246834195, 0.975449683199114, 1.0, 0.8626208103220231, 0.8504512719129542, 0.8619236562945896], [0.9829406355350756, 0.9832570157750613, 0.9933298862552253, 0.9140703404593896, 0.972042637986653, 0.9927045476577768, 0.9842888419587618, 0.7281056591728392, 0.9841128725897702, 0.9992724199168859, 0.912742015250482, 0.9855178052835422, 0.982452360899441, 0.9553198626878251, 0.9611378578240248, 0.9852731776965604, 0.9826511002044273, 0.9807173383708631, 0.9832885064825121, 0.9834222642183247, 0.9807173383708631, 0.9845986211518736, 0.985101575275544, 0.9854864324968252, 0.9712638901931856, 0.9560514746679609, 0.9919968718489425, 0.9866573134587675, 0.9840704910171898, 0.9836498784919233, 0.9824521066952194, 0.6073771400798462, 0.9881734545249871, 0.9842494987162174, 0.9412703742716768, 0.8626208103220231, 1.0, 0.9886017867031304, 0.9855113539029073], [0.9622031081789711, 0.958932644917158, 0.9972605859322526, 0.8951428516964891, 0.9672169193339235, 0.988399520063766, 0.9610651082872449, 0.7247695496725499, 0.9687768806741273, 0.9894588632692215, 0.8971563737711571, 0.9666872730010951, 0.9645990423334271, 0.9329405372434324, 0.9464887803976298, 0.9654810199259348, 0.9560579206114506, 0.9538679114559278, 0.9979528589148735, 0.9584731247144848, 0.9538679114559278, 0.9616896629978327, 0.9640822248843025, 0.9668875002181239, 0.9942946872403764, 0.9357951449627439, 0.9896874103716893, 0.9713670924333724, 0.9608887648214345, 0.9589104648872857, 0.955479997926878, 0.6189058964691114, 0.9791086419477638, 0.9653379363986092, 0.9246250192233542, 0.8504512719129542, 0.9886017867031304, 1.0, 0.9682827878254059], [0.9942655377278723, 0.9976066169252695, 0.9738068788679958, 0.9137012461509626, 0.984462961110771, 0.9799319122023261, 0.9977430506389681, 0.7199592490039666, 0.9985809586996651, 0.9862570694685232, 0.9121945653183176, 0.9989279195053157, 0.9967889067220561, 0.9593605869374713, 0.9678664960075087, 0.9987408412264643, 0.9961899747977097, 0.9953494166568263, 0.9617197330946812, 0.994666971946187, 0.9953494166568263, 0.9969661046731472, 0.9978408868416218, 0.9995194384804259, 0.9498567968417155, 0.9608811835193912, 0.9754438387500036, 0.9988385434940495, 0.998138631462418, 0.9976567325443658, 0.9956830511288982, 0.5968017471741032, 0.9932468544969667, 0.9975959548587109, 0.9465157001530643, 0.8619236562945896, 0.9855113539029073, 0.9682827878254059, 1.0]]