[[1.0000000000000002, 0.7585841088914231, 0.8358590428100372, 0.5935775065812781, 0.8038987259683397, 0.8578850046466744, 0.8768915717047916, 0.5554223436814826, 0.8558927247266158, 0.7688748773273264, 0.5896459751987261, 0.8155511144225777, 0.8541546931656212, 0.6849126501211112, 0.7176147828113055, 0.772653694148095, 0.835131341627614, 0.8648303356262041, 0.7720221218270624, 0.7696635432235102, 0.8557228872337267, 0.8237092228790948, 0.831026589977509, 0.8057659707652098, 0.8311678337811512, 0.7217683757509842, 0.7877770639629117, 0.8098699595309089, 0.81547114335807, 0.8345472629441804, 0.7777128563717648, 0.4564662720599736, 0.8057007609179297, 0.8539331450691913, 0.764258086738005, 0.6093993125076758, 0.813658506200231, 0.8333258696228332, 0.8729973320385892], [0.7585841088914231, 0.9999999999999999, 0.9067240507721557, 0.6839591149267182, 0.7796255325832046, 0.8584858440108029, 0.8550174739827593, 0.5822198126324892, 0.85301821197416, 0.7739088812541793, 0.6185671035705507, 0.8547875597163622, 0.9132813615747485, 0.7155388523834214, 0.7349061905197526, 0.7862337910444721, 0.8836136082177309, 0.8932597539994378, 0.7956789148938419, 0.7651271798853387, 0.8944152729808689, 0.8212715638555009, 0.8814555481486223, 0.7887628856850223, 0.8294210987359271, 0.7136358863641883, 0.7496484358271571, 0.8340037947551716, 0.851902546656646, 0.8696093680533519, 0.7883544471438966, 0.4195897059606907, 0.7716513628081638, 0.8365486928741928, 0.7154645030428445, 0.63683007113554, 0.7997234260827062, 0.8724829793999652, 0.8926906043864726], [0.8358590428100372, 0.9067240507721557, 1.000000000000002, 0.7130997672888639, 0.820826049253389, 0.8917544386472654, 0.9016031255119172, 0.6183914222536596, 0.8690038028348298, 0.8772850911272654, 0.6062153826834873, 0.8886340569650476, 0.9088379820400929, 0.7335278142403124, 0.7486579383212745, 0.8689272168640796, 0.9218791551242416, 0.9123345772222741, 0.8021583295573521, 0.8221923959946391, 0.9237277739704106, 0.8571446797761546, 0.879993578799378, 0.8617578295069899, 0.8570944657730031, 0.804137954302123, 0.8183698337691985, 0.8577769437635968, 0.8807010021793474, 0.9168433777454795, 0.8618057315129484, 0.44306240200233665, 0.8713935402697723, 0.859643940055062, 0.8014825766708638, 0.7135483775453267, 0.842671846284275, 0.8840086160629845, 0.923322418135246], [0.5935775065812781, 0.6839591149267182, 0.7130997672888639, 1.0000000000000002, 0.6601258236297523, 0.6070763070307703, 0.6302454264762138, 0.5038785374087761, 0.6267661157667078, 0.7001692932536779, 0.6327054005154527, 0.5871592293927186, 0.647760019129609, 0.6049061054332945, 0.6266213847118873, 0.6699745074098701, 0.6124164359829459, 0.6145483916632024, 0.5053457197839979, 0.5624016335785716, 0.6527474393322, 0.5843212800293488, 0.5690204837504024, 0.5765139731134153, 0.5145253302276784, 0.554909965690189, 0.5468667988970034, 0.5892180005157903, 0.648015683480806, 0.6964758058156731, 0.6197659534771844, 0.3280719924733135, 0.582010460300234, 0.5683606591725479, 0.5708753966718697, 0.5633798663872747, 0.628418500236724, 0.5597096915563857, 0.6324590468053248], [0.8038987259683397, 0.7796255325832046, 0.820826049253389, 0.6601258236297523, 0.9999999999999999, 0.8511829454723715, 0.855875491369116, 0.5035906093765194, 0.8889783339105738, 0.7416878869757041, 0.6125448758600401, 0.8374412346095964, 0.8527541572490068, 0.6911462861563737, 0.7955732403315374, 0.7684806248007612, 0.8542821968629672, 0.8760701965053309, 0.6912465802691975, 0.7172358457775712, 0.8808439927007166, 0.7672589038145197, 0.8083592891865216, 0.8214252335865887, 0.822584915493379, 0.7339451920756417, 0.738830119590983, 0.7908640995786737, 0.8369862041211751, 0.8325052271842391, 0.7722142101904527, 0.4300208817191449, 0.7929788798598794, 0.8609721908932209, 0.6766624529018931, 0.5574080387844436, 0.7736779816616554, 0.8457064202241018, 0.858641689356302], [0.8578850046466744, 0.8584858440108029, 0.8917544386472654, 0.6070763070307703, 0.8511829454723715, 1.000000000000001, 0.9277857341241144, 0.5608603635368733, 0.9052193232006632, 0.8052363525134845, 0.6057033713306088, 0.903690710497681, 0.9231573228662209, 0.7080861413371593, 0.7454607283737296, 0.7980244063204591, 0.9320910002799557, 0.9689188951404205, 0.8581304859193124, 0.8240365124968692, 0.9520229802254233, 0.8377296775677202, 0.9136515331491538, 0.8925625242915332, 0.9464247127846128, 0.7901591537790431, 0.8595264703705264, 0.8851299696876954, 0.8963401694106613, 0.8952504585242392, 0.8638001223731635, 0.3877375508858824, 0.8757030005621185, 0.9403168266986967, 0.8146822671134849, 0.7041448138017944, 0.8285931317596709, 0.9449112096843637, 0.9592555067434927], [0.8768915717047916, 0.8550174739827593, 0.9016031255119172, 0.6302454264762138, 0.855875491369116, 0.9277857341241144, 0.9999999999999982, 0.6371410529296734, 0.917841577442433, 0.8268482228658824, 0.5714279052993599, 0.9036624141914006, 0.9255541496114166, 0.7390097516571457, 0.7894879148147464, 0.8174381463215741, 0.9254324719572361, 0.9424992744487188, 0.8132279191745697, 0.8380067660758751, 0.9336673772175458, 0.8737316570198865, 0.8924775444095541, 0.9058202780686517, 0.904690517225711, 0.8071834929393729, 0.8307443876552838, 0.8973569942927703, 0.9086685350949966, 0.9080506118034856, 0.8638767307223274, 0.4956003595142983, 0.8971966375296884, 0.9322285858936449, 0.8195397638386258, 0.7079510604116699, 0.8666019985417054, 0.8979131839462872, 0.9482503945838545], [0.5554223436814826, 0.5822198126324892, 0.6183914222536596, 0.5038785374087761, 0.5035906093765194, 0.5608603635368733, 0.6371410529296734, 0.9999999999999978, 0.5563102753279038, 0.6680427378596535, 0.45285633781161916, 0.47065571374349985, 0.6249690125982277, 0.542290947672256, 0.5101479291945862, 0.5766268111020447, 0.5555922203402387, 0.5304366007372027, 0.47380506206270584, 0.5362588679898125, 0.5779462241541469, 0.5582654049933883, 0.5698728745958712, 0.5741105054680011, 0.4219665177335826, 0.5650813320687049, 0.4894180975556559, 0.5320613994676229, 0.5349298860465164, 0.5912510363110577, 0.5320883884290815, 0.6001091705033834, 0.5296532141960206, 0.5260384179558812, 0.4801203088311008, 0.44979011799246893, 0.5827656972533701, 0.4613127346418251, 0.5708818444015807], [0.8558927247266158, 0.85301821197416, 0.8690038028348298, 0.6267661157667078, 0.8889783339105738, 0.9052193232006632, 0.917841577442433, 0.5563102753279038, 0.9999999999999997, 0.7727492628393006, 0.5873340316081611, 0.8953319482729105, 0.9225928192557221, 0.7415092878364204, 0.7782582923037095, 0.8380609182313619, 0.9320846865008012, 0.946086875862105, 0.8122906604441393, 0.7793938244430271, 0.9425738728898206, 0.8866955376060063, 0.9046468950488945, 0.8799388912448195, 0.9151595023335294, 0.7800319240543901, 0.8019152332237303, 0.8858735817934825, 0.905455950650575, 0.8686594096130578, 0.8651773881861904, 0.4587273214083319, 0.8447932049209468, 0.9087765999917073, 0.7707654900856646, 0.6520796241551791, 0.8352498908398507, 0.9239591186435254, 0.9364486839106858], [0.7688748773273264, 0.7739088812541793, 0.8772850911272654, 0.7001692932536779, 0.7416878869757041, 0.8052363525134845, 0.8268482228658824, 0.6680427378596535, 0.7727492628393006, 0.9999999999999971, 0.6383174013724865, 0.7944531847240456, 0.8096204336497383, 0.6533289420578825, 0.7087045978048738, 0.7861889971909569, 0.8080547946079489, 0.7910492434320592, 0.6893104130248314, 0.7799752709007939, 0.8229232179634715, 0.7719632297656008, 0.7841847158306429, 0.7389454554010202, 0.7203941963008936, 0.7457826188511889, 0.7121528882300494, 0.7204467804286556, 0.787860019813186, 0.8267706150888107, 0.7556986677485872, 0.4292973029281691, 0.7357182688424623, 0.7499258663361588, 0.7485239462946319, 0.6988483983759476, 0.808858645209337, 0.7472568989098975, 0.8075520898579225], [0.5896459751987261, 0.6185671035705507, 0.6062153826834873, 0.6327054005154527, 0.6125448758600401, 0.6057033713306088, 0.5714279052993599, 0.45285633781161916, 0.5873340316081611, 0.6383174013724865, 0.9999999999999991, 0.6077264277203086, 0.5839340289607734, 0.5554910273672309, 0.6189090100152447, 0.5939878070271465, 0.5525233610112046, 0.5755831779294274, 0.5593321507798008, 0.5328757367197875, 0.6222202952157849, 0.5545932293553251, 0.6432152798910374, 0.5759359205157998, 0.49085818620150495, 0.5223624546587122, 0.5675386462128884, 0.4960052777842754, 0.5950926214404645, 0.6194069090409298, 0.5337726733812181, 0.35958927535444796, 0.5498360776602312, 0.581556079849656, 0.5490075522036665, 0.4647003038788885, 0.5857056699748416, 0.5462241898533735, 0.5824925853096252], [0.8155511144225777, 0.8547875597163622, 0.8886340569650476, 0.5871592293927186, 0.8374412346095964, 0.903690710497681, 0.9036624141914006, 0.47065571374349985, 0.8953319482729105, 0.7944531847240456, 0.6077264277203086, 1.0000000000000016, 0.8871327807748096, 0.7363311592786148, 0.7721121914816165, 0.8270503260913092, 0.9337815545575379, 0.9330499713454479, 0.8130705330831721, 0.7998697943205516, 0.9310971988127656, 0.8595064514935712, 0.9068150354897548, 0.8789055189458811, 0.9033453416021225, 0.8140599908374614, 0.8143054876338695, 0.8793299893318982, 0.8903368330312099, 0.9005689388712872, 0.863414326793506, 0.4200798683314738, 0.8845204496173402, 0.9174867885185057, 0.7967679812526676, 0.6798006306140998, 0.802552312278808, 0.9291559954758641, 0.9325479170540605], [0.8541546931656212, 0.9132813615747485, 0.9088379820400929, 0.647760019129609, 0.8527541572490068, 0.9231573228662209, 0.9255541496114166, 0.6249690125982277, 0.9225928192557221, 0.8096204336497383, 0.5839340289607734, 0.8871327807748096, 1.000000000000001, 0.6916762368766338, 0.752292834774447, 0.815978329306037, 0.9108187254329064, 0.9399871433723197, 0.7853555752966517, 0.7953197541356689, 0.9338958227315239, 0.8721125463028891, 0.8944928713729697, 0.8412123529510926, 0.8955058710021367, 0.7512979328132715, 0.7972514665591814, 0.8591807799354308, 0.9097197849544703, 0.8771469535712778, 0.8219173646222662, 0.419382833353529, 0.8175323884197528, 0.8926097078780298, 0.7611735479805366, 0.6947425908532839, 0.8392445308067263, 0.9062676089009709, 0.938950810553367], [0.6849126501211112, 0.7155388523834214, 0.7335278142403124, 0.6049061054332945, 0.6911462861563737, 0.7080861413371593, 0.7390097516571457, 0.542290947672256, 0.7415092878364204, 0.6533289420578825, 0.5554910273672309, 0.7363311592786148, 0.6916762368766338, 1.0000000000000013, 0.6254244504343364, 0.7050835036512759, 0.7387652519170913, 0.7403386048943443, 0.6393161896611901, 0.6700506134227264, 0.7350155156191182, 0.7048198757563935, 0.7158538012095741, 0.7314648136308629, 0.6732329186978043, 0.646985897496148, 0.6426972114739267, 0.7502281364396947, 0.7069847281306014, 0.7411575057876927, 0.6895178228165789, 0.5206759210836006, 0.7087588748200393, 0.745356433156954, 0.6261451509246122, 0.5148517627128649, 0.636696303256794, 0.7280844972431688, 0.7516717662413399], [0.7176147828113055, 0.7349061905197526, 0.7486579383212745, 0.6266213847118873, 0.7955732403315374, 0.7454607283737296, 0.7894879148147464, 0.5101479291945862, 0.7782582923037095, 0.7087045978048738, 0.6189090100152447, 0.7721121914816165, 0.752292834774447, 0.6254244504343364, 1.0000000000000016, 0.6928957760819129, 0.7606759294441015, 0.7765673912637434, 0.6555771561020581, 0.7021467593316992, 0.7804151391920362, 0.7478676317362607, 0.7264250815558844, 0.7361074155883669, 0.7210951158835108, 0.667263085991105, 0.6754854306009229, 0.7129251027374484, 0.7374357979778305, 0.8145546596378572, 0.7643086675998442, 0.4265058002030797, 0.7105441427976266, 0.7504796044003472, 0.6626927466724943, 0.5619907481508372, 0.7542085062924132, 0.7583836370625376, 0.7706436261705877], [0.772653694148095, 0.7862337910444721, 0.8689272168640796, 0.6699745074098701, 0.7684806248007612, 0.7980244063204591, 0.8174381463215741, 0.5766268111020447, 0.8380609182313619, 0.7861889971909569, 0.5939878070271465, 0.8270503260913092, 0.815978329306037, 0.7050835036512759, 0.6928957760819129, 0.9999999999999987, 0.842429095847961, 0.8144127770354949, 0.7358919194102943, 0.7357642652927233, 0.8378595646860004, 0.7957291613743019, 0.8180515311708799, 0.8020785023323292, 0.7541675084549142, 0.7654362363741302, 0.7518434127797192, 0.8051900356688519, 0.7815872678490857, 0.8228208204823126, 0.7984527636613468, 0.5193695114129061, 0.8090033332763108, 0.7964848480509359, 0.7132627964257151, 0.6272656992426097, 0.753681431000216, 0.7981364488652217, 0.8311071412277781], [0.835131341627614, 0.8836136082177309, 0.9218791551242416, 0.6124164359829459, 0.8542821968629672, 0.9320910002799557, 0.9254324719572361, 0.5555922203402387, 0.9320846865008012, 0.8080547946079489, 0.5525233610112046, 0.9337815545575379, 0.9108187254329064, 0.7387652519170913, 0.7606759294441015, 0.842429095847961, 1.0000000000000022, 0.9664615781419345, 0.8373687111818754, 0.8224926600633523, 0.9628809021879238, 0.8729287229563254, 0.9354202998159414, 0.8912388773530449, 0.9447633292023215, 0.8587411652068428, 0.8363605549409358, 0.9188848292091903, 0.913292736130989, 0.9055943576797473, 0.9128610025605279, 0.4476362035517235, 0.9025943164795547, 0.9393498753156767, 0.8319102713733417, 0.7146926555985422, 0.8443514958997027, 0.9490228631449474, 0.9587305687325114], [0.8648303356262041, 0.8932597539994378, 0.9123345772222741, 0.6145483916632024, 0.8760701965053309, 0.9689188951404205, 0.9424992744487188, 0.5304366007372027, 0.946086875862105, 0.7910492434320592, 0.5755831779294274, 0.9330499713454479, 0.9399871433723197, 0.7403386048943443, 0.7765673912637434, 0.8144127770354949, 0.9664615781419345, 1.000000000000002, 0.8843007426021084, 0.8246245837829151, 0.9761824505152656, 0.8940135050009463, 0.9265328868778834, 0.921898009917681, 0.9746657854769784, 0.8111484798416461, 0.8513063843056311, 0.9240448504896456, 0.9310434978056209, 0.9154392960384629, 0.8970348349449604, 0.39176773220805505, 0.8992199865476745, 0.9599679043104936, 0.8306106561063681, 0.6965670107012552, 0.8680308887298408, 0.9814014205515094, 0.9885088121023478], [0.7720221218270624, 0.7956789148938419, 0.8021583295573521, 0.5053457197839979, 0.6912465802691975, 0.8581304859193124, 0.8132279191745697, 0.47380506206270584, 0.8122906604441393, 0.6893104130248314, 0.5593321507798008, 0.8130705330831721, 0.7853555752966517, 0.6393161896611901, 0.6555771561020581, 0.7358919194102943, 0.8373687111818754, 0.8843007426021084, 0.9999999999999996, 0.7474952169459911, 0.8591540691553865, 0.8020383659514504, 0.8335431312486746, 0.8392331880352417, 0.8480664710867273, 0.7030272689472347, 0.763305658270874, 0.8375491165682788, 0.794145951661163, 0.8180977699537658, 0.8509991131242858, 0.34677923908239033, 0.7909120047539716, 0.8282110702933182, 0.7661017712557511, 0.6083328393008607, 0.8371435036949509, 0.8844671020483794, 0.8686036258060466], [0.7696635432235102, 0.7651271798853387, 0.8221923959946391, 0.5624016335785716, 0.7172358457775712, 0.8240365124968692, 0.8380067660758751, 0.5362588679898125, 0.7793938244430271, 0.7799752709007939, 0.5328757367197875, 0.7998697943205516, 0.7953197541356689, 0.6700506134227264, 0.7021467593316992, 0.7357642652927233, 0.8224926600633523, 0.8246245837829151, 0.7474952169459911, 1.000000000000001, 0.8126697717070325, 0.7535246464158574, 0.7921545409944499, 0.765346092712673, 0.7746180625825184, 0.7336740127366748, 0.7540185996413538, 0.7914643907960061, 0.7814420768064926, 0.8205225495653422, 0.7680974379743416, 0.3942625116210069, 0.7820297968346238, 0.8149970071611948, 0.7554835499411827, 0.600041228717877, 0.7394599368195462, 0.7857086374882767, 0.8319050868123645], [0.8557228872337267, 0.8944152729808689, 0.9237277739704106, 0.6527474393322, 0.8808439927007166, 0.9520229802254233, 0.9336673772175458, 0.5779462241541469, 0.9425738728898206, 0.8229232179634715, 0.6222202952157849, 0.9310971988127656, 0.9338958227315239, 0.7350155156191182, 0.7804151391920362, 0.8378595646860004, 0.9628809021879238, 0.9761824505152656, 0.8591540691553865, 0.8126697717070325, 1.0000000000000004, 0.8942880778425185, 0.9358311770315139, 0.912328080260785, 0.9356862991693694, 0.8283396169582982, 0.8417260040144096, 0.8924667176757899, 0.9208473350446311, 0.910244145571348, 0.8881566824144208, 0.40912624745351206, 0.8910894914321905, 0.9471647432246796, 0.8076308388893241, 0.6934669762546564, 0.8681018577136728, 0.9532227446389195, 0.9670916232266068], [0.8237092228790948, 0.8212715638555009, 0.8571446797761546, 0.5843212800293488, 0.7672589038145197, 0.8377296775677202, 0.8737316570198865, 0.5582654049933883, 0.8866955376060063, 0.7719632297656008, 0.5545932293553251, 0.8595064514935712, 0.8721125463028891, 0.7048198757563935, 0.7478676317362607, 0.7957291613743019, 0.8729287229563254, 0.8940135050009463, 0.8020383659514504, 0.7535246464158574, 0.8942880778425185, 0.9999999999999992, 0.8339431828959976, 0.85967574858899, 0.8494506862400604, 0.7763006736260515, 0.7618723349063202, 0.8497288506364841, 0.8597253425192726, 0.8293040282337244, 0.8228657571880909, 0.41705354890045016, 0.8089086454943901, 0.8598936159346794, 0.7648466787504452, 0.6437742071834812, 0.8314545913270271, 0.8779087835122458, 0.9076690223870847], [0.831026589977509, 0.8814555481486223, 0.879993578799378, 0.5690204837504024, 0.8083592891865216, 0.9136515331491538, 0.8924775444095541, 0.5698728745958712, 0.9046468950488945, 0.7841847158306429, 0.6432152798910374, 0.9068150354897548, 0.8944928713729697, 0.7158538012095741, 0.7264250815558844, 0.8180515311708799, 0.9354202998159414, 0.9265328868778834, 0.8335431312486746, 0.7921545409944499, 0.9358311770315139, 0.8339431828959976, 0.9999999999999998, 0.8576998977817885, 0.8996376899374116, 0.8148790934344076, 0.8378473554164972, 0.8590094411888575, 0.8773597773070926, 0.8541611078547197, 0.8718656778561333, 0.4823305356746114, 0.8475736223626592, 0.9212803349799306, 0.7968861251338024, 0.6951718442181984, 0.8230595516397394, 0.9079083995137768, 0.9246154753755045], [0.8057659707652098, 0.7887628856850223, 0.8617578295069899, 0.5765139731134153, 0.8214252335865887, 0.8925625242915332, 0.9058202780686517, 0.5741105054680011, 0.8799388912448195, 0.7389454554010202, 0.5759359205157998, 0.8789055189458811, 0.8412123529510926, 0.7314648136308629, 0.7361074155883669, 0.8020785023323292, 0.8912388773530449, 0.921898009917681, 0.8392331880352417, 0.765346092712673, 0.912328080260785, 0.85967574858899, 0.8576998977817885, 1.0000000000000002, 0.8810891247856256, 0.8037171433687167, 0.8158753758285747, 0.8873484120488426, 0.8897611910008355, 0.8662895399949595, 0.8587501505310824, 0.4970157251022437, 0.8956149641845441, 0.9029864954873464, 0.7916087659966932, 0.6973643553431869, 0.8208820888212267, 0.8940613075219068, 0.9299274469041396], [0.8311678337811512, 0.8294210987359271, 0.8570944657730031, 0.5145253302276784, 0.822584915493379, 0.9464247127846128, 0.904690517225711, 0.4219665177335826, 0.9151595023335294, 0.7203941963008936, 0.49085818620150495, 0.9033453416021225, 0.8955058710021367, 0.6732329186978043, 0.7210951158835108, 0.7541675084549142, 0.9447633292023215, 0.9746657854769784, 0.8480664710867273, 0.7746180625825184, 0.9356862991693694, 0.8494506862400604, 0.8996376899374116, 0.8810891247856256, 0.999999999999999, 0.7826024903453014, 0.8288094426889849, 0.8995261074787, 0.8887599406918981, 0.8564485985017705, 0.8655997652824973, 0.32255428394848906, 0.8833783336878301, 0.9327643219006869, 0.8130453268973945, 0.6716907172231246, 0.8240640138132532, 0.9625446051331473, 0.9564125338427791], [0.7217683757509842, 0.7136358863641883, 0.804137954302123, 0.554909965690189, 0.7339451920756417, 0.7901591537790431, 0.8071834929393729, 0.5650813320687049, 0.7800319240543901, 0.7457826188511889, 0.5223624546587122, 0.8140599908374614, 0.7512979328132715, 0.646985897496148, 0.667263085991105, 0.7654362363741302, 0.8587411652068428, 0.8111484798416461, 0.7030272689472347, 0.7336740127366748, 0.8283396169582982, 0.7763006736260515, 0.8148790934344076, 0.8037171433687167, 0.7826024903453014, 0.9999999999999989, 0.7524821511122918, 0.7784781883599257, 0.7531420732573145, 0.7816460455566103, 0.8213201497593714, 0.4695385366863278, 0.8411824974547385, 0.8203075978573003, 0.7193690045967591, 0.5903208839514351, 0.7635866528551557, 0.7897936098840848, 0.8266217380634704], [0.7877770639629117, 0.7496484358271571, 0.8183698337691985, 0.5468667988970034, 0.738830119590983, 0.8595264703705264, 0.8307443876552838, 0.4894180975556559, 0.8019152332237303, 0.7121528882300494, 0.5675386462128884, 0.8143054876338695, 0.7972514665591814, 0.6426972114739267, 0.6754854306009229, 0.7518434127797192, 0.8363605549409358, 0.8513063843056311, 0.763305658270874, 0.7540185996413538, 0.8417260040144096, 0.7618723349063202, 0.8378473554164972, 0.8158753758285747, 0.8288094426889849, 0.7524821511122918, 1.0000000000000007, 0.8004306880085353, 0.8287288449922748, 0.8176103745216408, 0.7780004327752168, 0.4105401904563754, 0.8581141766476769, 0.8553145806636977, 0.7400959940690647, 0.6575371496846738, 0.7396586236985324, 0.8235750326994491, 0.8596949860082413], [0.8098699595309089, 0.8340037947551716, 0.8577769437635968, 0.5892180005157903, 0.7908640995786737, 0.8851299696876954, 0.8973569942927703, 0.5320613994676229, 0.8858735817934825, 0.7204467804286556, 0.4960052777842754, 0.8793299893318982, 0.8591807799354308, 0.7502281364396947, 0.7129251027374484, 0.8051900356688519, 0.9188848292091903, 0.9240448504896456, 0.8375491165682788, 0.7914643907960061, 0.8924667176757899, 0.8497288506364841, 0.8590094411888575, 0.8873484120488426, 0.8995261074787, 0.7784781883599257, 0.8004306880085353, 0.9999999999999999, 0.8552645403873956, 0.8633935820482566, 0.8598691019270548, 0.5003511993343182, 0.867539791779229, 0.8914475487310441, 0.7860231414129445, 0.6646209114797226, 0.80511980553499, 0.909102896298156, 0.9239463354648239], [0.81547114335807, 0.851902546656646, 0.8807010021793474, 0.648015683480806, 0.8369862041211751, 0.8963401694106613, 0.9086685350949966, 0.5349298860465164, 0.905455950650575, 0.787860019813186, 0.5950926214404645, 0.8903368330312099, 0.9097197849544703, 0.7069847281306014, 0.7374357979778305, 0.7815872678490857, 0.913292736130989, 0.9310434978056209, 0.794145951661163, 0.7814420768064926, 0.9208473350446311, 0.8597253425192726, 0.8773597773070926, 0.8897611910008355, 0.8887599406918981, 0.7531420732573145, 0.8287288449922748, 0.8552645403873956, 1.0000000000000009, 0.8871813075278624, 0.8386814872059123, 0.3940783387813356, 0.8372353429143737, 0.9123477894601899, 0.8033003775755294, 0.7357761762701565, 0.8289573280934749, 0.8997299028894202, 0.937403754589185], [0.8345472629441804, 0.8696093680533519, 0.9168433777454795, 0.6964758058156731, 0.8325052271842391, 0.8952504585242392, 0.9080506118034856, 0.5912510363110577, 0.8686594096130578, 0.8267706150888107, 0.6194069090409298, 0.9005689388712872, 0.8771469535712778, 0.7411575057876927, 0.8145546596378572, 0.8228208204823126, 0.9055943576797473, 0.9154392960384629, 0.8180977699537658, 0.8205225495653422, 0.910244145571348, 0.8293040282337244, 0.8541611078547197, 0.8662895399949595, 0.8564485985017705, 0.7816460455566103, 0.8176103745216408, 0.8633935820482566, 0.8871813075278624, 0.9999999999999996, 0.8621438991210707, 0.4719361337275704, 0.8699203164757332, 0.885480213493948, 0.8178758164159208, 0.6799164069396195, 0.8192112135577958, 0.8893480065585722, 0.917977576430213], [0.7777128563717648, 0.7883544471438966, 0.8618057315129484, 0.6197659534771844, 0.7722142101904527, 0.8638001223731635, 0.8638767307223274, 0.5320883884290815, 0.8651773881861904, 0.7556986677485872, 0.5337726733812181, 0.863414326793506, 0.8219173646222662, 0.6895178228165789, 0.7643086675998442, 0.7984527636613468, 0.9128610025605279, 0.8970348349449604, 0.8509991131242858, 0.7680974379743416, 0.8881566824144208, 0.8228657571880909, 0.8718656778561333, 0.8587501505310824, 0.8655997652824973, 0.8213201497593714, 0.7780004327752168, 0.8598691019270548, 0.8386814872059123, 0.8621438991210707, 1.0000000000000009, 0.4658725161477301, 0.8550022889314562, 0.8650614209221287, 0.8126613159602404, 0.7578675477317732, 0.8299345234794817, 0.8821696897375855, 0.9000891583364481], [0.4564662720599736, 0.4195897059606907, 0.44306240200233665, 0.3280719924733135, 0.4300208817191449, 0.3877375508858824, 0.4956003595142983, 0.6001091705033834, 0.4587273214083319, 0.4292973029281691, 0.35958927535444796, 0.4200798683314738, 0.419382833353529, 0.5206759210836006, 0.4265058002030797, 0.5193695114129061, 0.4476362035517235, 0.39176773220805505, 0.34677923908239033, 0.3942625116210069, 0.40912624745351206, 0.41705354890045016, 0.4823305356746114, 0.4970157251022437, 0.32255428394848906, 0.4695385366863278, 0.4105401904563754, 0.5003511993343182, 0.3940783387813356, 0.4719361337275704, 0.4658725161477301, 0.9999999999999969, 0.4480663956157729, 0.4227138220329182, 0.40413281177645854, 0.39993403656895754, 0.382551650212169, 0.3526251257318745, 0.4520736804804768], [0.8057007609179297, 0.7716513628081638, 0.8713935402697723, 0.582010460300234, 0.7929788798598794, 0.8757030005621185, 0.8971966375296884, 0.5296532141960206, 0.8447932049209468, 0.7357182688424623, 0.5498360776602312, 0.8845204496173402, 0.8175323884197528, 0.7087588748200393, 0.7105441427976266, 0.8090033332763108, 0.9025943164795547, 0.8992199865476745, 0.7909120047539716, 0.7820297968346238, 0.8910894914321905, 0.8089086454943901, 0.8475736223626592, 0.8956149641845441, 0.8833783336878301, 0.8411824974547385, 0.8581141766476769, 0.867539791779229, 0.8372353429143737, 0.8699203164757332, 0.8550022889314562, 0.4480663956157729, 0.9999999999999976, 0.9037856308010005, 0.809782529839927, 0.6329210712648912, 0.779143495148578, 0.8742934289831668, 0.9025435722474976], [0.8539331450691913, 0.8365486928741928, 0.859643940055062, 0.5683606591725479, 0.8609721908932209, 0.9403168266986967, 0.9322285858936449, 0.5260384179558812, 0.9087765999917073, 0.7499258663361588, 0.581556079849656, 0.9174867885185057, 0.8926097078780298, 0.745356433156954, 0.7504796044003472, 0.7964848480509359, 0.9393498753156767, 0.9599679043104936, 0.8282110702933182, 0.8149970071611948, 0.9471647432246796, 0.8598936159346794, 0.9212803349799306, 0.9029864954873464, 0.9327643219006869, 0.8203075978573003, 0.8553145806636977, 0.8914475487310441, 0.9123477894601899, 0.885480213493948, 0.8650614209221287, 0.4227138220329182, 0.9037856308010005, 0.9999999999999982, 0.7996867368694384, 0.6533769181388616, 0.8270428259576746, 0.9354968129428005, 0.9606539529525813], [0.764258086738005, 0.7154645030428445, 0.8014825766708638, 0.5708753966718697, 0.6766624529018931, 0.8146822671134849, 0.8195397638386258, 0.4801203088311008, 0.7707654900856646, 0.7485239462946319, 0.5490075522036665, 0.7967679812526676, 0.7611735479805366, 0.6261451509246122, 0.6626927466724943, 0.7132627964257151, 0.8319102713733417, 0.8306106561063681, 0.7661017712557511, 0.7554835499411827, 0.8076308388893241, 0.7648466787504452, 0.7968861251338024, 0.7916087659966932, 0.8130453268973945, 0.7193690045967591, 0.7400959940690647, 0.7860231414129445, 0.8033003775755294, 0.8178758164159208, 0.8126613159602404, 0.40413281177645854, 0.809782529839927, 0.7996867368694384, 0.999999999999999, 0.6276582723583971, 0.7135258082374762, 0.8035260076968134, 0.8405206462344598], [0.6093993125076758, 0.63683007113554, 0.7135483775453267, 0.5633798663872747, 0.5574080387844436, 0.7041448138017944, 0.7079510604116699, 0.44979011799246893, 0.6520796241551791, 0.6988483983759476, 0.4647003038788885, 0.6798006306140998, 0.6947425908532839, 0.5148517627128649, 0.5619907481508372, 0.6272656992426097, 0.7146926555985422, 0.6965670107012552, 0.6083328393008607, 0.600041228717877, 0.6934669762546564, 0.6437742071834812, 0.6951718442181984, 0.6973643553431869, 0.6716907172231246, 0.5903208839514351, 0.6575371496846738, 0.6646209114797226, 0.7357761762701565, 0.6799164069396195, 0.7578675477317732, 0.39993403656895754, 0.6329210712648912, 0.6533769181388616, 0.6276582723583971, 0.9999999999999983, 0.6182152881380902, 0.6575348098403674, 0.7237306356687969], [0.813658506200231, 0.7997234260827062, 0.842671846284275, 0.628418500236724, 0.7736779816616554, 0.8285931317596709, 0.8666019985417054, 0.5827656972533701, 0.8352498908398507, 0.808858645209337, 0.5857056699748416, 0.802552312278808, 0.8392445308067263, 0.636696303256794, 0.7542085062924132, 0.753681431000216, 0.8443514958997027, 0.8680308887298408, 0.8371435036949505, 0.7394599368195462, 0.8681018577136728, 0.8314545913270271, 0.8230595516397394, 0.8208820888212267, 0.8240640138132532, 0.7635866528551557, 0.7396586236985324, 0.80511980553499, 0.8289573280934749, 0.8192112135577958, 0.8299345234794817, 0.382551650212169, 0.779143495148578, 0.8270428259576746, 0.7135258082374762, 0.6182152881380902, 1.0000000000000004, 0.8304646355612199, 0.8636068359244173], [0.8333258696228332, 0.8724829793999652, 0.8840086160629845, 0.5597096915563857, 0.8457064202241018, 0.9449112096843637, 0.8979131839462872, 0.4613127346418251, 0.9239591186435254, 0.7472568989098975, 0.5462241898533735, 0.9291559954758641, 0.9062676089009709, 0.7280844972431688, 0.7583836370625376, 0.7981364488652217, 0.9490228631449474, 0.9814014205515094, 0.88446710204838, 0.7857086374882767, 0.9532227446389195, 0.8779087835122458, 0.9079083995137768, 0.8940613075219068, 0.9625446051331473, 0.7897936098840848, 0.8235750326994491, 0.909102896298156, 0.8997299028894202, 0.8893480065585722, 0.8821696897375855, 0.3526251257318745, 0.8742934289831668, 0.9354968129428005, 0.8035260076968134, 0.6575348098403674, 0.8304646355612199, 0.9999999999999987, 0.9634836804720892], [0.8729973320385892, 0.8926906043864726, 0.9233224181352455, 0.6324590468053247, 0.8586416893563021, 0.9592555067434941, 0.9482503945838563, 0.5708818444015813, 0.9364486839106841, 0.8075520898579225, 0.5824925853096268, 0.932547917054059, 0.9389508105533672, 0.7516717662413405, 0.7706436261705871, 0.8311071412277793, 0.9587305687325115, 0.9885088121023452, 0.8686036258060457, 0.8319050868123646, 0.9670916232266079, 0.9076690223870848, 0.9246154753755038, 0.9299274469041399, 0.9564125338427794, 0.8266217380634694, 0.8596949860082415, 0.9239463354648253, 0.9374037545891853, 0.9179775764302134, 0.9000891583364476, 0.4520736804804767, 0.902543572247496, 0.9606539529525805, 0.8405206462344598, 0.723730635668796, 0.8636068359244179, 0.9634836804720878, 0.9999999999999999]]