[[0.0, 0.007046990504849804, 0.0070215028125197865, 0.006808975078598234, 0.007127038622729787, 0.007035113094411072, 0.007110643928941007, 0.007016588519979772, 0.0069869467056558054, 0.0070942437380918655, 0.0070100233954975, 0.007130298065565865, 0.007262255174513399, 0.007242595887318126, 0.006905947392429335, 0.007110643928941007, 0.007269741622282444, 0.007229504084109939, 0.007169089296981124, 0.006888476190035631, 0.0067755158329501075, 0.0068868220527713575, 0.00705167541021523, 0.007052588202089982, 0.006983858248787778, 0.007254074574672531, 0.006800757816566527, 0.007271563315476071, 0.006974042311620021, 0.006796059695815204, 0.0072533362494460185, 0.006983115473918833, 0.007194409649230682, 0.007068987036263241, 0.006992549765005185, 0.007002764633280645, 0.007169089296981124, 0.007198582584710289, 0.0070704191005039885], [0.007046990504849804, 0.0, 0.007359140951060272, 0.0074288895902894225, 0.0073107207837341814, 0.0074288895902894225, 0.007339477881774581, 0.0073502203101440955, 0.0072729959559065804, 0.007491158038057222, 0.007342732666029583, 0.007020758798268467, 0.006463546340696125, 0.007491158038057222, 0.007187843390223492, 0.006487171392904667, 0.007323070237293061, 0.007345823324655498, 0.00715161014587995, 0.007323070237293061, 0.006241828945989569, 0.007127038622729787, 0.006964500305196575, 0.007223898387557881, 0.0070100233954975, 0.00727608618662412, 0.007200232898649128, 0.006495786546980353, 0.007264135477841771, 0.007244417482324295, 0.007179439104453733, 0.007491158038057222, 0.0073123283879721335, 0.00726407684062802, 0.007491158038057222, 0.007061503572369121, 0.007351653174330952, 0.006660230816397661, 0.007401735276745924], [0.0070215028125197865, 0.007359140951060272, 0.0, 0.007412479033009012, 0.007388639336356251, 0.007401735276745924, 0.007249162860253788, 0.007491158038057222, 0.007299234771993124, 0.0072894019691593925, 0.0072729959559065804, 0.007256649113406732, 0.007491158038057222, 0.007269741622282444, 0.007342732666029583, 0.007296888820470748, 0.007365486641667696, 0.007090071667140263, 0.007401735276745924, 0.0070280705932446175, 0.007359140951060272, 0.00698036759604026, 0.007331990397355881, 0.007356565888363642, 0.0073123283879721335, 0.0074288895902894225, 0.007059158728043968, 0.005870122257778387, 0.007006770760890957, 0.0060968639340257536, 0.006378258198104225, 0.007491158038057222, 0.007262255174513177, 0.007491158038057222, 0.007359140951060272, 0.0074352361596699, 0.0070256780057786905, 0.007104816868510833, 0.007401735276745924], [0.006808975078598234, 0.0074288895902894225, 0.007412479033009012, 0.0, 0.007099376626054088, 0.007264135477841771, 0.007421400776634446, 0.00432227874002411, 0.007326383559981942, 0.007342732666029583, 0.004706313652270255, 0.007401735276745924, 0.00717287304064107, 0.006004612064423487, 0.005437308975974053, 0.007331990397355881, 0.007331990397355881, 0.006926331385159967, 0.007412479033009012, 0.006969812633561556, 0.007323070237293061, 0.007310720783733737, 0.007244417482324295, 0.0072533362494460185, 0.007303233726806413, 0.006808237405749651, 0.007256426359535606, 0.007421400776634446, 0.007331990397355881, 0.007342732666029583, 0.007155038514035095, 0.0036633921147140036, 0.0072271584573746495, 0.007231325631763319, 0.005974288507564651, 0.005144666506887274, 0.007183611915884347, 0.007372974624050954, 0.007074634065498797], [0.007127038622729787, 0.0073107207837341814, 0.007388639336356251, 0.007099376626054088, 0.0, 0.006963762404429197, 0.007200753264606785, 0.006980547178997654, 0.0068337035970531534, 0.007222937367509896, 0.007051675410215452, 0.007008940614092518, 0.0071308135121115335, 0.0069667194362215135, 0.006798647443465811, 0.007099153941738878, 0.007025508098999822, 0.0058860347918201494, 0.0071869243212125955, 0.007412479033009012, 0.007401735276745924, 0.00702454142750919, 0.006929822846921452, 0.006994894299154675, 0.0069992882216149965, 0.007015626711656564, 0.007163780897474492, 0.007124470777699843, 0.007153217242297005, 0.007059152697644899, 0.007191097194667373, 0.007230928064872355, 0.007170745546005719, 0.007339477881774581, 0.007491158038057222, 0.0074352361596699, 0.007331990397355881, 0.006960898886654521, 0.005935060496705669], [0.007035113094411072, 0.0074288895902894225, 0.007401735276745924, 0.007264135477841771, 0.006963762404429197, 0.0, 0.006918341830358221, 0.007372974624051176, 0.007097555555620749, 0.0074288895902894225, 0.007254298511899515, 0.007351653174330952, 0.00704842250653237, 0.0074288895902894225, 0.007332728837895264, 0.007491158038057222, 0.002565245480813605, 0.007401735276745924, 0.007244417482324295, 0.006849187557472991, 0.0074352361596699, 0.006684564413235394, 0.006143907812266258, 0.007295746781176504, 0.007250082042854711, 0.007090990559401211, 0.007112465046708483, 0.007372974624051176, 0.0073123283879721335, 0.007491158038057222, 0.007209846075322934, 0.007264135477841771, 0.007309976342057212, 0.007299234771993124, 0.007174753010276591, 0.007277228181337803, 0.006282003142348724, 0.007401735276745924, 0.007421400776634446], [0.007110643928941007, 0.007339477881774581, 0.007249162860253788, 0.007421400776634446, 0.007200753264606785, 0.006918341830358221, 0.0, 0.0073123283879721335, 0.007167267974425684, 0.007412479033009012, 0.007491158038057222, 0.005128964301082117, 0.007303233726806413, 0.007401735276745924, 0.006996714998335207, 0.007401735276745924, 0.007342732666029583, 0.007326383559981942, 0.007491158038057222, 0.007318896270219533, 0.007421400776634446, 0.007059674101774105, 0.0071092117502977725, 0.007356565888363642, 0.007351653174330952, 0.007401735276745924, 0.0071262919454728735, 0.007359140951060272, 0.006735487744391033, 0.0071508659393626495, 0.007342732666029583, 0.007345823324655498, 0.007345823324655498, 0.007342732666029583, 0.007339477881774581, 0.00717287304064107, 0.006742966363810998, 0.007491158038057222, 0.007179439104453733], [0.007016588519979772, 0.0073502203101440955, 0.007491158038057222, 0.00432227874002411, 0.006980547178997654, 0.007372974624051176, 0.0073123283879721335, 0.0, 0.007342732666029583, 0.0072868272629906805, 0.004263983499876112, 0.007421400776634446, 0.007267167016619114, 0.00540045860274585, 0.005999025023224913, 0.0073338123157160595, 0.007309976342057212, 0.007491158038057222, 0.0074288895902894225, 0.006942683062035382, 0.007412479033009012, 0.006996035656356758, 0.007220585739027285, 0.007359140951060272, 0.007491158038057222, 0.0062247297325594975, 0.007101727688579418, 0.0074288895902894225, 0.007421400776634446, 0.0073165453781751655, 0.007412479033009012, 0.0026061891834225914, 0.007240244167038501, 0.007280482563338353, 0.0060200120417135405, 0.004841108456135501, 0.0071218969146138456, 0.0074352361596699, 0.0074352361596699], [0.0069869467056558054, 0.0072729959559065804, 0.007299234771993124, 0.007326383559981942, 0.0068337035970531534, 0.007097555555620749, 0.007167267974425684, 0.007342732666029583, 0.0, 0.007491158038057222, 0.007401735276745924, 0.00727608618662412, 0.0073502203101440955, 0.0074288895902894225, 0.007194186922887313, 0.006531463340561983, 0.007179439104453733, 0.0074288895902894225, 0.006036605496665848, 0.007154178129305411, 0.007412479033009012, 0.007068074214660713, 0.007068987036263241, 0.007401735276745924, 0.00623219125369312, 0.007372454080122992, 0.006820458445419009, 0.007491158038057222, 0.007339477881774581, 0.007491158038057222, 0.007331990397355881, 0.007332728837895264, 0.0042072287569174804, 0.007191097194667373, 0.0059950278979190585, 0.007309976342057212, 0.007122813690450869, 0.007372974624050954, 0.007491158038057222], [0.0070942437380918655, 0.007491158038057222, 0.0072894019691593925, 0.007342732666029583, 0.007222937367509896, 0.0074288895902894225, 0.007412479033009012, 0.0072868272629906805, 0.007491158038057222, 0.0, 0.007191097194667373, 0.007342732666029583, 0.007491158038057222, 0.0061346265200776795, 0.007224584069393858, 0.006126697172136986, 0.007491158038057222, 0.0074288895902894225, 0.007113897234604538, 0.0071288658310235675, 0.007401735276745924, 0.007331990397355881, 0.007339477881774581, 0.007342732666029583, 0.007491158038057222, 0.0074288895902894225, 0.0069787265382807995, 0.007262255174513399, 0.00727608618662412, 0.007236990045041747, 0.007217098292866764, 0.007412479033009012, 0.007269741622282444, 0.007491158038057222, 0.0074288895902894225, 0.007366628839105216, 0.006867177417768433, 0.007491158038057222, 0.007491158038057222], [0.0070100233954975, 0.007342732666029583, 0.0072729959559065804, 0.004706313652270255, 0.007051675410215452, 0.007254298511899515, 0.007491158038057222, 0.004263983499876112, 0.007401735276745924, 0.007191097194667373, 0.0, 0.007421400776634446, 0.007388639336356251, 0.006063680246997105, 0.005541990649660544, 0.007229504084109939, 0.007207718424485421, 0.007491158038057222, 0.007057331772676534, 0.0068622694759001845, 0.0071508659393626495, 0.0071050395553302614, 0.0069057822055687, 0.007013112012866918, 0.007491158038057222, 0.00673879720280679, 0.007153217242297005, 0.007326383559981942, 0.007421400776634446, 0.007401735276745924, 0.0073502203101440955, 0.003977251707717455, 0.0073502203101440955, 0.007339477881774581, 0.006432457988738038, 0.005404844632470152, 0.007163955698386237, 0.007491158038057222, 0.007491158038057222], [0.007130298065565865, 0.007020758798268467, 0.007256649113406732, 0.007401735276745924, 0.007008940614092518, 0.007351653174330952, 0.005128964301082117, 0.007421400776634446, 0.00727608618662412, 0.007342732666029583, 0.007421400776634446, 0.0, 0.006904292014187741, 0.007192529606213194, 0.007163955698386237, 0.006678004800249271, 0.007217098292866764, 0.007209846075322934, 0.0071288658310235675, 0.00708532778811799, 0.006456027878945614, 0.0073502203101440955, 0.007145267149519352, 0.0071597830498266735, 0.007412479033009012, 0.0073338123157160595, 0.00711555429251165, 0.006863181924452011, 0.006827200626684293, 0.007084244844765886, 0.007231325631763319, 0.007421400776634446, 0.007342732666029583, 0.006964898845505774, 0.007359140951060272, 0.007197440768317742, 0.007074125697353217, 0.00726407684062802, 0.007331990397355881], [0.007262255174513399, 0.006463546340696125, 0.007491158038057222, 0.00717287304064107, 0.0071308135121115335, 0.00704842250653237, 0.007303233726806413, 0.007267167016619114, 0.0073502203101440955, 0.007491158038057222, 0.007388639336356251, 0.006904292014187741, 0.0, 0.0074288895902894225, 0.007132177876265189, 0.006930336904647616, 0.007491158038057222, 0.00727608618662412, 0.007401735276745924, 0.007331990397355881, 0.006535683312796081, 0.007229504084109939, 0.007140127762397919, 0.006924161887947422, 0.007256649113406732, 0.005145183764483141, 0.007183611915884569, 0.006309614233612537, 0.007116986489193788, 0.007491158038057222, 0.007331990397355881, 0.0074352361596699, 0.0074352361596699, 0.007412479033009012, 0.007401735276745924, 0.006841013665784379, 0.007365486641667696, 0.007491158038057222, 0.007345823324655498], [0.007242595887318126, 0.007491158038057222, 0.007269741622282444, 0.006004612064423487, 0.0069667194362215135, 0.0074288895902894225, 0.007401735276745924, 0.00540045860274585, 0.0074288895902894225, 0.0061346265200776795, 0.006063680246997105, 0.007192529606213194, 0.0074288895902894225, 0.0, 0.006228047874673681, 0.007009800750695128, 0.007388639336356251, 0.007105719044389502, 0.007239846593106947, 0.007026198191385724, 0.007339477881774581, 0.007112523666271908, 0.0069459890374534705, 0.0072729959559065804, 0.007491158038057222, 0.006807552290663876, 0.0070713379569022905, 0.007250082042854711, 0.0074288895902894225, 0.007412479033009012, 0.007401735276745924, 0.005375234377311244, 0.007142172874169184, 0.007345823324655498, 0.006705172657253566, 0.006543852247656634, 0.00727608618662412, 0.007277907902766723, 0.007184350138897733], [0.006905947392429335, 0.007187843390223492, 0.007342732666029583, 0.005437308975974053, 0.006798647443465811, 0.007332728837895264, 0.006996714998335207, 0.005999025023224913, 0.007194186922887313, 0.007224584069393858, 0.005541990649660544, 0.007163955698386237, 0.007132177876265189, 0.006228047874673681, 0.0, 0.007001108936684375, 0.0074352361596699, 0.0066864425603760935, 0.0072533362494460185, 0.007077902696901672, 0.007309976342057212, 0.007003284795216169, 0.007015685319947451, 0.007267167016619114, 0.007318896270219533, 0.006909040216421358, 0.007103897951018734, 0.006871564197584057, 0.00717287304064107, 0.007204405882381915, 0.007243334196799234, 0.005106765251646772, 0.007388639336356251, 0.007140127762397919, 0.006949246124825059, 0.0059859655268894585, 0.007233677310396702, 0.007191097194667373, 0.0066242735414234755], [0.007110643928941007, 0.006487171392904667, 0.007296888820470748, 0.007331990397355881, 0.007099153941738878, 0.007491158038057222, 0.007401735276745924, 0.0073338123157160595, 0.006531463340561983, 0.006126697172136986, 0.007229504084109939, 0.006678004800249271, 0.006930336904647616, 0.007009800750695128, 0.007001108936684375, 0.0, 0.007491158038057222, 0.0074288895902894225, 0.0072729959559068025, 0.006728067810897631, 0.006028215575859308, 0.006965641593501326, 0.006819540046770323, 0.006966554229420163, 0.007331990397355881, 0.0073338123157160595, 0.006857793358551856, 0.006016072253386406, 0.007351653174331174, 0.007421400776634446, 0.007138520707754337, 0.007267167016619114, 0.0070079692939413185, 0.007323070237293061, 0.006856144166606848, 0.006962383216353452, 0.007140127762397919, 0.00710594291565525, 0.007401735276745924], [0.007269741622282444, 0.007323070237293061, 0.007365486641667696, 0.007331990397355881, 0.007025508098999822, 0.002565245480813605, 0.007342732666029583, 0.007309976342057212, 0.007179439104453733, 0.007491158038057222, 0.007207718424485421, 0.007217098292866764, 0.007491158038057222, 0.007388639336356251, 0.0074352361596699, 0.007491158038057222, 0.0, 0.007421400776634446, 0.007412479033009012, 0.006694391437167768, 0.0074288895902894225, 0.006717332621379191, 0.00613084455405799, 0.00727608618662412, 0.0073123283879721335, 0.007118122092073298, 0.00726407684062802, 0.007491158038057222, 0.0074288895902894225, 0.007491158038057222, 0.007070419100503766, 0.007231325631763319, 0.007323070237293061, 0.007331990397355881, 0.007323070237293061, 0.007220585739027285, 0.006347436775886894, 0.007260822564635561, 0.0071736112479123815], [0.007229504084109939, 0.007345823324655498, 0.007090071667140263, 0.006926331385159967, 0.0058860347918201494, 0.007401735276745924, 0.007326383559981942, 0.007491158038057222, 0.0074288895902894225, 0.0074288895902894225, 0.007491158038057222, 0.007209846075322934, 0.00727608618662412, 0.007105719044389502, 0.0066864425603760935, 0.0074288895902894225, 0.007421400776634446, 0.0, 0.0062747597106938, 0.0071288658310235675, 0.0074352361596699, 0.006847697533604258, 0.007326383559981942, 0.007183611915884347, 0.007318896270219533, 0.006897554828871, 0.007097555555620305, 0.007221330048583496, 0.007110643928941007, 0.007105719044389502, 0.007412479033009012, 0.007491158038057222, 0.007262255174513177, 0.007401735276745924, 0.007412479033009012, 0.0073123283879721335, 0.00717469438346896, 0.007260822564635561, 0.0014263560191145608], [0.007169089296981124, 0.00715161014587995, 0.007401735276745924, 0.007412479033009012, 0.0071869243212125955, 0.007244417482324295, 0.007491158038057222, 0.0074288895902894225, 0.006036605496665848, 0.007113897234604538, 0.007057331772676534, 0.0071288658310235675, 0.007401735276745924, 0.007239846593106947, 0.0072533362494460185, 0.0072729959559068025, 0.007412479033009012, 0.0062747597106938, 0.0, 0.006944164831886646, 0.0072868272629906805, 0.007063854458069008, 0.007267167016619114, 0.007096123414202404, 0.006969812633561556, 0.007421400776634446, 0.007090990559401211, 0.0072729959559068025, 0.007074634065498797, 0.007351653174330952, 0.007201836458542443, 0.007249162860253566, 0.005974516712125233, 0.007379320488946295, 0.006860663307869164, 0.007491158038057222, 0.006689699151961603, 0.007070419100503766, 0.0062747597106938], [0.006888476190035631, 0.007323070237293061, 0.0070280705932446175, 0.006969812633561556, 0.007412479033009012, 0.006849187557472991, 0.007318896270219533, 0.006942683062035382, 0.007154178129305411, 0.0071288658310235675, 0.0068622694759001845, 0.00708532778811799, 0.007331990397355881, 0.007026198191385724, 0.007077902696901672, 0.006728067810897631, 0.006694391437167768, 0.0071288658310235675, 0.006944164831886646, 0.0, 0.007262993512815674, 0.006712641305431699, 0.007044192203601307, 0.007169089296981124, 0.00709606479654834, 0.007188522991022017, 0.006835582300726228, 0.007331990397355881, 0.007158350731422347, 0.007229504084109939, 0.006830277416201458, 0.006847756122349669, 0.007061503572369121, 0.006963806441925957, 0.006878647550018657, 0.006949246124825059, 0.006951814260082845, 0.007323070237293061, 0.007066642157088854], [0.0067755158329501075, 0.006241828945989569, 0.007359140951060272, 0.007323070237293061, 0.007401735276745924, 0.0074352361596699, 0.007421400776634446, 0.007412479033009012, 0.007412479033009012, 0.007401735276745924, 0.0071508659393626495, 0.006456027878945614, 0.006535683312796081, 0.007339477881774581, 0.007309976342057212, 0.006028215575859308, 0.0074288895902894225, 0.0074352361596699, 0.0072868272629906805, 0.007262993512815674, 0.0, 0.007050243399281841, 0.006601843306318633, 0.0056447001835873145, 0.007339477881774581, 0.0074288895902894225, 0.007302713254951021, 0.005845394774675716, 0.006615714749378165, 0.0070656754066253935, 0.007318896270219533, 0.007421400776634446, 0.007491158038057222, 0.004750680759656678, 0.0070729841631254065, 0.006943584947454395, 0.00728357283999248, 0.007154343397677065, 0.007491158038057222], [0.0068868220527713575, 0.007127038622729787, 0.00698036759604026, 0.007310720783733737, 0.00702454142750919, 0.006684564413235394, 0.007059674101774105, 0.006996035656356758, 0.007068074214660713, 0.007331990397355881, 0.0071050395553302614, 0.0073502203101440955, 0.007229504084109939, 0.007112523666271908, 0.007003284795216169, 0.006965641593501326, 0.006717332621379191, 0.006847697533604258, 0.007063854458069008, 0.006712641305431699, 0.007050243399281841, 0.0, 0.006988553276613185, 0.0070942437380918655, 0.007112523666271908, 0.00693176857459088, 0.0072894019691593925, 0.007102465791562151, 0.007088639547006892, 0.007240988505649026, 0.007053332263375234, 0.007085386404522165, 0.007280482563338353, 0.0072063587035331444, 0.0074288895902894225, 0.007013334659133452, 0.006508116026596955, 0.007107604794315714, 0.00658637765382486], [0.00705167541021523, 0.006964500305196575, 0.007331990397355881, 0.007244417482324295, 0.006929822846921452, 0.006143907812266258, 0.0071092117502977725, 0.007220585739027285, 0.007068987036263241, 0.007339477881774581, 0.0069057822055687, 0.007145267149519352, 0.007140127762397919, 0.0069459890374534705, 0.007015685319947451, 0.006819540046770323, 0.00613084455405799, 0.007326383559981942, 0.007267167016619114, 0.007044192203601307, 0.006601843306318633, 0.006988553276613185, 0.0, 0.007209846075322934, 0.0072729959559065804, 0.007326383559981942, 0.00717469438346896, 0.006737889657640883, 0.007219672642581276, 0.007116986489193788, 0.0067191583433325874, 0.007220585739027285, 0.007204405882381915, 0.007351653174331174, 0.007032024342081167, 0.007075551745612918, 0.006763129754533637, 0.007491158038057222, 0.007264135477841771], [0.007052588202089982, 0.007223898387557881, 0.007356565888363642, 0.0072533362494460185, 0.006994894299154675, 0.007295746781176504, 0.007356565888363642, 0.007359140951060272, 0.007401735276745924, 0.007342732666029583, 0.007013112012866918, 0.0071597830498266735, 0.006924161887947422, 0.0072729959559065804, 0.007267167016619114, 0.006966554229420163, 0.00727608618662412, 0.007183611915884347, 0.007096123414202404, 0.007169089296981124, 0.0056447001835873145, 0.0070942437380918655, 0.007209846075322934, 0.0, 0.007366628839105216, 0.007296888820470748, 0.007088639547006892, 0.0073123283879721335, 0.00640769448947931, 0.0071508659393626495, 0.0071508659393626495, 0.0073107207837341814, 0.0073502203101440955, 0.004514378400488406, 0.0074288895902894225, 0.0074288895902894225, 0.0074352361596699, 0.007401735276745924, 0.007121381477195321], [0.006983858248787778, 0.0070100233954975, 0.0073123283879721335, 0.007303233726806413, 0.0069992882216149965, 0.007250082042854711, 0.007351653174330952, 0.007491158038057222, 0.00623219125369312, 0.007491158038057222, 0.007491158038057222, 0.007412479033009012, 0.007256649113406732, 0.007491158038057222, 0.007318896270219533, 0.007331990397355881, 0.0073123283879721335, 0.007318896270219533, 0.006969812633561556, 0.00709606479654834, 0.007339477881774581, 0.007112523666271908, 0.0072729959559065804, 0.007366628839105216, 0.0, 0.007302713254951021, 0.006979405856905263, 0.007388639336356251, 0.00729431407602843, 0.007491158038057222, 0.007351653174330952, 0.0074288895902894225, 0.006900127545398371, 0.006992549765005185, 0.006850313033049282, 0.0064579111966325264, 0.006925205739627405, 0.004481764100086494, 0.007318896270219533], [0.007254074574672531, 0.00727608618662412, 0.0074288895902894225, 0.006808237405749651, 0.007015626711656564, 0.007090990559401211, 0.007401735276745924, 0.0062247297325594975, 0.007372454080122992, 0.0074288895902894225, 0.00673879720280679, 0.0073338123157160595, 0.005145183764483141, 0.006807552290663876, 0.006909040216421358, 0.0073338123157160595, 0.007118122092073298, 0.006897554828871, 0.007421400776634446, 0.007188522991022017, 0.0074288895902894225, 0.00693176857459088, 0.007326383559981942, 0.007296888820470748, 0.007302713254951021, 0.0, 0.006979405856905263, 0.007339477881774581, 0.007256426359535606, 0.007491158038057222, 0.007345823324655498, 0.005872241926986543, 0.006932687177995556, 0.007401735276745924, 0.006911996926829422, 0.006613488028959891, 0.007332728837895264, 0.0074288895902894225, 0.006663322131079674], [0.006800757816566527, 0.007200232898649128, 0.007059158728043968, 0.007256426359535606, 0.007163780897474492, 0.007112465046708483, 0.0071262919454728735, 0.007101727688579418, 0.006820458445419009, 0.0069787265382807995, 0.007153217242297005, 0.00711555429251165, 0.007183611915884569, 0.0070713379569022905, 0.007103897951018734, 0.006857793358551856, 0.00726407684062802, 0.007097555555620305, 0.007090990559401211, 0.006835582300726228, 0.007302713254951021, 0.0072894019691593925, 0.00717469438346896, 0.007088639547006892, 0.006979405856905263, 0.006979405856905263, 0.0, 0.007293793613390553, 0.007163955698386237, 0.007086294576313268, 0.007110643928941007, 0.006950164760119115, 0.006989461273767539, 0.007222937367509896, 0.006832330792907015, 0.006959078316986389, 0.007187843390223492, 0.006875783526379298, 0.007124693473211208], [0.007271563315476071, 0.006495786546980353, 0.005870122257778387, 0.007421400776634446, 0.007124470777699843, 0.007372974624051176, 0.007359140951060272, 0.0074288895902894225, 0.007491158038057222, 0.007262255174513399, 0.007326383559981942, 0.006863181924452011, 0.006309614233612537, 0.007250082042854711, 0.006871564197584057, 0.006016072253386406, 0.007491158038057222, 0.007221330048583496, 0.0072729959559068025, 0.007331990397355881, 0.005845394774675716, 0.007102465791562151, 0.006737889657640883, 0.0073123283879721335, 0.007388639336356251, 0.007339477881774581, 0.007293793613390553, 0.0, 0.0074288895902894225, 0.0070871488143302575, 0.006962845918135674, 0.007351653174330952, 0.007365486641667696, 0.0074288895902894225, 0.007060590764332408, 0.006765523267545204, 0.007231325631763319, 0.007003502591211186, 0.007401735276745924], [0.006974042311620021, 0.007264135477841771, 0.007006770760890957, 0.007331990397355881, 0.007153217242297005, 0.0073123283879721335, 0.006735487744391033, 0.007421400776634446, 0.007339477881774581, 0.00727608618662412, 0.007421400776634446, 0.006827200626684293, 0.007116986489193788, 0.0074288895902894225, 0.00717287304064107, 0.007351653174331174, 0.0074288895902894225, 0.007110643928941007, 0.007074634065498797, 0.007158350731422347, 0.006615714749378165, 0.007088639547006892, 0.007219672642581276, 0.00640769448947931, 0.00729431407602843, 0.007256426359535606, 0.007163955698386237, 0.0074288895902894225, 0.0, 0.006168276145000595, 0.007299234771993124, 0.007421400776634446, 0.007412479033009012, 0.00625308658082413, 0.007342732666029583, 0.0072533362494460185, 0.0069341103196254306, 0.0072894019691593925, 0.007351653174330952], [0.006796059695815204, 0.007244417482324295, 0.0060968639340257536, 0.007342732666029583, 0.007059152697644899, 0.007491158038057222, 0.0071508659393626495, 0.0073165453781751655, 0.007491158038057222, 0.007236990045041747, 0.007401735276745924, 0.007084244844765886, 0.007491158038057222, 0.007412479033009012, 0.007204405882381915, 0.007421400776634446, 0.007491158038057222, 0.007105719044389502, 0.007351653174330952, 0.007229504084109939, 0.0070656754066253935, 0.007240988505649026, 0.007116986489193788, 0.0071508659393626495, 0.007491158038057222, 0.007491158038057222, 0.007086294576313268, 0.0070871488143302575, 0.006168276145000595, 0.0, 0.0069057822055687, 0.007372454080122992, 0.007359140951060272, 0.007144300248095314, 0.007351653174331174, 0.0071649177900710015, 0.006923036247265868, 0.007331990397355881, 0.007309976342057212], [0.0072533362494460185, 0.007179439104453733, 0.006378258198104225, 0.007155038514035095, 0.007191097194667373, 0.007209846075322934, 0.007342732666029583, 0.007412479033009012, 0.007331990397355881, 0.007217098292866764, 0.0073502203101440955, 0.007231325631763319, 0.007331990397355881, 0.007401735276745924, 0.007243334196799234, 0.007138520707754337, 0.007070419100503766, 0.007412479033009012, 0.007201836458542443, 0.006830277416201458, 0.007318896270219533, 0.007053332263375234, 0.0067191583433325874, 0.0071508659393626495, 0.007351653174330952, 0.007345823324655498, 0.007110643928941007, 0.006962845918135674, 0.007299234771993124, 0.0069057822055687, 0.0, 0.007323070237293061, 0.007379320488946295, 0.007342732666029583, 0.007339477881774581, 0.007188522991022017, 0.007121381477195099, 0.00728357283999248, 0.007412479033009012], [0.006983115473918833, 0.007491158038057222, 0.007491158038057222, 0.0036633921147140036, 0.007230928064872355, 0.007264135477841771, 0.007345823324655498, 0.0026061891834225914, 0.007332728837895264, 0.007412479033009012, 0.003977251707717455, 0.007421400776634446, 0.0074352361596699, 0.005375234377311244, 0.005106765251646772, 0.007267167016619114, 0.007231325631763319, 0.007491158038057222, 0.007249162860253566, 0.006847756122349669, 0.007421400776634446, 0.007085386404522165, 0.007220585739027285, 0.0073107207837341814, 0.0074288895902894225, 0.005872241926986543, 0.006950164760119115, 0.007351653174330952, 0.007421400776634446, 0.007372454080122992, 0.007323070237293061, 0.0, 0.007042812795195141, 0.007299234771993124, 0.005527239574843579, 0.0040664637712077845, 0.007323070237293061, 0.007309578713074805, 0.0072835728399927024], [0.007194409649230682, 0.0073123283879721335, 0.007262255174513177, 0.0072271584573746495, 0.007170745546005719, 0.007309976342057212, 0.007345823324655498, 0.007240244167038501, 0.0042072287569174804, 0.007269741622282444, 0.0073502203101440955, 0.007342732666029583, 0.0074352361596699, 0.007142172874169184, 0.007388639336356251, 0.0070079692939413185, 0.007323070237293061, 0.007262255174513177, 0.005974516712125233, 0.007061503572369121, 0.007491158038057222, 0.007280482563338353, 0.007204405882381915, 0.0073502203101440955, 0.006900127545398371, 0.006932687177995556, 0.006989461273767539, 0.007365486641667696, 0.007412479033009012, 0.007359140951060272, 0.007379320488946295, 0.007042812795195141, 0.0, 0.007326383559981942, 0.0059505121583816045, 0.007412479033009012, 0.007249162860253788, 0.007339477881774581, 0.007401735276745924], [0.007068987036263241, 0.00726407684062802, 0.007491158038057222, 0.007231325631763319, 0.007339477881774581, 0.007299234771993124, 0.007342732666029583, 0.007280482563338353, 0.007191097194667373, 0.007491158038057222, 0.007339477881774581, 0.006964898845505774, 0.007412479033009012, 0.007345823324655498, 0.007140127762397919, 0.007323070237293061, 0.007331990397355881, 0.007401735276745924, 0.007379320488946295, 0.006963806441925957, 0.004750680759656678, 0.0072063587035331444, 0.007351653174331174, 0.004514378400488406, 0.006992549765005185, 0.007401735276745924, 0.007222937367509896, 0.0074288895902894225, 0.00625308658082413, 0.007144300248095314, 0.007342732666029583, 0.007299234771993124, 0.007326383559981942, 0.0, 0.007254074574672531, 0.007401735276745924, 0.007124470777699843, 0.007304375783077521, 0.0074352361596699], [0.006992549765005185, 0.007491158038057222, 0.007359140951060272, 0.005974288507564651, 0.007491158038057222, 0.007174753010276591, 0.007339477881774581, 0.0060200120417135405, 0.0059950278979190585, 0.0074288895902894225, 0.006432457988738038, 0.007359140951060272, 0.007401735276745924, 0.006705172657253566, 0.006949246124825059, 0.006856144166606848, 0.007323070237293061, 0.007412479033009012, 0.006860663307869164, 0.006878647550018657, 0.0070729841631254065, 0.0074288895902894225, 0.007032024342081167, 0.0074288895902894225, 0.006850313033049282, 0.006911996926829422, 0.006832330792907015, 0.007060590764332408, 0.007342732666029583, 0.007351653174331174, 0.007339477881774581, 0.005527239574843579, 0.0059505121583816045, 0.007254074574672531, 0.0, 0.006446610650394424, 0.007256649113406732, 0.007256649113406732, 0.0073502203101440955], [0.007002764633280645, 0.007061503572369121, 0.0074352361596699, 0.005144666506887274, 0.0074352361596699, 0.007277228181337803, 0.00717287304064107, 0.004841108456135501, 0.007309976342057212, 0.007366628839105216, 0.005404844632470152, 0.007197440768317742, 0.006841013665784379, 0.006543852247656634, 0.0059859655268894585, 0.006962383216353452, 0.007220585739027285, 0.0073123283879721335, 0.007491158038057222, 0.006949246124825059, 0.006943584947454395, 0.007013334659133452, 0.007075551745612918, 0.0074288895902894225, 0.0064579111966325264, 0.006613488028959891, 0.006959078316986389, 0.006765523267545204, 0.0072533362494460185, 0.0071649177900710015, 0.007188522991022017, 0.0040664637712077845, 0.007412479033009012, 0.007401735276745924, 0.006446610650394424, 0.0, 0.007309976342057212, 0.006146831212003434, 0.007200015017547967], [0.007169089296981124, 0.007351653174330952, 0.0070256780057786905, 0.007183611915884347, 0.007331990397355881, 0.006282003142348724, 0.006742966363810998, 0.0071218969146138456, 0.007122813690450869, 0.006867177417768433, 0.007163955698386237, 0.007074125697353217, 0.007365486641667696, 0.00727608618662412, 0.007233677310396702, 0.007140127762397919, 0.006347436775886894, 0.00717469438346896, 0.006689699151961603, 0.006951814260082845, 0.00728357283999248, 0.006508116026596955, 0.006763129754533637, 0.0074352361596699, 0.006925205739627405, 0.007332728837895264, 0.007187843390223492, 0.007231325631763319, 0.0069341103196254306, 0.006923036247265868, 0.007121381477195099, 0.007323070237293061, 0.007249162860253788, 0.007124470777699843, 0.007256649113406732, 0.007309976342057212, 0.0, 0.007331990397355881, 0.0070860658670619525], [0.007198582584710289, 0.006660230816397661, 0.007104816868510833, 0.007372974624050954, 0.006960898886654521, 0.007401735276745924, 0.007491158038057222, 0.0074352361596699, 0.007372974624050954, 0.007491158038057222, 0.007491158038057222, 0.00726407684062802, 0.007491158038057222, 0.007277907902766723, 0.007191097194667373, 0.00710594291565525, 0.007260822564635561, 0.007260822564635561, 0.007070419100503766, 0.007323070237293061, 0.007154343397677065, 0.007107604794315714, 0.007491158038057222, 0.007401735276745924, 0.004481764100086494, 0.0074288895902894225, 0.006875783526379298, 0.007003502591211186, 0.0072894019691593925, 0.007331990397355881, 0.00728357283999248, 0.007309578713074805, 0.007339477881774581, 0.007304375783077521, 0.007256649113406732, 0.006146831212003434, 0.007331990397355881, 0.0, 0.007323070237293061], [0.0070704191005039885, 0.007401735276745924, 0.007401735276745924, 0.007074634065498797, 0.005935060496705669, 0.007421400776634446, 0.007179439104453733, 0.0074352361596699, 0.007491158038057222, 0.007491158038057222, 0.007491158038057222, 0.007331990397355881, 0.007345823324655498, 0.007184350138897733, 0.0066242735414234755, 0.007401735276745924, 0.0071736112479123815, 0.0014263560191145608, 0.0062747597106938, 0.007066642157088854, 0.007491158038057222, 0.00658637765382486, 0.007264135477841771, 0.007121381477195321, 0.007318896270219533, 0.006663322131079674, 0.007124693473211208, 0.007401735276745924, 0.007351653174330952, 0.007309976342057212, 0.007412479033009012, 0.0072835728399927024, 0.007401735276745924, 0.0074352361596699, 0.0073502203101440955, 0.007200015017547967, 0.0070860658670619525, 0.007323070237293061, 0.0]]