[[1.0, 0.6590217423242812, 0.6240483813561479, 0.7272658020251054, 0.8460638202808575, 0.5955302635838058, 0.7162806614856805, 0.5651392157021874, 0.657259549176454, 0.4669018274594732, 0.6601410243892181, 0.7797699690656851, 0.6515691398730392, 0.76086197098647, 0.7154165009838686, 0.7132805236499655, 0.4653352285875726, 0.5625755895315929, 0.8367686684980765, 0.9158598659491729, 0.6053557769964328, 0.9491617221056478, 0.8528023244196278, 0.7703138723331496, 0.7626991226888623, 0.6952294045789379, 0.9808153804852547, 0.7454109123181474, 0.8252476883284778, 0.7418478425456873, 0.694788136898168, 0.4581735703670651, 0.7904678405664718, 0.5937386778635062, 0.7206029498771692, 0.6213072762319223, 0.9190221196110061, 0.747515167725517, 0.4583924314898998], [0.6590217423242812, 1.0, 0.8841768488223354, 0.9044118815074358, 0.7882387587152767, 0.8228438763373838, 0.8477586951555569, 0.7965517986319398, 0.9049459498567348, 0.6271985103277642, 0.9141023921947938, 0.824683375406401, 0.8929704546395288, 0.805980735572748, 0.9388451146450475, 0.949134554476279, 0.624989668645566, 0.758053224223507, 0.7680547221407826, 0.6991804491339847, 0.8516543420050119, 0.6988536164931995, 0.8004266923107108, 0.8380620976144078, 0.8996773056264518, 0.9434848263206173, 0.6589806728410667, 0.8384604156914909, 0.7616355107834742, 0.8821002368659993, 0.9565783146565805, 0.6092352652791105, 0.8222140806849935, 0.820627826541723, 0.9022707106593277, 0.9197354334718527, 0.6882919938937363, 0.8419133918342623, 0.6083476031876718], [0.6240483813561479, 0.8841768488223354, 1.0, 0.9011160954677282, 0.7377924635809492, 0.9612867565830091, 0.9072425400151855, 0.9352761559097793, 0.9652844460341743, 0.7543088349835009, 0.9718277182045307, 0.8021644494572542, 0.9735385479926777, 0.7782946827860333, 0.8933319436359838, 0.8675915199122413, 0.6970747971000946, 0.8978929506231834, 0.7201949644689181, 0.6623488217291379, 0.9635147097147148, 0.6625943538787424, 0.7313598075726864, 0.8165030414034992, 0.8694927725278913, 0.8760797280075212, 0.6263197257862811, 0.8349051774667425, 0.7158861532554133, 0.8432950446755378, 0.8962969965392228, 0.7195564494525156, 0.8134881033811723, 0.9594111757339481, 0.842473147854207, 0.9253792025888615, 0.6524100653727348, 0.854871482219863, 0.6998869771579667], [0.7272658020251054, 0.9044118815074358, 0.9011160954677282, 1.0, 0.8739323147949222, 0.8614736541685534, 0.9228574237413025, 0.8186534702801614, 0.93953601177139, 0.579162613040974, 0.9483890112474666, 0.9582885739741511, 0.9464774166432737, 0.9015418691394728, 0.9766316237292044, 0.9590197867944007, 0.5744959022447418, 0.7910394691177716, 0.8658240853627217, 0.7841720390111178, 0.891641858684455, 0.783115586113187, 0.8665667263132104, 0.9603078164837874, 0.9698053299040078, 0.9562408936645853, 0.738612493913777, 0.927105366600593, 0.8615033520885561, 0.9692051927880906, 0.9652502047635746, 0.5624645406953984, 0.9382806432596712, 0.8576302942341981, 0.9374159056684844, 0.8377672084747144, 0.7733057104299533, 0.927256968885592, 0.5624130061505676], [0.8460638202808575, 0.7882387587152767, 0.7377924635809492, 0.8739323147949222, 1.0, 0.6939153243959122, 0.8107753329929294, 0.6576379264401048, 0.7785542318831818, 0.5315255622260141, 0.778651792821147, 0.9276671798268648, 0.7688295611093632, 0.8607802890592371, 0.8587804565978423, 0.8625218315085377, 0.5328243096149499, 0.6461829541848347, 0.9233135511749941, 0.9230929503797992, 0.7103755754855423, 0.9176988246794502, 0.9670391019262338, 0.9213879195753397, 0.8932765292111163, 0.8441740175175868, 0.8601267456962015, 0.8484476593066149, 0.9624325955580578, 0.8857912446622562, 0.8416619817760038, 0.5214328646635369, 0.9001712769502059, 0.6939987258339241, 0.881852478548681, 0.7395498548771312, 0.9098903650803545, 0.839054789366535, 0.5223385734169844], [0.5955302635838058, 0.8228438763373838, 0.9612867565830091, 0.8614736541685534, 0.6939153243959122, 1.0, 0.9223230309487712, 0.962772872038105, 0.9593630342341313, 0.7874977806755628, 0.9435393655535702, 0.7826479125163769, 0.962353028408468, 0.7723088591140888, 0.8349168595848794, 0.802563959426995, 0.732108444233389, 0.9436579197538719, 0.705285748295475, 0.6319110068980411, 0.9764311040998906, 0.6303727587447819, 0.6866687010388627, 0.790517017276167, 0.8424613867602112, 0.8198885450102222, 0.6026209359952498, 0.8435359496111522, 0.6953326836096154, 0.8058622925304647, 0.8339672634558226, 0.7453966097997357, 0.8262911203247882, 0.9790828187023508, 0.784489466766474, 0.8587114502869478, 0.6258739446504598, 0.8626177586415047, 0.7254193496262926], [0.7162806614856805, 0.8477586951555569, 0.9072425400151855, 0.9228574237413025, 0.8107753329929294, 0.9223230309487712, 1.0, 0.8491215429304139, 0.9491712032384805, 0.6279274235365729, 0.9385652673228078, 0.8898142213355247, 0.9455557553805208, 0.9191333637292705, 0.9006118918466453, 0.8703345201871536, 0.5745953552794277, 0.8604932240326654, 0.8609327270320001, 0.7884790751976332, 0.960323585524696, 0.7572402032342567, 0.8151653299487758, 0.8979699731288083, 0.9340494219510694, 0.8774546129831058, 0.7243380126619755, 0.9675134743398639, 0.8369968630282418, 0.9094370348390138, 0.887651558252246, 0.5979451567303296, 0.9406513034518937, 0.8925798924243219, 0.8593366631709878, 0.8210624276011274, 0.7777669976583751, 0.9749744034404623, 0.5652846005157174], [0.5651392157021874, 0.7965517986319398, 0.9352761559097793, 0.8186534702801614, 0.6576379264401048, 0.962772872038105, 0.8491215429304139, 1.0, 0.9132686070642113, 0.8583202187174634, 0.9011368218048602, 0.7243162832570703, 0.918426010765891, 0.7054099662360445, 0.7955892328904588, 0.7690223382047026, 0.7962122862453861, 0.9623792804929698, 0.6427515422586616, 0.5964322793874829, 0.936230389143427, 0.5960047664288025, 0.6537029027083653, 0.7356983881568212, 0.7858746159036376, 0.7830602959745993, 0.5679486694356194, 0.7683579311011629, 0.6402036088940778, 0.7543370635407879, 0.7955537634692829, 0.8152461629519964, 0.7457994685903082, 0.9716029735235056, 0.7483533265295483, 0.8432238106844794, 0.5890555381790853, 0.7900625909092965, 0.7887312950180467], [0.657259549176454, 0.9049459498567348, 0.9652844460341743, 0.93953601177139, 0.7785542318831818, 0.9593630342341313, 0.9491712032384805, 0.9132686070642113, 1.0, 0.6921879419486142, 0.978946928000558, 0.8780425851321142, 0.9859966305587958, 0.8539619934488855, 0.9200308518875738, 0.8987907014978948, 0.6158835287843258, 0.8831901455088226, 0.7895895415744233, 0.7015404431813358, 0.9723647636314328, 0.699288028324484, 0.774189338540911, 0.8830365869482845, 0.9258372687997333, 0.9103945090739045, 0.6648225691663562, 0.9085754787542073, 0.7758835956391338, 0.9004993596734451, 0.9176466572025225, 0.6562576112110013, 0.9029546548568964, 0.9489007636038781, 0.8704378401317892, 0.8853532989770477, 0.6941626691414633, 0.9201496297566611, 0.6217054199206422], [0.4669018274594732, 0.6271985103277642, 0.7543088349835009, 0.579162613040974, 0.5315255622260141, 0.7874977806755628, 0.6279274235365729, 0.8583202187174634, 0.6921879419486142, 1.0, 0.694181042932618, 0.5420618201258766, 0.6968447206781082, 0.5267059387783999, 0.5947360200389754, 0.605177099885865, 0.9475546534580404, 0.8767795876434703, 0.5193257604392629, 0.48703451715263474, 0.7459382386552921, 0.48721779821307826, 0.533873042132942, 0.5415787141807222, 0.5660650227270665, 0.5892688011478305, 0.4660401523369268, 0.546930861650052, 0.5152918865696584, 0.5588610157155914, 0.613231463630196, 0.9826115380007261, 0.530063667851136, 0.7854605380110524, 0.5777300745152025, 0.6901058331763167, 0.48051177970981984, 0.566663234276585, 0.9765508882072583], [0.6601410243892181, 0.9141023921947938, 0.9718277182045307, 0.9483890112474666, 0.778651792821147, 0.9435393655535702, 0.9385652673228078, 0.9011368218048602, 0.978946928000558, 0.694181042932618, 1.0, 0.8733028286677916, 0.9834901771508602, 0.840346054493544, 0.9380513601753652, 0.9107634101323816, 0.6299284176580094, 0.8695186378794821, 0.7763905203926045, 0.7029908344153235, 0.9593503715985943, 0.7030599534340725, 0.7760384934378964, 0.8821060582673581, 0.9264093627002747, 0.919305421373412, 0.665418009951116, 0.8961057722031981, 0.7651399872145259, 0.9025483980110977, 0.929369681081866, 0.6602408755038265, 0.8856435106629562, 0.9367788019309298, 0.8845788266610649, 0.9264489677704267, 0.69411372605244, 0.9071511488728907, 0.6250263439814666], [0.7797699690656851, 0.824683375406401, 0.8021644494572542, 0.9582885739741511, 0.9276671798268648, 0.7826479125163769, 0.8898142213355247, 0.7243162832570703, 0.8780425851321142, 0.5420618201258766, 0.8733028286677916, 1.0, 0.8702868683664753, 0.9355771017268802, 0.9422964477251641, 0.9249293832376432, 0.5409112759723279, 0.7234851528763818, 0.9302450537257934, 0.844425364549195, 0.8081067488377203, 0.8422785511713087, 0.9207597129438815, 0.9869548846485632, 0.9676798039121494, 0.9213180874352935, 0.7923150521287636, 0.9303946894826939, 0.9373617935376065, 0.9775546287668807, 0.9114721677439211, 0.5307207422293163, 0.9621307196992698, 0.7748295861465138, 0.9370094721329394, 0.7589120524699986, 0.8323893200579782, 0.9157917837764467, 0.5304083340934894], [0.6515691398730392, 0.8929704546395288, 0.9735385479926777, 0.9464774166432737, 0.7688295611093632, 0.962353028408468, 0.9455557553805208, 0.918426010765891, 0.9859966305587958, 0.6968447206781082, 0.9834901771508602, 0.8702868683664753, 1.0, 0.8358637744466489, 0.9255349077951766, 0.8929660813902524, 0.6196969054395564, 0.8874616788403302, 0.7691932065952707, 0.69575588910621, 0.973568996187457, 0.6936416173847413, 0.7638204682226877, 0.8797826804872239, 0.924212003362309, 0.9093143741376006, 0.6581849100682177, 0.8977591019745723, 0.7565889681991399, 0.8941282912589481, 0.9190335506623732, 0.6609908457662665, 0.887308708438024, 0.9550337013034512, 0.8725586511083209, 0.8905801776468759, 0.6861281760180963, 0.9137952857459642, 0.6262698951869548], [0.76086197098647, 0.805980735572748, 0.7782946827860333, 0.9015418691394728, 0.8607802890592371, 0.7723088591140888, 0.9191333637292705, 0.7054099662360445, 0.8539619934488855, 0.5267059387783999, 0.840346054493544, 0.9355771017268802, 0.8358637744466489, 1.0, 0.8935987032614369, 0.8768486572684349, 0.5248960295811083, 0.72506743648392, 0.9386180248181213, 0.8490946355015394, 0.8174311086652345, 0.8064125870434407, 0.8709949157417829, 0.9359750413940977, 0.9371947133966717, 0.8737157306507017, 0.7750929538008389, 0.9666417214581238, 0.9008811274063265, 0.9387209343181864, 0.8701977354422288, 0.5152552043083259, 0.958274616569931, 0.752387450360805, 0.880060094616871, 0.7310016443895606, 0.8352976811723974, 0.9544777046998828, 0.5150001314614638], [0.7154165009838686, 0.9388451146450475, 0.8933319436359838, 0.9766316237292044, 0.8587804565978423, 0.8349168595848794, 0.9006118918466453, 0.7955892328904588, 0.9200308518875738, 0.5947360200389754, 0.9380513601753652, 0.9422964477251641, 0.9255349077951766, 0.8935987032614369, 1.0, 0.9735032830987514, 0.6012877369245945, 0.7687703455019862, 0.8491054770373978, 0.7673538819283408, 0.8635980805147132, 0.7677831713704414, 0.8544475135836835, 0.9460927825740815, 0.9669863407617738, 0.9655296215676662, 0.7209864305356637, 0.9130187430952872, 0.8421909709915547, 0.9696884662017959, 0.9764491071253772, 0.5817970852134952, 0.9187570593040539, 0.8337501834467905, 0.9501701674971413, 0.8732811984563349, 0.7557635154656659, 0.9105046321993703, 0.5864435613682463], [0.7132805236499655, 0.949134554476279, 0.8675915199122413, 0.9590197867944007, 0.8625218315085377, 0.802563959426995, 0.8703345201871536, 0.7690223382047026, 0.8987907014978948, 0.605177099885865, 0.9107634101323816, 0.9249293832376432, 0.8929660813902524, 0.8768486572684349, 0.9735032830987514, 1.0, 0.6004349940906581, 0.7415742547386236, 0.841863978103306, 0.7611654415578029, 0.8288141724473934, 0.7631854965340092, 0.8615376858565795, 0.931176974988315, 0.9493456351607361, 0.9673760770604667, 0.7148346220105904, 0.8834794083140953, 0.8342727110463892, 0.9566554771081522, 0.9699516797520384, 0.5901299183304628, 0.8873377595187715, 0.8027285985817716, 0.948253845086765, 0.865776490695805, 0.7489483432855207, 0.8793060834545876, 0.5889254682089596], [0.4653352285875726, 0.624989668645566, 0.6970747971000946, 0.5744959022447418, 0.5328243096149499, 0.732108444233389, 0.5745953552794277, 0.7962122862453861, 0.6158835287843258, 0.9475546534580404, 0.6299284176580094, 0.5409112759723279, 0.6196969054395564, 0.5248960295811083, 0.6012877369245945, 0.6004349940906581, 1.0, 0.8063247536989956, 0.518189412396658, 0.4866983138429158, 0.6782432256076589, 0.4881251056219882, 0.5319250995970511, 0.5415271949539919, 0.5671980265786235, 0.59096553119017, 0.464622600494267, 0.5403105516463409, 0.5135594421640118, 0.5584270857320314, 0.6214815263372276, 0.9390470320481511, 0.5282306490573465, 0.7272087797578772, 0.5871209428869324, 0.6972261506397667, 0.4790049667753561, 0.5492018340927065, 0.9563462839330011], [0.5625755895315929, 0.758053224223507, 0.8978929506231834, 0.7910394691177716, 0.6461829541848347, 0.9436579197538719, 0.8604932240326654, 0.9623792804929698, 0.8831901455088226, 0.8767795876434703, 0.8695186378794821, 0.7234851528763818, 0.8874616788403302, 0.72506743648392, 0.7687703455019862, 0.7415742547386236, 0.8063247536989956, 1.0, 0.6661953425885061, 0.5928026578893054, 0.9220696845732216, 0.5924920524234035, 0.6387243433124999, 0.7328704878222677, 0.7772420315881304, 0.754613012445235, 0.5669057768337276, 0.7902560468086545, 0.6533865034036763, 0.7453389962487529, 0.7646949482954726, 0.8400842730936605, 0.7680946168676984, 0.943001919481832, 0.7273175857741807, 0.7964436506455452, 0.5876049002921383, 0.8049165831929251, 0.809398849877826], [0.8367686684980765, 0.7680547221407826, 0.7201949644689181, 0.8658240853627217, 0.9233135511749941, 0.705285748295475, 0.8609327270320001, 0.6427515422586616, 0.7895895415744233, 0.5193257604392629, 0.7763905203926045, 0.9302450537257934, 0.7691932065952707, 0.9386180248181213, 0.8491054770373978, 0.841863978103306, 0.518189412396658, 0.6661953425885061, 1.0, 0.9256405469966755, 0.7353799624192331, 0.8780334446593875, 0.9439208205236214, 0.9279918960165865, 0.9161985513085301, 0.8157318369569553, 0.8453305136597566, 0.9095372631244888, 0.9638976801434151, 0.9057510139012707, 0.8158052562823822, 0.5088869387051442, 0.9324429194921838, 0.6887615944166823, 0.8577480120069576, 0.7174652146919672, 0.9108094652101247, 0.9026158960760613, 0.5094743055025482], [0.9158598659491729, 0.6991804491339847, 0.6623488217291379, 0.7841720390111178, 0.9230929503797992, 0.6319110068980411, 0.7884790751976332, 0.5964322793874829, 0.7015404431813358, 0.48703451715263474, 0.7029908344153235, 0.844425364549195, 0.69575588910621, 0.8490946355015394, 0.7673538819283408, 0.7611654415578029, 0.4866983138429158, 0.5928026578893054, 0.9256405469966755, 1.0, 0.644588098478594, 0.9620891810967034, 0.9233380170390743, 0.8315420805277873, 0.8203488030831804, 0.7418633472852526, 0.9300754835600139, 0.8290301942799755, 0.9030283529024742, 0.7975227644437975, 0.7437536528813815, 0.4775924843625049, 0.8588581055766943, 0.6308089726043661, 0.7727973141560273, 0.6552262074166729, 0.988422169343578, 0.826863431382299, 0.4780918476461991], [0.6053557769964328, 0.8516543420050119, 0.9635147097147148, 0.891641858684455, 0.7103755754855423, 0.9764311040998906, 0.960323585524696, 0.936230389143427, 0.9723647636314328, 0.7459382386552921, 0.9593503715985943, 0.8081067488377203, 0.973568996187457, 0.8174311086652345, 0.8635980805147132, 0.8288141724473934, 0.6782432256076589, 0.9220696845732216, 0.7353799624192331, 0.644588098478594, 1.0, 0.6417472373929053, 0.7014012241608796, 0.819963842510298, 0.8737320784555247, 0.8484918900405669, 0.613223952734719, 0.8976321299841262, 0.7170331062614472, 0.8352643948281674, 0.8613740759195067, 0.7088052816976774, 0.8679964165818982, 0.971009702828982, 0.8106609572132204, 0.882265595872819, 0.6369517355603788, 0.9111710921904221, 0.6817354383576393], [0.9491617221056478, 0.6988536164931995, 0.6625943538787424, 0.783115586113187, 0.9176988246794502, 0.6303727587447819, 0.7572402032342567, 0.5960047664288025, 0.699288028324484, 0.48721779821307826, 0.7030599534340725, 0.8422785511713087, 0.6936416173847413, 0.8064125870434407, 0.7677831713704414, 0.7631854965340092, 0.4881251056219882, 0.5924920524234035, 0.8780334446593875, 0.9620891810967034, 0.6417472373929053, 1.0, 0.9191573112359815, 0.8318290019426042, 0.8205414319924645, 0.7428412784148634, 0.9628955650933679, 0.796544490040405, 0.891735302033203, 0.797932609672106, 0.743711237452314, 0.47886457592649956, 0.848462470541771, 0.6278432497935894, 0.7716468412621915, 0.6603094136841888, 0.9706576697602846, 0.7879465349975625, 0.47880185125905395], [0.8528023244196278, 0.8004266923107108, 0.7313598075726864, 0.8665667263132104, 0.9670391019262338, 0.6866687010388627, 0.8151653299487758, 0.6537029027083653, 0.774189338540911, 0.533873042132942, 0.7760384934378964, 0.9207597129438815, 0.7638204682226877, 0.8709949157417829, 0.8544475135836835, 0.8615376858565795, 0.5319250995970511, 0.6387243433124999, 0.9439208205236214, 0.9233380170390743, 0.7014012241608796, 0.9191573112359815, 1.0, 0.9065506342711106, 0.8949717498096872, 0.8400083426269898, 0.8644761703884704, 0.8606754742239102, 0.9746132253528454, 0.8699632691598779, 0.8363010153727515, 0.5220267725861967, 0.9141368477581461, 0.689393465577597, 0.8681751133708624, 0.7423849359255893, 0.9142098519814318, 0.8487690263034373, 0.5217649529691778], [0.7703138723331496, 0.8380620976144078, 0.8165030414034992, 0.9603078164837874, 0.9213879195753397, 0.790517017276167, 0.8979699731288083, 0.7356983881568212, 0.8830365869482845, 0.5415787141807222, 0.8821060582673581, 0.9869548846485632, 0.8797826804872239, 0.9359750413940977, 0.9460927825740815, 0.931176974988315, 0.5415271949539919, 0.7328704878222677, 0.9279918960165865, 0.8315420805277873, 0.819963842510298, 0.8318290019426042, 0.9065506342711106, 1.0, 0.9688689353744444, 0.9243964703523141, 0.7819074205134586, 0.9374702643599455, 0.9325720969977666, 0.9780283238748625, 0.9156027644067225, 0.5301320628759204, 0.9649626271175098, 0.7829775174666835, 0.9352032159558805, 0.7591712448125206, 0.8201022444394807, 0.9221661769089883, 0.5304318929757799], [0.7626991226888623, 0.8996773056264518, 0.8694927725278913, 0.9698053299040078, 0.8932765292111163, 0.8424613867602112, 0.9340494219510694, 0.7858746159036376, 0.9258372687997333, 0.5660650227270665, 0.9264093627002747, 0.9676798039121494, 0.924212003362309, 0.9371947133966717, 0.9669863407617738, 0.9493456351607361, 0.5671980265786235, 0.7772420315881304, 0.9161985513085301, 0.8203488030831804, 0.8737320784555247, 0.8205414319924645, 0.8949717498096872, 0.9688689353744444, 1.0, 0.9474900921820534, 0.7707873003449842, 0.960114725862103, 0.9114956704156062, 0.9810309347573699, 0.9456109590602456, 0.5543114479749784, 0.9688840451637419, 0.8297774354710942, 0.9336688110562551, 0.8162651228567148, 0.8105949710064468, 0.952002182580866, 0.5554437426068028], [0.6952294045789379, 0.9434848263206173, 0.8760797280075212, 0.9562408936645853, 0.8441740175175868, 0.8198885450102222, 0.8774546129831058, 0.7830602959745993, 0.9103945090739045, 0.5892688011478305, 0.919305421373412, 0.9213180874352935, 0.9093143741376006, 0.8737157306507017, 0.9655296215676662, 0.9673760770604667, 0.59096553119017, 0.754613012445235, 0.8157318369569553, 0.7418633472852526, 0.8484918900405669, 0.7428412784148634, 0.8400083426269898, 0.9243964703523141, 0.9474900921820534, 1.0, 0.6988260840260531, 0.8882028513766813, 0.8134054170316993, 0.9491841722261284, 0.9679549063803667, 0.575859083970982, 0.889528698680815, 0.8181480614356429, 0.9519874889439929, 0.8625734655734165, 0.7312096315981899, 0.8873802623322927, 0.5766575134202547], [0.9808153804852547, 0.6589806728410667, 0.6263197257862811, 0.738612493913777, 0.8601267456962015, 0.6026209359952498, 0.7243380126619755, 0.5679486694356194, 0.6648225691663562, 0.4660401523369268, 0.665418009951116, 0.7923150521287636, 0.6581849100682177, 0.7750929538008389, 0.7209864305356637, 0.7148346220105904, 0.464622600494267, 0.5669057768337276, 0.8453305136597566, 0.9300754835600139, 0.613223952734719, 0.9628955650933679, 0.8644761703884704, 0.7819074205134586, 0.7707873003449842, 0.6988260840260531, 1.0, 0.756126845225447, 0.840636926669653, 0.7506685142916719, 0.7008173076253282, 0.4570527861344062, 0.80383184704885, 0.5995160389932865, 0.7258248782057266, 0.6191447341906517, 0.9350325489791635, 0.7573538378681512, 0.4568520726905341], [0.7454109123181474, 0.8384604156914909, 0.8349051774667425, 0.927105366600593, 0.8484476593066149, 0.8435359496111522, 0.9675134743398639, 0.7683579311011629, 0.9085754787542073, 0.546930861650052, 0.8961057722031981, 0.9303946894826939, 0.8977591019745723, 0.9666417214581238, 0.9130187430952872, 0.8834794083140953, 0.5403105516463409, 0.7902560468086545, 0.9095372631244888, 0.8290301942799755, 0.8976321299841262, 0.796544490040405, 0.8606754742239102, 0.9374702643599455, 0.960114725862103, 0.8882028513766813, 0.756126845225447, 1.0, 0.8871091217114264, 0.9433214062879375, 0.891168368897303, 0.5301006784999897, 0.9788004344229313, 0.8156019071723457, 0.8779589250708256, 0.773430549845455, 0.8182629183925525, 0.9843602455507282, 0.5298306995020169], [0.8252476883284778, 0.7616355107834742, 0.7158861532554133, 0.8615033520885561, 0.9624325955580578, 0.6953326836096154, 0.8369968630282418, 0.6402036088940778, 0.7758835956391338, 0.5152918865696584, 0.7651399872145259, 0.9373617935376065, 0.7565889681991399, 0.9008811274063265, 0.8421909709915547, 0.8342727110463892, 0.5135594421640118, 0.6533865034036763, 0.9638976801434151, 0.9030283529024742, 0.7170331062614472, 0.891735302033203, 0.9746132253528454, 0.9325720969977666, 0.9114956704156062, 0.8134054170316993, 0.840636926669653, 0.8871091217114264, 1.0, 0.8949901676195651, 0.8168695411049106, 0.5043268981359127, 0.9307569330462646, 0.6811960221203925, 0.8483426534625046, 0.7091992127308536, 0.887433739183445, 0.8744001164815022, 0.5040825279165365], [0.7418478425456873, 0.8821002368659993, 0.8432950446755378, 0.9692051927880906, 0.8857912446622562, 0.8058622925304647, 0.9094370348390138, 0.7543370635407879, 0.9004993596734451, 0.5588610157155914, 0.9025483980110977, 0.9775546287668807, 0.8941282912589481, 0.9387209343181864, 0.9696884662017959, 0.9566554771081522, 0.5584270857320314, 0.7453389962487529, 0.9057510139012707, 0.7975227644437975, 0.8352643948281674, 0.797932609672106, 0.8699632691598779, 0.9780283238748625, 0.9810309347573699, 0.9491841722261284, 0.7506685142916719, 0.9433214062879375, 0.8949901676195651, 1.0, 0.9461386980527676, 0.5478906022937304, 0.9662152391578415, 0.8003730635687885, 0.950706009024913, 0.7983684932874133, 0.7876602178124442, 0.9313973742471823, 0.5483191656792109], [0.694788136898168, 0.9565783146565805, 0.8962969965392228, 0.9652502047635746, 0.8416619817760038, 0.8339672634558226, 0.887651558252246, 0.7955537634692829, 0.9176466572025225, 0.613231463630196, 0.929369681081866, 0.9114721677439211, 0.9190335506623732, 0.8701977354422288, 0.9764491071253772, 0.9699516797520384, 0.6214815263372276, 0.7646949482954726, 0.8158052562823822, 0.7437536528813815, 0.8613740759195067, 0.743711237452314, 0.8363010153727515, 0.9156027644067225, 0.9456109590602456, 0.9679549063803667, 0.7008173076253282, 0.891168368897303, 0.8168695411049106, 0.9461386980527676, 1.0, 0.5987980909031472, 0.8898994657086, 0.8334357185578338, 0.9373554296427042, 0.8944742653962209, 0.7336456803105043, 0.8896918429760797, 0.6025559626109801], [0.4581735703670651, 0.6092352652791105, 0.7195564494525156, 0.5624645406953984, 0.5214328646635369, 0.7453966097997357, 0.5979451567303296, 0.8152461629519964, 0.6562576112110013, 0.9826115380007261, 0.6602408755038265, 0.5307207422293163, 0.6609908457662665, 0.5152552043083259, 0.5817970852134952, 0.5901299183304628, 0.9390470320481511, 0.8400842730936605, 0.5088869387051442, 0.4775924843625049, 0.7088052816976774, 0.47886457592649956, 0.5220267725861967, 0.5301320628759204, 0.5543114479749784, 0.575859083970982, 0.4570527861344062, 0.5301006784999897, 0.5043268981359127, 0.5478906022937304, 0.5987980909031472, 1.0, 0.5184680791551526, 0.7454590761610426, 0.5662311977998411, 0.6664275731706342, 0.47096330825607136, 0.5414201320420806, 0.9827032760476333], [0.7904678405664718, 0.8222140806849935, 0.8134881033811723, 0.9382806432596712, 0.9001712769502059, 0.8262911203247882, 0.9406513034518937, 0.7457994685903082, 0.9029546548568964, 0.530063667851136, 0.8856435106629562, 0.9621307196992698, 0.887308708438024, 0.958274616569931, 0.9187570593040539, 0.8873377595187715, 0.5282306490573465, 0.7680946168676984, 0.9324429194921838, 0.8588581055766943, 0.8679964165818982, 0.848462470541771, 0.9141368477581461, 0.9649626271175098, 0.9688840451637419, 0.889528698680815, 0.80383184704885, 0.9788004344229313, 0.9307569330462646, 0.9662152391578415, 0.8898994657086, 0.5184680791551526, 1.0, 0.7984302696067507, 0.893330074357094, 0.7413178909507371, 0.848414185146524, 0.9611487306264076, 0.5182098161734111], [0.5937386778635062, 0.820627826541723, 0.9594111757339481, 0.8576302942341981, 0.6939987258339241, 0.9790828187023508, 0.8925798924243219, 0.9716029735235056, 0.9489007636038781, 0.7854605380110524, 0.9367788019309298, 0.7748295861465138, 0.9550337013034512, 0.752387450360805, 0.8337501834467905, 0.8027285985817716, 0.7272087797578772, 0.943001919481832, 0.6887615944166823, 0.6308089726043661, 0.971009702828982, 0.6278432497935894, 0.689393465577597, 0.7829775174666835, 0.8297774354710942, 0.8181480614356429, 0.5995160389932865, 0.8156019071723457, 0.6811960221203925, 0.8003730635687885, 0.8334357185578338, 0.7454590761610426, 0.7984302696067507, 1.0, 0.7862545094596345, 0.8515416711143677, 0.6229977966823007, 0.8353152002215114, 0.7204492169957818], [0.7206029498771692, 0.9022707106593277, 0.842473147854207, 0.9374159056684844, 0.881852478548681, 0.784489466766474, 0.8593366631709878, 0.7483533265295483, 0.8704378401317892, 0.5777300745152025, 0.8845788266610649, 0.9370094721329394, 0.8725586511083209, 0.880060094616871, 0.9501701674971413, 0.948253845086765, 0.5871209428869324, 0.7273175857741807, 0.8577480120069576, 0.7727973141560273, 0.8106609572132204, 0.7716468412621915, 0.8681751133708624, 0.9352032159558805, 0.9336688110562551, 0.9519874889439929, 0.7258248782057266, 0.8779589250708256, 0.8483426534625046, 0.950706009024913, 0.9373554296427042, 0.5662311977998411, 0.893330074357094, 0.7862545094596345, 1.0, 0.8347393712297538, 0.7604842617651285, 0.8715313259539774, 0.5700883782198848], [0.6213072762319223, 0.9197354334718527, 0.9253792025888615, 0.8377672084747144, 0.7395498548771312, 0.8587114502869478, 0.8210624276011274, 0.8432238106844794, 0.8853532989770477, 0.6901058331763167, 0.9264489677704267, 0.7589120524699986, 0.8905801776468759, 0.7310016443895606, 0.8732811984563349, 0.865776490695805, 0.6972261506397667, 0.7964436506455452, 0.7174652146919672, 0.6552262074166729, 0.882265595872819, 0.6603094136841888, 0.7423849359255893, 0.7591712448125206, 0.8162651228567148, 0.8625734655734165, 0.6191447341906517, 0.773430549845455, 0.7091992127308536, 0.7983684932874133, 0.8944742653962209, 0.6664275731706342, 0.7413178909507371, 0.8515416711143677, 0.8347393712297538, 1.0, 0.6449499932436156, 0.7880754566091616, 0.666590923813261], [0.9190221196110061, 0.6882919938937363, 0.6524100653727348, 0.7733057104299533, 0.9098903650803545, 0.6258739446504598, 0.7777669976583751, 0.5890555381790853, 0.6941626691414633, 0.48051177970981984, 0.69411372605244, 0.8323893200579782, 0.6861281760180963, 0.8352976811723974, 0.7557635154656659, 0.7489483432855207, 0.4790049667753561, 0.5876049002921383, 0.9108094652101247, 0.988422169343578, 0.6369517355603788, 0.9706576697602846, 0.9142098519814318, 0.8201022444394807, 0.8105949710064468, 0.7312096315981899, 0.9350325489791635, 0.8182629183925525, 0.887433739183445, 0.7876602178124442, 0.7336456803105043, 0.47096330825607136, 0.848414185146524, 0.6229977966823007, 0.7604842617651285, 0.6449499932436156, 1.0, 0.8145215762478769, 0.47075019420543524], [0.747515167725517, 0.8419133918342623, 0.854871482219863, 0.927256968885592, 0.839054789366535, 0.8626177586415047, 0.9749744034404623, 0.7900625909092965, 0.9201496297566611, 0.566663234276585, 0.9071511488728907, 0.9157917837764467, 0.9137952857459642, 0.9544777046998828, 0.9105046321993703, 0.8793060834545876, 0.5492018340927065, 0.8049165831929251, 0.9026158960760613, 0.826863431382299, 0.9111710921904221, 0.7879465349975625, 0.8487690263034373, 0.9221661769089883, 0.952002182580866, 0.8873802623322927, 0.7573538378681512, 0.9843602455507282, 0.8744001164815022, 0.9313973742471823, 0.8896918429760797, 0.5414201320420806, 0.9611487306264076, 0.8353152002215114, 0.8715313259539774, 0.7880754566091616, 0.8145215762478769, 1.0, 0.5377931264062632], [0.4583924314898998, 0.6083476031876718, 0.6998869771579667, 0.5624130061505676, 0.5223385734169844, 0.7254193496262926, 0.5652846005157174, 0.7887312950180467, 0.6217054199206422, 0.9765508882072583, 0.6250263439814666, 0.5304083340934894, 0.6262698951869548, 0.5150001314614638, 0.5864435613682463, 0.5889254682089596, 0.9563462839330011, 0.809398849877826, 0.5094743055025482, 0.4780918476461991, 0.6817354383576393, 0.47880185125905395, 0.5217649529691778, 0.5304318929757799, 0.5554437426068028, 0.5766575134202547, 0.4568520726905341, 0.5298306995020169, 0.5040825279165365, 0.5483191656792109, 0.6025559626109801, 0.9827032760476333, 0.5182098161734111, 0.7204492169957818, 0.5700883782198848, 0.666590923813261, 0.47075019420543524, 0.5377931264062632, 1.0]]