[[0.0, 0.3196913956167926, 0.3150321228006343, 0.32944566261911334, 0.33075209299083697, 0.3282786596912133, 0.320051536446897, 0.3134263632327414, 0.3241371757441984, 0.3322625290302801, 0.32882234860304926, 0.30501309004057986, 0.33122987199886555, 0.32430082551950634, 0.3203451412820031, 0.3343895649660089, 0.3134583615509736, 0.3285206912754828, 0.3167262767876029, 0.3396849977291425, 0.2960823267144477, 0.30248650173979175, 0.3144012641968801, 0.3218040699222682, 0.3558777909308328, 0.3143634550035559, 0.3391552584387023, 0.33529034919116674, 0.32367269409921384, 0.35390934806493446, 0.3293485461130481, 0.3490206253341759, 0.33123267300335546, 0.33519823010628125, 0.1743356314596738, 0.1390442895075883, 0.31629517249584493, 0.30387931265654355, 0.3284840899596777, 0.3149889724932673, 0.33748412508047676, 0.31760726228841785, 0.32311377833505217, 0.30738193389825796, 0.3244596238251358, 0.3205288719753494, 0.325040630308312, 0.31213676575550076, 0.31361610776428916, 0.32210431812484286, 0.24639195312753648, 0.33148385129935387, 0.3136011199385915, 0.31537650475884393, 0.32248492766363857, 0.33513731263669766, 0.33283351642595016, 0.3148965126219072, 0.30259357533439246, 0.28450970738170245, 0.31110906917169334, 0.31953342813733054, 0.32904477065143856, 0.3124477199091522, 0.338242712702546, 0.29501245768218864, 0.31213037296911716, 0.3109195131117608, 0.3295556307800016, 0.345269994358548, 0.26031472563962876, 0.3211638920516038, 0.3219898940453234, 0.3420232476690668, 0.3460810518050863, 0.31576856681579923, 0.29276316861036267, 0.3510490648820226, 0.34955151252317695, 0.30978882918665795, 0.3168728316857161, 0.3296698583425621, 0.30459464185900176, 0.3336986482438977, 0.30779397155544364, 0.33234206843241076, 0.29946835660413496, 0.31018616089471873, 0.320639762706199, 0.3319820935834976, 0.3283413164412896, 0.3342861993088313, 0.2037232165759404, 0.3145710029986719, 0.322851543795895, 0.3243945851215855, 0.32637842478130796, 0.2713346546680879, 0.3084989010049637, 0.31960787934339185, 0.3332237365553137], [0.3196913956167926, 0.0, 0.31967097952082324, 0.31483679079626015, 0.3164591941525423, 0.34024932826537846, 0.33540198440812996, 0.3021012519998454, 0.32048337360179446, 0.3080781730728137, 0.32952949326510717, 0.3008223607014633, 0.3400997756182438, 0.3167323695454898, 0.3165339399963254, 0.32577948953323554, 0.3055069612833601, 0.25669810488562095, 0.21054303058447088, 0.34614359287308294, 0.31674237901870006, 0.3210303543269468, 0.33471489648371966, 0.3212001717049291, 0.35105718235083283, 0.3317899012118346, 0.3445176891459647, 0.3448887177811786, 0.3185606216954311, 0.34787843529313367, 0.3388447087552884, 0.3435895427333595, 0.21072651015750798, 0.3365701163822259, 0.32982449586552254, 0.32078408352893706, 0.3271939149412606, 0.31187927182143693, 0.31547197194595644, 0.30816617952847336, 0.34288398015098265, 0.33482113753231824, 0.3320390298958176, 0.3168173132299583, 0.3120465125967764, 0.07111922657571079, 0.33670930519053077, 0.3217059326873355, 0.3285706896877485, 0.22540318866611786, 0.3316474549444728, 0.3368330824651238, 0.33588525455450946, 0.2900572383738973, 0.3347672367254746, 0.33833072293623445, 0.3494334090397284, 0.3079476116539972, 0.31197106042642275, 0.3393142308745771, 0.3178218718099062, 0.33650519229341946, 0.3147278653854748, 0.30978451687796427, 0.32997675676611804, 0.32144634943284434, 0.3193683995178014, 0.3322243492609409, 0.336151814017168, 0.337964448572891, 0.31393359658965014, 0.3232570290168486, 0.3369097909717178, 0.3580915715426467, 0.3423790632708379, 0.2814465375765529, 0.33319793574055234, 0.3279418161634806, 0.34972413684386394, 0.34149591808229407, 0.32876975147761156, 0.24846407309792595, 0.3174866234774174, 0.3321473621780382, 0.32215783952929744, 0.35171576965338347, 0.3278756206794591, 0.32185007018652856, 0.33423025262840866, 0.3415846620536831, 0.31523946033276085, 0.3480317165535951, 0.3357373333679774, 0.32811200189060896, 0.3470216635717607, 0.32190610436055445, 0.2434713729412914, 0.33484638034626, 0.3150645098335332, 0.35068556983393817, 0.3497378518775527], [0.3150321228006343, 0.31967097952082324, 0.0, 0.3295307286081546, 0.31443665745351845, 0.33259582797592957, 0.33298575120931706, 0.295568615684652, 0.32953437686849374, 0.32482456776586477, 0.3226364604519374, 0.3111820783854091, 0.32054069879578084, 0.31929901064792476, 0.3257766094844492, 0.3092979815280392, 0.3188161236158358, 0.32346384850591425, 0.31265859501098214, 0.33496393767331534, 0.2982737335842063, 0.3185358845307995, 0.3206875289362592, 0.3141188984879961, 0.3434821946125832, 0.3378452982522355, 0.3136675061439158, 0.32256960821126013, 0.32987653521495663, 0.34720861805387315, 0.3246573775671169, 0.3411656008719015, 0.3035159885418264, 0.3128955642467648, 0.31321177563271263, 0.30599187322397015, 0.30999000332213367, 0.29926499034458565, 0.3275329024813254, 0.30820352635965564, 0.3464892206631933, 0.32572726240457994, 0.3282242266310833, 0.2983592142484994, 0.3462493578847665, 0.31013073094128796, 0.3164133568623766, 0.305908748226944, 0.3258265295440739, 0.30576330684966546, 0.32675695092186574, 0.3358639936851813, 0.3269999323964805, 0.30808384107486897, 0.332896925538424, 0.30741008394122016, 0.3132367246493821, 0.304337854328832, 0.3038675923746905, 0.31174643910355604, 0.3205031491406005, 0.30255036355988896, 0.32824146654344255, 0.3279588666387707, 0.34317243667082575, 0.31380203144765595, 0.30484569123198924, 0.3200082306428076, 0.3167003756261424, 0.3389851898073337, 0.30795607291264737, 0.3194834898298622, 0.32029267899280645, 0.33785146927367116, 0.33455982273147944, 0.3407434495498256, 0.31636649084788404, 0.3385454847136453, 0.3331184179540514, 0.32779351435871584, 0.31610014825018085, 0.3298503647905635, 0.3125729161753834, 0.30177638328404166, 0.3051595842802175, 0.33258058197090246, 0.322725112203226, 0.3156274894530582, 0.3218185059171006, 0.33084123811421784, 0.3168266026375415, 0.3417709186349158, 0.3233236429178843, 0.317685554209616, 0.31585938169048333, 0.32126355473794654, 0.3212600565256609, 0.3238127532127786, 0.3043552877766016, 0.31700549859542226, 0.33584897007436143], [0.32944566261911334, 0.31483679079626015, 0.3295307286081546, 0.0, 0.32651383852846183, 0.3441093647013702, 0.32349519836989393, 0.31336069266994504, 0.3469936403495433, 0.3418109536400631, 0.33697451142529267, 0.3207022262253798, 0.32064291763678576, 0.3266920457375535, 0.3001074830682442, 0.317124349952167, 0.3221275489253206, 0.3409530842084203, 0.33465439407020536, 0.3392394404897279, 0.31753966282974244, 0.3377896609348128, 0.3321049593506076, 0.19700753708003993, 0.3570309756817054, 0.31749265686090467, 0.3384056656098484, 0.3509695400669619, 0.3262843264656523, 0.3436164119042291, 0.324643368389151, 0.3416774952513697, 0.32247052079328764, 0.3322706523511616, 0.3310743447201421, 0.3243972475299979, 0.3131000181462884, 0.3122735740641742, 0.33469523465354345, 0.3216935220945183, 0.3473228068497831, 0.34159724719037654, 0.30676035819220604, 0.31004402562667566, 0.33144538012774594, 0.3336208790266375, 0.3300695270792424, 0.33589146288653815, 0.3281689469396276, 0.32925266353737737, 0.32642077323281415, 0.34343124204967523, 0.0961148475881437, 0.334526055767449, 0.3144300574298695, 0.34565711991459525, 0.355478628254116, 0.33449405244785524, 0.32870599348066465, 0.3436866231165754, 0.3091328905006385, 0.33737428108033796, 0.3330524666270436, 0.32289326560007137, 0.3495695233019409, 0.31008695407324605, 0.3119319439346413, 0.11686009540273856, 0.3350654840789571, 0.3431126401684266, 0.31869297470714897, 0.32321981213942497, 0.1039987385058796, 0.35370864163645854, 0.3498354994088728, 0.32296193944294993, 0.3379266868164068, 0.3463758836680273, 0.34990248941841595, 0.32384571840923826, 0.2911170914156027, 0.34850203741632435, 0.3163872779085135, 0.33255930693968483, 0.32537020554647444, 0.348123878035836, 0.31690085005855395, 0.323349854280665, 0.33803092785412026, 0.35307612959138757, 0.32353934171635945, 0.3570911507910741, 0.32790839795343474, 0.33975126695580316, 0.34201999314600595, 0.3188061996813747, 0.3376248481357711, 0.336568196132216, 0.33784855391594437, 0.34816985081996243, 0.3328011128158801], [0.33075209299083697, 0.3164591941525423, 0.31443665745351845, 0.32651383852846183, 0.0, 0.33764116222904406, 0.3249539865876774, 0.2841914010952842, 0.33013043447342016, 0.3460748304486707, 0.3363318440478782, 0.29952290998812425, 0.3190552160517677, 0.29160732618063134, 0.3257222020837738, 0.3376332447870545, 0.29431840136560083, 0.3229991417342868, 0.30486284191913704, 0.33371065989880844, 0.332389315045031, 0.3164036947649995, 0.3264310806925881, 0.3106251232403143, 0.34564011885247914, 0.3285911579485825, 0.3414262515280517, 0.3324282278076147, 0.32799613768467517, 0.3381092282570646, 0.3417471035699149, 0.33106639545507277, 0.3143238163659998, 0.30486205713088865, 0.33500235290814717, 0.31236604559038295, 0.31733610422190917, 0.2953476435299367, 0.3188663491090076, 0.2892848568400308, 0.34410779140609526, 0.3404451057500364, 0.312461035902732, 0.30104728060648744, 0.31382176724732025, 0.29803536803468145, 0.3214985969660349, 0.3200933672358026, 0.3408610910435206, 0.3026278938164617, 0.3276744854861009, 0.33912863486254974, 0.33742545377349886, 0.30774977658121716, 0.3240392163394694, 0.31280635451190464, 0.313735734176259, 0.31553194374309057, 0.31878874611889585, 0.3284768665922937, 0.3205437397698052, 0.30734464545542606, 0.3196133465250526, 0.3181904712614927, 0.33222274056444756, 0.33669516760109985, 0.3322985136521057, 0.3295932329862692, 0.3234323432646029, 0.3416923370000726, 0.3103298611654395, 0.32272539835210945, 0.33408383457414215, 0.3343832745142996, 0.34501709144320114, 0.33847375077406516, 0.3281150734626437, 0.34722755686427, 0.3207258209436279, 0.32974378080408284, 0.325437554068001, 0.3249541271695757, 0.3220221667616481, 0.321310385009826, 0.3177938060361727, 0.34290530631866556, 0.33771613646050125, 0.3229678709021018, 0.32166924960206167, 0.33512850113268944, 0.31402815961847597, 0.32207007556772105, 0.3241632984774816, 0.3192247896661138, 0.3338752801004825, 0.324468964121051, 0.32541835910092254, 0.3326368856314583, 0.3209040444647082, 0.33323101324649684, 0.3227572352985366], [0.3282786596912133, 0.34024932826537846, 0.33259582797592957, 0.3441093647013702, 0.33764116222904406, 0.0, 0.3369154646171473, 0.3206191965372187, 0.33458729467018067, 0.2864696595620404, 0.34216474445128187, 0.33675474369929015, 0.34520082813042374, 0.31956423858540317, 0.3330595301141366, 0.32962929505272043, 0.33243760497547736, 0.3406551750396247, 0.33945512564897107, 0.34789221981062335, 0.33746233483061583, 0.35194237441285536, 0.2951731298092606, 0.32956154587976316, 0.35070825342465706, 0.302285936671423, 0.34139600502558465, 0.3182634107368525, 0.34040718793529967, 0.35300486595258307, 0.28103880194020703, 0.3619338141779942, 0.32538275524856, 0.32943596503277006, 0.3403007075978304, 0.3313089590462428, 0.3049342970226745, 0.32623050265896847, 0.34410518322269223, 0.3437313763989005, 0.3125159516755627, 0.24068631071189772, 0.32983269262407133, 0.3408949644485404, 0.31905648282117083, 0.3388091101970532, 0.27258764121150003, 0.3169835747112184, 0.3396480921317533, 0.3371243405314759, 0.24710334416710267, 0.3445479468496544, 0.3464422010941184, 0.30923393483656336, 0.3215243448735059, 0.3386734710447943, 0.31157537091649945, 0.33247780456167497, 0.3470941089660071, 0.3196997466748914, 0.3328396112278904, 0.33816909038361365, 0.359637735488048, 0.34365011905829435, 0.36505156982746145, 0.33020475084271284, 0.3169938232592817, 0.33635880211797353, 0.35224610163923575, 0.3559119356931597, 0.317987726715506, 0.3512322123872951, 0.3455981756602686, 0.2940563545984076, 0.36211940722176306, 0.28025826048853997, 0.329916392628544, 0.3556951158548207, 0.35107209507019466, 0.34987704256066987, 0.3325532200093477, 0.34702757108439175, 0.32970299503256584, 0.33484250946178906, 0.31229333651059066, 0.29563298494674206, 0.34156497807041486, 0.3191054225625616, 0.31798113324092236, 0.33882848271201516, 0.3467634828776911, 0.2841105119447327, 0.3323140382036429, 0.32964263430056495, 0.3526956848644025, 0.3341052364404369, 0.26922078261588056, 0.3434466893478143, 0.30247009826597715, 0.24820193375784694, 0.2898291791056524], [0.320051536446897, 0.33540198440812996, 0.33298575120931706, 0.32349519836989393, 0.3249539865876774, 0.3369154646171473, 0.0, 0.3286643231951738, 0.32783259752750915, 0.3467101387436706, 0.3532862940815187, 0.3401200273609355, 0.3427069716236699, 0.32490598535877346, 0.336196615520862, 0.3444216782538876, 0.33772181692507197, 0.3014578726314945, 0.3221666085762007, 0.343098494368129, 0.34532083518146495, 0.35020331860932097, 0.33286422259840975, 0.31815091900837955, 0.3266574215628917, 0.33917713640683433, 0.34636868738486437, 0.35325000556732933, 0.3410981570236422, 0.3516421484749208, 0.33729768727029596, 0.3560999456660956, 0.34036169012040807, 0.3465334458397902, 0.32606351843432146, 0.3313765004523377, 0.34096726177063497, 0.32517932838965624, 0.22671775395849458, 0.33436129107370416, 0.31643972513772245, 0.3313813224196198, 0.3263791316178499, 0.32895613065315077, 0.34267532292169745, 0.33966040709016165, 0.3308706001130004, 0.3320055330607494, 0.3289794080670376, 0.3326164063387733, 0.3288392966221092, 0.34790413557288247, 0.3198400787483575, 0.33544838873131333, 0.3081152604342612, 0.19524671714035402, 0.3518156107416721, 0.3404275892402824, 0.32460041531187533, 0.33538917792219847, 0.33563328495821043, 0.34359363399237, 0.330753049903068, 0.32062142060538945, 0.35131481704666734, 0.3297526540603064, 0.3271634162024095, 0.3210833407412834, 0.32930952234652167, 0.35486570849279864, 0.3345164495088653, 0.2488122756735507, 0.319301466251956, 0.3523854021707611, 0.3459595155545987, 0.32931750758016687, 0.3356937265742781, 0.3447213219715637, 0.24522824335452786, 0.33456917629612115, 0.3339741244692773, 0.20190706618842102, 0.33055420692393245, 0.3424783970024663, 0.3003553907007923, 0.35070261703268324, 0.3372284301288233, 0.3295910799956496, 0.32565195064754593, 0.140299018936747, 0.3369805702322195, 0.3514802447469285, 0.28125902140968195, 0.3212335885468278, 0.3391520800038428, 0.31506855167602454, 0.329962884889369, 0.3231676728559749, 0.32534424200519463, 0.33804957398652813, 0.3411726519400107], [0.3134263632327414, 0.3021012519998454, 0.295568615684652, 0.31336069266994504, 0.2841914010952842, 0.3206191965372187, 0.3286643231951738, 0.0, 0.32462801740937697, 0.32262620431208355, 0.32657813579548756, 0.29245513966657, 0.3328722000858122, 0.29752221362586573, 0.30745185838117495, 0.31025745348482037, 0.2955693775633774, 0.3323672723812918, 0.1982972675863246, 0.3377838694492339, 0.2964134449426823, 0.303565111307295, 0.3112715786693254, 0.3098253289937336, 0.3428962397878996, 0.29248376283211, 0.3380726604219604, 0.3278213874496203, 0.31853338391309816, 0.35169884710733923, 0.31942724527238964, 0.34140289599077867, 0.2944660684115892, 0.3262766828251755, 0.32334711176222086, 0.2989125438235296, 0.298434033830838, 0.09040423911835038, 0.3264412004834891, 0.28571198083187443, 0.3292143584138074, 0.3151313908095916, 0.3146101397040175, 0.30800428133263646, 0.3216241217604183, 0.29408328107258264, 0.3168717465625246, 0.2915182386255166, 0.33134856288557724, 0.3043077735585398, 0.3240921856649668, 0.3212898864549174, 0.3200180226781302, 0.29636373662249893, 0.28718487400910253, 0.33201749391304136, 0.330313646092562, 0.3031085166390781, 0.28860073725209334, 0.3196904219112706, 0.3097234530058426, 0.32170981869545545, 0.31551297784019683, 0.30250387732617456, 0.3438522385968479, 0.29611576650869664, 0.3096855920575472, 0.3185835192916351, 0.3162794822710506, 0.34906269357954467, 0.3010526442477146, 0.318234407344971, 0.31825891376853743, 0.3423824667453028, 0.33606668827030095, 0.31603618689465773, 0.32674554487958596, 0.3354845026350506, 0.34323311332914175, 0.31673900664742116, 0.3201756368206279, 0.334970327855475, 0.3134238879908364, 0.3252210673818683, 0.28640524785037647, 0.3395586107152293, 0.31267817264622044, 0.2984486122132106, 0.3125461949981978, 0.3405312841713932, 0.31422083621012065, 0.33179254382069234, 0.3145030153448152, 0.31095348463685935, 0.3331267938284683, 0.3058052050641993, 0.30642098530510076, 0.26621584549451116, 0.3121652681171858, 0.30842233838525734, 0.32910663140896457], [0.3241371757441984, 0.32048337360179446, 0.32953437686849374, 0.3469936403495433, 0.33013043447342016, 0.33458729467018067, 0.32783259752750915, 0.32462801740937697, 0.0, 0.34879063598339566, 0.2746231222915143, 0.32883987091972244, 0.34693711203193445, 0.33769553184156953, 0.3182586619668837, 0.34429335479083534, 0.3288923696498134, 0.32579445808012353, 0.3043733463525571, 0.27761612058178287, 0.3151104230597448, 0.3202884369707635, 0.3169243451900754, 0.34024013247412666, 0.3553261347593566, 0.3507655106841401, 0.27412090138439504, 0.33692935390765144, 0.33669154202636564, 0.3580403361151363, 0.3609768640426414, 0.3473364941985968, 0.31641787837794033, 0.34896999894293956, 0.3316356836946799, 0.33662178904792306, 0.33472096665655227, 0.3288611639892842, 0.3187276166718642, 0.3366749649659546, 0.32068693159945627, 0.34108656462320663, 0.33216684620059334, 0.33190931812639235, 0.3432795674373674, 0.317365629880088, 0.3314271726732736, 0.3320787302078758, 0.32479209001790665, 0.32887102288692605, 0.34529906950380673, 0.27234140286533326, 0.33454905589244865, 0.3088034632219323, 0.3247070283412634, 0.3124738253227457, 0.3369247990459818, 0.3057791625637969, 0.30126499507216, 0.3088033497548608, 0.32066360189202747, 0.33533773312892556, 0.3477807866841198, 0.31981949911913143, 0.35532462662827413, 0.3116289667690022, 0.3238049940639467, 0.33901163627647546, 0.33789027449063913, 0.35774395228460887, 0.3279069573797062, 0.3324456720097706, 0.34075582662974213, 0.3233418744498646, 0.34895062775799857, 0.33732296241444226, 0.3113040514541292, 0.3555153757619649, 0.28288983484700747, 0.34674313626966646, 0.3139131663728343, 0.3090620656161587, 0.3249567922929033, 0.33975108354950434, 0.3239325644297302, 0.34124626795371893, 0.3391031651519385, 0.32268070291121154, 0.30440178448896793, 0.3032912939762238, 0.3289612267297022, 0.3455481442481374, 0.32504375133844277, 0.3166005352155208, 0.2986754002610361, 0.31905392683828926, 0.3427799262222764, 0.3085333501245877, 0.3193952287181012, 0.34050673907601925, 0.3392969849138896], [0.3322625290302801, 0.3080781730728137, 0.32482456776586477, 0.3418109536400631, 0.3460748304486707, 0.2864696595620404, 0.3467101387436706, 0.32262620431208355, 0.34879063598339566, 0.0, 0.3074900155107221, 0.3484463045168149, 0.3031384205281238, 0.3280619083619978, 0.32987219459648975, 0.3370658635549335, 0.34157660209976926, 0.3321366004939743, 0.3192441931543275, 0.330544466717162, 0.3437925980710377, 0.3576220453074914, 0.32885844964235367, 0.3443987059842486, 0.36731469936338, 0.3262229404652566, 0.33896233532253106, 0.298834338562763, 0.2853761086770328, 0.3731514787565051, 0.3338925512601014, 0.3501362633803562, 0.34309839871985504, 0.3061313727510728, 0.3264566213904938, 0.33068129392002055, 0.33994415423266666, 0.33152147220472084, 0.3347814697544702, 0.35036506987111204, 0.29569686952685226, 0.3452852824903365, 0.33485290259320255, 0.3621354542114721, 0.34664836288935486, 0.3136516410967811, 0.2832317235976711, 0.34688690149770274, 0.3053780603017988, 0.33571674750383806, 0.33554330323585435, 0.3408834583510769, 0.33666092020172056, 0.343234100677283, 0.3363222190847641, 0.32810434990507376, 0.2539253340744396, 0.3525187484839567, 0.3529384275624512, 0.3517151774728273, 0.33315764899821443, 0.31665031905949337, 0.31058816731340744, 0.34208889407518184, 0.34751243935038145, 0.346805085602391, 0.33831579043244586, 0.3277023245754309, 0.3274504716217803, 0.3613731544837955, 0.33350136803826547, 0.34055133038897467, 0.3212929459905114, 0.2379148700242497, 0.3524314376097395, 0.26754139997943027, 0.3291764842582008, 0.3631137652113503, 0.3423358524289388, 0.3251081347787814, 0.34667190585939944, 0.33614037508267947, 0.32510525940857327, 0.3001156936162146, 0.33791697560520895, 0.22729702690378506, 0.33111998297934986, 0.3264579880857872, 0.3388815638474154, 0.34489730517907824, 0.33707082670909116, 0.2615300063263626, 0.3199077712049432, 0.3401945053076134, 0.3556638671317158, 0.33489232879886766, 0.3296135934805817, 0.31943453896995044, 0.3391038453510109, 0.3448102175434202, 0.34056169337704456], [0.32882234860304926, 0.32952949326510717, 0.3226364604519374, 0.33697451142529267, 0.3363318440478782, 0.34216474445128187, 0.3532862940815187, 0.32657813579548756, 0.2746231222915143, 0.3074900155107221, 0.0, 0.3304865887936901, 0.3071061783692195, 0.3443318197401728, 0.3445013844203044, 0.3530254414337981, 0.32158577871677796, 0.32011436924778125, 0.3368872005374197, 0.17575585358269552, 0.31940267092964914, 0.3442279852963035, 0.31843117812705724, 0.3295068949005504, 0.3554053728776585, 0.3396863493289346, 0.21383776429379875, 0.35930765766074413, 0.3508678536682903, 0.36607080588828933, 0.33531984716150776, 0.3532729020222962, 0.33990082304256886, 0.2978570131314153, 0.3385400841341535, 0.3241208513010416, 0.3403996772532889, 0.33861003371711385, 0.3383022767994788, 0.3296060883182863, 0.345026217937503, 0.34106056838540644, 0.335148236907276, 0.34123362251586675, 0.33027324665548896, 0.3435560609286612, 0.31472281828723947, 0.33728168036189876, 0.3063452580811159, 0.3285463259046508, 0.34045678512045074, 0.20064703121445526, 0.3473989275216507, 0.3291938421311569, 0.3354007412860409, 0.34526229514282236, 0.3390843853790215, 0.3108476478450486, 0.3387219420484999, 0.2985572442492046, 0.31974786443309, 0.2891116040002666, 0.3422936894395765, 0.2939527563194755, 0.3423224561295921, 0.34404960405667184, 0.32856549677221625, 0.32425156000543187, 0.3266151049400483, 0.35843557935341863, 0.33143145428650356, 0.3494956009101713, 0.3348926555266789, 0.3457416328968499, 0.36311067502329775, 0.33612717596953656, 0.33527022627903835, 0.35527330501618515, 0.26665081388276723, 0.3334455170418311, 0.33967510270813395, 0.3497053279740492, 0.34956105731602416, 0.294726363714072, 0.3291778122526814, 0.34974308006507715, 0.31714681400381384, 0.3265561039957734, 0.3157325646276399, 0.3526716575409905, 0.343298076546795, 0.346977510674608, 0.3425411001974705, 0.3323324742230094, 0.24841851540162252, 0.31884842545130865, 0.34300609379851243, 0.32498120440377853, 0.3327820269719233, 0.33786447061454306, 0.33769028413009483], [0.30501309004057986, 0.3008223607014633, 0.3111820783854091, 0.3207022262253798, 0.29952290998812425, 0.33675474369929015, 0.3401200273609355, 0.29245513966657, 0.32883987091972244, 0.3484463045168149, 0.3304865887936901, 0.0, 0.3345482739757957, 0.3104701315406462, 0.3141079265549689, 0.3111615574195714, 0.28746873755299274, 0.3206449644362037, 0.30275317084371034, 0.3401631137749068, 0.2946855012408818, 0.2855223599380057, 0.31810746357496766, 0.3110792870020822, 0.36049861191790256, 0.3096494476699161, 0.3356140766499607, 0.3084619244424016, 0.33930273159531166, 0.3644453445772968, 0.3373560925699308, 0.3503901460653436, 0.3089912417174263, 0.3285195569970294, 0.3193184035470864, 0.3008985668990234, 0.31036344287812145, 0.287329878043586, 0.3284495275023531, 0.10737442294113708, 0.33429476924601986, 0.3386178169871661, 0.32164376874681433, 0.28584644147034965, 0.3132581276085771, 0.30788610686372797, 0.325062998153284, 0.28276659099688173, 0.32738438252757307, 0.3019525968497625, 0.32676827002234043, 0.3332908156849901, 0.3195303367069737, 0.28273771301990824, 0.3149382671662688, 0.3330199248017245, 0.3413591629820556, 0.28451150788516477, 0.2933397507641391, 0.3099432724473279, 0.303191765468549, 0.32171288677371535, 0.31099041740455324, 0.3083569676616482, 0.35121577132987025, 0.293390640286598, 0.30437969309809776, 0.30518840815172243, 0.3172198141151197, 0.35403583105858716, 0.25814310941811125, 0.33519972606671455, 0.3235737467272142, 0.35068885584142095, 0.34718916006166745, 0.33807527447119745, 0.3217873235524129, 0.34318574286919845, 0.3564970256339479, 0.30524274682353547, 0.3172723881726063, 0.34837604108978515, 0.31551169987917205, 0.3302981122241089, 0.2969889735379496, 0.3568598257329261, 0.3087291010532194, 0.299275149884598, 0.3234029123662969, 0.34053392543655825, 0.3213980877305296, 0.3527479696550757, 0.3161486682901691, 0.30259259758542134, 0.3352145730312588, 0.3222744492578591, 0.33129594293537545, 0.3068554222777806, 0.3012049748880188, 0.33749567037884254, 0.33107068278632834], [0.33122987199886555, 0.3400997756182438, 0.32054069879578084, 0.32064291763678576, 0.3190552160517677, 0.34520082813042374, 0.3427069716236699, 0.3328722000858122, 0.34693711203193445, 0.3031384205281238, 0.3071061783692195, 0.3345482739757957, 0.0, 0.3265926143537601, 0.31965414568274064, 0.33753674116195564, 0.32966864373366356, 0.29130492621188186, 0.33118384904948006, 0.33824791188072756, 0.32268802817006104, 0.33949584395357246, 0.32927856662917065, 0.32889424332348627, 0.310566856559485, 0.32894297112824034, 0.35324970109805487, 0.36822024944754106, 0.33226741987366726, 0.30805004538513336, 0.31050088772558615, 0.3170940859125917, 0.323901480685473, 0.16538031407935816, 0.3343044387919223, 0.333261793451215, 0.3228273541103561, 0.33071055097075974, 0.33274103766915775, 0.34221847652612913, 0.3500059410412508, 0.35426669234664354, 0.3429160121396606, 0.32235191204218827, 0.31072921074414683, 0.3451847211816168, 0.3446754272044792, 0.3398524209047291, 0.2929696761908096, 0.33487494130556916, 0.33445228468274135, 0.3413559176379801, 0.3467076005002985, 0.34568568509500963, 0.3214177410290131, 0.34493796736347004, 0.3495375878291609, 0.3427412845240261, 0.2848801822908833, 0.3410488401069638, 0.3099751045771588, 0.17727566504360448, 0.3322123093580669, 0.31145110611785687, 0.315489739416309, 0.3394253127440776, 0.3290628841557479, 0.3386619378228657, 0.3457901221814921, 0.30860354239269383, 0.29472626501588506, 0.3326083438588523, 0.34466940634670107, 0.35759114124805236, 0.3088133644844844, 0.35582258338403916, 0.3439111151050822, 0.34465016892149025, 0.35005120648724697, 0.33867320091231656, 0.3492473939809615, 0.34333930698135795, 0.16658027342113524, 0.08530168723098086, 0.33576865717861715, 0.35586962620329965, 0.3386985055411327, 0.30174511378708857, 0.33524295396253967, 0.3557145139501865, 0.3319206776444912, 0.3391782500015461, 0.34305976213001244, 0.3366656553841536, 0.3421535768820514, 0.3358907647676861, 0.34172396287647566, 0.3446344609335117, 0.33660594372993846, 0.3471879832828173, 0.3234902464104563], [0.32430082551950634, 0.3167323695454898, 0.31929901064792476, 0.3266920457375535, 0.29160732618063134, 0.31956423858540317, 0.32490598535877346, 0.29752221362586573, 0.33769553184156953, 0.3280619083619978, 0.3443318197401728, 0.3104701315406462, 0.3265926143537601, 0.0, 0.30893728338110793, 0.32924691338931256, 0.31623608534420433, 0.3349044027772434, 0.31464145795782006, 0.3358508055136198, 0.3038522142096176, 0.3122377444284232, 0.31775461413862716, 0.3202319095764674, 0.34289669093105646, 0.30304079210092194, 0.34302199048394577, 0.34021747599647423, 0.3341421161908833, 0.35627335854872366, 0.31862418000800075, 0.3422750428191368, 0.312892468831067, 0.32830831056740983, 0.32161185435320916, 0.315176421808935, 0.31420703765605773, 0.29047531724345266, 0.3174643522679146, 0.30227422919781155, 0.32772641096079425, 0.3341343163285484, 0.2190083398457061, 0.32067337123739503, 0.30462648504613155, 0.32097223235150274, 0.3152950210105656, 0.3069872075321356, 0.33211156710472056, 0.3138131290571673, 0.33114735036217824, 0.332645617386367, 0.3265018641055517, 0.31715734710215293, 0.32251747927853236, 0.3257971250893348, 0.3039190424494729, 0.3025351922438906, 0.3092704046673904, 0.3387855635075063, 0.3110714973294644, 0.31199850736374457, 0.31621214598108893, 0.3201934217227631, 0.3381383095841852, 0.3105562892634861, 0.3241483255629458, 0.31726268257461077, 0.258903263590216, 0.3459267128041672, 0.3089237604875934, 0.3320813750122984, 0.3179353166409098, 0.33409094450341104, 0.335186370240246, 0.34962314167206743, 0.3022289211615823, 0.3342426274004544, 0.3380613110554729, 0.3154160592605708, 0.3177327428117529, 0.33247232181102193, 0.3105932943400169, 0.3231039529734947, 0.3096090043270201, 0.3284567550316275, 0.30987033355350646, 0.31140340361270735, 0.3140263683989548, 0.3255512321939382, 0.19690162374159326, 0.33516696782415534, 0.32367065480685553, 0.2797105126184143, 0.330302764972781, 0.3127478424446186, 0.32119509670895297, 0.2991302844949908, 0.3165801445871612, 0.3394793375911811, 0.341696633699468], [0.3203451412820031, 0.3165339399963254, 0.3257766094844492, 0.3001074830682442, 0.3257222020837738, 0.3330595301141366, 0.336196615520862, 0.30745185838117495, 0.3182586619668837, 0.32987219459648975, 0.3445013844203044, 0.3141079265549689, 0.31965414568274064, 0.30893728338110793, 0.0, 0.3164412282893445, 0.32707833616767523, 0.3350092713106174, 0.30767637684507587, 0.3294493198081081, 0.3188288146655516, 0.31677838331575736, 0.33748363185535535, 0.3198426677782946, 0.34073790582322205, 0.3283301144548969, 0.33803795721250585, 0.3353467373879373, 0.3331610089924055, 0.35071744396409477, 0.3211597373397257, 0.3318861696515647, 0.3198554239063569, 0.3296003530901024, 0.31941710694038505, 0.2973445777834942, 0.314498319324064, 0.3065755740176863, 0.3177030877181535, 0.3178814684731186, 0.33232438148156884, 0.32042093839173114, 0.31743161799727404, 0.31868938074928876, 0.31929193122178523, 0.31981012555861965, 0.34294731684588076, 0.31779827402406724, 0.32741061717115083, 0.32347710823724807, 0.3105951855143698, 0.3376129463537858, 0.3272443845169515, 0.3178653044111226, 0.31915248975376587, 0.34013671363529996, 0.33676541576651875, 0.3095100951329499, 0.30829883981117834, 0.33049882274185616, 0.32226084811337685, 0.3198244996160753, 0.33722126092138205, 0.31705940205009875, 0.3447104721067853, 0.32750436118236026, 0.2935726775860097, 0.3281069958971794, 0.31744143365406496, 0.3321256287232359, 0.3029651395483983, 0.3184175333930219, 0.3208035379959602, 0.3408812803429404, 0.3339539029731158, 0.3371054611327362, 0.32216793389892406, 0.3163776017206059, 0.34394346634824213, 0.3249694874381559, 0.3153184429039946, 0.3405041061055669, 0.3210412305190218, 0.3102048724562374, 0.3148115285881212, 0.3401948426481658, 0.3247670858852645, 0.32525299568667454, 0.31896733119743126, 0.343133059079505, 0.3168315808207889, 0.3461476265568484, 0.31142853770773393, 0.3197345281210544, 0.32288916639208476, 0.31589251469170243, 0.3305798778287701, 0.32525276754439636, 0.3115434375960531, 0.3356184191925846, 0.33045510985773574], [0.3343895649660089, 0.32577948953323554, 0.3092979815280392, 0.317124349952167, 0.3376332447870545, 0.32962929505272043, 0.3444216782538876, 0.31025745348482037, 0.34429335479083534, 0.3370658635549335, 0.3530254414337981, 0.3111615574195714, 0.33753674116195564, 0.32924691338931256, 0.3164412282893445, 0.0, 0.3191072027259547, 0.33816305919367196, 0.32857293048688896, 0.35083687699858124, 0.3088093785236621, 0.3091079882823058, 0.3302615006365739, 0.33128909363102443, 0.352812505824867, 0.3094677265465251, 0.3204565620251456, 0.3420518411583935, 0.34755863575289747, 0.3567464619825693, 0.3316512338222952, 0.3392788817858545, 0.33200370370280163, 0.3206351993734995, 0.31624279368515573, 0.3033693457955302, 0.31798611640475616, 0.3003540365007016, 0.22896759842251058, 0.3191300687755263, 0.30713749019600667, 0.3094901444688074, 0.310526459753548, 0.31093297039333656, 0.32676656904477763, 0.3365273819893153, 0.3224643178335085, 0.31962442639313116, 0.325608666129964, 0.3284183710078499, 0.32963335587050624, 0.3434399239437569, 0.31158999089790074, 0.32436819885383783, 0.3204599349150583, 0.33252827660034745, 0.3417302256695198, 0.31573680092176915, 0.3289033239548167, 0.33442853370445524, 0.32137669992244366, 0.3116095410433404, 0.3365002226143792, 0.31827081868361007, 0.3428507451304401, 0.31903815879506614, 0.29510037888148855, 0.3140841769877234, 0.23825775660758208, 0.3539742520995057, 0.3096665707834192, 0.344705704689402, 0.3143237875008833, 0.3539479461535322, 0.34910695787370494, 0.3371195235735407, 0.30990376662045627, 0.3461269536953504, 0.3431826751793947, 0.28237320555302015, 0.19676262165870262, 0.34440304643292086, 0.3187525482387903, 0.3300692455665688, 0.3176666712145042, 0.34362831819192974, 0.31875142571535897, 0.31489940207930145, 0.18472838034343142, 0.3488353540419076, 0.30061109591282165, 0.33404669794312714, 0.3255058354488747, 0.2685067745892036, 0.3231788249040404, 0.32470423851659214, 0.33393507533128175, 0.31379692650136914, 0.3096424804441853, 0.32909105955848617, 0.34467909086256276], [0.3134583615509736, 0.3055069612833601, 0.3188161236158358, 0.3221275489253206, 0.29431840136560083, 0.33243760497547736, 0.33772181692507197, 0.2955693775633774, 0.3288923696498134, 0.34157660209976926, 0.32158577871677796, 0.28746873755299274, 0.32966864373366356, 0.31623608534420433, 0.32707833616767523, 0.3191072027259547, 0.0, 0.3204055692463528, 0.31877128455856174, 0.3144495453994134, 0.2986407148960901, 0.30369075705321813, 0.31974959511074275, 0.315160445988905, 0.3464396585869203, 0.3255700168161655, 0.3196817534173162, 0.32095048916873536, 0.33533985543600764, 0.3431093442444282, 0.3358732204377699, 0.33468874977672414, 0.3088413754624528, 0.30286208848307195, 0.3149654123325938, 0.29895948418273943, 0.31592283430880164, 0.28612463228471197, 0.3138597684466524, 0.29210963218099084, 0.33933731845134596, 0.33577385010330363, 0.31886883585784953, 0.3089682568467602, 0.31017071963950604, 0.310431627519564, 0.33315397920300094, 0.30171828065341, 0.3282315499976951, 0.3088477438833559, 0.3357160167977258, 0.32850174744882743, 0.33236194640870087, 0.3009085254897894, 0.3077576824846482, 0.3251898457121427, 0.33471018953793696, 0.308538298170113, 0.30450893630290765, 0.32572917602626306, 0.28992057043997543, 0.3095243428788572, 0.3230910538056637, 0.3055575525305596, 0.35264373699364104, 0.30797496183055895, 0.318889238800238, 0.3219296528173461, 0.31767555532608927, 0.3422226131488899, 0.30100953770835726, 0.3178797752044187, 0.33278560944798996, 0.33217891019816315, 0.33787336085273245, 0.32829338561525856, 0.33858204214682797, 0.3504774367358423, 0.34355914542149946, 0.32955411738726204, 0.31321342342045244, 0.33650253298530153, 0.31451547274724234, 0.32025381444526446, 0.30505352295462984, 0.3383933709081459, 0.3401634180597155, 0.3143729503829604, 0.31512411033331444, 0.3349113792983762, 0.3241375116932095, 0.3258715604489135, 0.30813898084730895, 0.29986629646164986, 0.3378448258149398, 0.2948798543429543, 0.3289561755902297, 0.30141216933404613, 0.30114749833362686, 0.322307670625962, 0.33408081523415567], [0.3285206912754828, 0.25669810488562095, 0.32346384850591425, 0.3409530842084203, 0.3229991417342868, 0.3406551750396247, 0.3014578726314945, 0.3323672723812918, 0.32579445808012353, 0.3321366004939743, 0.32011436924778125, 0.3206449644362037, 0.29130492621188186, 0.3349044027772434, 0.3350092713106174, 0.33816305919367196, 0.3204055692463528, 0.0, 0.30300235082527993, 0.3042841210671303, 0.327244739129791, 0.33766120608015826, 0.3249422836978644, 0.3191363702065182, 0.3411595874284463, 0.325733980314018, 0.3196368662623441, 0.33932987412997906, 0.32929787907495545, 0.32711030753584236, 0.3390661124705596, 0.354564372789258, 0.2940752209934996, 0.29155970129689224, 0.3295054764939691, 0.3309858474161933, 0.3152675344918301, 0.3312669724217763, 0.3093760042510634, 0.31734581317536925, 0.34451340357493065, 0.3389013506652374, 0.3361889729764984, 0.32736093302057334, 0.31227557497634906, 0.25970734731564304, 0.3328388786781884, 0.33133783474640865, 0.3227819004477026, 0.29839222813353494, 0.345032787668478, 0.298838979647136, 0.3452180860065852, 0.3187584119702531, 0.32353825358292876, 0.3057925120274896, 0.3480800878112522, 0.31489162960940953, 0.32730523921433496, 0.33336655584943453, 0.3236265684401771, 0.2876443823799304, 0.33901003294609433, 0.2886481978443447, 0.3580517211920582, 0.3291319886833719, 0.31270920010098036, 0.3415015257824112, 0.3274082426373979, 0.3337963268481914, 0.3187525089818808, 0.30572057094043537, 0.33402750473372733, 0.3509702660577163, 0.34096838653389683, 0.3434119797034585, 0.3155246637493234, 0.3552046392822419, 0.294105350728985, 0.34283165311629094, 0.3321133290145537, 0.28426440042677426, 0.2884790328479787, 0.27993495476888497, 0.3183591914388355, 0.3478316560232062, 0.3275671315965927, 0.3267902691337228, 0.33761892370440516, 0.2797398598774996, 0.35021945679524635, 0.3519199366027712, 0.31371007297080156, 0.3364795165393304, 0.3126806621625624, 0.33322676753486413, 0.31526178578184516, 0.3324496889204318, 0.32951344788824, 0.33379947851401237, 0.3279302950096641], [0.3167262767876029, 0.21054303058447088, 0.31265859501098214, 0.33465439407020536, 0.30486284191913704, 0.33945512564897107, 0.3221666085762007, 0.1982972675863246, 0.3043733463525571, 0.3192441931543275, 0.3368872005374197, 0.30275317084371034, 0.33118384904948006, 0.31464145795782006, 0.30767637684507587, 0.32857293048688896, 0.31877128455856174, 0.30300235082527993, 0.0, 0.3412502247293092, 0.3114505118657531, 0.3163580370802861, 0.3301784132996637, 0.32060876463595056, 0.3398557737530168, 0.32024244958727643, 0.33572914289373434, 0.3406037928478025, 0.3204633793192788, 0.3380353801585727, 0.33020774046522505, 0.34628533464165345, 0.2675598262165573, 0.330741123407545, 0.32565114214570157, 0.31540703492354005, 0.32116262046386823, 0.20065696616509343, 0.3214565820905071, 0.3106582995487577, 0.32821753286290045, 0.32268947700041806, 0.32348061041815224, 0.3189536358700018, 0.3002786765936041, 0.20400731644597725, 0.3276706036869552, 0.3174499152664736, 0.32858482341958895, 0.27572390708611305, 0.3343484449671299, 0.3378357291112326, 0.34120699060850157, 0.2776073162514685, 0.32656698378219473, 0.33181550440741137, 0.3535224880943628, 0.3169494268896529, 0.3105683455742141, 0.3231067127527252, 0.31549031386098614, 0.3302838361740854, 0.3260444122220092, 0.3241335782379948, 0.3465141164497949, 0.3073312183873753, 0.31325334012938466, 0.321872496864791, 0.3254924289885037, 0.3507970346926428, 0.305436849319344, 0.3257353295637955, 0.3228566793836012, 0.35551406374984906, 0.3447200655083573, 0.32512549999819984, 0.3323957156563049, 0.3485829671837011, 0.34899741339886003, 0.3327138816160884, 0.3345214925302611, 0.2744512314509926, 0.3291649740831375, 0.32565491586171547, 0.31065296596685044, 0.3364851276823151, 0.3231818014456065, 0.2923644058446473, 0.331299223306704, 0.340351918224965, 0.31906640965427435, 0.34514864178320703, 0.3256565995923828, 0.331565156033615, 0.32930669694718273, 0.33226103693184106, 0.2867386898774771, 0.29729327803978656, 0.28936753904894696, 0.32425318952003623, 0.3352591722970921], [0.3396849977291425, 0.34614359287308294, 0.33496393767331534, 0.3392394404897279, 0.33371065989880844, 0.34789221981062335, 0.343098494368129, 0.3377838694492339, 0.27761612058178287, 0.330544466717162, 0.17575585358269552, 0.3401631137749068, 0.33824791188072756, 0.3358508055136198, 0.3294493198081081, 0.35083687699858124, 0.3144495453994134, 0.3042841210671303, 0.3412502247293092, 0.0, 0.33916724990886693, 0.3386289611190907, 0.31628476315144294, 0.3137662278837925, 0.35989354081462266, 0.34298744250249524, 0.10777063244190721, 0.3699539919104846, 0.3552564820673121, 0.34455223330289364, 0.33551956980587927, 0.3491852091203336, 0.3394636058898137, 0.3538111630648504, 0.31181334681490225, 0.34047720349116495, 0.3315543936195007, 0.34028522939711037, 0.3555286824800892, 0.33145791650696754, 0.3522179659878666, 0.3358894722792365, 0.33811946045427277, 0.3295859446576712, 0.3329102270957942, 0.3419958477281617, 0.3450201610782604, 0.32505170700168917, 0.33484953830623, 0.33693462375980454, 0.3418808376658282, 0.07897745458240157, 0.3352781555486468, 0.3440536189761523, 0.3384299229921268, 0.3404312504806608, 0.3367