[[0.0, 2.3063490953353902, 7.393892973301252, 1.812479037388074, 2.358683462159057, 32.20281518982311, 1.911115000695844, 5.262561254266658, 0.8825407474396879, 7.747617339483765, 6.525978597211193, 5.682803666661134, 1.219443060057105, 3.5985033764838303, 1.2805977256968228, 1.0846482398721575, 1.7431859723763659, 11.28918894135353, 1.0304975680601163, 4.382666238470428, 9.147697024387487, 1.6966360066881965, 5.121545817884504, 19.00640549761068, 1.9916891375938814, 1.4708614683669257, 20.05162353759807, 1.5040197303967557, 2.41911130327116, 1.3099466408984155, 1.203643454760808, 5.38875007526137, 3.845604915310987, 0.7664475852463031, 2.206029218890673, 0.941601361469775, 1.448231622031379, 2.038291928989703, 2.5522436897242757, 1.6888274355364625, 4.508140863305427, 10.035013202803533, 1.8228518805569571, 1.1224892353482852, 0.7946418817333457, 0.7241418717562258, 13.568525511543692, 3.092403022764092, 2.4606108413388594, 12.078740182079535, 3.769045832988115, 0.9662431622316191, 4.722543079486853, 4.499798986998019, 1.7782983669003802, 10.124800178554448, 1.7069163111824048, 1.1893231558117847, 2.2735022359130665, 1.0061007137884337, 2.0361795743166855, 14.034832500042054, 1.7520394242028683, 29.589845043133366, 11.924334276576722, 9.640066925516736, 11.936622793590976, 0.8568960032712868, 10.575043701978451, 10.785871428988573, 7.551500041743779, 2.226480657774803, 2.17237125855051, 8.594712503291712, 5.961059648522655, 39.51170583628558, 3.658880734135159, 5.035414541490564, 2.1438237643081073, 1.165911897905492, 12.935323492034254, 4.3315657893553485, 12.048739751874384, 11.33285725418627, 1.1298360779636927, 1.7643361688087258, 9.246377945491437, 3.3592470762754476, 1.660844853642246, 4.649114434015679, 1.7210068915830325, 0.9026643631351082, 1.4781415332814671, 1.4996446407810646, 9.778054639906797, 6.815719380851867, 1.6728389225090994, 7.630507818428613, 2.4498845353670977, 1.464518813721097, 2.2890188359819197, 4.128991322603873, 16.34500541375345, 7.233733881053836], [2.3063490953353902, 0.0, 7.953025492536979, 2.9048741879069357, 3.1810174466524517, 32.413003362049324, 2.8114833883927277, 5.5809684273211575, 2.1284344833947317, 8.270161760472451, 7.449569964611717, 6.606606082193655, 1.6440282547396827, 4.31083375158604, 2.258167961925277, 2.5615010891568177, 2.5858791152060085, 11.740874222392252, 2.181865392753863, 3.451821020799997, 9.22697196007398, 1.5033513722219598, 6.1311812241555685, 19.4402065480637, 3.2841064197682637, 2.5295849480795347, 20.75494434227193, 2.2854093299888807, 3.73671744164298, 2.507489286963686, 2.1426819344346675, 6.092685676897231, 3.5431679459299894, 2.07086673560381, 2.72463902728486, 2.300804632444381, 2.642604551916725, 2.9993778988248163, 3.411456467939191, 2.281605970618264, 5.376991893555283, 10.604317875469926, 2.8511115167642984, 1.8264811521006719, 2.0046225956392028, 2.1828732879074244, 14.216698343253645, 3.1014294246642926, 2.9952849622838746, 11.324376587927166, 4.123519489521565, 2.367361095070977, 5.148686319182329, 5.063503010659792, 2.98110600182244, 9.98597484949435, 2.4652797346508413, 2.380000904328538, 2.675845276854866, 2.341268867804273, 2.860744496391899, 13.994898665102692, 3.0021789069409293, 30.29430138196753, 12.44081189128311, 10.219476040686573, 12.54921174976528, 2.321739869508938, 11.119129837286986, 11.538309957833828, 7.918637237560597, 3.258151763017935, 2.7555611567356397, 8.911281353491544, 6.923194187200884, 39.83230709612497, 4.166312920544181, 5.587205334076445, 2.232541279473545, 2.299975333764623, 13.635754693467533, 3.9347996471340827, 12.927604110039907, 11.982014445372185, 2.3543372576297403, 1.5426767317290129, 9.283065714618779, 3.8160329631295733, 2.22195643692096, 5.383189971244846, 2.3918565002919356, 2.432696847549722, 1.7789622725302652, 1.8641990106214414, 10.088168730975617, 7.175855769488888, 2.484802432293243, 7.982654176529305, 3.017002283993732, 1.7297181883683452, 2.3580589102097917, 4.9931761249395334, 16.83374245290308, 7.7945600417363305], [7.393892973301252, 7.953025492536979, 6.743495761743046e-07, 7.027370254024311, 6.829731256881352, 26.574005445947037, 7.370576297879781, 4.931427449232608, 7.399551847056742, 2.4733562871612023, 4.641084504005609, 4.034989238900064, 7.546129102225798, 4.400865144905659, 6.826434712051067, 7.1147913510026095, 6.414065874559948, 5.91475345793525, 7.1606173910512005, 6.86201291969735, 6.059306102465421, 7.118054311262559, 3.4866912130485446, 11.986793392092647, 5.642315253765952, 6.458775399726361, 13.29996140345299, 7.773707357824583, 6.188714611933897, 6.393784056606571, 6.782622359796438, 3.7549186323380646, 7.446007801355353, 7.2772464987625565, 5.818538838310749, 7.754237779710117, 6.5219270498863695, 6.158398229410225, 5.418598686943297, 6.747199699947907, 3.93684925634735, 3.4890283210577895, 5.855431851189904, 7.589467094789328, 7.563725434302742, 7.816921124771352, 7.01180450921254, 6.5802425822409685, 7.314988556564904, 9.62337042268371, 4.15978794759972, 6.999653314809329, 4.6553492531964915, 3.350209793817485, 6.750417284692932, 5.186666311721806, 7.766536023429702, 7.784334874143938, 7.077347592202733, 7.002505526218753, 6.521420121503244, 12.23603323073219, 6.424124957927863, 23.24241265489136, 6.76760830190083, 3.863789366412198, 5.038609241325807, 7.166474974950568, 6.489683087170864, 5.271696428453975, 3.3028566989859383, 6.013197569847971, 8.400746125337784, 3.571084402258064, 4.584161865066691, 33.530750412215845, 5.645391295375946, 5.706798377569099, 6.550440242280361, 7.046587038210132, 5.9513411086384185, 5.000324705384178, 6.390664198976303, 5.802031422256765, 6.687713264781606, 7.2927420386446515, 8.373744820185244, 6.458261372010509, 7.040331140791743, 3.8174450458878986, 6.486318133167292, 6.695987683261216, 7.0144698548283575, 7.200307496706328, 7.496743872860925, 1.772362964550133, 7.112113404411823, 3.4049356359866967, 6.588596323601365, 7.45776230018994, 7.130264755650628, 5.7388916834618335, 9.325007359524779, 6.602064463921623], [1.812479037388074, 2.9048741879069357, 7.027370254024311, 0.0, 0.9962706331482609, 32.55245326903278, 0.8377489812170607, 5.844974140917506, 2.1177908943145733, 7.674202888042155, 6.8667117711896175, 5.115962725992786, 1.983203322663521, 4.050723116725724, 2.543916004683904, 0.9819386197581138, 2.3675919390300453, 11.59444890404481, 2.1703949565492646, 4.912790193914431, 9.76097509035899, 2.1093978338178503, 5.07950040631447, 18.57228897776472, 2.0622360537327875, 2.184261315244186, 19.725540521588247, 1.208995594970142, 3.3064074009832702, 1.437531334240374, 1.8571479508191642, 4.443693644359863, 5.04039352344055, 1.5886605091815555, 2.8216865016161203, 1.4425424719225257, 2.2146151207625855, 2.8276988937874794, 3.2169592159830507, 2.008097114978275, 4.31383585365773, 9.301276264203402, 1.8169689058763834, 1.630646552713884, 1.9268708514840418, 1.8127102284524208, 13.19797593296515, 4.061522024042159, 3.892162900184411, 12.711393639709913, 3.504865491492868, 1.2069518122989318, 4.715312601494131, 4.2731882604183475, 3.039619446033831, 10.289564969756995, 1.096320085817526, 1.147051390285961, 3.3407049880123387, 2.2688581711282563, 3.1936584606694396, 14.98000353115489, 1.057384855114758, 29.551498720334685, 11.70382281568233, 9.246456603203239, 11.356930336553502, 2.188762702313672, 11.196546595872936, 10.724283703530414, 7.679670190430046, 3.077576883254241, 1.56268270336884, 8.745189619573829, 6.215049064598212, 39.71055928913926, 4.575947425265655, 5.744046521393423, 2.8004093907592225, 2.087742428752783, 12.38371533586513, 4.045028382284654, 11.734753954635103, 11.482126420210655, 1.927465066925814, 2.389195614302402, 10.188163952939219, 4.614723960104879, 2.8425731086637334, 4.918848933377468, 2.7403370166329117, 1.824979120578128, 2.366596554773226, 1.4855672864825409, 10.469641356622274, 6.2839100398816825, 0.8800492719900336, 7.675081153492663, 3.3514732182545828, 1.920234765326938, 3.540869043973564, 4.801569166556305, 15.990415041118304, 8.136562320413226], [2.358683462159057, 3.1810174466524517, 6.829731256881352, 0.9962706331482609, 1.1680077279964342e-06, 32.656767291224625, 1.0658834764439709, 6.134259639348081, 2.5789461904146327, 7.707840499338508, 7.10103572894674, 5.29625424879149, 2.386028960097245, 4.172182580023987, 2.9966700092612775, 1.593004677040338, 2.8924751248484055, 11.583680369250056, 2.6819544536329176, 5.15443344381484, 9.902602328861748, 2.539963118650042, 5.235093573380584, 18.475377838705572, 2.4391626563750646, 2.6208322784455658, 19.688774215432336, 1.6444962536607484, 3.842167562039283, 1.8815048180678595, 2.3547961191970477, 4.102421564584754, 5.4020877165966965, 2.043432574322925, 2.940970447876432, 1.9803697405004625, 2.7125819588652185, 3.289577382087064, 3.506384218467858, 2.453422461130528, 4.524204615071547, 8.994510477111291, 2.0422478860806668, 2.104106052317732, 2.434787631625324, 2.30660276314386, 13.180672127293937, 4.408255571317588, 4.268853684473064, 12.768791913537909, 3.541500308186932, 1.8384871092764805, 5.057223628255821, 4.335283263675357, 3.4988296756642736, 10.199993370627487, 1.5164509799611072, 1.7210964898464194, 3.7914351151542047, 2.784890326791043, 3.602222975548998, 15.291908194766824, 1.385194789713853, 29.589581517924163, 11.899846075182461, 9.252402648360352, 11.114256695033827, 2.6860978157070736, 11.269683331228794, 10.820873328183703, 7.776723164928794, 3.5060349439568026, 1.8419315039648096, 8.76628891873499, 6.522563060427278, 39.797352166481446, 4.922141812339252, 6.073210501054954, 3.169790365903359, 2.6370878816127092, 12.193826312865445, 3.9717642400582114, 11.818457384211417, 11.539784845816921, 2.4445031501556738, 2.6653420432940296, 10.50454074323766, 4.912792782101018, 3.227417524161278, 5.002655640518627, 3.1065931693763362, 2.217632982922352, 2.7490972039778616, 1.8700419806077897, 10.773658234419447, 6.040459366764355, 1.3850279635154756, 7.795149324034494, 3.7334096589945927, 2.312073202018427, 3.900461982487979, 5.221033810275351, 15.876575442842725, 8.462296618204062], [32.20281518982311, 32.413003362049324, 26.574005445947037, 32.55245326903278, 32.65676729122462, 1.6858739404357614e-07, 33.01347435604665, 27.18104146184999, 32.014587258668456, 25.145544275652757, 26.16504923588976, 28.49563078805793, 32.36703171369569, 28.881945027120867, 31.23062245104099, 32.341293625050504, 30.816536141760253, 21.60771019076895, 31.682436044690512, 29.62426330102485, 23.586242963960263, 31.7805831962832, 27.740389976812327, 18.020266408191315, 30.745655608887986, 31.16462309226004, 17.359691792633626, 33.10703410790754, 30.07197973161011, 31.552565885378378, 31.507732728694116, 30.197255692729115, 29.786119243853083, 32.31920192718874, 30.661806197020873, 32.82688163166018, 31.10316348417284, 30.40362074315421, 29.795340504866992, 31.422460458546425, 28.417886090971418, 26.720843661604142, 31.233541997735035, 32.5618593444401, 32.29339229286935, 32.737082559130386, 21.53593707974582, 29.924816830188124, 30.82542545182877, 23.175994520291077, 29.511867988664655, 32.06488305782125, 28.3830020441124, 28.449191813795743, 30.743875972480858, 23.46477890595873, 33.21704622890075, 32.98657859620439, 30.777897744752725, 31.487214723348977, 30.471594854821234, 20.70566411767673, 31.74097325382441, 10.911359164193929, 21.993395462009673, 24.407474501586456, 24.977566187876153, 31.743303916057496, 22.291042814413824, 22.488656295796556, 25.20000479627722, 30.17856625463887, 33.89102577356381, 24.24842583928631, 26.715430912513373, 8.210956545374117, 28.753496102219525, 27.650459625949868, 30.75151832822453, 31.613484458391813, 23.817668723293725, 29.76577090301718, 22.640471744909366, 21.48407737807813, 31.375130654656903, 31.952941972930237, 24.380100698869196, 29.51905430611913, 31.325773883349235, 28.06544601416268, 30.84363060833289, 31.62480719062638, 31.564033755205635, 32.28119466045007, 22.92075798143232, 27.76613165146531, 32.53094241179595, 25.143841130452575, 30.50695693567792, 32.35426562229629, 30.905891158407037, 28.47773836369922, 19.846777292944914, 25.570967971919142], [1.911115000695844, 2.8114833883927277, 7.370576297879781, 0.8377489812170607, 1.0658834764439709, 33.01347435604665, 1.1680077279964342e-06, 6.231657019367725, 2.3023931023000874, 8.104825853650695, 7.430341115145537, 5.531631887274864, 1.9205743478260546, 4.342293017919454, 2.7016341565723043, 1.2189626332773273, 2.7640427473066635, 12.009217267655272, 2.3572711800935413, 5.139229440555007, 10.111244062321799, 2.2860146492563724, 5.591965629515929, 18.9917515217085, 2.5036067548155185, 2.479616763390221, 20.181610396933937, 1.0006244839391893, 3.688283604626898, 1.6885827113248542, 2.1488126344374603, 4.610052706908347, 5.293828884804834, 1.5831125353826203, 2.9632368816346255, 1.4177487391586738, 2.593739653709475, 3.208679713716227, 3.599091560627186, 2.347328577570013, 4.881828249332546, 9.540107335222405, 2.0681430392081874, 1.5877391799986271, 1.9892804141341274, 1.7175413510476172, 13.634953756083883, 4.3264511528061105, 4.06386376719375, 12.932924824332742, 3.7661248372340124, 1.5055808304670057, 5.123722584334916, 4.694733543131665, 3.3606240079317855, 10.589025081471496, 0.7875873346632378, 1.133093346823805, 3.6232434294806373, 2.482434707485507, 3.496678760511569, 15.39434966071802, 1.6739769797715127, 30.04790906597393, 12.241911358142566, 9.723850833020403, 11.621562378862182, 2.3889853716789022, 11.59397989972339, 11.230672782368895, 8.032427224411576, 3.45955433216604, 1.1161034702954322, 9.107808144951214, 6.765688550908688, 40.20008073403182, 4.93084766355142, 6.264291048744407, 3.116877091383178, 2.3757572207173543, 12.714765833683293, 4.34568211121215, 12.273947789180378, 11.974724149247258, 2.2510764952381677, 2.376455066780511, 10.587729703745634, 4.8595404817923775, 2.951623423652318, 5.28306364419556, 2.9571884685256022, 1.976514642501008, 2.4765591840851284, 1.5084208075475833, 10.91974940166399, 6.511918397247543, 0.9415667611323434, 8.105546161166588, 3.6222904558697104, 1.897833415626766, 3.6726011624104, 5.312512179899986, 16.379069061373947, 8.60775475509899], [5.262561254266658, 5.5809684273211575, 4.931427449232608, 5.844974140917506, 6.134259639348081, 27.18104146184999, 6.231657019367725, 0.0, 5.039901177177461, 3.8499132580809965, 3.2182808072306246, 4.509275210402758, 5.3529138768415825, 2.57711030670424, 4.274019703180224, 5.494474235894929, 3.815151618029249, 6.9041774516382715, 4.647683102560822, 3.8051224703100024, 4.275340623460286, 4.949697401356942, 3.1643474597860957, 14.994679179210687, 4.163558764375349, 4.244368147910638, 16.173930372589535, 6.1468342945596985, 3.4773542331275467, 4.714558625388879, 4.527119595156361, 5.959215483045378, 3.7103211870983452, 5.333953160643603, 3.9673483056906966, 5.860991127706107, 4.184300118813009, 3.5003505693863888, 3.0724222940974957, 4.513452939279718, 3.1380541708559067, 8.183564650518333, 4.572618701977445, 5.533932047472296, 5.306405656009486, 5.754875511092008, 9.852616229238366, 3.1708374146730405, 4.145208660027842, 7.832306933803996, 3.6232888968257377, 5.1407581225437005, 3.0807780273941288, 3.084724795886385, 3.973858319340191, 5.854746101947176, 6.290546344547717, 6.038112838940346, 3.960271135927795, 4.516072532994672, 3.6759712534365705, 9.562327605142071, 5.125367062197405, 25.21764918179621, 7.810989737001956, 6.382453844345957, 9.462509829325278, 4.784280804365263, 6.3279510167181385, 6.8706140768330775, 3.3240803441351376, 3.349034973356247, 6.947495937391463, 4.579990072616451, 2.991185734528149, 34.58116238341156, 2.036312274645257, 2.7649980556194538, 4.030699649696972, 4.645768300931285, 10.137617566254642, 4.404638082871242, 8.63497975191283, 7.032234957187438, 4.459321814581206, 4.956438363202966, 5.004051890849369, 3.097723558327588, 4.3554851258707, 2.666624900696825, 3.9245479191474897, 4.723465422427612, 4.503432393276646, 5.391607245586364, 5.138975773627209, 5.073424523994925, 5.6803966546656754, 3.7797249622401674, 3.630154833187867, 5.329579110845502, 4.0010172137412106, 2.5338576193990003, 12.617553346669649, 3.4243772022517676], [0.8825407474396879, 2.1284344833947317, 7.399551847056742, 2.1177908943145733, 2.5789461904146327, 32.014587258668456, 2.3023931023000874, 5.039901177177461, 0.0, 7.671035073751304, 6.329753269872881, 5.808333976952428, 1.2643087043817678, 3.6019980067228903, 1.2096053734433436, 1.4399733766924243, 1.6212185130896952, 11.071267579513224, 1.0213190147959763, 4.2100655075604765, 8.887054461612147, 1.667587117905353, 5.101661885683196, 18.984823833328726, 2.119174810306105, 1.282605480212214, 20.052214759578856, 1.699779964101697, 2.50182751937742, 1.494298113459714, 1.2609668760538684, 5.605430371475526, 3.415546068954368, 1.0018714536933548, 2.1485117733412427, 1.261250089523538, 1.1703383125432971, 1.7681625068992601, 2.373144581852841, 1.5896561738268185, 4.419219926945956, 10.149674127010405, 1.924631342768524, 1.2893796317690505, 0.8287249275545483, 1.1326683361906709, 13.569302102043508, 2.705739615141049, 2.017446665010705, 11.784174065651463, 3.8402347564291097, 1.1142393271328739, 4.756708473885685, 4.503885068920964, 1.5784884967575374, 9.962841447156416, 1.9496655340170643, 1.498402433948563, 1.8356894132674573, 0.9082995464762329, 1.752592369609137, 13.657230489771191, 1.859359634019669, 29.516940697456047, 11.854135872222642, 9.653110679592876, 12.056022840993911, 0.6738977561828087, 10.364298797918412, 10.760243233116599, 7.465929866954514, 2.0175886413671997, 2.466089077352984, 8.56759120817394, 5.897985501228631, 39.34869322714772, 3.406066915409731, 4.8245725166004485, 1.9932328030966258, 0.8051814955227423, 13.035123197385516, 4.301026367960756, 12.051247139869563, 11.185949520624444, 1.0532172283785957, 1.605103918943686, 8.841976639169754, 3.0764761949130346, 1.3340242603537733, 4.552301227842106, 1.4959459612874035, 1.059554401225328, 1.2514480332436386, 1.705506464589954, 9.5727876999582, 6.873696663939747, 1.8468841525988136, 7.604212156433893, 1.9819933312558489, 1.338310417590419, 1.990569970340495, 3.883989419528551, 16.350342441487765, 6.9741031946521295], [7.747617339483765, 8.270161760472451, 2.4733562871612023, 7.674202888042155, 7.707840499338508, 25.145544275652757, 8.104825853650695, 3.8499132580809965, 7.671035073751304, 0.0, 3.440358908597467, 4.0841078628911855, 7.8927156754554355, 4.48641326643819, 6.974884692863755, 7.647453912592346, 6.46655628037914, 4.79704876859111, 7.355514948293506, 6.548223665378826, 4.390567113894078, 7.437386650690537, 3.2895951031589354, 11.484319929000845, 6.05323315391446, 6.680431420999926, 12.75824594435262, 8.35658262535911, 6.046820387176608, 6.836933317500486, 7.058279760935904, 5.451124678961112, 7.005220412311378, 7.733712980308159, 6.225343026505892, 8.240998710298303, 6.692121725693061, 6.132027167395555, 5.478730367660975, 6.964259622634349, 3.85798568557201, 5.171175322870184, 6.450913705055106, 8.012264988325445, 7.882401132831852, 8.247091049388656, 6.41784986137265, 6.287786758970751, 7.21880312957428, 8.399248248569815, 4.716767295637273, 7.413815557311905, 4.252150464539411, 3.6719662757527782, 6.75622761773226, 4.391723847802993, 8.406702362217473, 8.310944041714647, 6.944079234272141, 7.18221728860225, 6.477619673315751, 10.2565643706634, 6.97145924717365, 22.298376977333863, 5.183212964232357, 3.2827627765423064, 6.04302926801561, 7.434144570736621, 5.291092977549523, 4.011016483292222, 1.7990798522948939, 5.966725382805743, 9.07021700657981, 2.5980256213731114, 3.412037281802968, 32.22957427554314, 5.143959087209187, 4.953286609322094, 6.628623511923885, 7.238310296554611, 6.549783242974316, 5.614280039604116, 5.540370758971622, 4.4419189436118085, 6.916305253869483, 7.604869838659498, 6.652259976388126, 6.231577654508229, 7.178001676280851, 3.743616407321255, 6.605281486555046, 7.091416273711791, 7.233865755027347, 7.686333190296806, 5.456640646365719, 3.494520490614926, 7.693969013597689, 2.134791974722327, 6.480576899850603, 7.810277597370299, 7.073470212755861, 5.062004709035022, 9.095140153554423, 5.177814561087847], [6.525978597211193, 7.449569964611717, 4.641084504005609, 6.8667117711896175, 7.10103572894674, 26.16504923588976, 7.430341115145537, 3.2182808072306246, 6.329753269872881, 3.440358908597467, 0.0, 4.401113256431844, 6.989375787642005, 4.05567335774719, 5.856539594438557, 6.604528129951672, 5.33414009337255, 5.76937492934847, 6.1684128047007505, 6.069484786429756, 5.00262228204588, 6.440140400153239, 2.4978700486380623, 13.770087222132362, 5.090680714071136, 5.59331527699236, 14.440737153323525, 7.427790846092559, 4.580204588309732, 5.987356202256529, 6.024902928376339, 6.302605835515352, 5.475039462042863, 6.724461206042923, 5.603302209518882, 7.098904719587309, 5.413252324292382, 4.8302898166761015, 4.363009314397707, 6.013735280133945, 3.073253898364918, 7.6195840972476665, 5.766058135943517, 7.052226943480422, 6.7052762249625255, 7.096308579313219, 8.413278726303844, 5.234635319310525, 5.739330670337151, 9.413345837659236, 4.952248124613625, 6.337397195261169, 3.9664659278375947, 3.83267922034741, 5.202198358563593, 6.585970945155379, 7.544520410063372, 7.235523402766603, 5.549765810192137, 5.9301639711237115, 5.082315270446211, 9.527017733091718, 5.987426280565324, 23.388899197562417, 6.529445237708798, 5.041113014116596, 8.636077595203856, 6.086369889792871, 5.272601004279568, 5.07563261209448, 3.804442481739906, 4.602656979137187, 8.21708932872949, 4.327930224683022, 1.7268721042430848, 33.29991671973329, 3.8493364298906783, 2.774649984997299, 5.4997571885938115, 5.952240907649635, 8.921728465837472, 5.728837038788123, 6.5753912780070625, 5.333662272589249, 5.738320715120701, 6.820209339340806, 5.507316244210149, 4.838806704585664, 6.05743435679919, 3.381243009315369, 5.544931495901435, 5.998640627798989, 6.287768404677745, 6.885686402297853, 4.951943215047826, 5.543352845692444, 6.934544747957974, 3.5113115592082527, 5.190984725748055, 6.943213144606853, 6.011272711989176, 3.0712250841053677, 11.283592103444754, 3.127608567228767], [5.682803666661134, 6.606606082193655, 4.034989238900064, 5.115962725992786, 5.29625424879149, 28.49563078805793, 5.531631887274864, 4.509275210402758, 5.808333976952428, 4.0841078628911855, 4.401113256431844, 0.0, 6.010165710513788, 3.8959344883497002, 5.368926747166949, 5.259215885630354, 4.720281676579346, 8.396493766675755, 5.551404203720579, 6.148221419018854, 7.497848209218066, 5.496865009402936, 2.4116914752252514, 14.014585920006208, 3.906266758239242, 4.8381264093100045, 15.019515926091145, 5.948425671914174, 4.373114818027529, 4.748070381391234, 5.177015509847299, 3.7639162908862964, 6.676894479594193, 5.663062769100817, 5.100525737869877, 5.978977961388984, 4.892979090094973, 4.5172291563155245, 4.368284843815672, 5.226665375537564, 2.479385078470128, 5.895104495991933, 4.559594792456728, 5.9328415903768335, 5.923663652349396, 6.125224421468938, 8.450927416578828, 5.67532655020929, 6.264448333012826, 11.349378196880417, 3.4119466313467472, 5.134122077212464, 2.5664488155691543, 2.7391896211738427, 5.373507357668372, 7.932317997148495, 5.925052493488877, 5.927988724219453, 5.726127695818501, 5.376415396833698, 5.287609145200999, 12.972965095161205, 4.684029944259587, 24.913607448956324, 7.173567527510981, 4.814724944473502, 7.431401033459271, 5.565303376704366, 8.495017109450679, 6.426790785712945, 4.500501109144652, 4.537092518887667, 6.528732170452022, 5.400315404229145, 3.571385007468723, 35.36773060581904, 4.8333790654508055, 5.014624718062279, 5.151303698449261, 5.257573301971965, 8.149933954604691, 4.888143494280709, 7.1299311781285, 7.67834170579896, 5.0041812379041986, 6.016092145222526, 8.787773440024289, 5.964640441118932, 5.758335718821938, 3.524883926940531, 5.179365318938057, 5.133802943663639, 5.612526052797083, 5.557921096712289, 7.923083179644619, 3.7556638378064786, 5.218967751067621, 4.270742435569051, 5.235639386533017, 5.877852212240065, 6.07561973254, 4.555686271880142, 11.491748319559095, 6.766098526117364], [1.219443060057105, 1.6440282547396827, 7.546129102225798, 1.983203322663521, 2.386028960097245, 32.36703171369569, 1.9205743478260546, 5.3529138768415825, 1.2643087043817678, 7.8927156754554355, 6.989375787642005, 6.010165710513788, 9.5367431640625e-07, 3.7827444546476934, 1.4297199182662665, 1.5346816485172667, 1.9336446420096771, 11.492629712182353, 1.2410895092179597, 4.021455800392492, 9.14560750710741, 1.674896450625397, 5.574733596231681, 19.147378788210197, 2.5037561774176007, 1.773044380548919, 20.380272208577324, 1.4526194212313401, 2.9954173388507446, 1.4839071756789681, 1.3585463704338856, 5.535467584006017, 3.8013574540362143, 1.0011971425790402, 2.056559241168657, 1.2680492500584408, 1.8367815565933374, 2.3475449179192034, 2.808083803959, 1.4670388755306458, 4.804681003292534, 10.190272688418439, 2.0556697705268783, 0.8613475288086136, 0.8765098313604945, 1.122340604091915, 13.857422033193863, 2.8453301072083277, 2.6079804187404902, 11.730178076446865, 3.773523177237559, 1.3856267795474724, 4.989927662791255, 4.668473857434739, 2.2488930927838093, 9.962850725851611, 1.6362624269057326, 1.3869087450532398, 2.160324131518476, 1.3744166491340981, 2.242662949501956, 14.097815672219657, 2.101354384557816, 29.968112794499316, 12.152043120404352, 9.928685482185301, 12.144892104517739, 1.437572866197127, 10.883174405860034, 11.168600638758653, 7.586229959872187, 2.619618073473389, 2.02740148245655, 8.82484090850324, 6.385534638303915, 39.72547545586293, 3.8292769026061637, 5.479722255642663, 2.2329976234714004, 1.5255122884257584, 13.211498144568676, 4.218955868417991, 12.46843819422274, 11.642994421936429, 1.4482446841142285, 1.0058203920463653, 9.313655549806624, 3.554021361003945, 1.566694524451748, 4.933726530069559, 1.6944365440584273, 1.4414305733651684, 1.1859000666148987, 1.3228126506761135, 9.91809854828013, 6.830822809254952, 1.6446965817621304, 7.845937364130624, 2.523471527761587, 0.8356622894359839, 2.018246183090375, 4.481691477928847, 16.598254537948293, 7.56412946082396], [3.5985033764838303, 4.31083375158604, 4.400865144905659, 4.050723116725724, 4.172182580023987, 28.881945027120867, 4.342293017919454, 2.57711030670424, 3.6019980067228903, 4.48641326643819, 4.05567335774719, 3.8959344883497002, 3.7827444546476934, 0.0, 2.7721460501408037, 3.730929368694355, 2.6201385579133656, 7.980437714231532, 3.2482536236020505, 3.7049496220190954, 6.007962117258531, 3.5618153101486776, 2.624340954163418, 15.784721980465116, 2.349422380823998, 2.740719297327923, 16.932584784569013, 4.437113044964271, 2.290670737208575, 2.9027067693377355, 3.0619360498596855, 4.164835058591256, 3.667187404593682, 3.6354125722035193, 2.1238450252458003, 4.1932145075329625, 2.7869339164941795, 2.318223332735122, 1.5412035201668928, 3.135217588695922, 2.4875021165123568, 7.477131631324347, 2.6552083456207294, 3.9384407939351527, 3.757732929065109, 4.076834986524323, 10.509017620312127, 2.6354885617159045, 3.2619553799654155, 9.402561981562924, 2.039002169607734, 3.5041045633970267, 2.8258719431890684, 2.0263750035202044, 2.7172007025147216, 6.844589007980031, 4.558031810863288, 4.340683373485478, 3.0807712578477613, 3.064415266922967, 2.4710294517921585, 11.632946418199696, 3.372674747748964, 26.388743620829032, 9.064385180049452, 6.769533547130714, 9.118384705789456, 3.2798265406681306, 7.457463120177394, 7.728350295145416, 4.203108287831984, 2.121418618809784, 5.197066636290089, 5.287007125218288, 3.5424668256434533, 36.19313039399789, 1.8579295891995584, 3.255443931505478, 2.836052353092523, 3.278024699153732, 10.037034325718077, 3.2682354630443617, 9.250517510643203, 8.106050931280983, 2.898166642407904, 3.5753628905128507, 6.9767283313795625, 2.5687481985565896, 3.055498530272637, 1.8220478387039454, 2.457594236652245, 2.938991973331831, 3.162764872923231, 3.7744166459861006, 7.00547449802722, 4.167600496579637, 3.974072230112699, 4.523601748245691, 2.7999120033704674, 3.833907740953678, 3.0163685417045554, 2.6525475201268183, 13.165769565395912, 4.92308848773864], [1.2805977256968228, 2.258167961925277, 6.826434712051067, 2.543916004683904, 2.9966700092612775, 31.23062245104099, 2.7016341565723043, 4.274019703180224, 1.2096053734433436, 6.974884692863755, 5.856539594438557, 5.368926747166949, 1.4297199182662665, 2.7721460501408037, 0.0, 1.8580518188153745, 1.2814794776800644, 10.408186748033824, 1.0392006476386202, 3.622467027645178, 8.090785128570731, 1.7913891545525396, 4.593948654171332, 18.324486121489773, 1.847738330050389, 1.194739040881063, 19.43326116370293, 2.3479526690084924, 1.835087322938639, 1.4618052653588933, 1.1771882242645857, 5.337771418612783, 2.9910202462329125, 1.4326865052587867, 1.5203108979741005, 1.9252476950327746, 1.1963837933613721, 1.3476519687189303, 1.7419064840541771, 1.459919057638525, 3.9801552770046564, 9.669912573309722, 1.7739231647434401, 1.6504761441403262, 1.292695787205904, 1.666231403244878, 12.964308965550211, 2.0574411343867385, 1.756425364938565, 10.965130443670072, 3.2662422492132177, 1.5667578968172016, 4.13484977645631, 3.9223781164630247, 1.1716577243778699, 9.157653256843737, 2.5668883963420224, 2.183176002098519, 1.4213786396555925, 0.7793186750702755, 1.1601973606967426, 12.99123974253831, 2.1837959347357923, 28.864933226877465, 11.236362402301049, 9.083822003704602, 11.491098345415107, 1.0185051435524488, 9.673695551245187, 10.115949118396802, 6.63438690241329, 1.557737620600122, 3.1128494481287525, 7.785679964678216, 5.286601299278279, 38.60062175589478, 2.608257095147772, 4.31778426580569, 1.7339630682247797, 1.1054393968285543, 12.472642092100454, 3.9476438346373133, 11.517186283515926, 10.538993268682209, 0.9737039641037739, 1.5740034453650555, 8.19691668296539, 2.4490848432190453, 1.0492668422606204, 3.9096030014028753, 0.7970616106355792, 1.0688540628965386, 1.1344052559402305, 1.921929547590399, 8.772564008131582, 6.316880448413033, 2.2552475719036797, 6.8651396784169965, 1.761220628363087, 1.6677452453270818, 1.366994722936603, 3.355400528576646, 15.719315479603246, 6.31461543248863], [1.0846482398721575, 2.5615010891568177, 7.1147913510026095, 0.9819386197581138, 1.593004677040338, 32.341293625050504, 1.2189626332773273, 5.494474235894929, 1.4399733766924243, 7.647453912592346, 6.604528129951672, 5.259215885630354, 1.5346816485172667, 3.730929368694355, 1.8580518188153745, 0.0, 1.9507398145684638, 11.391147471803064, 1.474047771596603, 4.626009918149702, 9.461800838087601, 1.7163265663041727, 4.976936684494896, 18.71155771929985, 1.7889000769064287, 1.7850533015641257, 19.79620512576932, 1.142833369169453, 2.753836973141595, 1.155599451247233, 1.367396298201533, 4.786965689171513, 4.459915422838434, 1.0818513995185604, 2.4153167087862553, 0.871560702468393, 1.7253865937629198, 2.3266841177540245, 2.7968703855424137, 1.646135914358885, 4.2696252148435985, 9.572343143967025, 1.6451159666610202, 1.1511861468637352, 1.289796105121992, 1.1615412881170883, 13.290566523533048, 3.5956437687860268, 3.242823234200528, 12.406410144480148, 3.5123173189758576, 0.7343804489444421, 4.616118930224699, 4.259276341088804, 2.3539311833492196, 10.172096639868561, 1.1859935574058826, 0.8628434493618464, 2.764462647608483, 1.607835424094986, 2.580810245449625, 14.516563649057366, 1.189395487190192, 29.495253685317653, 11.734194516410346, 9.335126891626272, 11.554834057354382, 1.4487148112892554, 10.83107565765888, 10.655270929820507, 7.527636322363475, 2.60208540391313, 1.7477679374407218, 8.594306103382099, 5.968198854511687, 39.56353590272879, 4.067969288769061, 5.2943833326306855, 2.4039279426243616, 1.516530418911678, 12.560893550745497, 4.10771375982289, 11.793843217743655, 11.352207203655622, 1.3789444977333447, 2.0349193389889595, 9.72773906347888, 3.9924075566267505, 2.2623488117165484, 4.741779739337047, 2.1898973583050574, 1.1821128879362686, 1.907796526351449, 1.2687675467357025, 10.083556716487006, 6.456302669755538, 1.1041135613193482, 7.548756122968813, 2.9029301797295184, 1.674613413230211, 2.932539366210156, 4.3990374359527005, 16.08490663496434, 7.636386081092128], [1.7431859723763659, 2.5858791152060085, 6.414065874559948, 2.3675919390300453, 2.8924751248484055, 30.816536141760253, 2.7640427473066635, 3.815151618029249, 1.6212185130896952, 6.46655628037914, 5.33414009337255, 4.720281676579346, 1.9336446420096771, 2.6201385579133656, 1.2814794776800644, 1.9507398145684638, 0.0, 10.100275434284994, 1.275395020331879, 3.295092643698724, 7.816174283596411, 1.6808843800706037, 4.048909317175219, 17.749133414891514, 1.5743817561993874, 1.1891035265780432, 18.895633582915845, 2.521278185621226, 1.736085249287797, 1.4145902052932164, 0.9140612731027018, 5.0415300029405445, 3.083433834087806, 1.8189147491485194, 1.8732968148437783, 2.20267393394938, 1.0218695166167169, 1.1251068781766014, 1.587559822415202, 1.2484271478503226, 3.3287822004621335, 9.273647598938133, 1.7775856058452653, 1.96409902839061, 1.7715261943094789, 2.1772004209899776, 12.366467727666281, 2.1316493708805835, 2.294144482712776, 10.788422777353667, 2.839127587132378, 1.5615956084535647, 3.51357507069059, 3.3378569268636538, 1.4619937967990528, 8.817644896632416, 2.683973981359319, 2.3385121781220963, 1.6442211328054777, 1.2415703044112436, 1.4370577773194007, 12.786769337760331, 1.8383453554385576, 28.366262649889226, 10.52810002165558, 8.438005204128189, 11.107483180680873, 1.4421528703023365, 9.515327984762648, 9.552833085003485, 6.25938252669411, 1.3517505098277436, 3.282356415528815, 7.359524927971807, 4.76185713191158, 38.123913144892356, 2.508494091766384, 3.9242444253576116, 1.385758437824414, 1.2840186223864893, 12.017907087710805, 3.4686974445388485, 10.890180219020605, 10.097321468908376, 1.034934318620335, 1.8020630875059473, 8.006798224523164, 2.6365577768130937, 1.604673046862047, 3.6091500471114424, 1.2703874849545689, 1.4052632703083554, 1.2743123964598222, 1.8920498755871842, 8.462000336621214, 5.922535561278459, 2.2120954914442987, 6.323430538387355, 1.6707094651763523, 1.9200547001644444, 1.9014348709902422, 2.941703190415724, 15.22186184261773, 6.079958167625874], [11.28918894135353, 11.740874222392252, 5.91475345793525, 11.59444890404481, 11.583680369250056, 21.60771019076895, 12.009217267655272, 6.9041774516382715, 11.071267579513224, 4.79704876859111, 5.76937492934847, 8.396493766675755, 11.492629712182353, 7.980437714231532, 10.408186748033824, 11.391147471803064, 10.100275434284994, 0.0, 10.89555105842074, 9.813151704675523, 4.122966560402082, 11.070162925218376, 7.0351761535068675, 10.284899654143537, 9.798812586481349, 10.212642924935842, 11.096141884917657, 12.094487166807752, 9.453872144372477, 10.563775641075601, 10.717385280218378, 9.369765972822798, 9.50949176813028, 11.308072321769338, 9.633259051759818, 11.858554094249557, 10.163135491779617, 9.57154555577025, 8.820939474507425, 10.678558340028582, 7.723732819350115, 7.629852876298526, 10.123102003848656, 11.69100859677868, 11.384482611158633, 11.792548031742449, 6.4959406381175535, 9.331322901234541, 10.033459070483, 7.804896554125109, 8.72531395110505, 11.108667343460018, 8.24251346716806, 7.722148483047155, 9.938315692181796, 4.801864604463328, 12.200862256896224, 12.02088689680563, 10.105375827275171, 10.620706991009474, 9.668902798759497, 8.098348835603117, 10.762423987241577, 19.373248076957303, 6.232290543181701, 5.841086891783227, 7.458139656264098, 10.807660823510554, 2.411916810851146, 4.5848185992848505, 4.977823111090709, 9.299867201070333, 12.891016626751155, 4.537182036193966, 6.684605329736529, 28.85308745265412, 8.139391472563576, 7.525692343326885, 10.113155530029251, 10.72987105256293, 7.330726936901148, 9.276972269017861, 6.235349675070509, 2.3258671257492973, 10.490974802185283, 11.136907562463895, 6.235341900724819, 8.842230557626197, 10.417565298756434, 7.041416122785275, 9.971544780033598, 10.617598293476153, 10.740247962454342, 11.472926884570734, 5.391538466601789, 7.258557836308162, 11.547485416326214, 5.452981664477444, 9.630762601546797, 11.422726491294853, 10.266139824482707, 7.9521627945165, 8.005922773964608, 6.05912433903782], [1.0304975680601163, 2.181865392753863, 7.1606173910512005, 2.1703949565492646, 2.6819544536329176, 31.682436044690512, 2.3572711800935413, 4.647683102560822, 1.0213190147959763, 7.355514948293506, 6.1684128047007505, 5.551404203720579, 1.2410895092179597, 3.2482536236020505, 1.0392006476386202, 1.474047771596603, 1.275395020331879, 10.89555105842074, 6.743495761743046e-07, 3.7032258630443997, 8.602816978932848, 1.536840521193284, 4.90651590269634, 18.660668331733373, 2.0608246377111126, 1.501795488377347, 19.791622731965937, 2.000857151639192, 2.202871910981523, 1.403255330201524, 0.902729688435112, 5.451802200355039, 3.2772601337866805, 1.2799898939162986, 1.8934326366663778, 1.4189449463840211, 1.2890695808883514, 1.7301064964054973, 2.227809705507465, 1.0478889269250533, 4.228865803448573, 9.961122904826249, 1.9602351145039316, 1.1972336162862145, 0.9915555935486966, 1.3158551928996889, 13.307280582079706, 2.477053084777834, 2.1924414505008945, 11.383907033733625, 3.5175780954046525, 1.297266602255146, 4.4719523368994, 4.196383950962562, 1.4229577255641586, 9.55815297491416, 2.1699337864880492, 1.6954605823946234, 1.7019272072823153, 0.9004026241072447, 1.627151153750386, 13.430290657300306, 1.9129161788354545, 29.267429109367153, 11.520282934160411, 9.356398269672173, 11.846526219105915, 0.9485635525700084, 10.208004287723838, 10.457673144927838, 7.069145663197615, 1.9819170540227513, 2.6458453136569893, 8.237092658995127, 5.586985081891107, 39.024779503765174, 3.1470479338846213, 4.623964891083675, 1.7317026547574401, 1.2274786426293498, 12.803849519228676, 4.029852974105819, 11.815320725526371, 10.984294557660046, 1.0183500019773537, 1.4044165109361477, 8.674116684029306, 2.8986449712784887, 1.3112749671038586, 4.446175026018279, 1.4133568573756004, 1.098528670297372, 1.1799882200068335, 1.562160847008548, 9.218015640758987, 6.642905782046493, 2.0431416482140503, 7.224523995331163, 2.0664841877189284, 1.552286453459402, 1.7096939639886088, 3.6762424758256835, 16.107617843428535, 6.73879838403434], [4.382666238470428, 3.451821020799997, 6.86201291969735, 4.912790193914431, 5.15443344381484, 29.62426330102485, 5.139229440555007, 3.8051224703100024, 4.2100655075604765, 6.548223665378826, 6.069484786429756, 6.148221419018854, 4.021455800392492, 3.7049496220190954, 3.622467027645178, 4.626009918149702, 3.295092643698724, 9.813151704675523, 3.7032258630443997, 0.0, 6.979295543076943, 3.331710346714884, 5.3417269716834, 17.38600791644956, 4.2551568527405985, 3.968458499546168, 18.86202893721549, 4.97875290587386, 3.965158971001143, 4.096417690844878, 3.544235052665712, 6.456804089695493, 2.865723156565877, 4.403603625019917, 3.5321090709854444, 4.723122499352071, 3.9228162626599974, 3.692642903483544, 3.563379386362406, 3.410716880219718, 4.729675495184258, 9.868834487878628, 4.262103262168454, 4.204545396850858, 4.20943737556467, 4.6234403938501405, 12.504567368661613, 2.9001952661786667, 3.9185467254057844, 8.50977262806313, 3.7785790726278488, 4.3963108913361015, 4.268794441157054, 4.123039670281468, 3.734812276690027, 7.485944659854259, 5.108881552333228, 4.863013800173836, 3.332783349974973, 3.8860249194126593, 3.436165999227685, 11.560966954461472, 4.49686347564013, 28.078482602203465, 10.338852329703432, 8.5284770474134, 11.513733956675763, 4.1439359079185625, 9.288829564480706, 9.5586089868131, 6.055134122854816, 3.7804542985370646, 5.519519865614598, 6.867226003946329, 5.500717849781786, 37.10105762098136, 3.3649637450126946, 4.1722256783129765, 2.7123543336693112, 4.090411230831552, 12.39101502592342, 3.1139746461365814, 11.30093111539902, 10.037074126511863, 3.829323845294588, 3.449888632468799, 7.16000569380554, 3.4587759145488115, 3.674806673045719, 4.748259792513147, 3.4358969259648364, 4.147996639377691, 3.4534519599036146, 3.8398919441685466, 7.5805086102207495, 6.450294315609972, 4.770576114952639