[[1.0, 0.7633328262343226, 0.751814384453145, 0.7644994726638316, 0.7475819772142873, 0.7682612110954851, 0.7601239460092483, 0.7592799884342629, 0.7465158102127295, 0.7642139144526922, 0.7629244180374072, 0.7457536537643482, 0.7648493693081976, 0.7585236945281005, 0.7673798139723698, 0.7551465821929733, 0.7600127888868385, 0.7575771586021425, 0.7530726245613395, 0.7623693962637594, 0.7492514636978371, 0.7685656202208099, 0.7601060864673184, 0.763907847872942, 0.7641021583983173, 0.7398480106824233, 0.7604167048298549, 0.7626810498932166, 0.7704955358215416, 0.7524542920335293, 0.7580012774930677, 0.7570649044259379, 0.7583248636215153, 0.7604862956023888, 0.7608601460766257, 0.7591385040134861, 0.7569017872628737, 0.7559956322148411, 0.7530749029052353, 0.7489839172056428, 0.752534861739852, 0.7635307643795485, 0.7547844378399297, 0.7569469058356488, 0.7693316038235216, 0.7673470729440158, 0.7594140188343209, 0.7533436554373797, 0.7509045759008424, 0.7655485983959506, 0.757046289071872, 0.762191521455904, 0.7612642843010315, 0.7505311169104233, 0.7589159981373739, 0.7518899446240349, 0.7497763986466793, 0.7516346739139642, 0.7509054236112156, 0.7677967487157699, 0.7529140931229373, 0.7575619360332584, 0.7471767151253926, 0.7593031093920836, 0.7572899384596892, 0.7529550474801543, 0.7584561064578986, 0.7493234486057532, 0.7686460769641578, 0.7616100485743078, 0.7542604627581724, 0.7578898354062628, 0.7574384976014873, 0.7545959505785349, 0.7521317822939224, 0.7562863897227988, 0.7567775058122543, 0.7515673553562389, 0.7636500238757461, 0.7553860865955703, 0.7586470088549372, 0.7571684677836943, 0.7741708597259045, 0.7538481668690264, 0.7609789091690747, 0.7672016353092334, 0.7559342898893757, 0.755707410477609, 0.7585112413239081, 0.7551686547510738, 0.7529093271335258, 0.7554222700812642, 0.7619570125097156, 0.7594494937828788, 0.7484940975321586, 0.759371036968136, 0.7467861082787154, 0.7680422614008601, 0.7678228554502717, 0.7522878453172052, 0.7541276225992823, 0.7559983110919913, 0.7560703223539408, 0.7583652245619097], [0.7633328262343226, 1.0, 0.7633637459791228, 0.7749908003361913, 0.7549864181896097, 0.7525657643361422, 0.7495202666549519, 0.760496533623126, 0.7640750596717787, 0.7761667535067416, 0.7609331002491554, 0.7530547033772937, 0.7711385554820577, 0.7574666032531621, 0.7602613385381636, 0.7622351187477827, 0.757726153276019, 0.7641881831048121, 0.7549892577294837, 0.750336348668203, 0.7542328349040587, 0.7519774334750334, 0.759880096224078, 0.7615845880608134, 0.7651244679086859, 0.7452577558509277, 0.7586870272684247, 0.7576715189500423, 0.7548334394836548, 0.7448425135431637, 0.7526924535644077, 0.7585580110874639, 0.7573608533607646, 0.7570828900347498, 0.7679472639303224, 0.7541816100788935, 0.7606903192374657, 0.7635983662231315, 0.7625853609906645, 0.7550773309305386, 0.7545979792735312, 0.7638491614321733, 0.7756107265996984, 0.7641615198547252, 0.7465643262191498, 0.7583358498374322, 0.7647195333647556, 0.7565643086538028, 0.747516663616224, 0.7573788890150235, 0.7573935436482349, 0.7659676529440295, 0.766142374942876, 0.7568591917204274, 0.7585971895444731, 0.7541353834633514, 0.7555127181396066, 0.7492674692583555, 0.7590899106525381, 0.757512426386755, 0.7564020870283589, 0.7560151807857116, 0.7575381807377048, 0.7631595817688656, 0.7588253678219284, 0.7665263189598941, 0.7601220017159537, 0.752016843544586, 0.7640368915091545, 0.7627139603057317, 0.7606285852108963, 0.7566407257669489, 0.7594127414508699, 0.75834764924368, 0.7579758245436549, 0.757573209968063, 0.7552932681293536, 0.7505978869012192, 0.7605491918478768, 0.7716565392353262, 0.7646403723607972, 0.7476943889304472, 0.7667363528476155, 0.7581820925171746, 0.7568912015853951, 0.7616645002855479, 0.7781038010152641, 0.7548755780863858, 0.7501374955047877, 0.7640265879740554, 0.7702836294767776, 0.7629517302072811, 0.7579216140383559, 0.7665221070682043, 0.7488046324307932, 0.7553398558291474, 0.7571653634266846, 0.764311213058399, 0.753278405992561, 0.7585356323043634, 0.7654463312497691, 0.7644562995567102, 0.7534862783849138, 0.7473840571605477], [0.751814384453145, 0.7633637459791228, 1.0, 0.7512178362573375, 0.7627742694282239, 0.7500008438354787, 0.7516670635171145, 0.7618788491625582, 0.7603841760132635, 0.7534796718022598, 0.7534784474025704, 0.7612748022186714, 0.7662511466085077, 0.7581766982012872, 0.7507984974691861, 0.762367379212666, 0.759136878971195, 0.7481920459846607, 0.7754268161290025, 0.7486884277975304, 0.7874052594867479, 0.7699084406042138, 0.7555967659074465, 0.7513393647347819, 0.7555719481719556, 0.7637115496817165, 0.7541957773412032, 0.7654924896056109, 0.7548126326725104, 0.7586224856123155, 0.7624485499698035, 0.7635137817710861, 0.7748270362036939, 0.7481202079772122, 0.75259510921752, 0.7604205408441478, 0.7709775304461638, 0.7683174778475776, 0.752012330061619, 0.7621457616001686, 0.7601829885376624, 0.7636959277114076, 0.7508398326862182, 0.7657290455710527, 0.7613553365451806, 0.7587722828901701, 0.7490338572854269, 0.7612477121780409, 0.7646746403587262, 0.7568844459291124, 0.7602349861345251, 0.757141725652144, 0.7563088593751466, 0.7515170655914301, 0.7649848115810899, 0.7512498539841397, 0.7691794780451747, 0.7590399128775406, 0.7589601727012432, 0.7713403560739915, 0.7635732426473991, 0.7690075167155833, 0.7590984035468799, 0.7508272618117563, 0.7492897975170925, 0.7538376215980431, 0.7491652637363455, 0.7694189104845846, 0.767185078607259, 0.7549721425750914, 0.7488370338078033, 0.7610305320845207, 0.7629232388872321, 0.7503283307264493, 0.7523909542029904, 0.7634107528947489, 0.7570292154265711, 0.7617057622328736, 0.763757426651321, 0.7670394055238946, 0.7488272256639373, 0.7600048647226171, 0.7564221353154214, 0.7576319516824009, 0.7664501937874887, 0.7575087125812608, 0.7608212775071622, 0.7636068248105222, 0.751317669749109, 0.7519687632044956, 0.7712938318116621, 0.764507952844975, 0.7658308656789449, 0.7550482809245274, 0.7551863169577605, 0.7570134697021407, 0.7754170687836287, 0.7649796835458906, 0.764680265424141, 0.753519131673575, 0.7561446832295898, 0.7507422491539169, 0.7434246983577814, 0.7637778085428911], [0.7644994726638316, 0.7749908003361913, 0.7512178362573375, 1.0, 0.7728498714339241, 0.7622306784478847, 0.7494326717943266, 0.7572637988519371, 0.7503124874271822, 0.7580211965138381, 0.7503029352379386, 0.7606801225998278, 0.757587752762791, 0.7573580973087501, 0.7645504000328898, 0.7521686089458431, 0.7638989734819912, 0.7632828856084111, 0.7679940268793135, 0.7638786043647796, 0.7547024317527743, 0.7596877058371642, 0.7666973971999125, 0.7707092436821928, 0.7773428573290141, 0.7609065615587303, 0.7587514743045292, 0.7686991146759817, 0.7754375455019379, 0.7592178943921976, 0.7512844139200835, 0.7554935424184243, 0.7653418733431004, 0.756642052472893, 0.7583950068990924, 0.7624898076354302, 0.7674967301131844, 0.754174769890402, 0.7635237597862142, 0.7635956171134668, 0.7577379155748701, 0.7609182284373367, 0.748046793524014, 0.7596496313778877, 0.7575579655959398, 0.7530010028625396, 0.76978292884344, 0.7604601116333138, 0.7492390367289389, 0.7694883178878341, 0.7608682104133762, 0.7589273935553573, 0.7615161395614276, 0.7502412309201724, 0.76167969025322, 0.760116339564591, 0.7593062159244668, 0.7548012739715805, 0.7669767808633463, 0.7659215587240059, 0.7518980430582324, 0.7551710152504403, 0.7541106566236693, 0.7607469673724255, 0.7501383559944713, 0.7612800359772905, 0.7590818409970927, 0.7491793363454047, 0.7572925695099331, 0.7608425307945713, 0.7704795199665265, 0.7562854969043156, 0.7565790908716025, 0.7533427327912992, 0.7547501899787125, 0.7808890839419304, 0.7608503723129925, 0.7519829389085785, 0.7575047075600618, 0.7676179860964464, 0.7649391086202246, 0.7658029315953508, 0.752517890508352, 0.7499299729449087, 0.7757767105312712, 0.758314529242524, 0.7464465030440786, 0.7586412585769025, 0.7584281808921524, 0.7535817900544893, 0.7493568209763656, 0.7489391803076828, 0.7528674544582207, 0.7532209052065136, 0.7559019972023256, 0.7563984828362439, 0.7649724982709791, 0.7578555837742044, 0.7613221313578141, 0.7501723349883085, 0.7587564948821234, 0.7630244306031737, 0.7481166505352902, 0.7565968628003554], [0.7475819772142873, 0.7549864181896097, 0.7627742694282239, 0.7728498714339241, 1.0, 0.7566726606973836, 0.7546910304063532, 0.7594273822575859, 0.7544890269593646, 0.7663313202797879, 0.77096408686257, 0.7607642375430372, 0.761706211090794, 0.7604304602621055, 0.7600918764207916, 0.7541632592963133, 0.7635475835194946, 0.7539160353729142, 0.7589509774316537, 0.7531119811232138, 0.7565738593642435, 0.7656508879775835, 0.7792513270734439, 0.7578393696669277, 0.7581212589186664, 0.7487106223332068, 0.7675628117697082, 0.766330811373889, 0.7579319307135868, 0.7528251315291148, 0.7613811111061182, 0.7503511613699017, 0.7562916125340347, 0.7585531297347399, 0.7704640713731479, 0.7609430926746009, 0.7589140847083856, 0.7693293261918429, 0.763495606483526, 0.7532699613226184, 0.7620741803025582, 0.7682289717627275, 0.7661370958379511, 0.7714640653155519, 0.7555227000249688, 0.7640256858057103, 0.750897695575829, 0.7577037453265058, 0.7587360332530649, 0.760497370852952, 0.7490402947813226, 0.7578242473371344, 0.7584905638765274, 0.7516691965948353, 0.7664846424965531, 0.75246566694898, 0.7596127131476273, 0.763353667703882, 0.7605788614391541, 0.7619011373436946, 0.7562684651246723, 0.7589284097363757, 0.7606036043164612, 0.7642406441631971, 0.7571246319374627, 0.7620559904462947, 0.7574364926517768, 0.7544671858913083, 0.7584015285074677, 0.7478854345013012, 0.7604921375220673, 0.7633496083702899, 0.7605654752345601, 0.7593026128074533, 0.7649500427975187, 0.7617258461587486, 0.7588800178196766, 0.7748401741758304, 0.7577348774632325, 0.7632756325015595, 0.7569560423636341, 0.7565805315591695, 0.7541729619858191, 0.7637648029530321, 0.754150793620592, 0.7661091891705378, 0.7539347098247005, 0.7682555905073574, 0.7585164780213004, 0.7573663793548395, 0.7725552707064289, 0.7723442062570811, 0.7777074416594553, 0.7557295175627694, 0.764767007981018, 0.7523299875431658, 0.7542519036609846, 0.7623939835360881, 0.7614882352752556, 0.7696701331985403, 0.7593944005744497, 0.7542278317082339, 0.7629319338727523, 0.7532440714699076], [0.7682612110954851, 0.7525657643361422, 0.7500008438354787, 0.7622306784478847, 0.7566726606973836, 1.0, 0.7572695560436484, 0.7593532490182313, 0.7478908449690513, 0.7771970828686593, 0.7518468743563077, 0.7976924985340782, 0.7465970558591873, 0.7489441648427315, 0.7523607059102826, 0.7574631878661061, 0.7562318037427878, 0.7735311862479031, 0.7533305392152989, 0.7703785690213302, 0.7531876607445491, 0.7557641146386814, 0.7552690678419052, 0.9097241033727621, 0.763815235391308, 0.7506557825361886, 0.7510266138427498, 0.7641723216271349, 0.7646471458707652, 0.7573501708313054, 0.7686358773078169, 0.7494152031346758, 0.7647709955868658, 0.7551972419942674, 0.7586360563246883, 0.7609519251018447, 0.7559923402386429, 0.776659313131991, 0.7539831894931966, 0.7503116532482529, 0.7482304000538212, 0.7784307701064842, 0.7558037975865057, 0.7649691820233628, 0.7536673780912921, 0.763629295378439, 0.8479591860730714, 0.756384914262042, 0.7583721551569613, 0.7477908964629328, 0.7528521192262603, 0.7500906954548424, 0.7552248035250003, 0.7595218051737022, 0.7580553869810744, 0.7569917225162568, 0.7586808144085165, 0.7621500384636976, 0.757930813335624, 0.7630887207266216, 0.7537425059431017, 0.7580738481565453, 0.7442348469641553, 0.7499454171797766, 0.747039917776689, 0.7430804151947586, 0.7595333955674335, 0.7538126709171401, 0.7471971421954499, 0.7442368187726321, 0.7425924960841614, 0.7500947835844503, 0.7545215143657154, 0.7482445842298936, 0.7490506645219491, 0.7469325646793974, 0.7511164221561554, 0.7565487310619252, 0.760474091040015, 0.7557718714192703, 0.7541810572240645, 0.7481463650951828, 0.7512328408828123, 0.7465857297417776, 0.7498997604155371, 0.753192994270753, 0.751617548453755, 0.7445287957648619, 0.7517281643545646, 0.7510466384942884, 0.7512566777071783, 0.7462110086306185, 0.7526090330502262, 0.7568399842791386, 0.7493236193191063, 0.7537174004045247, 0.7539034626764259, 0.7457949961814544, 0.7558694296258437, 0.762210264398008, 0.7551351339827389, 0.7550172772994194, 0.7430849729523711, 0.7561781849264868], [0.7601239460092483, 0.7495202666549519, 0.7516670635171145, 0.7494326717943266, 0.7546910304063532, 0.7572695560436484, 1.0, 0.7647695060571684, 0.7546274583956439, 0.7541981760084615, 0.7561414226184442, 0.7622541703047848, 0.7637453738944674, 0.7503653481586444, 0.7462622367371264, 0.7543813263156001, 0.7627978314705073, 0.7459686229618552, 0.7513082790764494, 0.7573403296930229, 0.7704276634258382, 0.7522926556865606, 0.7518180246620894, 0.7602681817094126, 0.7595951798694835, 0.7629283896227946, 0.7494971373668725, 0.760117921663022, 0.7541741077680104, 0.7485667858132501, 0.7546298608033, 0.7563961416124634, 0.7577089930327021, 0.7576752421023334, 0.7606502939472998, 0.7672085246912269, 0.7503598560842829, 0.7520964442870923, 0.7573979627344417, 0.751356579565414, 0.7582824527097527, 0.7717562105388093, 0.7603602718564865, 0.7608103516049373, 0.7638978191958982, 0.7634690427661676, 0.7555987873972151, 0.7592542821074207, 0.7499354671130822, 0.7503098340229583, 0.7544022710733281, 0.7540170828638785, 0.7451488661192701, 0.7492022625716275, 0.755198904956626, 0.7462701431539659, 0.759606010046112, 0.7560557757998405, 0.7672732669151319, 0.7550504083655926, 0.7613111774294643, 0.7570995949593639, 0.7662669288846479, 0.7602357316154106, 0.7598582326956127, 0.7518842884554384, 0.7556815215177789, 0.762037318687073, 0.7597232849757718, 0.7553443975350714, 0.7612643920559105, 0.7622603119030783, 0.7785516608171968, 0.7520126580511597, 0.7558310280921307, 0.7498437585764077, 0.7418343325132338, 0.757594648763975, 0.777648074664091, 0.7574578566896729, 0.7525799302254041, 0.7494176868085112, 0.7510801299599318, 0.762480382996166, 0.7508186699617581, 0.7584951935574555, 0.7560925782648732, 0.7634520274440358, 0.7643460368861675, 0.7671217732514135, 0.7474235796590325, 0.7680393063194011, 0.7485187379291038, 0.7567815223407284, 0.7587241483688268, 0.7515090730345798, 0.7603289850661578, 0.7529101811305976, 0.7524431155984763, 0.766759452217689, 0.7575316672406615, 0.7582417836443608, 0.7492010777187655, 0.7531301612834624], [0.7592799884342629, 0.760496533623126, 0.7618788491625582, 0.7572637988519371, 0.7594273822575859, 0.7593532490182313, 0.7647695060571684, 1.0, 0.7596245140732195, 0.7585166830214666, 0.7538289116305268, 0.7559059831546325, 0.7684555513706138, 0.7509694543037635, 0.7601475702231847, 0.759437802760677, 0.7584958324865889, 0.7670506373446107, 0.7537578889358747, 0.7617824066025969, 0.7488037072584321, 0.7528020301214062, 0.7644424764720932, 0.7536007137176793, 0.767112532795612, 0.7562272125807459, 0.7757968359573199, 0.7581587714372814, 0.7700316033438747, 0.7509917324723321, 0.7550175951835971, 0.7602721675048668, 0.7706663452863395, 0.7580904870821038, 0.7620894933703505, 0.7666634699090158, 0.7620071773118614, 0.7578870640007656, 0.7653765216348036, 0.7548312094058884, 0.7634881630542615, 0.7634501281606975, 0.7536372057666262, 0.7542045215372064, 0.7592132875893649, 0.7525936074069168, 0.750157677070103, 0.7620372359614296, 0.7602939451601922, 0.7525276624720479, 0.7610612784242771, 0.7652231530890021, 0.7618039067400209, 0.7517589001062143, 0.7718544133051715, 0.750648620470827, 0.7482780552162639, 0.7637502047413587, 0.7490018895833968, 0.7717868788864958, 0.7535299198480858, 0.7746870576871814, 0.7543018494740726, 0.7602060928037485, 0.7632990617234854, 0.763958324262741, 0.7554834455239694, 0.755576735117559, 0.7698057144083484, 0.7550716387830971, 0.7573517070733135, 0.7555023702214045, 0.751111893169154, 0.7590103533385173, 0.7810045362018728, 0.7559545398539108, 0.7691379067623133, 0.7663731515199105, 0.7604365361992964, 0.7584205775857353, 0.7538962980359597, 0.7488230264938162, 0.7673380321709299, 0.7655486804568163, 0.7554923882275193, 0.7575184501963207, 0.754535499961107, 0.7505689827988687, 0.7484934822435226, 0.7598670919553817, 0.7643440961784113, 0.7548130283084541, 0.7575501212875179, 0.7606589036176065, 0.7495645233784337, 0.7609035388211449, 0.76286579953665, 0.7631616343428389, 0.7551561017671494, 0.7498757692276563, 0.7572696334903227, 0.7709027286521296, 0.767452409711365, 0.7498343885595085], [0.7465158102127295, 0.7640750596717787, 0.7603841760132635, 0.7503124874271822, 0.7544890269593646, 0.7478908449690513, 0.7546274583956439, 0.7596245140732195, 1.0, 0.7548432098656357, 0.7508321506018986, 0.7605626208693294, 0.7493755907079931, 0.7469562470367552, 0.7558045926533838, 0.7712420956296253, 0.758608021478485, 0.7581294738561922, 0.7693311137946939, 0.7635335847457788, 0.767264782913752, 0.7567543167351742, 0.7540646634121363, 0.7480860851147652, 0.7517893374760863, 0.7455130200095966, 0.7594311547842015, 0.7600162648315144, 0.7606268824046512, 0.7602963061817744, 0.7491723610271608, 0.7549463305746277, 0.7532251517882319, 0.7601963195214959, 0.7560248009765939, 0.7489222305963329, 0.7605666641981831, 0.7572462907473144, 0.7708455562314914, 0.7532365988269354, 0.7603734901784633, 0.7569989867738708, 0.7490285009635023, 0.7552390582942419, 0.7527092528560597, 0.7602446991481024, 0.7505007589412795, 0.7494625757885711, 0.7571852901141605, 0.7558871405813149, 0.7555620184032532, 0.7584532441660481, 0.7582172492630679, 0.7515019019773641, 0.750389555347767, 0.7652381744649303, 0.7547227659247403, 0.7624126003105389, 0.7544792480159093, 0.7602965213486031, 0.7664518127863985, 0.7559161476259899, 0.7488175099941864, 0.7708346207234619, 0.7547273477897275, 0.7533419287938627, 0.7557734897812577, 0.7549783148282616, 0.7564944361509628, 0.7625599898557122, 0.7661398840923013, 0.761327693215136, 0.759500119243978, 0.7534244505023234, 0.7526429421836754, 0.7543643308129182, 0.7514005675522538, 0.7515418484507996, 0.7618526282656487, 0.767209581186283, 0.7694555514394396, 0.7440472872122379, 0.743876016012752, 0.7554346796684956, 0.7491222795537142, 0.751244907634453, 0.7618288891790427, 0.7543743178273593, 0.7737608698847945, 0.7587059911995367, 0.7540354360284763, 0.7733662456352147, 0.7522325444158126, 0.7523198950185735, 0.7596185084650919, 0.7635305483697049, 0.7522465412508579, 0.7552479440722328, 0.7478438606887872, 0.7565170692028659, 0.7596712944969275, 0.7650854816374782, 0.7601266200558441, 0.7570119742496856], [0.7642139144526922, 0.7761667535067416, 0.7534796718022598, 0.7580211965138381, 0.7663313202797879, 0.7771970828686593, 0.7541981760084615, 0.7585166830214666, 0.7548432098656357, 1.0, 0.769352085354099, 0.7559591401686786, 0.7535540847438543, 0.7519312450552045, 0.7487977014905246, 0.7602697366136011, 0.7579908009812335, 0.7522839010902936, 0.7517189878472148, 0.7571370570842106, 0.7485934093532159, 0.753757847339026, 0.7589851370605055, 0.8074725355982141, 0.758513875686765, 0.7534811308374759, 0.751529083242316, 0.7526457776173452, 0.7540697145879891, 0.7554818839744432, 0.752195992840256, 0.7493335921846404, 0.7641926023298764, 0.7586089021907936, 0.7682666021053385, 0.7546807179653968, 0.751104348710609, 0.7675741428336704, 0.7495799890008312, 0.7572296181980449, 0.7568905627034079, 0.7547588766294928, 0.7540710267779674, 0.7569551014603296, 0.7465524932545399, 0.7588575320090651, 0.7857831083360842, 0.7633473355934755, 0.7544675881934408, 0.7640703819081471, 0.7587749161357935, 0.7595777468148972, 0.7590216552496664, 0.7614686767373094, 0.7610460113830867, 0.7462742035756365, 0.7584617189067472, 0.7585797850724312, 0.760087939041702, 0.7623162780526618, 0.7499140417298044, 0.7651127930827594, 0.7599949656752825, 0.7577795466005104, 0.7521170135043406, 0.7483477817300642, 0.8098632602008674, 0.7556600100423785, 0.7490668599561547, 0.7549830774136386, 0.751662948559056, 0.7558124371722538, 0.7569033512045127, 0.7571124824201867, 0.762510201969515, 0.7507817389854087, 0.7553490952243771, 0.7514217174031113, 0.7586044706322286, 0.7639627123149799, 0.7603841811164711, 0.74797291628425, 0.7571658809098876, 0.7639623374378236, 0.753347164699749, 0.750975325022918, 0.7578736721503034, 0.7547196056128346, 0.7545937248626017, 0.7498418884426689, 0.7603023746516181, 0.7544035311655426, 0.7487720228045462, 0.7657192303800074, 0.7534211144886532, 0.7587882774917685, 0.7615982634689678, 0.7610523530755267, 0.763503313514537, 0.7585085970706813, 0.7667784965200856, 0.7553589274599571, 0.7465757709255989, 0.7702131748177865], [0.7629244180374072, 0.7609331002491554, 0.7534784474025704, 0.7503029352379386, 0.77096408686257, 0.7518468743563077, 0.7561414226184442, 0.7538289116305268, 0.7508321506018986, 0.769352085354099, 1.0, 0.7567133855215417, 0.7676812898818285, 0.7579703037099771, 0.7613122346993664, 0.7532170455930329, 0.7690377055552673, 0.753105911424742, 0.7660885717780934, 0.760255877463023, 0.7540817465934911, 0.7525436811965722, 0.768827547988972, 0.7526311514562695, 0.760862428129595, 0.7656899448305993, 0.7650990700649631, 0.7527953849347313, 0.7645469196637524, 0.7590558039912862, 0.7612545509651089, 0.7500828053701025, 0.7686924867594855, 0.7630894997270065, 0.7586935225912009, 0.7636658864054446, 0.7550563395495808, 0.7631479994992305, 0.7545036249883581, 0.75249812057003, 0.7505846441886576, 0.7662607563816392, 0.7620896403263662, 0.7581531395695904, 0.7497733038655543, 0.7573657581462427, 0.7606889227128769, 0.7582113737642844, 0.7585852046210628, 0.7689214822041454, 0.7644265999389708, 0.7651615166673286, 0.7630630460211947, 0.7494367741809759, 0.7721202366698509, 0.7533458822425972, 0.7535331274484837, 0.7580531895958468, 0.7619855082417689, 0.7633099272133974, 0.7602073729538404, 0.7599235733495765, 0.7591902420141659, 0.7701476138149882, 0.765141820283393, 0.7734651069037143, 0.7721150401702473, 0.7766289589135783, 0.7526960286972267, 0.7621007237297348, 0.7514886107866922, 0.7495731909274957, 0.7566291183439628, 0.7455069530811712, 0.7559542549534491, 0.7577618954693014, 0.7631785837456735, 0.7648230635832792, 0.7572696747306213, 0.7579325804976126, 0.759064914378236, 0.749459096433377, 0.7559669578137045, 0.747602769905393, 0.7534268071246008, 0.7586882201856279, 0.7641532597599356, 0.7724850305003242, 0.7449591365921809, 0.7551790361034538, 0.7512648466608955, 0.7570033809833133, 0.7554499336626861, 0.7699959885452033, 0.7601428986060086, 0.7579247597944656, 0.7642335982395695, 0.7594895623046723, 0.7744955130186538, 0.7586703774183058, 0.768689436480644, 0.7564222564220977, 0.7436831526324329, 0.7529438663951527], [0.7457536537643482, 0.7530547033772937, 0.7612748022186714, 0.7606801225998278, 0.7607642375430372, 0.7976924985340782, 0.7622541703047848, 0.7559059831546325, 0.7605626208693294, 0.7559591401686786, 0.7567133855215417, 1.0, 0.7525068851317788, 0.760698813765972, 0.7583942095217912, 0.7452170289698148, 0.761885360462684, 0.7608742830321689, 0.761250352335682, 0.7632332478868685, 0.7639504991365876, 0.7534970961618871, 0.7494786890731017, 0.7917840863038409, 0.7607130720479528, 0.7503602713546766, 0.7565677607973181, 0.7613810358986525, 0.7535401990762605, 0.7558077572335626, 0.773957606975685, 0.7810783443827036, 0.768347140307304, 0.7553880345809247, 0.7582626742416054, 0.7635193372162812, 0.7502222626635249, 0.7593741127193261, 0.7594335710698813, 0.7607131611040371, 0.7618324610899755, 0.7555070162775583, 0.7526084277837158, 0.7570399911443318, 0.7546269164758835, 0.7532181173002976, 0.7601251525273057, 0.7536325407536599, 0.7543780814198054, 0.7505486735498085, 0.7484038572071321, 0.7589437069978042, 0.7452389661550829, 0.7690712379063265, 0.7578861055821449, 0.7502461099652628, 0.7491933410591641, 0.7595328539837845, 0.7505678155341987, 0.7552423192431102, 0.755255813071993, 0.7738972601214579, 0.7476619866627962, 0.7502019525107612, 0.7534400272319448, 0.7519220266842651, 0.755346446848916, 0.7651011778892371, 0.7481280657921442, 0.7565619422290674, 0.7540615085211326, 0.7602760092671121, 0.751782283599687, 0.7754838611280173, 0.7517355588269274, 0.7504819758618534, 0.7543537329824236, 0.7513012834851579, 0.7625674641491682, 0.7615652455515087, 0.7493636265674649, 0.7481592900061343, 0.7500733271921062, 0.7523905478144398, 0.7470258837110378, 0.7535795274100413, 0.7569864842237308, 0.753416181195032, 0.7505128531771382, 0.7459883627254986, 0.7653343734324665, 0.760489124726935, 0.750359600033323, 0.7557161320114479, 0.7560790087390737, 0.754454460096219, 0.7608752637670223, 0.7608861313076077, 0.74870509812025, 0.7524483403743548, 0.75232429394738, 0.7535736408616233, 0.8189084447568434, 0.759691535665552], [0.7648493693081976, 0.7711385554820577, 0.7662511466085077, 0.757587752762791, 0.761706211090794, 0.7465970558591873, 0.7637453738944674, 0.7684555513706138, 0.7493755907079931, 0.7535540847438543, 0.7676812898818285, 0.7525068851317788, 1.0, 0.7582842724978913, 0.7679155957204574, 0.7620175769544805, 0.7559678904813963, 0.7553663809166835, 0.7640087841786433, 0.7519638840348073, 0.7612092557501574, 0.7578405210168578, 0.7543347385725627, 0.7550040571019738, 0.7626151639203274, 0.7525292528406787, 0.7636037249861961, 0.7533924516532424, 0.7587072966808845, 0.7626883169904207, 0.7539774466586471, 0.7565477190628912, 0.7513876247494227, 0.7554694554667353, 0.755591718095686, 0.758177631885742, 0.755007110357945, 0.7516218037908584, 0.7604103485468301, 0.752722446244871, 0.7585147552431367, 0.7648264754478998, 0.7575456517388266, 0.7620061627264447, 0.7703722918462254, 0.7606568629187151, 0.7516740774860627, 0.7557175568489739, 0.7601628578934441, 0.7545709046862323, 0.7663118070177034, 0.7557403277613448, 0.7632655550333616, 0.7490586959493053, 0.7592690944250781, 0.7617909643420597, 0.7604407822470024, 0.7642990400399159, 0.7555049056241456, 0.768294286973507, 0.7554551996686362, 0.758387846576542, 0.7558400646645659, 0.7638828860819546, 0.7635376808129571, 0.7634977175555665, 0.7611582946284585, 0.7536502421742526, 0.7582174125090041, 0.7529095674455827, 0.7533041944384135, 0.7729183464738648, 0.7516826241101302, 0.754480320498651, 0.7618913595980444, 0.7647379416071401, 0.7655482684297858, 0.7612529580064156, 0.7585052255781681, 0.753455045919912, 0.7593438180246194, 0.7642312496274146, 0.7597103935222135, 0.7599274189211878, 0.7565753296319656, 0.7582211546698521, 0.7544706599348306, 0.7590504208538844, 0.7598197292949654, 0.7520420259576015, 0.7694733795600089, 0.7630246962636688, 0.7538645267697047, 0.76741058200258, 0.7526968737575093, 0.7596344348918458, 0.7512952762816405, 0.7585153519719523, 0.754734996077734, 0.7489761406961655, 0.7583249167191901, 0.7668122515121966, 0.7597962902409107, 0.7626908126206743], [0.7585236945281005, 0.7574666032531621, 0.7581766982012872, 0.7573580973087501, 0.7604304602621055, 0.7489441648427315, 0.7503653481586444, 0.7509694543037635, 0.7469562470367552, 0.7519312450552045, 0.7579703037099771, 0.760698813765972, 0.7582842724978913, 1.0, 0.7630314782846577, 0.7621405150341297, 0.7590345160107518, 0.7537025735799521, 0.765561097861171, 0.7491385373349811, 0.7553968241874802, 0.7567257085921393, 0.7528205246799483, 0.7489386319687694, 0.7465291925846722, 0.7529745042085052, 0.7488152034125359, 0.7468101974375175, 0.7601607095787611, 0.7580205752342739, 0.7677791198708368, 0.7658255808867775, 0.7558508418887747, 0.7776270883103608, 0.7491251711859886, 0.75185662275944, 0.7625245876195774, 0.7513162312761089, 0.7601116017871618, 0.7628849972253187, 0.7661886841974929, 0.751701659694057, 0.7600491692563205, 0.7549043678078154, 0.7592287840914481, 0.7552061819776329, 0.7479912059414141, 0.7759600789598997, 0.746582357729965, 0.7481597053472505, 0.7474649276763906, 0.7502053951400932, 0.7508777013146349, 0.7534220291466569, 0.7490112792054467, 0.7720929238370156, 0.7489873935188232, 0.7548971563719421, 0.7511140743289452, 0.7617457084983277, 0.7698680737562127, 0.7569476212237427, 0.7623238886278092, 0.7581373349971514, 0.7597214546081019, 0.7483400192055255, 0.7478587162826865, 0.7577035034480633, 0.7471775448161087, 0.7599475573253565, 0.7676267710492909, 0.7550064464069249, 0.7517172179021508, 0.7552563661587504, 0.755267852530031, 0.7435607608478142, 0.7485387556533752, 0.7523115656891852, 0.761371021367407, 0.7584617652655079, 0.758516672582316, 0.7581008427637899, 0.7561701441110494, 0.7533252050143757, 0.7513247693051945, 0.7527183078918076, 0.7560234071270361, 0.7576273082183284, 0.7510180626894734, 0.76063127978619, 0.7581912205194262, 0.7584489457629116, 0.752572367945694, 0.7660176020656917, 0.7406589994345317, 0.7506080605133997, 0.7584182585996003, 0.7633304047144817, 0.7548480846966134, 0.7638974546032735, 0.7593795452353649, 0.7500861738545996, 0.7696795786832091, 0.7474114768117586], [0.7673798139723698, 0.7602613385381636, 0.7507984974691861, 0.7645504000328898, 0.7600918764207916, 0.7523607059102826, 0.7462622367371264, 0.7601475702231847, 0.7558045926533838, 0.7487977014905246, 0.7613122346993664, 0.7583942095217912, 0.7679155957204574, 0.7630314782846577, 1.0, 0.7612054652613983, 0.7514490404526443, 0.7545576174370584, 0.7552049848104281, 0.7624974458918599, 0.7562951614895821, 0.7730138768735142, 0.7612977237440439, 0.754337021948889, 0.7631843566411473, 0.755074586461261, 0.762196763822983, 0.7574346976511566, 0.7563912617636636, 0.7573877394158107, 0.7627933427434828, 0.7599396387413945, 0.7549605714322462, 0.7577187611008478, 0.7554299333597286, 0.7558839818728423, 0.7528108094590943, 0.7542909873169875, 0.7569327912853019, 0.7586264310298803, 0.7549224485885943, 0.7581780643262631, 0.751366238151831, 0.7582835197112348, 0.7528862074803954, 0.7606147639533726, 0.7580666341477132, 0.7641176666860006, 0.7498898187948413, 0.7647061517239118, 0.752975605281113, 0.7609031874940094, 0.7543543226910497, 0.743497375655051, 0.7532529522824497, 0.745037947646796, 0.7590540816817486, 0.7535407643497607, 0.7570396399154852, 0.7650633916480517, 0.7586292318710571, 0.7536976040783417, 0.7498807876096051, 0.7636104554623802, 0.7633088343685854, 0.7589276812641497, 0.7601211197179047, 0.7546099309916477, 0.7583967898292862, 0.7470959341216487, 0.7501364272715589, 0.7496023791404586, 0.7589891277713716, 0.7581104750667791, 0.7589074321549044, 0.7684478720047981, 0.7647730221231657, 0.7445514790740682, 0.751749283632616, 0.7640072667919054, 0.7521636612792794, 0.7591013670310969, 0.758169836688022, 0.7594630211638247, 0.7471432547921164, 0.7510408281945753, 0.7568865662169997, 0.7538624395267595, 0.7510155658588057, 0.7541361306652853, 0.7631251388062749, 0.7545387692767744, 0.7527609559592918, 0.7571279646930961, 0.7560993011038639, 0.7638972190213945, 0.7537354367927586, 0.76931735386298, 0.7687417780095157, 0.7519616062577246, 0.7586951979660977, 0.7580354674960171, 0.7536052442488486, 0.7581585939433626], [0.7551465821929733, 0.7622351187477827, 0.762367379212666, 0.7521686089458431, 0.7541632592963133, 0.7574631878661061, 0.7543813263156001, 0.759437802760677, 0.7712420956296253, 0.7602697366136011, 0.7532170455930329, 0.7452170289698148, 0.7620175769544805, 0.7621405150341297, 0.7612054652613983, 1.0, 0.7576442279931616, 0.7593872544828684, 0.7592952723397378, 0.7569608059148292, 0.7690501117699924, 0.7553293207816592, 0.7590726351013968, 0.7578312161756762, 0.7590223371888349, 0.758839777868156, 0.7643170024709574, 0.7723441860552331, 0.7557490153614635, 0.7541537343031288, 0.7638475760508984, 0.766498192400113, 0.7574742468648619, 0.7529247497641154, 0.7500356831053203, 0.7549862208508719, 0.7660009557080668, 0.7459398818219033, 0.764383945337501, 0.7565411667550268, 0.7546219513288709, 0.766090191649798, 0.7567212597676461, 0.7551542045391111, 0.7532054148569384, 0.7668358181580347, 0.7516242793387231, 0.7550036439594603, 0.755953596788515, 0.7435560179784724, 0.7495157321762723, 0.7624863247733239, 0.7572043744046195, 0.7554872594443683, 0.7500411519880844, 0.7553314256945395, 0.753897070811498, 0.7594687481996537, 0.7549586929692753, 0.7607947661216582, 0.75010476558184, 0.75809994046675, 0.747870912302399, 0.7554973635310773, 0.7515026663252811, 0.761757146126622, 0.746266532605611, 0.7565327391328585, 0.7562793470666884, 0.7677978916445766, 0.7476861602746285, 0.7605163058867747, 0.7611356483529366, 0.7508969586584282, 0.7503201232795901, 0.7580133987107144, 0.7544559500010537, 0.7539438234913499, 0.7571511791913105, 0.7667933054849774, 0.7657756199947856, 0.7485831095208153, 0.7636631710956509, 0.7570754910960952, 0.7479056913835775, 0.7593436704764032, 0.7609879554130144, 0.747512166166329, 0.7575910364418719, 0.7610109899042136, 0.7564504979755082, 0.7528549309436295, 0.7576708886950657, 0.7544048389040037, 0.768458947503704, 0.7634140099599512, 0.7542110429113732, 0.7592980597700795, 0.7527390056912318, 0.7650535244799296, 0.7495482866726229, 0.7596188609133714, 0.7498107299828861, 0.7547105392455602], [0.7600127888868385, 0.757726153276019, 0.759136878971195, 0.7638989734819912, 0.7635475835194946, 0.7562318037427878, 0.7627978314705073, 0.7584958324865889, 0.758608021478485, 0.7579908009812335, 0.7690377055552673, 0.761885360462684, 0.7559678904813963, 0.7590345160107518, 0.7514490404526443, 0.7576442279931616, 1.0, 0.7543968066069469, 0.7562440650801604, 0.7555189907466292, 0.7585192107717001, 0.7611757099124202, 0.7654615158585263, 0.75271749960674, 0.7544609828330846, 0.7587251321475958, 0.7636724247078349, 0.7548381688812533, 0.778946518049943, 0.7569407330187055, 0.7469461900713016, 0.761439845714305, 0.7523233589760759, 0.7587643437187538, 0.7504697704736418, 0.7578769799069082, 0.7608391068796087, 0.7608520570183359, 0.7499248664146558, 0.7566469796085338, 0.762163978555043, 0.7654828654009532, 0.7604026341190812, 0.764033659899511, 0.7650569237753417, 0.7601717661066085, 0.7551071408384267, 0.7676380391341449, 0.7494803828153167, 0.7587428044861176, 0.7536280700587176, 0.7619222599226081, 0.766725347965054, 0.7636604961957401, 0.7567739194306032, 0.7483884111875282, 0.7645502789334148, 0.7617211264374019, 0.7633369470080045, 0.7604067988014975, 0.7584758333192388, 0.7593354562557619, 0.7522396451848149, 0.7610562332588321, 0.7476756501465779, 0.7545562867993021, 0.7630066158614582, 0.7544085984350271, 0.7583952854421211, 0.7546420908728544, 0.7584581018183635, 0.7575292219551737, 0.7629540999769723, 0.761724226827059, 0.7506513193669575, 0.7662362778792563, 0.7538510238799206, 0.7540149514331684, 0.7676375192377635, 0.7575106307529336, 0.7643273231589042, 0.7590120789946703, 0.7724702810181616, 0.750951442617605, 0.7470951499497537, 0.7526336323609604, 0.7522841740734324, 0.7606657278215465, 0.7580122435675148, 0.7537704459493545, 0.749098808996332, 0.7612154447582753, 0.7573559834953254, 0.7639502464077171, 0.7570186830717983, 0.761930341789441, 0.7579876788917314, 0.7649525914582497, 0.7629104626846793, 0.7559885048081384, 0.7589408859790452, 0.7687348548606755, 0.7587524783309907, 0.761497555176951], [0.7575771586021425, 0.7641881831048121, 0.7481920459846607, 0.7632828856084111, 0.7539160353729142, 0.7735311862479031, 0.7459686229618552, 0.7670506373446107, 0.7581294738561922, 0.7522839010902936, 0.753105911424742, 0.7608742830321689, 0.7553663809166835, 0.7537025735799521, 0.7545576174370584, 0.7593872544828684, 0.7543968066069469, 1.0, 0.760544558614154, 0.763413406130858, 0.7523412668961443, 0.7560346403476719, 0.7558864164631963, 0.7736725780903979, 0.7581236255130218, 0.756461531036178, 0.7672738222249168, 0.7613722542594, 0.7626424520363025, 0.7543192189042508, 0.7597076726352794, 0.7469587144155316, 0.7587225082056422, 0.7605795247184679, 0.7846876556106568, 0.7594188959084924, 0.7609121943921099, 0.7585197022345659, 0.7750584001390322, 0.7531839604286424, 0.7540333400381, 0.7499392450047769, 0.7541089672691342, 0.7563282017126223, 0.7563548463838916, 0.7591363926828449, 0.7687516522904335, 0.7538059004458463, 0.7537121274668679, 0.7596297097590817, 0.7522187726880846, 0.7698663864972816, 0.7467345017473132, 0.7466267603724394, 0.7666985841210033, 0.7575928189482322, 0.7629808551486734, 0.7595966038685038, 0.7559380935843693, 0.7641481204982252, 0.7604800215974299, 0.7553744094670904, 0.7564733999518007, 0.7495117799838232, 0.7509862670281297, 0.7821417956946585, 0.7606246788618002, 0.7529549636594064, 0.7515595791173607, 0.743288417104772, 0.7507494662224684, 0.7538239097164934, 0.7565943973794083, 0.7585097216454212, 0.7513710349583282, 0.7528012775487442, 0.7547009410912925, 0.7465066322425503, 0.7492289630209156, 0.7585893456608888, 0.879618026967841, 0.7476220957212373, 0.7470006358667032, 0.7469014718743485, 0.7499624979155946, 0.7590260762057881, 0.7620819742334607, 0.760411660340534, 0.764657325954977, 0.774719691973336, 0.7575679245792651, 0.7614006062993318, 0.7624128347378755, 0.7542061699639176, 0.7608185158026767, 0.7993469037620153, 0.7523421617708657, 0.7610664197025446, 0.7634544194343051, 0.7571167534156934, 0.7706204296126654, 0.7627958892558561, 0.7468158056156949, 0.7654082937963017], [0.7530726245613395, 0.7549892577294837, 0.7754268161290025, 0.7679940268793135, 0.7589509774316537, 0.7533305392152989, 0.7513082790764494, 0.7537578889358747, 0.7693311137946939, 0.7517189878472148, 0.7660885717780934, 0.761250352335682, 0.7640087841786433, 0.765561097861171, 0.7552049848104281, 0.7592952723397378, 0.7562440650801604, 0.760544558614154, 1.0, 0.7591296429407087, 0.749137357237186, 0.7540231720679377, 0.7550548753654674, 0.7561712074480863, 0.7665137326240014, 0.7563646967132086, 0.7626261810412229, 0.7587598011835299, 0.7504232692562338, 0.7611916742550437, 0.7601662493236407, 0.7620704822202382, 0.7498169650372422, 0.7539005318469544, 0.7581431806508955, 0.7643171140190429, 0.7709538479464162, 0.7552850235207119, 0.7585540756493162, 0.7726135952225401, 0.76448616955362, 0.7649076256189096, 0.7638877155805939, 0.7526634921291846, 0.7488431526803926, 0.7505977452139978, 0.7544822416410615, 0.7557593600857034, 0.7559126843448931, 0.7548499426709464, 0.7562012973842684, 0.7618592913078158, 0.7613513154209456, 0.7470403510653002, 0.7652746943250298, 0.7660451516097981, 0.7515690819295217, 0.7515697420189951, 0.757596719188453, 0.7589848127777112, 0.7642334275995771, 0.7641889289118817, 0.7584369675677395, 0.7646573090704428, 0.7605727039970135, 0.7610439539514819, 0.758564261731429, 0.7548491075544856, 0.7670738225911791, 0.7537608832618855, 0.7543070667213254, 0.7634378336355504, 0.7569818413179349, 0.7501911544597454, 0.7563597857783873, 0.7610339238072396, 0.7553921038776436, 0.7527430549572027, 0.7591690655432382, 0.7592288400387015, 0.7593796454129693, 0.7663838425948525, 0.757426299175259, 0.7557597673392563, 0.7626288364826962, 0.7554055590731599, 0.7508458078815529, 0.7673354313732103, 0.7643946830434872, 0.755474628767306, 0.7590440941181394, 0.75120307335911, 0.7567190453972285, 0.7553665348580461, 0.7542292279252836, 0.7576511366820625, 0.7557188941286521, 0.7654040577556331, 0.7515844192471032, 0.7515016335644381, 0.7580451960357881, 0.7572307599471596, 0.7596388670916068, 0.7663361223535072], [0.7623693962637594, 0.750336348668203, 0.7486884277975304, 0.7638786043647796, 0.7531119811232138, 0.7703785690213302, 0.7573403296930229, 0.7617824066025969, 0.7635335847457788, 0.7571370570842106, 0.760255877463023, 0.7632332478868685, 0.7519638840348073, 0.7491385373349811, 0.7624974458918599, 0.7569608059148292, 0.7555189907466292, 0.763413406130858, 0.7591296429407087, 1.0, 0.7541274470530699, 0.7592704355953034, 0.7573110116641595, 0.7732862374497892, 0.7696180718004085, 0.7531235019613196, 0.7619566438120858, 0.7670804667452435, 0.752218889748581, 0.7417474408901684, 0.7585399513704791, 0.754808742764791, 0.7598595871792844, 0.7610251525194485, 0.7614445204018717, 0.7550543843907841, 0.75894466256512, 0.7488465684591091, 0.7559989506919651, 0.7621692043446299, 0.7557376390867145, 0.7703887905555771, 0.7627310676453537, 0.7671442383731799, 0.7560856886245907, 0.7592698766100734, 0.76974046475922, 0.7512243014334977, 0.7598501091656852, 0.765485