[[0.0, 1.4652827844103602, 2.537024513285209, 1.2627722237905223, 4.234072349606674, 1.3336272585490023, 1.1210546551978533, 3.1361975573548215, 4.029177786130509, 1.1935700898465882, 2.04622733980968, 1.0359404851000793, 5.305114136200644, 1.3297114580722094, 1.7443729789206133, 0.7571357147677408, 2.1552960672572974, 1.4818967788604822, 9.785100930799846, 4.215256991961199, 0.9889458168034343, 1.1863370430043592, 1.0533523307090253, 3.434050294149771, 1.9339571139000762, 3.812367865706252, 1.434301877561815, 4.045991166489667, 2.663009554024758, 4.1599465122118335, 0.7316954590421612, 1.114286944170281, 2.8881258217418866, 5.177443470126861, 2.1454127427378498, 2.0706747577699374, 1.774498872207074, 6.882946326390621, 7.0530895093853925, 3.812990262461128, 1.4014543134667998, 1.5042007366730792, 1.0261381628827697, 2.131450217800471], [1.4652827844103602, 0.0, 2.982191065950938, 0.5130438114123264, 4.627779099060848, 1.9590654810364085, 1.018569751778809, 3.956333402393, 4.095997897013815, 0.48023006829503195, 2.416021103075794, 1.4199707434914561, 6.55177043591571, 0.7842447632700833, 2.548024748162528, 1.2085911428047031, 2.065236357363514, 0.868768490352441, 10.617367538592028, 5.282045236997408, 0.9899454716457378, 2.0432880101497513, 0.7008164615041514, 4.681896761468183, 2.9544446715367902, 4.131480328614453, 1.0362982970786956, 5.227552555201043, 3.6369012248839607, 5.439714509740787, 1.7430175865974153, 1.335786941893245, 4.06988302460801, 6.367069025111065, 2.715996653734277, 3.2242749300944658, 2.9627197420309574, 7.371619429502606, 8.2716885361941, 3.9688161235054014, 0.15441354498019594, 1.9920021175697138, 1.6596362866244188, 2.6912790972364045], [2.537024513285209, 2.982191065950938, 3.371747880871523e-07, 2.9141271838799514, 2.137144676564812, 2.236987353147576, 2.7824667814146014, 1.9579987257185072, 2.084583684478108, 2.8540094641602987, 1.5146690832211926, 2.097775746326399, 4.720428903166479, 2.4951365605585636, 2.3180826284315987, 2.4758320141429815, 1.945414545795753, 2.649908381383836, 8.207897659537833, 3.1177100980519956, 2.5802927668391646, 2.6029579805520515, 2.682301596857293, 3.6507519419280294, 2.7481030944402725, 2.057820791795036, 2.3720765257365994, 4.022121752274394, 3.2519568610404708, 4.60872930667621, 2.642372338092671, 2.2634092368107095, 3.0149922050011893, 4.615170883122136, 2.017940931315365, 2.990263413148862, 2.5291778257171136, 4.787401180875717, 6.271268427215147, 2.06314938520573, 2.9990515595583607, 2.3462738829607437, 2.4187538323829094, 2.0227793508398957], [1.2627722237905223, 0.5130438114123264, 2.9141271838799514, 0.0, 4.5995238166112244, 1.7169945543685254, 0.5558442245993566, 3.8192195021107227, 4.160903366461262, 0.21509487695600676, 2.318556768439502, 1.3135644100346513, 6.304253598853954, 0.9030570604465773, 2.3864092356071462, 0.8883717341397168, 2.0871795244811446, 0.9738641294767656, 10.563425559683052, 5.072072729119551, 0.9973017531533624, 1.6329133417057544, 0.6812352249551169, 4.34280579172625, 2.586588634955707, 4.100435892952341, 1.0770499237601543, 4.955889927518564, 3.2520735829356058, 5.151992499038181, 1.5619346049377265, 1.2054029871791292, 3.779290173181699, 6.033309881881666, 2.708127830116915, 2.8439280252901398, 2.761755218574072, 7.259970509198447, 8.014549828715909, 4.0330189353876875, 0.43672933238564104, 1.963264275295457, 1.4856517740418569, 2.6188862226727183], [4.234072349606674, 4.627779099060848, 2.137144676564812, 4.5995238166112244, 0.0, 3.912661877843494, 4.458677278544546, 2.6136506313631354, 1.4273301462592805, 4.536214532101966, 3.1261230123223243, 3.7586522672129283, 4.91087781972568, 4.125945419678739, 3.702038948056858, 4.1411095141967955, 3.324456704968149, 4.1514995915283945, 7.2053624560889755, 3.30072596980553, 4.228300699574962, 4.132472115608734, 4.426338275180364, 4.679404693748681, 4.020220734319199, 2.3870462781585213, 3.898420781088784, 4.555665125788398, 4.481379500346887, 5.524884720810282, 4.363108103026844, 3.7482628859989684, 4.068909533743723, 4.946778582662746, 3.506397313975961, 4.31016226644451, 3.80470458492371, 3.4103834787340666, 6.167016773482615, 2.2803309397149665, 4.6707370978681, 3.7835291295536897, 4.054141428452057, 3.2011178517992582], [1.3336272585490023, 1.9590654810364085, 2.236987353147576, 1.7169945543685254, 3.912661877843494, 0.0, 1.5509230292333387, 2.7060352297328443, 3.7629472050612147, 1.6792515362006648, 2.152775791973138, 1.3497454619410605, 5.187905470449358, 1.8862126305227107, 2.2314100047916066, 1.3276777102811597, 2.29275915977732, 1.7203352488251442, 9.79713571737528, 3.8003090209998396, 1.7435204140554685, 1.472208662120808, 1.7196970612797295, 3.495825557420446, 2.051500582712527, 3.442063677624765, 1.6878728318951428, 4.164867265691311, 2.7079299701108317, 4.337878594092765, 1.5160818292575329, 1.4260581355662387, 2.6149220507302315, 5.073326142991173, 2.1450672796201347, 2.176968866403213, 2.2691559460984685, 6.641372707072851, 7.051284205924127, 3.5562841077283225, 1.8984538999459495, 2.1461821565289156, 1.7130580720012725, 1.4496921849009436], [1.1210546551978533, 1.018569751778809, 2.7824667814146014, 0.5558442245993566, 4.458677278544546, 1.5509230292333387, 0.0, 3.63891905011423, 4.120260537591003, 0.5954042748400623, 2.244777623783696, 1.3033415893953826, 5.893545536117432, 1.1789274692461862, 2.0664311408620937, 0.706793331574373, 2.1890495826945497, 1.2773439738785706, 10.297668067109607, 4.780563346609274, 1.0247530291575608, 1.2151312957246676, 0.8478688584698645, 3.920213674294528, 2.1280358485095014, 4.052920676069522, 1.2787124929922193, 4.537585752109696, 2.7618760427986215, 4.732187591812451, 1.3635705706055046, 1.1063561271319509, 3.3637995710771467, 5.604633588355372, 2.6018618601182184, 2.386687984385404, 2.431204396688542, 7.000126208784636, 7.604833440599371, 4.061143996214214, 0.9561716203343968, 1.7933755230336081, 1.2422796933070372, 2.570670607226833], [3.1361975573548215, 3.956333402393, 1.9579987257185072, 3.8192195021107227, 2.6136506313631354, 2.7060352297328443, 3.63891905011423, 0.0, 3.0342043903934477, 3.7845648520354462, 2.212421434334395, 2.728119155894991, 4.283502653939746, 3.446542538452817, 3.2309037136062564, 3.2636618261358166, 2.6539948302391188, 3.3922391908372984, 8.104727413275269, 2.4469488556810575, 3.559885294274452, 3.1956836589708466, 3.58883776215346, 3.6378590535780333, 3.2548620084637356, 1.7683975478744705, 3.131339887111692, 4.226272032484856, 3.6866298075869723, 4.498313545007503, 3.3356316854081993, 2.967585003354991, 2.8877654929654706, 4.1866778987311895, 2.505757992858295, 3.3033213195070315, 3.021266852023606, 5.024300442235172, 5.930165038341699, 2.226418543260847, 3.9314408220737076, 3.397924295617559, 3.3150633886409513, 1.9203827406009173], [4.029177786130509, 4.095997897013815, 2.084583684478108, 4.160903366461262, 1.4273301462592805, 3.7629472050612147, 4.120260537591003, 3.0342043903934477, 4.76837158203125e-07, 4.102590794360494, 2.988304640605805, 3.4752752751701803, 5.586260672698133, 3.69670640478602, 3.501489085995993, 3.9155515011610875, 3.069197183966716, 3.6731300546150067, 7.652562997853705, 4.194634111553872, 3.776201224554458, 4.086740652111258, 3.946444500953403, 5.159588996950395, 4.223441442279152, 2.5509306080437195, 3.4620108847756015, 5.043952630117707, 4.703465470949297, 5.883088467903393, 4.144225890760708, 3.393530493082702, 4.353046544667489, 5.7192883231606, 3.146975067021797, 4.564363017290546, 3.8406235781219284, 4.005397245392177, 6.9621595499956115, 2.2513085439827627, 4.161899305808999, 3.4113942143719087, 3.7240709514647437, 3.1637995376777814], [1.1935700898465882, 0.48023006829503195, 2.8540094641602987, 0.21509487695600676, 4.536214532101966, 1.6792515362006648, 0.5954042748400623, 3.7845648520354462, 4.102590794360494, 0.0, 2.296432475426719, 1.2527734229235652, 6.234516428790335, 0.8565345236180105, 2.2989903539881764, 0.8628441139109009, 2.0737654778199452, 0.9588679240281555, 10.48181616937389, 5.006754202116304, 0.8958404635793259, 1.6223000429951535, 0.6144032591942428, 4.289096192421901, 2.537347213546535, 4.077764357064512, 1.0508564822336062, 4.876698043558975, 3.21244738635216, 5.085735002834228, 1.464001671438045, 1.1636152579249555, 3.7233109813727046, 5.9910395601072555, 2.64742846173834, 2.7985155688439907, 2.6760539571967383, 7.2189556894458065, 7.943869300977427, 3.994312916964548, 0.41991782082875895, 1.851399639506158, 1.4066164012961075, 2.566437873794085], [2.04622733980968, 2.416021103075794, 1.5146690832211926, 2.318556768439502, 3.1261230123223243, 2.152775791973138, 2.244777623783696, 2.212421434334395, 2.988304640605805, 2.296432475426719, 0.0, 1.404941917720933, 5.370523305489023, 1.8936561385202373, 2.486448796248577, 1.9031453766116149, 1.1037972720060243, 1.9837440553868777, 9.112874656298384, 3.5579676259042277, 2.225762718280967, 2.2718149062517763, 2.1238730923547804, 3.7583588952619977, 2.743848613514733, 2.1548695366964328, 1.6949000288779072, 4.508754843350769, 3.313776348227876, 4.839087070988749, 2.3057182742348243, 1.8270368005372517, 3.4548048783468275, 4.862748698762735, 2.3488347995965304, 2.9307655796858167, 2.7008882504902316, 5.661901871618634, 6.792760509218487, 2.3958312808410525, 2.3958073937446698, 2.4086689731853324, 2.2411774237721236, 2.05945381508964], [1.0359404851000793, 1.4199707434914561, 2.097775746326399, 1.3135644100346513, 3.7586522672129283, 1.3497454619410605, 1.3033415893953826, 2.728119155894991, 3.4752752751701803, 1.2527734229235652, 1.404941917720933, 0.0, 5.518105017519358, 1.0755568304764775, 2.0490105074688234, 1.0174123059495743, 1.4199877730005894, 1.0375198266243015, 9.683328592171637, 4.01417443079808, 1.2098844859487894, 1.6057274268746364, 1.1256413972187571, 3.7307567957365233, 2.3242418754732856, 3.1305111647498083, 0.7547839236027566, 4.4200969259536285, 3.00840775288631, 4.614838612195882, 1.3270301611165287, 0.890997877035173, 3.1771415982396785, 5.244091354893539, 2.0172030176723585, 2.5213805042353448, 2.2607753043268812, 6.512671772736356, 7.1812772649726035, 3.1017589946335464, 1.3816774439046373, 1.7335543923357795, 1.412357462048869, 1.6684730606841132], [5.305114136200644, 6.55177043591571, 4.720428903166479, 6.304253598853954, 4.91087781972568, 5.187905470449358, 5.893545536117432, 4.283502653939746, 5.586260672698133, 6.234516428790335, 5.370523305489023, 5.518105017519358, 0.0, 6.221968262291805, 4.3248420900762445, 5.622230020803303, 6.0861091376357574, 6.355240061076803, 6.116517123660856, 3.26196591525181, 5.7208565552357316, 5.048733683827289, 5.998023113977457, 2.946303150297776, 4.182932145233459, 5.570208410070442, 6.126500151231453, 2.408492093841218, 3.801444853173183, 2.3576657710788056, 5.066380095019194, 5.523725323239805, 2.784209222444646, 2.5647457003984524, 4.715824766888719, 3.999247222462644, 3.8596103898148684, 5.2444539610222405, 2.522295610439918, 5.881896272014883, 6.52427052110719, 4.972077051735945, 5.089388488613401, 5.1566369686280575], [1.3297114580722094, 0.7842447632700833, 2.4951365605585636, 0.9030570604465773, 4.125945419678739, 1.8862126305227107, 1.1789274692461862, 3.446542538452817, 3.69670640478602, 0.8565345236180105, 1.8936561385202373, 1.0755568304764775, 6.221968262291805, 3.371747880871523e-07, 2.403468926251698, 1.0958084742230796, 1.4586163389958622, 0.8647739959452816, 10.178610600689508, 4.8134740858618565, 1.0392301155614636, 1.9277865068733946, 0.8535152090726621, 4.422979060484364, 2.79611459986233, 3.5708593747687214, 0.7131764394954999, 5.008685096069476, 3.5195956274563143, 5.286053816919694, 1.7338525123427466, 1.1801703992257886, 3.872938730562626, 6.001061246960231, 2.3949601585349423, 3.072002133897521, 2.739300892892147, 6.899045651557437, 7.9116462260425795, 3.3633967176892354, 0.8074830259360146, 1.8650536029916764, 1.607622553065361, 2.3771202253662724], [1.7443729789206133, 2.548024748162528, 2.3180826284315987, 2.3864092356071462, 3.702038948056858, 2.2314100047916066, 2.0664311408620937, 3.2309037136062564, 3.501489085995993, 2.2989903539881764, 2.486448796248577, 2.0490105074688234, 4.3248420900762445, 2.403468926251698, 0.0, 1.9905949622420045, 2.9157298240839675, 2.6068301386594013, 8.45257794660194, 4.010548500384864, 1.6948773435273008, 1.813718305735353, 2.0232549404746387, 2.972624344952096, 1.766589079407258, 3.991996978045527, 2.4596748191586015, 3.0189788189082547, 2.1153351510914686, 3.3507105136951214, 1.4752785751883049, 1.8370255038863847, 2.2510421650709214, 4.531042603288064, 1.9709158309925898, 1.9891822621088955, 1.0103140938674404, 5.834800008781266, 6.017337671251137, 3.9460738754602462, 2.5539205404593086, 0.8551462031039241, 1.0501065732835333, 2.8194891601178704], [0.7571357147677408, 1.2085911428047031, 2.4758320141429815, 0.8883717341397168, 4.1411095141967955, 1.3276777102811597, 0.706793331574373, 3.2636618261358166, 3.9155515011610875, 0.8628441139109009, 1.9031453766116149, 1.0174123059495743, 5.622230020803303, 1.0958084742230796, 1.9905949622420045, 0.0, 1.9176117198101328, 1.2093440920839433, 10.04440168716778, 4.333628824443961, 1.075073561142778, 1.0233753766049074, 0.9996672044039548, 3.6404463821535082, 1.9128569062462053, 3.716359620298129, 1.1847273029359846, 4.291304402883473, 2.691636632286738, 4.54571078012003, 1.1878777379324028, 0.9979312086913211, 3.183797506867796, 5.304124507771972, 2.4905083448180414, 2.15695955317851, 2.197897718325274, 6.778920151136071, 7.306006483826648, 3.770013283664601, 1.14567764025836, 1.7567869617542626, 1.2572307972190393, 2.216489291536574], [2.1552960672572974, 2.065236357363514, 1.945414545795753, 2.0871795244811446, 3.324456704968149, 2.29275915977732, 2.1890495826945497, 2.6539948302391188, 3.069197183966716, 2.0737654778199452, 1.1037972720060243, 1.4199877730005894, 6.0861091376357574, 1.4586163389958622, 2.9157298240839675, 1.9176117198101328, 6.743495761743046e-07, 1.599315852852952, 9.694202040538844, 4.184790442197736, 2.1605305565091535, 2.4924894557579145, 2.0323663994942214, 4.477001722266644, 3.156404666839654, 2.372541480153346, 1.2728784673212055, 5.157071729972236, 3.8580103075995322, 5.54672810354167, 2.5484628610712288, 1.7725406741867726, 4.047357994943258, 5.664412479601794, 2.598146159781381, 3.415876928655827, 3.157931955464764, 6.13175494443207, 7.601967622599701, 2.2284519864548593, 2.0732421414151054, 2.589444484168805, 2.4238613839621133, 2.0720090623774556], [1.4818967788604822, 0.868768490352441, 2.649908381383836, 0.9738641294767656, 4.1514995915283945, 1.7203352488251442, 1.2773439738785706, 3.3922391908372984, 3.6731300546150067, 0.9588679240281555, 1.9837440553868777, 1.0375198266243015, 6.355240061076803, 0.8647739959452816, 2.6068301386594013, 1.2093440920839433, 1.599315852852952, 4.76837158203125e-07, 10.35494681529343, 4.838711955648099, 1.2621768276988607, 2.038490282092267, 1.0335346880426963, 4.611576662189504, 2.924164855457836, 3.5679884741024623, 0.5331732819494809, 5.17556557181018, 3.6494165687000413, 5.427903629792133, 1.8824667353607378, 0.9655804380946342, 3.9102552199213085, 6.142587679165301, 2.515239561840707, 3.191564434916915, 2.937119938081761, 7.012090466959182, 8.07817212379161, 3.4314751419752434, 0.8687796146530832, 2.115387906716079, 1.8110636597706504, 2.103818821616419], [9.785100930799846, 10.617367538592028, 8.207897659537833, 10.563425559683052, 7.2053624560889755, 9.79713571737528, 10.297668067109607, 8.104727413275269, 7.652562997853705, 10.48181616937389, 9.112874656298384, 9.683328592171637, 6.116517123660856, 10.178610600689508, 8.45257794660194, 10.04440168716778, 9.694202040538844, 10.35494681529343, 3.371747880871523e-07, 7.574470085682106, 9.815389697133694, 9.740614832658023, 10.130637149179547, 8.303144313522624, 9.138816075360126, 8.504851125970491, 10.092761046997165, 7.352856915821102, 8.94238924338379, 7.841740516003072, 9.592670493052408, 9.649203579177973, 8.058560768687423, 7.360911461960988, 8.455220925556779, 9.16723823306804, 8.34959558976317, 5.368686225643669, 5.61936727405824, 8.444544910736118, 10.65257702179491, 8.866841649099072, 9.306463270002485, 9.306570217020413], [4.215256991961199, 5.282045236997408, 3.1177100980519956, 5.072072729119551, 3.30072596980553, 3.8003090209998396, 4.780563346609274, 2.4469488556810575, 4.194634111553872, 5.006754202116304, 3.5579676259042277, 4.01417443079808, 3.26196591525181, 4.8134740858618565, 4.010548500384864, 4.333628824443961, 4.184790442197736, 4.838711955648099, 7.574470085682106, 0.0, 4.736204702723683, 4.034187854993262, 4.908612291933506, 2.896615378106228, 3.509964129421693, 3.354453887296743, 4.571961698170044, 3.4433725933290322, 3.650240041612152, 3.8837893646648034, 4.198617518328091, 4.3008981016627486, 2.9776897213574856, 2.882728396232908, 3.965578146771363, 3.4101019645690838, 3.6168371824995, 4.94471050317354, 4.443649992632944, 3.811955437358222, 5.246092877709776, 4.386748005197078, 4.389962427658106, 3.2487022190815744], [0.9889458168034343, 0.9899454716457378, 2.5802927668391646, 0.9973017531533624, 4.228300699574962, 1.7435204140554685, 1.0247530291575608, 3.559885294274452, 3.776201224554458, 0.8958404635793259, 2.225762718280967, 1.2098844859487894, 5.7208565552357316, 1.0392301155614636, 1.6948773435273008, 1.075073561142778, 2.1605305565091535, 1.2621768276988607, 9.815389697133694, 4.736204702723683, 3.371747880871523e-07, 1.7152646491865977, 0.6265997891384991, 4.035725070045107, 2.4129739112992876, 3.982903951083996, 1.2376581300402265, 4.436375316648377, 3.0232821859788865, 4.634519719157879, 1.0873669823108423, 0.9806650720446641, 3.332155074595173, 5.74089274658473, 2.0648707138674802, 2.6667460160236134, 2.1427735337142577, 6.861361248526678, 7.478939009246669, 3.809524089280245, 1.0023475994923396, 1.1328692122283437, 0.9379244834097777, 2.456541737470221], [1.1863370430043592, 2.0432880101497513, 2.6029579805520515, 1.6329133417057544, 4.132472115608734, 1.472208662120808, 1.2151312957246676, 3.1956836589708466, 4.086740652111258, 1.6223000429951535, 2.2718149062517763, 1.6057274268746364, 5.048733683827289, 1.9277865068733946, 1.813718305735353, 1.0233753766049074, 2.4924894557579145, 2.038490282092267, 9.740614832658023, 4.034187854993262, 1.7152646491865977, 0.0, 1.7474236014559088, 2.945177402163951, 1.1874581862944804, 3.932058911000901, 1.9473937948614997, 3.5983639557631215, 1.979402178787763, 3.9232571168769264, 1.404189289156635, 1.522765970200826, 2.619634095024084, 4.620081171782723, 2.7006817305296456, 1.3900147561616323, 1.781024765516941, 6.536164607542357, 6.692828785257278, 4.083866210001392, 1.9865213351000222, 1.9407129616127041, 1.3769810000973766, 2.4474869115508335], [1.0533523307090253, 0.7008164615041514, 2.682301596857293, 0.6812352249551169, 4.426338275180364, 1.7196970612797295, 0.8478688584698645, 3.58883776215346, 3.946444500953403, 0.6144032591942428, 2.1238730923547804, 1.1256413972187571, 5.998023113977457, 0.8535152090726621, 2.0232549404746387, 0.9996672044039548, 2.0323663994942214, 1.0335346880426963, 10.130637149179547, 4.908612291933506, 0.6265997891384991, 1.7474236014559088, 0.0, 4.202883473588725, 2.582403776843563, 3.9320930843969135, 1.06892761911104, 4.75603534344043, 3.202612933572281, 4.877172545289743, 1.2658048646572067, 1.0533256828265518, 3.53977201957897, 5.882314074612164, 2.2246832793916655, 2.8166717052365193, 2.4479078446400844, 7.052226685164786, 7.736042236244588, 3.828141389504418, 0.673856428473269, 1.5316860390948754, 1.132647459559765, 2.518360842468289], [3.434050294149767, 4.68189676146818, 3.650751941928026, 4.3428057917262475, 4.679404693748684, 3.495825557420442, 3.9202136742945246, 3.6378590535780293, 5.159588996950393, 4.289096192421898, 3.758358895261994, 3.7307567957365193, 2.946303150297776, 4.422979060484361, 2.972624344952091, 3.6404463821535042, 4.477001722266641, 4.611576662189501, 8.303144313522624, 2.896615378106228, 4.035725070045103, 2.9451774021639463, 4.202883473588722, 0.0, 2.152313236345256, 4.7644854033514505, 4.387545052492886, 1.7717316520422763, 1.9014885379082644, 1.8293248620286386, 3.185869314041562, 3.9251927467633245, 2.0518014970059655, 2.1052234477240126, 3.9232165063246627, 1.7870554458837355, 2.4560278263334494, 6.047786965392845, 4.096939417305589, 5.185109132549513, 4.622322177127407, 3.6151975707657495, 3.4215710354062683, 3.905314362352052], [1.9339571139000762, 2.9544446715367902, 2.7481030944402725, 2.586588634955707, 4.020220734319199, 2.051500582712527, 2.1280358485095014, 3.2548620084637356, 4.223441442279152, 2.537347213546535, 2.743848613514733, 2.3242418754732856, 4.182932145233459, 2.79611459986233, 1.766589079407258, 1.9128569062462053, 3.156404666839654, 2.924164855457836, 9.138816075360126, 3.509964129421693, 2.4129739112992876, 1.1874581862944804, 2.582403776843563, 2.152313236345263, 3.371747880871523e-07, 4.175460975958333, 2.784541326696488, 2.67427686934781, 1.0952984314714784, 3.1009078204307756, 1.8394768712636422, 2.222956896985083, 1.9956693487447903, 3.8142226692732883, 3.0133386443047177, 0.6205958047488151, 1.5827913119535564, 6.100011744573667, 5.786868038874367, 4.411671715063726, 2.909678655045588, 2.210181603909917, 1.8832719307508303, 2.8281622666338313], [3.812367865706252, 4.131480328614453, 2.057820791795036, 4.100435892952341, 2.3870462781585213, 3.442063677624765, 4.052920676069522, 1.7683975478744705, 2.5509306080437195, 4.077764357064512, 2.1548695366964328, 3.1305111647498083, 5.570208410070442, 3.5708593747687214, 3.991996978045527, 3.716359620298129, 2.372541480153346, 3.5679884741024623, 8.504851125970491, 3.354453887296743, 3.982903951083996, 3.932058911000901, 3.9320930843969135, 4.764485403351453, 4.175460975958333, 3.371747880871523e-07, 3.2688841576386394, 5.392963268657204, 4.681311122358688, 5.826195553900511, 4.070194359147679, 3.4556762014795996, 4.284500886977042, 5.165827238220555, 3.255331833630792, 4.362319265858161, 4.075591131803222, 4.779503043410043, 6.9092457737926924, 1.4219666685619365, 4.131741536081386, 3.9743854347933834, 3.965461840597876, 2.614684331114104], [1.434301877561815, 1.0362982970786956, 2.3720765257365994, 1.0770499237601543, 3.898420781088784, 1.6878728318951428, 1.2787124929922193, 3.131339887111692, 3.4620108847756015, 1.0508564822336062, 1.6949000288779072, 0.7547839236027566, 6.126500151231453, 0.7131764394954999, 2.4596748191586015, 1.1847273029359846, 1.2728784673212055, 0.5331732819494809, 10.092761046997165, 4.571961698170044, 1.2376581300402265, 1.9473937948614997, 1.06892761911104, 4.3875450524928885, 2.784541326696488, 3.2688841576386394, 3.371747880871523e-07, 4.9956003999446, 3.502134478732232, 5.264154521260682, 1.8129069815824568, 0.9255313782853469, 3.753986620542422, 5.870308153099319, 2.323024041862272, 3.057892908403723, 2.7873149526752603, 6.728425705329018, 7.817715040489357, 3.1236317824413384, 1.040057442806153, 1.987423044295664, 1.7191816486821005, 1.9521777638270585], [4.045991166489671, 5.227552555201045, 4.022121752274398, 4.955889927518568, 4.555665125788395, 4.164867265691314, 4.537585752109699, 4.22627203248486, 5.043952630117705, 4.876698043558979, 4.508754843350772, 4.420096925953632, 2.408492093841218, 5.008685096069478, 3.01897881890825, 4.291304402883476, 5.157071729972238, 5.175565571810183, 7.352856915821102, 3.4433725933290322, 4.4363753166483795, 3.5983639557631255, 4.756035343440433, 1.7717316520422763, 2.6742768693478154, 5.392963268657201, 4.995600399944602, 0.0, 2.4241749674035757, 1.727332170907311, 3.753430885758357, 4.371478765102766, 2.287502465157805, 2.6528956347819497, 4.208113346216002, 2.511607925335665, 2.5264811302404193, 5.630065522047086, 3.588487092228392, 5.608328141962106, 5.203283314802865, 3.7095799297133514, 3.774572995529334, 4.475899940480673], [2.663009554024758, 3.6369012248839607, 3.2519568610404708, 3.2520735829356058, 4.481379500346887, 2.7079299701108317, 2.7618760427986215, 3.6866298075869723, 4.703465470949297, 3.21244738635216, 3.313776348227876, 3.00840775288631, 3.801444853173183, 3.5195956274563143, 2.1153351510914686, 2.691636632286738, 3.8580103075995322, 3.6494165687000413, 8.94238924338379, 3.650240041612152, 3.0232821859788865, 1.979402178787763, 3.202612933572281, 1.9014885379082718, 1.0952984314714784, 4.681311122358688, 3.502134478732232, 2.42417496740357, 0.0, 2.6484238854285787, 2.422541448829988, 2.90138246641858, 1.882530669482267, 3.474419699920978, 3.3822630692463522, 1.057926923089211, 1.9838180866240278, 6.1009323977146535, 5.341495871461345, 4.970061269281914, 3.587062795684074, 2.720926373180533, 2.4708379795659994, 3.4998968292298898], [4.1599465122118335, 5.439714509740787, 4.60872930667621, 5.151992499038181, 5.524884720810282, 4.337878594092765, 4.732187591812451, 4.498313545007503, 5.883088467903393, 5.085735002834228, 4.839087070988749, 4.614838612195882, 2.3576657710788056, 5.286053816919694, 3.3507105136951214, 4.54571078012003, 5.54672810354167, 5.427903629792133, 7.841740516003072, 3.8837893646648034, 4.634519719157879, 3.9232571168769264, 4.877172545289743, 1.8293248620286386, 3.1009078204307756, 5.826195553900511, 5.264154521260682, 1.727332170907311, 2.6484238854285787, 3.371747880871523e-07, 3.777563205638133, 4.633788186380359, 2.167379051937915, 2.872735124308792, 4.266716727440024, 2.771092739926014, 2.8420094581018183, 6.591906322126029, 3.7777342424843687, 6.128591258911533, 5.389263472583916, 4.017956636107115, 3.957487410458553, 4.742966345007561], [0.7316954590421612, 1.7430175865974153, 2.642372338092671, 1.5619346049377265, 4.363108103026844, 1.5160818292575329, 1.3635705706055046, 3.3356316854081993, 4.144225890760708, 1.464001671438045, 2.3057182742348243, 1.3270301611165287, 5.066380095019194, 1.7338525123427466, 1.4752785751883049, 1.1878777379324028, 2.5484628610712288, 1.8824667353607378, 9.592670493052408, 4.198617518328091, 1.0873669823108423, 1.404189289156635, 1.2658048646572067, 3.1858693140415664, 1.8394768712636422, 4.070194359147679, 1.8129069815824568, 3.753430885758353, 2.422541448829988, 3.777563205638133, 3.371747880871523e-07, 1.4186538773396127, 2.6593636840285417, 5.0149272073566005, 2.153757811984693, 1.9364168265966957, 1.6146974443938418, 6.8850992698449325, 6.786413791149504, 4.077425945066151, 1.688757580628586, 1.328854746281277, 0.9128575648662389, 2.357714951211123], [1.114286944170281, 1.335786941893245, 2.2634092368107095, 1.2054029871791292, 3.7482628859989684, 1.4260581355662387, 1.1063561271319509, 2.967585003354991, 3.393530493082702, 1.1636152579249555, 1.8270368005372517, 0.890997877035173, 5.523725323239805, 1.1801703992257886, 1.8370255038863847, 0.9979312086913211, 1.7725406741867726, 0.9655804380946342, 9.649203579177973, 4.3008981016627486, 0.9806650720446641, 1.522765970200826, 1.0533256828265518, 3.925192746763328, 2.222956896985083, 3.4556762014795996, 0.9255313782853469, 4.371478765102762, 2.90138246641858, 4.633788186380359, 1.4186538773396127, 4.76837158203125e-07, 3.099214962298866, 5.443826127884495, 1.9968477914853193, 2.509771791584147, 2.173381771090122, 6.449528985799701, 7.29569153946949, 3.3601019462181383, 1.3326320887797574, 1.501251523929877, 1.1864283788233352, 1.8957084870184955], [2.8881258217418817, 4.069883024608006, 3.0149922050011844, 3.779290173181695, 4.068909533743719, 2.614922050730226, 3.3637995710771427, 2.8877654929654657, 4.353046544667485, 3.723310981372701, 3.4548048783468235, 3.1771415982396736, 2.784209222444646, 3.8729387305626224, 2.251042165070915, 3.1837975068677915, 4.047357994943255, 3.9102552199213045, 8.058560768687423, 2.9776897213574856, 3.3321550745951685, 2.619634095024079, 3.539772019578966, 2.0518014970059655, 1.9956693487447832, 4.284500886977038, 3.7539866205424186, 2.287502465157805, 1.8825306694822594, 2.167379051937915, 2.6593636840285364, 3.0992149622988614, 2.384185791015625e-07, 3.31650521805927, 2.688855281935302, 1.8334346735696754, 1.8573822601074073, 5.798455471922451, 4.870809301171042, 4.515791392468592, 4.028610342520902, 2.82489507295715, 2.6955652422301, 2.9858288606965924], [5.177443470126861, 6.367069025111065, 4.615170883122136, 6.033309881881666, 4.946778582662746, 5.073326142991173, 5.604633588355372, 4.1866778987311895, 5.7192883231606, 5.9910395601072555, 4.862748698762735, 5.244091354893539, 2.5647457003984524, 6.001061246960231, 4.531042603288064, 5.304124507771972, 5.664412479601794, 6.142587679165301, 7.360911461960988, 2.882728396232908, 5.74089274658473, 4.620081171782723, 5.882314074612164, 2.1052234477240126, 3.8142226692732883, 5.165827238220555, 5.870308153099319, 2.6528956347819497, 3.474419699920978, 2.872735124308792, 5.0149272073566005, 5.443826127884495, 3.31650521805927, 2.384185791015625e-07, 5.237549627535013, 3.5743812577983904, 4.0788415176340465, 5.263804555828892, 2.7218168459614707, 5.788253876529238, 6.317024969152696, 5.213469808876311, 5.111055293509542, 5.116428670314796], [2.1454127427378498, 2.715996653734277, 2.017940931315365, 2.708127830116915, 3.506397313975961, 2.1450672796201347, 2.6018618601182184, 2.505757992858295, 3.146975067021797, 2.64742846173834, 2.3488347995965304, 2.0172030176723585, 4.715824766888719, 2.3949601585349423, 1.9709158309925898, 2.4905083448180414, 2.598146159781381, 2.515239561840707, 8.455220925556779, 3.965578146771363, 2.0648707138674802, 2.7006817305296456, 2.2246832793916655, 3.9232165063246662, 3.0133386443047177, 3.255331833630792, 2.323024041862272, 4.208113346215998, 3.3822630692463522, 4.266716727440024, 2.153757811984693, 1.9968477914853193, 2.6888552819353073, 5.237549627535013, 0.0, 3.125840271558794, 2.1662379435110424, 5.956184083940011, 6.674688090414896, 2.9705458741829953, 2.725557084032279, 1.7954020667421735, 1.9208576921297216, 2.1754485876214376], [2.0706747577699374, 3.2242749300944658, 2.990263413148862, 2.8439280252901398, 4.31016226644451, 2.176968866403213, 2.386687984385404, 3.3033213195070315, 4.564363017290546, 2.7985155688439907, 2.9307655796858167, 2.5213805042353448, 3.999247222462644, 3.072002133897521, 1.9891822621088955, 2.15695955317851, 3.415876928655827, 3.191564434916915, 9.16723823306804, 3.4101019645690838, 2.6667460160236134, 1.3900147561616323, 2.8166717052365193, 1.7870554458837435, 0.6205958047488151, 4.362319265858161, 3.057892908403723, 2.5116079253356594, 1.057926923089211, 2.771092739926014, 1.9364168265966957, 2.509771791584147, 1.8334346735696831, 3.5743812577983904, 3.125840271558794, 4.76837158203125e-07, 1.6180661114989978, 6.332677352479686, 5.5809920967959705, 4.626516176557994, 3.164983693889559, 2.4816190712301096, 2.114022047891901, 2.950575437754184], [1.774498872207074, 2.9627197420309574, 2.5291778257171136, 2.761755218574072, 3.80470458492371, 2.2691559460984685, 2.431204396688542, 3.021266852023606, 3.8406235781219284, 2.6760539571967383, 2.7008882504902316, 2.2607753043268812, 3.8596103898148684, 2.739300892892147, 1.0103140938674404, 2.197897718325274, 3.157931955464764, 2.937119938081761, 8.34959558976317, 3.6168371824995, 2.1427735337142577, 1.781024765516941, 2.4479078446400844, 2.456027826333455, 1.5827913119535564, 4.075591131803222, 2.7873149526752603, 2.5264811302404246, 1.9838180866240278, 2.8420094581018183, 1.6146974443938418, 2.173381771090122, 1.857382260107415, 4.0788415176340465, 2.1662379435110424, 1.6180661114989978, 3.371747880871523e-07, 5.967487956163192, 5.586324301316502, 4.085225174028043, 2.9453068513532736, 1.4955407285583684, 1.502463744647092, 2.7477643431380825], [6.882946326390619, 7.371619429502603, 4.7874011808757135, 7.259970509198445, 3.4103834787340626, 6.64137270707285, 7.000126208784634, 5.02430044223517, 4.005397245392174, 7.218955689445805, 5.661901871618631, 6.512671772736353, 5.2444539610222405, 6.899045651557435, 5.834800008781268, 6.778920151136068, 6.1317549444320685, 7.0120904669591795, 5.368686225643669, 4.94471050317354, 6.861361248526676, 6.5361646075423545, 7.052226685164785, 6.047786965392845, 6.10001174457367, 4.779503043410039, 6.728425705329016, 5.630065522047086, 6.1009323977146535, 6.591906322126029, 6.885099269844931, 6.4495289857997, 5.798455471922451, 5.263804555828892, 5.956184083940009, 6.332677352479686, 5.967487956163192, 0.0, 5.561417641793234, 5.028767546407373, 7.409709168248277, 6.201496694243872, 6.483253503143401, 6.197351533032417], [7.0530895093853925, 8.2716885361941, 6.271268427215147, 8.014549828715909, 6.167016773482615, 7.051284205924127, 7.604833440599371, 5.930165038341699, 6.9621595499956115, 7.943869300977427, 6.792760509218487, 7.1812772649726035, 2.522295610439918, 7.9116462260425795, 6.017337671251137, 7.306006483826648, 7.601967622599701, 8.07817212379161, 5.61936727405824, 4.443649992632944, 7.478939009246669, 6.692828785257278, 7.736042236244588, 4.096939417305589, 5.786868038874367, 6.9092457737926924, 7.817715040489357, 3.588487092228392, 5.341495871461345, 3.7777342424843687, 6.786413791149504, 7.29569153946949, 4.870809301171042, 2.7218168459614707, 6.674688090414896, 5.5809920967959705, 5.586324301316502, 5.561417641793234, 3.371747880871523e-07, 7.327265435708281, 8.242968019522252, 6.705920135851259, 6.828814244950169, 6.961442112775456], [3.812990262461128, 3.9688161235054014, 2.06314938520573, 4.0330189353876875, 2.2803309397149665, 3.5562841077283225, 4.061143996214214, 2.226418543260847, 2.2513085439827627, 3.994312916964548, 2.3958312808410525, 3.1017589946335464, 5.881896272014883, 3.3633967176892354, 3.9460738754602462, 3.770013283664601, 2.2284519864548593, 3.4314751419752434, 8.444544910736118, 3.811955437358222, 3.809524089280245, 4.083866210001392, 3.828141389504418, 5.185109132549517, 4.411671715063726, 1.4219666685619365, 3.1236317824413384, 5.608328141962104, 4.970061269281914, 6.128591258911533, 4.077425945066151, 3.3601019462181383, 4.5157913924685955, 5.788253876529238, 2.9705458741829953, 4.626516176557994, 4.085225174028043, 5.028767546407376, 7.327265435708281, 3.371747880871523e-07, 4.00179244211887, 3.749152198193188, 3.857510881160682, 2.636205495661525], [1.4014543134667998, 0.15441354498019594, 2.9990515595583607, 0.43672933238564104, 4.6707370978681, 1.8984538999459495, 0.9561716203343968, 3.9314408220737076, 4.161899305808999, 0.41991782082875895, 2.3958073937446698, 1.3816774439046373, 6.52427052110719, 0.8074830259360146, 2.5539205404593086, 1.14567764025836, 2.0732421414151054, 0.8687796146530832, 10.65257702179491, 5.246092877709776, 1.0023475994923396, 1.9865213351000222, 0.673856428473269, 4.622322177127409, 2.909678655045588, 4.131741536081386, 1.040057442806153, 5.203283314802863, 3.587062795684074, 5.389263472583916, 1.688757580628586, 1.3326320887797574, 4.028610342520905, 6.317024969152696, 2.725557084032279, 3.164983693889559, 2.9453068513532736, 7.409709168248279, 8.242968019522252, 4.00179244211887, 0.0, 2.026871937555285, 1.6553147079587407, 2.6653647598497323], [1.5042007366730792, 1.9920021175697138, 2.3462738829607437, 1.963264275295457, 3.7835291295536897, 2.1461821565289156, 1.7933755230336081, 3.397924295617559, 3.4113942143719087, 1.851399639506158, 2.4086689731853324, 1.7335543923357795, 4.972077051735945, 1.8650536029916764, 0.8551462031039241, 1.7567869617542626, 2.589444484168805, 2.115387906716079, 8.866841649099072, 4.386748005197078, 1.1328692122283437, 1.9407129616127041, 1.5316860390948754, 3.6151975707657535, 2.210181603909917, 3.9743854347933834, 1.987423044295664, 3.709579929713348, 2.720926373180533, 4.017956636107115, 1.328854746281277, 1.501251523929877, 2.8248950729571547, 5.213469808876311, 1.7954020667421735, 2.4816190712301096, 1.4955407285583684, 6.2014966942438745, 6.705920135851259, 3.749152198193188, 2.026871937555285, 0.0, 0.8131529200635879, 2.6685733025953406], [1.0261381628827697, 1.6596362866244188, 2.4187538323829094, 1.4856517740418569, 4.054141428452057, 1.7130580720012725, 1.2422796933070372, 3.3150633886409513, 3.7240709514647437, 1.4066164012961075, 2.2411774237721236, 1.412357462048869, 5.089388488613401, 1.607622553065361, 1.0501065732835333, 1.2572307972190393, 2.4238613839621133, 1.8110636597706504, 9.306463270002485, 4.389962427658106, 0.9379244834097777, 1.3769810000973766, 1.132647459559765, 3.4215710354062727, 1.8832719307508303, 3.965461840597876, 1.7191816486821005, 3.7745729955293306, 2.4708379795659994, 3.957487410458553, 0.9128575648662389, 1.1864283788233352, 2.6955652422301055, 5.111055293509542, 1.9208576921297216, 2.114022047891901, 1.502463744647092, 6.483253503143404, 6.828814244950169, 3.857510881160682, 1.6553147079587407, 0.8131529200635879, 0.0, 2.503814324848435], [2.131450217800471, 2.6912790972364045, 2.0227793508398957, 2.6188862226727183, 3.2011178517992582, 1.4496921849009436, 2.570670607226833, 1.9203827406009173, 3.1637995376777814, 2.566437873794085, 2.05945381508964, 1.6684730606841132, 5.1566369686280575, 2.3771202253662724, 2.8194891601178704, 2.216489291536574, 2.0720090623774556, 2.103818821616419, 9.306570217020413, 3.2487022190815744, 2.456541737470221, 2.4474869115508335, 2.518360842468289, 3.9053143623520556, 2.8281622666338313, 2.614684331114104, 1.9521777638270585, 4.475899940480669, 3.4998968292298898, 4.742966345007561, 2.357714951211123, 1.8957084870184955, 2.9858288606965973, 5.116428670314796, 2.1754485876214376, 2.950575437754184, 2.7477643431380825, 6.1973515330324185, 6.961442112775456, 2.636205495661525, 2.6653647598497323, 2.6685733025953406, 2.503814324848435, 3.371747880871523e-07]]