[[1.0, 0.5667409678428945, 0.5697837013433129, 0.5715192820655536, 0.613539701861696, 0.5384848354871026, 0.6221573939527677, 0.6189169226735576, 0.5639264747335061, 0.577434928235979, 0.5812594880367038, 0.6187269447016601, 0.6062397045820568, 0.566150187653852, 0.5765694430226851, 0.5774002920841232, 0.5643012587779392, 0.6237734797250164, 0.5483556142209833, 0.6167930882636515, 0.5980784564860615, 0.5639285370724542, 0.5645019941655518, 0.5954632898059853, 0.616379094754106, 0.562342823823479, 0.6123831083134348, 0.5778538761658901, 0.6021111340787856, 0.6067234591077425, 0.611224915139265, 0.5533536391661544, 0.6210447409471743, 0.5552333135841176, 0.6357330615289338, 0.5784674590131946, 0.5447980233552527, 0.5698751096849909, 0.6721687391248892, 0.5701079027735454, 0.5890639643895085, 0.6011023959845281, 0.5598235686385473, 0.5783642514728208], [0.5667409678428945, 1.0, 0.5955577381329168, 0.5825113617760117, 0.6006620835987525, 0.5975872173423958, 0.6053216568612246, 0.5870832791468124, 0.5596004416192899, 0.5865489612794963, 0.5746126363877136, 0.5923694730140067, 0.5864072353640949, 0.621129568238449, 0.5559630500662903, 0.5702343006807694, 0.5660900453228126, 0.6258106416055957, 0.5632661983647753, 0.5694124841700621, 0.5962256954828299, 0.606862793829944, 0.5905100901983277, 0.545723229593834, 0.5774343417058495, 0.5760993523240762, 0.5713845757514542, 0.5729625116349364, 0.6071158809831435, 0.5741065454077433, 0.5851506383195476, 0.630371759010022, 0.5696256279360804, 0.6073458299179567, 0.5542430320638111, 0.5795091092078127, 0.6188510453990664, 0.6170396723665338, 0.5492430876668907, 0.581053166482635, 0.5873422883850636, 0.571951296990536, 0.6074609348638093, 0.5957395900722156], [0.5697837013433129, 0.5955577381329168, 1.0, 0.6171539651448901, 0.5942133063391222, 0.6176043019372128, 0.5310593110625423, 0.6035488959928719, 0.5922884688199487, 0.6062974210232168, 0.5597681748552861, 0.5951496511964218, 0.6174702090085, 0.6195712901572108, 0.5810198716436004, 0.6224341215707573, 0.5470359745365739, 0.6057199635618747, 0.6146458016820627, 0.581240049352052, 0.5743978710021056, 0.6389241265617449, 0.543214069518957, 0.6246941980952068, 0.551483498136867, 0.5659165024852197, 0.5305673562610149, 0.6251839560573453, 0.5482706386047522, 0.6022307470392776, 0.5882706272431952, 0.6059927337872903, 0.5751391203788483, 0.5509617377173294, 0.571056459267407, 0.5902588775123795, 0.60618779228218, 0.5576812859801152, 0.6019305938036466, 0.5966769705638943, 0.552500740877545, 0.5804418409325136, 0.5923473380983546, 0.5958498658861753], [0.5715192820655536, 0.5825113617760117, 0.6171539651448901, 1.0, 0.5906463481015254, 0.5932904307845136, 0.5258482564560857, 0.5037717489982575, 0.6068801252438198, 0.6127022404608551, 0.6211884793034932, 0.6046004199541182, 0.5982028931422873, 0.6072510204988215, 0.6069009483485119, 0.625118994241918, 0.6063577450177746, 0.5727327937540841, 0.6228662143732462, 0.6144585016103689, 0.5310784374734145, 0.671242171443467, 0.5216815502992419, 0.6067528468420295, 0.5426333961259877, 0.5642303750489595, 0.5720331514926428, 0.6333334057774779, 0.5763406214619238, 0.6274698785269516, 0.569099213398514, 0.5669528070436285, 0.548227813771073, 0.5733498391488616, 0.5903870504577855, 0.6202427600488635, 0.5596376515599915, 0.5555826778009142, 0.5700503691532554, 0.5781723932686716, 0.6421863500254583, 0.5990091724186499, 0.5852942653243518, 0.5667154922039586], [0.613539701861696, 0.6006620835987525, 0.5942133063391222, 0.5906463481015254, 1.0, 0.5134769142028227, 0.6392261802483199, 0.5709097461276315, 0.6320777607968411, 0.5610759331406577, 0.6428957106428496, 0.5335841322734147, 0.6561589693263509, 0.5510411649729426, 0.5700451121520854, 0.6117336824118562, 0.6079889629924515, 0.5642218443320802, 0.616673334750127, 0.5916810006463952, 0.6316123344265527, 0.6178863261011078, 0.5829843905631603, 0.6041857017594695, 0.6037508712941774, 0.551313048183594, 0.5632003597966879, 0.6358620992513625, 0.5541285376180896, 0.6518353292251923, 0.594474614773712, 0.5523032181814203, 0.5850417488685243, 0.5787904540342355, 0.5720364046141673, 0.5742093587100578, 0.5522230042551659, 0.5373513525593467, 0.6490301551374142, 0.5702329003835953, 0.64022551703869, 0.5787684069073712, 0.5653879035165071, 0.5532273779097169], [0.5384848354871026, 0.5975872173423958, 0.6176043019372128, 0.5932904307845136, 0.5134769142028227, 1.0, 0.5508265780935272, 0.5550743072520301, 0.5411734373442879, 0.644599505637548, 0.5958881987771752, 0.6349736139249366, 0.5443942447402693, 0.5827953794872747, 0.5818449013770796, 0.6110388955824786, 0.5769951280636983, 0.5706626003296903, 0.6235532158619813, 0.5521266166920656, 0.5628395889447715, 0.6209505285587301, 0.5726668453641558, 0.5708987848268492, 0.5359315300330089, 0.5704925304186058, 0.5636690410082622, 0.601327836555091, 0.619322367846392, 0.6042381835398885, 0.5527296261063339, 0.5930231130560439, 0.5762447179110703, 0.5919259161724864, 0.6196993901477669, 0.6418912126017785, 0.6486245027879477, 0.623222362584934, 0.5539738664870715, 0.5697728438089333, 0.5316077402258045, 0.6046299159723129, 0.6612204802081165, 0.5987910309195451], [0.6221573939527677, 0.6053216568612246, 0.5310593110625423, 0.5258482564560857, 0.6392261802483199, 0.5508265780935272, 1.0, 0.6631694999767803, 0.5819845271689584, 0.5393417949412429, 0.5455086714437066, 0.600091861282717, 0.6121880922786178, 0.585649691955024, 0.5398292983836631, 0.526792133146044, 0.6056095305370816, 0.5758928529336044, 0.5503646007683274, 0.5970422212590389, 0.6243860279326924, 0.54233823182855, 0.6075069375147969, 0.5549728986275345, 0.6632468806957788, 0.6149810443932914, 0.6295320457745468, 0.5283194143774937, 0.6838766218539808, 0.6486719828282017, 0.5560904039487052, 0.5397140338295237, 0.6545976745912153, 0.6293103707014835, 0.5723679104534354, 0.5340604131079513, 0.5631257044623388, 0.6155909532019808, 0.6243632439645252, 0.5995360908458832, 0.6220866637454594, 0.5467650917011118, 0.5658446630277513, 0.5947685598375893], [0.6189169226735576, 0.5870832791468124, 0.6035488959928719, 0.5037717489982575, 0.5709097461276315, 0.5550743072520301, 0.6631694999767803, 1.0, 0.6078587360829412, 0.5922754491656479, 0.5743767438935881, 0.6180296518911848, 0.585216722367242, 0.5771488396285518, 0.5355035386106168, 0.5945067493524716, 0.5327616642374374, 0.5913619185654665, 0.5955710494519997, 0.6237688769606906, 0.6399891908672022, 0.5304129816471657, 0.6525152400727835, 0.6646131134257762, 0.6760179141953382, 0.6595574690666789, 0.6144747106823221, 0.5082101420698847, 0.5927819530567349, 0.6008268384804332, 0.5853367433535406, 0.5332380985471444, 0.6160928287600458, 0.5427885977591079, 0.589218635321256, 0.553760814024365, 0.5584460227866047, 0.5289501069224604, 0.6631514869556858, 0.6038118599821883, 0.5719545426832423, 0.5934930302306181, 0.5222248004282035, 0.5747434886413626], [0.5639264747335061, 0.5596004416192899, 0.5922884688199487, 0.6068801252438198, 0.6320777607968411, 0.5411734373442879, 0.5819845271689584, 0.6078587360829412, 1.0, 0.5930344313193671, 0.5909685875922756, 0.5409799065555863, 0.592679931557213, 0.574727794403135, 0.6027368076331995, 0.5800559838261945, 0.5915642896144581, 0.6096218572162521, 0.5906047874351044, 0.6080082000667407, 0.5803136778290628, 0.5795692073806401, 0.5890721603319794, 0.6174068893419621, 0.6430225706063991, 0.5582694697294528, 0.5954662974968957, 0.5993205142464091, 0.5834840751785467, 0.5735900316761785, 0.6475045613647209, 0.5767885456261888, 0.6047906055258662, 0.5819545678286254, 0.6075820958273077, 0.5652287675001538, 0.560960426972926, 0.5351108337575926, 0.5777535642068607, 0.6044188563219615, 0.5587543487782313, 0.5783195238478074, 0.5558586357344064, 0.5949414848014134], [0.577434928235979, 0.5865489612794963, 0.6062974210232168, 0.6127022404608551, 0.5610759331406577, 0.644599505637548, 0.5393417949412429, 0.5922754491656479, 0.5930344313193671, 1.0, 0.6279850091523791, 0.569360376763072, 0.6027715723295624, 0.5853382767496756, 0.6513206975070621, 0.5761617576776549, 0.5505251527316372, 0.5806689850799469, 0.5784199211088891, 0.5837795114182552, 0.5619600464895442, 0.6499113600301782, 0.5355788437884363, 0.6347874523468511, 0.5493696718225739, 0.6062153008060953, 0.5740072018950808, 0.5924099594114701, 0.5564391600956766, 0.5747512000875655, 0.6087077687437287, 0.5861716885067214, 0.5697473149802537, 0.5754823868091754, 0.5762378455142394, 0.6122276364416673, 0.5588228101387891, 0.57114027197283, 0.6208829990272419, 0.5988317908759963, 0.565355243208758, 0.5875275341229765, 0.577453808428676, 0.5387867099236935], [0.5812594880367038, 0.5746126363877136, 0.5597681748552861, 0.6211884793034932, 0.6428957106428496, 0.5958881987771752, 0.5455086714437066, 0.5743767438935881, 0.5909685875922756, 0.6279850091523791, 1.0, 0.5828408487440502, 0.6354687849170056, 0.5485597408848595, 0.5882380497342292, 0.6067971211945283, 0.5935611920302951, 0.5672639206188423, 0.5783198271767988, 0.5719764647220769, 0.620905739467921, 0.6292848501782741, 0.5395905770331487, 0.6193567407350513, 0.5589068968333334, 0.597395474907943, 0.5971723504839613, 0.6676516125762125, 0.5511982793104685, 0.6229523542519418, 0.5832583774975459, 0.5837348441465467, 0.5269023125255688, 0.5449570137449012, 0.610553308979857, 0.6156056837424508, 0.5668140206763995, 0.5446136744169163, 0.6138477279143478, 0.5407561622484706, 0.5845232270620386, 0.5923901320755158, 0.596857522135277, 0.5870763248799572], [0.6187269447016601, 0.5923694730140067, 0.5951496511964218, 0.6046004199541182, 0.5335841322734147, 0.6349736139249366, 0.600091861282717, 0.6180296518911848, 0.5409799065555863, 0.569360376763072, 0.5828408487440502, 1.0, 0.516753902788113, 0.6017733729697327, 0.5923862929207484, 0.6168183850528285, 0.5795021690456647, 0.6238660607548328, 0.5844782787846576, 0.5583805749935241, 0.6176133513018657, 0.5840896127014815, 0.6133177810776469, 0.5652932941651577, 0.5784332482202584, 0.6079410521178928, 0.5543474540905324, 0.5710993366886641, 0.6365674045907418, 0.5671809618971875, 0.5375844198724716, 0.5889573425306218, 0.587644441882925, 0.5961056157875406, 0.5770706828665809, 0.5980282057264177, 0.6243335835449156, 0.634759668577122, 0.5390598865560212, 0.57017442416669, 0.5966363808677854, 0.6196817256688631, 0.5741883971798408, 0.5789446254047581], [0.6062397045820568, 0.5864072353640949, 0.6174702090085, 0.5982028931422873, 0.6561589693263509, 0.5443942447402693, 0.6121880922786178, 0.585216722367242, 0.592679931557213, 0.6027715723295624, 0.6354687849170056, 0.516753902788113, 1.0, 0.5552016410492948, 0.577827440421181, 0.5740397135830851, 0.572878073915919, 0.5568826676109581, 0.5239080911908854, 0.7344224935175913, 0.6393158880810286, 0.5956741545105367, 0.5678977926891705, 0.6122031140825236, 0.6546165947246446, 0.6044502281508652, 0.5839390116934233, 0.5996346710906539, 0.5435876914053678, 0.6368653845927452, 0.6306554765959237, 0.5732762459102383, 0.6095590903709817, 0.5604923908625011, 0.5640762601769796, 0.5675988319419663, 0.51720954766948, 0.5243022015202072, 0.7043899376750489, 0.565544319994139, 0.5869321340345931, 0.5559335129143204, 0.5795160138143882, 0.5386493511814426], [0.566150187653852, 0.621129568238449, 0.6195712901572108, 0.6072510204988215, 0.5510411649729426, 0.5827953794872747, 0.585649691955024, 0.5771488396285518, 0.574727794403135, 0.5853382767496756, 0.5485597408848595, 0.6017733729697327, 0.5552016410492948, 1.0, 0.5914969387311605, 0.5723494878210659, 0.6033092277901081, 0.5930203733050843, 0.555104372815998, 0.6022321422088482, 0.5697634556947355, 0.5776558373894032, 0.5645325989878037, 0.5777863217659064, 0.5808267720811369, 0.5771330084467351, 0.600000904912969, 0.5863564101880218, 0.5829429851931204, 0.5930634293267969, 0.6037441860663201, 0.5847783795281587, 0.6115573393487106, 0.5775631835351371, 0.5495844232246118, 0.598086224334848, 0.5474881164668869, 0.5926223198364431, 0.5446285718144519, 0.6243810177235045, 0.634260963941249, 0.6085175229506252, 0.5528888840988068, 0.5891782123024424], [0.5765694430226851, 0.5559630500662903, 0.5810198716436004, 0.6069009483485119, 0.5700451121520854, 0.5818449013770796, 0.5398292983836631, 0.5355035386106168, 0.6027368076331995, 0.6513206975070621, 0.5882380497342292, 0.5923862929207484, 0.577827440421181, 0.5914969387311605, 1.0, 0.6112086132536165, 0.6348662321822918, 0.5854674078188088, 0.6374211858387249, 0.5543825737477335, 0.5571300164955492, 0.6782472880821001, 0.5657986071417753, 0.6147920052782101, 0.520367401300475, 0.5872303986450623, 0.5695487194379281, 0.6320095514607941, 0.5567694330100088, 0.5419379006114498, 0.603605226550882, 0.5976881339150749, 0.5155952337446216, 0.546135326963341, 0.5412787500317517, 0.5865689097003594, 0.5745750533080991, 0.5820848431927507, 0.5598046714385542, 0.5992316763720235, 0.6028645971402655, 0.6086941008915923, 0.6022825828925313, 0.6009915329537834], [0.5774002920841232, 0.5702343006807694, 0.6224341215707573, 0.625118994241918, 0.6117336824118562, 0.6110388955824786, 0.526792133146044, 0.5945067493524716, 0.5800559838261945, 0.5761617576776549, 0.6067971211945283, 0.6168183850528285, 0.5740397135830851, 0.5723494878210659, 0.6112086132536165, 1.0, 0.5992479475550253, 0.5946733828956375, 0.659247324597365, 0.5502969409210962, 0.5592680749768352, 0.6470552803539564, 0.5726508211065815, 0.6668761256424748, 0.5123419246538483, 0.5411281741082536, 0.576769731835063, 0.638618638379929, 0.5205227741430987, 0.6214476516510584, 0.6116312348349545, 0.5734244248970495, 0.544208031786466, 0.5110878577872833, 0.5907607422202603, 0.6711536470051179, 0.5713666098834622, 0.5376785546759599, 0.6162836573257922, 0.5744865717000491, 0.5727525508443615, 0.5868307728088713, 0.5950658764121848, 0.6150475588459398], [0.5643012587779392, 0.5660900453228126, 0.5470359745365739, 0.6063577450177746, 0.6079889629924515, 0.5769951280636983, 0.6056095305370816, 0.5327616642374374, 0.5915642896144581, 0.5505251527316372, 0.5935611920302951, 0.5795021690456647, 0.572878073915919, 0.6033092277901081, 0.6348662321822918, 0.5992479475550253, 1.0, 0.5978032608499603, 0.5949458579592473, 0.5581051944826783, 0.5652234535690467, 0.6125341442096794, 0.5829078137272943, 0.5869290198687218, 0.5360859311398827, 0.5428519919872253, 0.5950475750637304, 0.5900534002259928, 0.5610844184677668, 0.5979989105192455, 0.5972709062765201, 0.5955165547982658, 0.5409354334162304, 0.5708364353168963, 0.6052549283862138, 0.6278099195277189, 0.62198032934117, 0.5942344274038621, 0.5409031172143007, 0.5900239550724469, 0.5936297609485205, 0.5542206566427247, 0.623511596093968, 0.6090683277785509], [0.6237734797250164, 0.6258106416055957, 0.6057199635618747, 0.5727327937540841, 0.5642218443320802, 0.5706626003296903, 0.5758928529336044, 0.5913619185654665, 0.6096218572162521, 0.5806689850799469, 0.5672639206188423, 0.6238660607548328, 0.5568826676109581, 0.5930203733050843, 0.5854674078188088, 0.5946733828956375, 0.5978032608499603, 1.0, 0.5726637881377035, 0.537193545209637, 0.5767043203679789, 0.6025967288169347, 0.6050391750454591, 0.6100074067648527, 0.5698047735875914, 0.6040550447853111, 0.5662119793715217, 0.5591602829442514, 0.6136391881842173, 0.5275000348432244, 0.5827078159325855, 0.6077328403652767, 0.5819897230789536, 0.581228216848045, 0.5737716263730038, 0.5989006101246973, 0.5984983117283544, 0.5846527384247776, 0.6187049404341857, 0.6029336721492, 0.5802772601047462, 0.5766615998063479, 0.5839575984585239, 0.5957455174513938], [0.5483556142209833, 0.5632661983647753, 0.6146458016820627, 0.6228662143732462, 0.616673334750127, 0.6235532158619813, 0.5503646007683274, 0.5955710494519997, 0.5906047874351044, 0.5784199211088891, 0.5783198271767988, 0.5844782787846576, 0.5239080911908854, 0.555104372815998, 0.6374211858387249, 0.659247324597365, 0.5949458579592473, 0.5726637881377035, 1.0, 0.49593509407245906, 0.5653813948607868, 0.6206040572771877, 0.5936535702116558, 0.6221938779907356, 0.5510361088296418, 0.5393658350956978, 0.610702929502086, 0.6312836472861715, 0.5368269112118945, 0.6262939348848086, 0.5578464492869488, 0.5767006394256696, 0.5173064782348018, 0.5274421347348132, 0.5934403452583248, 0.6855973381037126, 0.599268586138441, 0.520861286098782, 0.5584874118517101, 0.5871550559199002, 0.5971414364676892, 0.632107143091949, 0.6171216822295447, 0.5767704804500764], [0.6167930882636515, 0.5694124841700621, 0.581240049352052, 0.6144585016103689, 0.5916810006463952, 0.5521266166920656, 0.5970422212590389, 0.6237688769606906, 0.6080082000667407, 0.5837795114182552, 0.5719764647220769, 0.5583805749935241, 0.7344224935175913, 0.6022321422088482, 0.5543825737477335, 0.5502969409210962, 0.5581051944826783, 0.537193545209637, 0.49593509407245906, 1.0, 0.6076662761672915, 0.5618326578382373, 0.6118861394943482, 0.622650978322178, 0.6973534931585667, 0.6462180147152126, 0.6141009965806153, 0.5342559373694984, 0.5658968916294256, 0.633976682283348, 0.627158415500195, 0.5570214906987151, 0.6640338146898603, 0.5922071316269248, 0.555771821305372, 0.5195723904446081, 0.5428101261536049, 0.5447374662564365, 0.6587141670897695, 0.5952323248676986, 0.6046768123189935, 0.5784761302361381, 0.5425715414389221, 0.5535712109417463], [0.5980784564860615, 0.5962256954828299, 0.5743978710021056, 0.5310784374734145, 0.6316123344265527, 0.5628395889447715, 0.6243860279326924, 0.6399891908672022, 0.5803136778290628, 0.5619600464895442, 0.620905739467921, 0.6176133513018657, 0.6393158880810286, 0.5697634556947355, 0.5571300164955492, 0.5592680749768352, 0.5652234535690467, 0.5767043203679789, 0.5653813948607868, 0.6076662761672915, 1.0, 0.5838163496238936, 0.6124390943102395, 0.5649145011629533, 0.5838638738267848, 0.5889957640591651, 0.5855082619772924, 0.5804261154733925, 0.585683948507469, 0.5799902189833948, 0.5594065780733191, 0.5542480096671587, 0.6022412116587136, 0.6063154705365364, 0.5739914976599241, 0.6000070686958481, 0.5729890524414442, 0.5920537238962955, 0.5962022537833862, 0.5819228313109935, 0.6117225919825798, 0.6076810798457609, 0.5735724405271061, 0.5805619178852205], [0.5639285370724542, 0.606862793829944, 0.6389241265617449, 0.671242171443467, 0.6178863261011078, 0.6209505285587301, 0.54233823182855, 0.5304129816471657, 0.5795692073806401, 0.6499113600301782, 0.6292848501782741, 0.5840896127014815, 0.5956741545105367, 0.5776558373894032, 0.6782472880821001, 0.6470552803539564, 0.6125341442096794, 0.6025967288169347, 0.6206040572771877, 0.5618326578382373, 0.5838163496238936, 1.0, 0.5666426281236444, 0.5937227251515573, 0.4798744648875094, 0.5384344763488474, 0.5549871971048392, 0.6645630551065496, 0.5202540888586281, 0.6078007803756937, 0.5506251534393182, 0.5718376069765363, 0.4931872715067965, 0.5219982608919173, 0.5785194407457681, 0.6833877152324767, 0.6013501082434072, 0.5229453311935129, 0.5929409305001238, 0.582389212555777, 0.571688765412637, 0.6228990596861336, 0.5901104290572156, 0.574103880799337], [0.5645019941655518, 0.5905100901983277, 0.543214069518957, 0.5216815502992419, 0.5829843905631603, 0.5726668453641558, 0.6075069375147969, 0.6525152400727835, 0.5890721603319794, 0.5355788437884363, 0.5395905770331487, 0.6133177810776469, 0.5678977926891705, 0.5645325989878037, 0.5657986071417753, 0.5726508211065815, 0.5829078137272943, 0.6050391750454591, 0.5936535702116558, 0.6118861394943482, 0.6124390943102395, 0.5666426281236444, 1.0, 0.5739887196209064, 0.652716366407312, 0.629262846759251, 0.5826569106062277, 0.5500860880694238, 0.6388331203764097, 0.5602846412395911, 0.5824341760317471, 0.5825309814366575, 0.5791337580668813, 0.6515236606528049, 0.5946185427956874, 0.5713709722959608, 0.6298954795350596, 0.6081922261631642, 0.5973242122263662, 0.5970794010679743, 0.5810130441865448, 0.6239140918952062, 0.5935985333505234, 0.573803781861332], [0.5954632898059853, 0.545723229593834, 0.6246941980952068, 0.6067528468420295, 0.6041857017594695, 0.5708987848268492, 0.5549728986275345, 0.6646131134257762, 0.6174068893419621, 0.6347874523468511, 0.6193567407350513, 0.5652932941651577, 0.6122031140825236, 0.5777863217659064, 0.6147920052782101, 0.6668761256424748, 0.5869290198687218, 0.6100074067648527, 0.6221938779907356, 0.622650978322178, 0.5649145011629533, 0.5937227251515573, 0.5739887196209064, 1.0, 0.57931307005651, 0.6487727120698026, 0.5929842299648347, 0.6350016905516083, 0.48896647309079694, 0.6314942309003581, 0.5893260081908228, 0.5416433931690534, 0.6097529103695827, 0.4593726928353246, 0.6750127261117201, 0.5782525839505325, 0.5022700077401695, 0.48154663801147735, 0.6474328523522911, 0.5991583277856188, 0.5221903734967857, 0.585117775308238, 0.5589778717356149, 0.6009214843078942], [0.616379094754106, 0.5774343417058495, 0.551483498136867, 0.5426333961259877, 0.6037508712941774, 0.5359315300330089, 0.6632468806957788, 0.6760179141953382, 0.6430225706063991, 0.5493696718225739, 0.5589068968333334, 0.5784332482202584, 0.6546165947246446, 0.5808267720811369, 0.520367401300475, 0.5123419246538483, 0.5360859311398827, 0.5698047735875914, 0.5510361088296418, 0.6973534931585667, 0.5838638738267848, 0.4798744648875094, 0.652716366407312, 0.57931307005651, 1.0, 0.648287006653373, 0.6109027283241117, 0.5482203688230222, 0.5750134156166835, 0.5892228507980859, 0.585951510866719, 0.5971085434457631, 0.6729609388549713, 0.6126402018465174, 0.6290544306361606, 0.540433747922263, 0.5825946455163306, 0.589785458630343, 0.6348219074440269, 0.5844614652253823, 0.5907475582342709, 0.6005658381305723, 0.5262226869308733, 0.5914468938536305], [0.562342823823479, 0.5760993523240762, 0.5659165024852197, 0.5642303750489595, 0.551313048183594, 0.5704925304186058, 0.6149810443932914, 0.6595574690666789, 0.5582694697294528, 0.6062153008060953, 0.597395474907943, 0.6079410521178928, 0.6044502281508652, 0.5771330084467351, 0.5872303986450623, 0.5411281741082536, 0.5428519919872253, 0.6040550447853111, 0.5393658350956978, 0.6462180147152126, 0.5889957640591651, 0.5384344763488474, 0.629262846759251, 0.6487727120698026, 0.648287006653373, 1.0, 0.5784240031741783, 0.5476550574422119, 0.6034866396603553, 0.5254764628659154, 0.5936286475657173, 0.5806533426068686, 0.6405215655701233, 0.5919218792317544, 0.6147129579623787, 0.5291867682022302, 0.5722152031761599, 0.5812010385292226, 0.6314538353819167, 0.602584249781887, 0.5893485505797919, 0.6158724114869089, 0.5593253721028598, 0.609427933380031], [0.6123831083134348, 0.5713845757514542, 0.5305673562610149, 0.5720331514926428, 0.5632003597966879, 0.5636690410082622, 0.6295320457745468, 0.6144747106823221, 0.5954662974968957, 0.5740072018950808, 0.5971723504839613, 0.5543474540905324, 0.5839390116934233, 0.600000904912969, 0.5695487194379281, 0.576769731835063, 0.5950475750637304, 0.5662119793715217, 0.610702929502086, 0.6141009965806153, 0.5855082619772924, 0.5549871971048392, 0.5826569106062277, 0.5929842299648347, 0.6109027283241117, 0.5784240031741783, 1.0, 0.5696685136313338, 0.5890085388784656, 0.6125821903384677, 0.6106724717997788, 0.6042253316592228, 0.6130130717498923, 0.5863011495420999, 0.5837952217801716, 0.5706645718656884, 0.5509308122098965, 0.5952360642454703, 0.615496511589086, 0.5753390922038403, 0.6205345847474252, 0.5962531321474203, 0.5948810929114107, 0.5928373254426321], [0.5778538761658901, 0.5729625116349364, 0.6251839560573453, 0.6333334057774779, 0.6358620992513625, 0.601327836555091, 0.5283194143774937, 0.5082101420698847, 0.5993205142464091, 0.5924099594114701, 0.6676516125762125, 0.5710993366886641, 0.5996346710906539, 0.5863564101880218, 0.6320095514607941, 0.638618638379929, 0.5900534002259928, 0.5591602829442514, 0.6312836472861715, 0.5342559373694984, 0.5804261154733925, 0.6645630551065496, 0.5500860880694238, 0.6350016905516083, 0.5482203688230222, 0.5476550574422119, 0.5696685136313338, 1.0, 0.5291645685616372, 0.6368572780503242, 0.5539920102272271, 0.6035690333122934, 0.5111842697381163, 0.47569911487692385, 0.6485385778140138, 0.7215687474034074, 0.6178911160740851, 0.5176013428905454, 0.6042921960123108, 0.5473265337375418, 0.590338911916494, 0.5947638175870823, 0.59546802516757, 0.6166311159724722], [0.6021111340787856, 0.6071158809831435, 0.5482706386047522, 0.5763406214619238, 0.5541285376180896, 0.619322367846392, 0.6838766218539808, 0.5927819530567349, 0.5834840751785467, 0.5564391600956766, 0.5511982793104685, 0.6365674045907418, 0.5435876914053678, 0.5829429851931204, 0.5567694330100088, 0.5205227741430987, 0.5610844184677668, 0.6136391881842173, 0.5368269112118945, 0.5658968916294256, 0.585683948507469, 0.5202540888586281, 0.6388331203764097, 0.48896647309079694, 0.5750134156166835, 0.6034866396603553, 0.5890085388784656, 0.5291645685616372, 1.0, 0.5881447751361478, 0.5610645419671902, 0.6368043723606441, 0.6180974245755373, 0.7989431094981168, 0.5832465472285159, 0.5434820861397798, 0.6228482025787958, 0.7145901052954061, 0.5380701175339633, 0.606372306446228, 0.5815282818201061, 0.547000061687191, 0.6480615700049515, 0.6009750373940411], [0.6067234591077425, 0.5741065454077433, 0.6022307470392776, 0.6274698785269516, 0.6518353292251923, 0.6042381835398885, 0.6486719828282017, 0.6008268384804332, 0.5735900316761785, 0.5747512000875655, 0.6229523542519418, 0.5671809618971875, 0.6368653845927452, 0.5930634293267969, 0.5419379006114498, 0.6214476516510584, 0.5979989105192455, 0.5275000348432244, 0.6262939348848086, 0.633976682283348, 0.5799902189833948, 0.6078007803756937, 0.5602846412395911, 0.6314942309003581, 0.5892228507980859, 0.5254764628659154, 0.6125821903384677, 0.6368572780503242, 0.5881447751361478, 1.0, 0.6114617363288939, 0.4936172689170139, 0.563867420996918, 0.539426856583979, 0.5948992527057604, 0.6149226808106165, 0.526201752049857, 0.5112852413502178, 0.6643415553251888, 0.5537575375607027, 0.5936669449067813, 0.6048129928236992, 0.5956119445868835, 0.5530543452084321], [0.611224915139265, 0.5851506383195476, 0.5882706272431952, 0.569099213398514, 0.594474614773712, 0.5527296261063339, 0.5560904039487052, 0.5853367433535406, 0.6475045613647209, 0.6087077687437287, 0.5832583774975459, 0.5375844198724716, 0.6306554765959237, 0.6037441860663201, 0.603605226550882, 0.6116312348349545, 0.5972709062765201, 0.5827078159325855, 0.5578464492869488, 0.627158415500195, 0.5594065780733191, 0.5506251534393182, 0.5824341760317471, 0.5893260081908228, 0.585951510866719, 0.5936286475657173, 0.6106724717997788, 0.5539920102272271, 0.5610645419671902, 0.6114617363288939, 1.0, 0.5466378987267059, 0.5990174407707491, 0.5841046663692067, 0.5465537107949807, 0.5649947673953195, 0.5435577165294132, 0.5686108105900117, 0.6076155957117065, 0.610772410447168, 0.6387674394349417, 0.6042894675070981, 0.5878915898150003, 0.5688759513900918], [0.5533536391661544, 0.630371759010022, 0.6059927337872903, 0.5669528070436285, 0.5523032181814203, 0.5930231130560439, 0.5397140338295237, 0.5332380985471444, 0.5767885456261888, 0.5861716885067214, 0.5837348441465467, 0.5889573425306218, 0.5732762459102383, 0.5847783795281587, 0.5976881339150749, 0.5734244248970495, 0.5955165547982658, 0.6077328403652767, 0.5767006394256696, 0.5570214906987151, 0.5542480096671587, 0.5718376069765363, 0.5825309814366575, 0.5416433931690534, 0.5971085434457631, 0.5806533426068686, 0.6042253316592228, 0.6035690333122934, 0.6368043723606441, 0.4936172689170139, 0.5466378987267059, 1.0, 0.6055031523270865, 0.7095622764206374, 0.6007846708277343, 0.5688918221018818, 0.7217513254866211, 0.7052561979322174, 0.5460984373587251, 0.5791243935687223, 0.5595925547244496, 0.5620979779656511, 0.6007346454087489, 0.6276201418457215], [0.6210447409471743, 0.5696256279360804, 0.5751391203788483, 0.548227813771073, 0.5850417488685243, 0.5762447179110703, 0.6545976745912153, 0.6160928287600458, 0.6047906055258662, 0.5697473149802537, 0.5269023125255688, 0.587644441882925, 0.6095590903709817, 0.6115573393487106, 0.5155952337446216, 0.544208031786466, 0.5409354334162304, 0.5819897230789536, 0.5173064782348018, 0.6640338146898603, 0.6022412116587136, 0.4931872715067965, 0.5791337580668813, 0.6097529103695827, 0.6729609388549713, 0.6405215655701233, 0.6130130717498923, 0.5111842697381163, 0.6180974245755373, 0.563867420996918, 0.5990174407707491, 0.6055031523270865, 1.0, 0.6754790394179914, 0.5803551374741892, 0.5108132735422075, 0.5942609838364195, 0.688791141048703, 0.5752524443944518, 0.5974121660091886, 0.5506947114015291, 0.5974251745658556, 0.6256301746901339, 0.5799342720986257], [0.5552333135841176, 0.6073458299179567, 0.5509617377173294, 0.5733498391488616, 0.5787904540342355, 0.5919259161724864, 0.6293103707014835, 0.5427885977591079, 0.5819545678286254, 0.5754823868091754, 0.5449570137449012, 0.5961056157875406, 0.5604923908625011, 0.5775631835351371, 0.546135326963341, 0.5110878577872833, 0.5708364353168963, 0.581228216848045, 0.5274421347348132, 0.5922071316269248, 0.6063154705365364, 0.5219982608919173, 0.6515236606528049, 0.4593726928353246, 0.6126402018465174, 0.5919218792317544, 0.5863011495420999, 0.47569911487692385, 0.7989431094981168, 0.539426856583979, 0.5841046663692067, 0.7095622764206374, 0.6754790394179914, 1.0, 0.5373119013132567, 0.5090319820693207, 0.6782704968993546, 0.827705214114121, 0.5172658807979533, 0.6221027272400053, 0.5837617117122095, 0.5557675230338205, 0.6737367178763716, 0.5560552918594925], [0.6357330615289338, 0.5542430320638111, 0.571056459267407, 0.5903870504577855, 0.5720364046141673, 0.6196993901477669, 0.5723679104534354, 0.589218635321256, 0.6075820958273077, 0.5762378455142394, 0.610553308979857, 0.5770706828665809, 0.5640762601769796, 0.5495844232246118, 0.5412787500317517, 0.5907607422202603, 0.6052549283862138, 0.5737716263730038, 0.5934403452583248, 0.555771821305372, 0.5739914976599241, 0.5785194407457681, 0.5946185427956874, 0.6750127261117201, 0.6290544306361606, 0.6147129579623787, 0.5837952217801716, 0.6485385778140138, 0.5832465472285159, 0.5948992527057604, 0.5465537107949807, 0.6007846708277343, 0.5803551374741892, 0.5373119013132567, 1.0, 0.605403479888979, 0.6199693392583148, 0.5444399450090949, 0.5917379103782319, 0.585129386613509, 0.5479066000892328, 0.6278452265361336, 0.5475162825135637, 0.5689118133720958], [0.5784674590131946, 0.5795091092078127, 0.5902588775123795, 0.6202427600488635, 0.5742093587100578, 0.6418912126017785, 0.5340604131079513, 0.553760814024365, 0.5652287675001538, 0.6122276364416673, 0.6156056837424508, 0.5980282057264177, 0.5675988319419663, 0.598086224334848, 0.5865689097003594, 0.6711536470051179, 0.6278099195277189, 0.5989006101246973, 0.6855973381037126, 0.5195723904446081, 0.6000070686958481, 0.6833877152324767, 0.5713709722959608, 0.5782525839505325, 0.540433747922263, 0.5291867682022302, 0.5706645718656884, 0.7215687474034074, 0.5434820861397798, 0.6149226808106165, 0.5649947673953195, 0.5688918221018818, 0.5108132735422075, 0.5090319820693207, 0.605403479888979, 1.0, 0.5941620586665332, 0.5373136865035978, 0.5643970064431273, 0.5315102894680321, 0.6119263613055426, 0.575735727169724, 0.6129070318655578, 0.6170787414929148], [0.5447980233552527, 0.6188510453990664, 0.60618779228218, 0.5596376515599915, 0.5522230042551659, 0.6486245027879477, 0.5631257044623388, 0.5584460227866047, 0.560960426972926, 0.5588228101387891, 0.5668140206763995, 0.6243335835449156, 0.51720954766948, 0.5474881164668869, 0.5745750533080991, 0.5713666098834622, 0.62198032934117, 0.5984983117283544, 0.599268586138441, 0.5428101261536049, 0.5729890524414442, 0.6013501082434072, 0.6298954795350596, 0.5022700077401695, 0.5825946455163306, 0.5722152031761599, 0.5509308122098965, 0.6178911160740851, 0.6228482025787958, 0.526201752049857, 0.5435577165294132, 0.7217513254866211, 0.5942609838364195, 0.6782704968993546, 0.6199693392583148, 0.5941620586665332, 1.0, 0.7246453027290947, 0.5148212971272514, 0.6168643152314064, 0.5617754064326165, 0.5943507658033157, 0.6093005453627484, 0.6212760693339827], [0.5698751096849909, 0.6170396723665338, 0.5576812859801152, 0.5555826778009142, 0.5373513525593467, 0.623222362584934, 0.6155909532019808, 0.5289501069224604, 0.5351108337575926, 0.57114027197283, 0.5446136744169163, 0.634759668577122, 0.5243022015202072, 0.5926223198364431, 0.5820848431927507, 0.5376785546759599, 0.5942344274038621, 0.5846527384247776, 0.520861286098782, 0.5447374662564365, 0.5920537238962955, 0.5229453311935129, 0.6081922261631642, 0.48154663801147735, 0.589785458630343, 0.5812010385292226, 0.5952360642454703, 0.5176013428905454, 0.7145901052954061, 0.5112852413502178, 0.5686108105900117, 0.7052561979322174, 0.688791141048703, 0.827705214114121, 0.5444399450090949, 0.5373136865035978, 0.7246453027290947, 1.0, 0.4985103487753522, 0.6033819288792788, 0.5743263509130385, 0.5674304250618215, 0.6831959234354775, 0.5943039844503908], [0.6721687391248892, 0.5492430876668907, 0.6019305938036466, 0.5700503691532554, 0.6490301551374142, 0.5539738664870715, 0.6243632439645252, 0.6631514869556858, 0.5777535642068607, 0.6208829990272419, 0.6138477279143478, 0.5390598865560212, 0.7043899376750489, 0.5446285718144519, 0.5598046714385542, 0.6162836573257922, 0.5409031172143007, 0.6187049404341857, 0.5584874118517101, 0.6587141670897695, 0.5962022537833862, 0.5929409305001238, 0.5973242122263662, 0.6474328523522911, 0.6348219074440269, 0.6314538353819167, 0.615496511589086, 0.6042921960123108, 0.5380701175339633, 0.6643415553251888, 0.6076155957117065, 0.5460984373587251, 0.5752524443944518, 0.5172658807979533, 0.5917379103782319, 0.5643970064431273, 0.5148212971272514, 0.4985103487753522, 1.0, 0.5603470724481039, 0.5933214837201808, 0.5436352069212224, 0.5578664709988677, 0.5584046764954512], [0.5701079027735454, 0.581053166482635, 0.5966769705638943, 0.5781723932686716, 0.5702329003835953, 0.5697728438089333, 0.5995360908458832, 0.6038118599821883, 0.6044188563219615, 0.5988317908759963, 0.5407561622484706, 0.57017442416669, 0.565544319994139, 0.6243810177235045, 0.5992316763720235, 0.5744865717000491, 0.5900239550724469, 0.6029336721492, 0.5871550559199002, 0.5952323248676986, 0.5819228313109935, 0.582389212555777, 0.5970794010679743, 0.5991583277856188, 0.5844614652253823, 0.602584249781887, 0.5753390922038403, 0.5473265337375418, 0.606372306446228, 0.5537575375607027, 0.610772410447168, 0.5791243935687223, 0.5974121660091886, 0.6221027272400053, 0.585129386613509, 0.5315102894680321, 0.6168643152314064, 0.6033819288792788, 0.5603470724481039, 1.0, 0.5960501084526821, 0.5838788892882408, 0.5667966134724365, 0.574911468203768], [0.5890639643895085, 0.5873422883850636, 0.552500740877545, 0.6421863500254583, 0.64022551703869, 0.5316077402258045, 0.6220866637454594, 0.5719545426832423, 0.5587543487782313, 0.565355243208758, 0.5845232270620386, 0.5966363808677854, 0.5869321340345931, 0.634260963941249, 0.6028645971402655, 0.5727525508443615, 0.5936297609485205, 0.5802772601047462, 0.5971414364676892, 0.6046768123189935, 0.6117225919825798, 0.571688765412637, 0.5810130441865448, 0.5221903734967857, 0.5907475582342709, 0.5893485505797919, 0.6205345847474252, 0.590338911916494, 0.5815282818201061, 0.5936669449067813, 0.6387674394349417, 0.5595925547244496, 0.5506947114015291, 0.5837617117122095, 0.5479066000892328, 0.6119263613055426, 0.5617754064326165, 0.5743263509130385, 0.5933214837201808, 0.5960501084526821, 1.0, 0.5932840337311653, 0.596959719293773, 0.5886884760912996], [0.6011023959845281, 0.571951296990536, 0.5804418409325136, 0.5990091724186499, 0.5787684069073712, 0.6046299159723129, 0.5467650917011118, 0.5934930302306181, 0.5783195238478074, 0.5875275341229765, 0.5923901320755158, 0.6196817256688631, 0.5559335129143204, 0.6085175229506252, 0.6086941008915923, 0.5868307728088713, 0.5542206566427247, 0.5766615998063479, 0.632107143091949, 0.5784761302361381, 0.6076810798457609, 0.6228990596861336, 0.6239140918952062, 0.585117775308238, 0.6005658381305723, 0.6158724114869089, 0.5962531321474203, 0.5947638175870823, 0.547000061687191, 0.6048129928236992, 0.6042894675070981, 0.5620979779656511, 0.5974251745658556, 0.5557675230338205, 0.6278452265361336, 0.575735727169724, 0.5943507658033157, 0.5674304250618215, 0.5436352069212224, 0.5838788892882408, 0.5932840337311653, 1.0, 0.5690964442838576, 0.574715087308784], [0.5598235686385473, 0.6074609348638093, 0.5923473380983546, 0.5852942653243518, 0.5653879035165071, 0.6612204802081165, 0.5658446630277513, 0.5222248004282035, 0.5558586357344064, 0.577453808428676, 0.596857522135277, 0.5741883971798408, 0.5795160138143882, 0.5528888840988068, 0.6022825828925313, 0.5950658764121848, 0.623511596093968, 0.5839575984585239, 0.6171216822295447, 0.5425715414389221, 0.5735724405271061, 0.5901104290572156, 0.5935985333505234, 0.5589778717356149, 0.5262226869308733, 0.5593253721028598, 0.5948810929114107, 0.59546802516757, 0.6480615700049515, 0.5956119445868835, 0.5878915898150003, 0.6007346454087489, 0.6256301746901339, 0.6737367178763716, 0.5475162825135637, 0.6129070318655578, 0.6093005453627484, 0.6831959234354775, 0.5578664709988677, 0.5667966134724365, 0.596959719293773, 0.5690964442838576, 1.0, 0.6095925069959043], [0.5783642514728208, 0.5957395900722156, 0.5958498658861753, 0.5667154922039586, 0.5532273779097169, 0.5987910309195451, 0.5947685598375893, 0.5747434886413626, 0.5949414848014134, 0.5387867099236935, 0.5870763248799572, 0.5789446254047581, 0.5386493511814426, 0.5891782123024424, 0.6009915329537834, 0.6150475588459398, 0.6090683277785509, 0.5957455174513938, 0.5767704804500764, 0.5535712109417463, 0.5805619178852205, 0.574103880799337, 0.573803781861332, 0.6009214843078942, 0.5914468938536305, 0.609427933380031, 0.5928373254426321, 0.6166311159724722, 0.6009750373940411, 0.5530543452084321, 0.5688759513900918, 0.6276201418457215, 0.5799342720986257, 0.5560552918594925, 0.5689118133720958, 0.6170787414929148, 0.6212760693339827, 0.5943039844503908, 0.5584046764954512, 0.574911468203768, 0.5886884760912996, 0.574715087308784, 0.6095925069959043, 1.0]]