[[1.0, 0.940674122611676, 0.9826828844286621, 0.9895047343067517, 0.9802437617607399, 0.9874120621588548, 0.9848712747413855, 0.9603682686657308, 0.9539293214628044, 0.9783197179206129, 0.9853798564102432, 0.9836298435888188, 0.8037045314317293, 0.9525063781442026, 0.9582308464173218, 0.987290560629036, 0.9523121769631293, 0.94401096656336, 0.8429909951381771, 0.891039160796713, 0.9757496981976934, 0.9683892558485815, 0.96822106453452, 0.8757028815228798, 0.9361305319156408, 0.9826087022241397, 0.9535575161944475, 0.8542280237537484, 0.9187804339421471, 0.8490325724488226, 0.9931588399534758, 0.9809555184441631, 0.9064844468718091, 0.8329453577375766, 0.9602949285911923, 0.9300910678574962, 0.945513405087457, 0.9267954617411697, 0.7517473255670065, 0.9461327805445767, 0.9469921307548118, 0.9776722344786557, 0.9859842717220276, 0.9855751670524481], [0.940674122611676, 1.0, 0.9332206551512348, 0.9847888864982759, 0.9351030640728094, 0.9392569634967524, 0.9682335208484073, 0.8989926258804269, 0.970729716786148, 0.9834845594329976, 0.9501185099375444, 0.955386102845789, 0.7640232904558083, 0.9922006685373381, 0.9042085344487303, 0.9565576534501063, 0.9828843592586612, 0.9943650953384459, 0.793893231989283, 0.8443726382479987, 0.9671944003019904, 0.9266734369518306, 0.9776046282318653, 0.8254158708634755, 0.8885732046713273, 0.9523956994032794, 0.9880776304924733, 0.8031283439183169, 0.8646392660058888, 0.7956949175214646, 0.9264869722408013, 0.9613839060134003, 0.846133161896979, 0.7864760402531221, 0.9447025121506136, 0.877842388208793, 0.8832269283536831, 0.8995007565331128, 0.7177110643854288, 0.9821033461864863, 0.9960756114803263, 0.9314291607297295, 0.9291582613351915, 0.9391170742239514], [0.9826828844286621, 0.9332206551512348, 1.0, 0.9549793529755369, 0.9852766840310012, 0.9780415656621676, 0.9648788324676426, 0.9631973280734037, 0.9595438642976171, 0.9502942553310559, 0.9865428425304021, 0.9752240588186469, 0.8255869272229799, 0.9463612935779916, 0.9709082751135348, 0.9784954300639954, 0.9465807032286623, 0.9411781554542126, 0.8709551130050237, 0.9006654171206896, 0.9667879582639355, 0.9634684965224501, 0.9578029986465924, 0.8813172866875323, 0.942436834762377, 0.9795949826791213, 0.9496729701914345, 0.8609718806842122, 0.9217675444964982, 0.8421927130984854, 0.9794822400629039, 0.9813503163259512, 0.9023528118518656, 0.8348763617024528, 0.9673209341291216, 0.9308186120877481, 0.9521908502364601, 0.9319022290825332, 0.7733309944544553, 0.9527874828447147, 0.9343555598923283, 0.9771998691051911, 0.9837456911235191, 0.9737609307726144], [0.9895047343067517, 0.9847888864982759, 0.9549793529755369, 1.0, 0.9675534550419322, 0.9869493547685042, 0.9919308834302574, 0.9278613712545285, 0.9757611783843348, 0.9968741456752064, 0.9807646643837953, 0.9883117736562615, 0.7713114682424786, 0.9859324648199869, 0.9438761970392622, 0.9904287592325827, 0.9849392851393124, 0.9857501287045762, 0.8017653565653394, 0.8618552057228441, 0.9787908105596373, 0.9678042349570903, 0.9823175889647959, 0.8433744512120391, 0.9146045917461001, 0.9763820226044907, 0.9889469937198468, 0.8285696388120742, 0.9092386412162469, 0.8349569368427237, 0.9761672330925584, 0.9849895344568608, 0.877091393189017, 0.7942010408222689, 0.9543768472898103, 0.9085025371803497, 0.9109254332770319, 0.9305557151710369, 0.7241387406577751, 0.9708533712307232, 0.989521811969615, 0.9638647369788985, 0.9732657128004222, 0.9687481516287944], [0.9802437617607399, 0.9351030640728094, 0.9852766840310012, 0.9675534550419322, 1.0, 0.9857666300482335, 0.9791729655972983, 0.9683526526782337, 0.9638841074745782, 0.9614252563549135, 0.98604927577019, 0.9720257072257014, 0.8331025918588674, 0.9437544234562146, 0.9658304736539537, 0.9862233750654001, 0.9497087930433012, 0.9419529367312204, 0.882743116834189, 0.9076373032704167, 0.9554433434001032, 0.9722806703240692, 0.9524987811824783, 0.8907628890023647, 0.948503874684249, 0.9743675182204186, 0.9483471923268361, 0.862319665087105, 0.9229959553519212, 0.8539249196543575, 0.9792034362608361, 0.9816318060690208, 0.9153430692507978, 0.8461960855578714, 0.9541369987467168, 0.942502126774698, 0.9511716736055852, 0.9472753717995562, 0.7856033377210828, 0.94158083548961, 0.9369715649437574, 0.9599989734702319, 0.9750609292073147, 0.9757848073855341], [0.9874120621588548, 0.9392569634967524, 0.9780415656621676, 0.9869493547685042, 0.9857666300482335, 1.0, 0.9916585029982621, 0.966897883614655, 0.9540182113465274, 0.9735345904334609, 0.9872235273472375, 0.9762756763361174, 0.8046951375641327, 0.9458346708385463, 0.9605394691436152, 0.9941541418789109, 0.9534503205427622, 0.9457152205095493, 0.8419761811607783, 0.9018200245925586, 0.9622061411644127, 0.9795127315902055, 0.9576252235132154, 0.8870299198654008, 0.9490984280340837, 0.9745633187371735, 0.9529668763493448, 0.8597992550843698, 0.9281437714755708, 0.8592276710685384, 0.9873853231999511, 0.9877682072352859, 0.9183163682157146, 0.8397576640750607, 0.9489792975586373, 0.943506380521661, 0.9530667004037346, 0.9430404682624944, 0.7534241113201142, 0.9365016731324918, 0.9465449215831446, 0.9614838594454526, 0.9794605937092635, 0.9799907198708872], [0.9848712747413855, 0.9682335208484073, 0.9648788324676426, 0.9919308834302574, 0.9791729655972983, 0.9916585029982621, 1.0, 0.9595427439596955, 0.9674220129822095, 0.9873328683244743, 0.9833518230537719, 0.9807957201686425, 0.7840848003887381, 0.9709476742546507, 0.9646080108403483, 0.9915131582177386, 0.9725365816261268, 0.9702638082151783, 0.815576297378345, 0.9020747506855452, 0.9700855765825248, 0.9842526884879091, 0.977044360561979, 0.8863838380318935, 0.9503259792389903, 0.9732974824045508, 0.9760772110956739, 0.8733900764324083, 0.9319326759770907, 0.8709401442374075, 0.9805583204568281, 0.983996030375802, 0.9266518115082724, 0.8305770473468557, 0.9553688503790146, 0.9470696940290213, 0.9591017893628709, 0.9498879242885423, 0.7353860476632228, 0.9546976899463847, 0.9721306309604153, 0.9572659491261108, 0.9734379123202402, 0.9723334186154976], [0.9603682686657308, 0.8989926258804269, 0.9631973280734037, 0.9278613712545285, 0.9683526526782337, 0.966897883614655, 0.9595427439596955, 1.0, 0.9285807742482581, 0.9173830922842572, 0.9602979804712112, 0.9393551439664433, 0.8465687681142661, 0.9086905421083213, 0.9822309400793234, 0.9618649032035699, 0.9170445531473744, 0.9051289125763787, 0.8957482895864778, 0.9328620344089122, 0.9411463523218171, 0.964198778000459, 0.9276396653573048, 0.9101897985418419, 0.9572625785362092, 0.9544934594732252, 0.9107180287542519, 0.8835863374722991, 0.9426564266822148, 0.8758075193961958, 0.9661865150170313, 0.9518393471892349, 0.9362749316989929, 0.8676465084390663, 0.9531907677498748, 0.9491982561579929, 0.981402442909966, 0.9357614895053463, 0.7895950001283113, 0.9291767928517455, 0.9000457598298853, 0.9614794491312775, 0.9757599877871318, 0.9642359975259996], [0.9539293214628044, 0.970729716786148, 0.9595438642976171, 0.9757611783843348, 0.9638841074745782, 0.9540182113465274, 0.9674220129822095, 0.9285807742482581, 1.0, 0.9792768949281682, 0.9739308703867071, 0.975097595470543, 0.8106297046919265, 0.9787367116413258, 0.9296764714895315, 0.9696862323344664, 0.9900250373432647, 0.9786819108646752, 0.8542601773208106, 0.8633365876108153, 0.9767528473252896, 0.9402830327780956, 0.9798923599778325, 0.8462848174902061, 0.905632854595339, 0.9769753324689988, 0.9845186307784918, 0.8335145210887317, 0.8830437851237647, 0.8133663012733156, 0.9467358111201278, 0.9784625168828777, 0.868223407966685, 0.8146906846506168, 0.9681075760023178, 0.8900896129134372, 0.9121471694048398, 0.9180587252987289, 0.7629329904021798, 0.9733881187277255, 0.9731146980247272, 0.9579363147578527, 0.9523656389517324, 0.9631307127909646], [0.9783197179206129, 0.9834845594329976, 0.9502942553310559, 0.9968741456752064, 0.9614252563549135, 0.9735345904334609, 0.9873328683244743, 0.9173830922842572, 0.9792768949281682, 1.0, 0.981256040000619, 0.989685432377279, 0.7734893281110276, 0.9863068682749848, 0.9240733570614874, 0.9854583631723708, 0.9855637101503332, 0.9851347226447748, 0.8041188519353775, 0.8559494662484166, 0.9810716434125586, 0.9582065533358349, 0.9873441909194598, 0.8364753136799251, 0.9087815604530739, 0.9793138692424155, 0.9902461659891068, 0.818934573631239, 0.8928812874998777, 0.8196013085845395, 0.962576228056441, 0.9838045603227451, 0.8665013241783386, 0.7965102732682596, 0.9589055396999687, 0.8993027370749006, 0.8995078939286575, 0.9208384532532791, 0.7260580232697234, 0.9691510940988232, 0.9885705200092219, 0.9528642680827694, 0.9612641292050675, 0.9683049176588658], [0.9853798564102432, 0.9501185099375444, 0.9865428425304021, 0.9807646643837953, 0.98604927577019, 0.9872235273472375, 0.9833518230537719, 0.9602979804712112, 0.9739308703867071, 0.981256040000619, 1.0, 0.9890963380506352, 0.8044144565059228, 0.9625610654741021, 0.9532080334056882, 0.9898508880861393, 0.9655833523885247, 0.9568973027608088, 0.8476357745061333, 0.8999758181785705, 0.9801968820488955, 0.9714349714956086, 0.976077684776411, 0.8829623010864366, 0.9442155629590414, 0.9866931453545935, 0.9648205983340199, 0.8490422982801458, 0.919593012881537, 0.8441027246698563, 0.9784216930175667, 0.9879909597741222, 0.9020562165013741, 0.8291225470854032, 0.9641474602166085, 0.9371672309602224, 0.937541165520936, 0.9347364305705727, 0.7550011759882534, 0.9573485046007547, 0.951955582056946, 0.9730465716927418, 0.9832021710169598, 0.9799361595922784], [0.9836298435888188, 0.955386102845789, 0.9752240588186469, 0.9883117736562615, 0.9720257072257014, 0.9762756763361174, 0.9807957201686425, 0.9393551439664433, 0.975097595470543, 0.989685432377279, 0.9890963380506352, 1.0, 0.7964728812721928, 0.9707505423388268, 0.940135196864473, 0.9866949718056127, 0.9711803431539365, 0.9652455392573989, 0.8369705384438793, 0.8771682771158806, 0.984671523013437, 0.9603740260268613, 0.9835586882292968, 0.8602645343660869, 0.9250382791093194, 0.9865637206179855, 0.974046415732389, 0.8377609314796431, 0.9002844561051208, 0.8257788768783575, 0.9696377747881197, 0.9882140086703153, 0.8823067134916578, 0.8180532810985275, 0.9693626194205048, 0.9153227748234006, 0.915852647410583, 0.9219393432568043, 0.7469089554994787, 0.9656232852473763, 0.9590546177964598, 0.9722143302119787, 0.9714770186395048, 0.9823175099985275], [0.8037045314317293, 0.7640232904558083, 0.8255869272229799, 0.7713114682424786, 0.8331025918588674, 0.8046951375641327, 0.7840848003887381, 0.8465687681142661, 0.8106297046919265, 0.7734893281110276, 0.8044144565059228, 0.7964728812721928, 1.0, 0.7745401607615641, 0.8442901831691961, 0.7933523232560348, 0.7824145582515472, 0.769681720913139, 0.9420194812415018, 0.9303967340672079, 0.7896736153868726, 0.8279054294642029, 0.7806186982732386, 0.9513036546881412, 0.8702670663315536, 0.8088102221619036, 0.7765355985096907, 0.9681482641179301, 0.916106886911088, 0.9632065479468002, 0.8129350637227019, 0.7944065277035242, 0.9164837716432598, 0.9540668049648849, 0.8334923411921514, 0.8984518192684338, 0.8614711523231933, 0.9185059228183114, 0.9319581076526197, 0.799059283444827, 0.7647838061395991, 0.8220097965242421, 0.811325072403855, 0.8107102885656968], [0.9525063781442026, 0.9922006685373381, 0.9463612935779916, 0.9859324648199869, 0.9437544234562146, 0.9458346708385463, 0.9709476742546507, 0.9086905421083213, 0.9787367116413258, 0.9863068682749848, 0.9625610654741021, 0.9707505423388268, 0.7745401607615641, 1.0, 0.9152263323875054, 0.9640479050138256, 0.987684483458853, 0.9941325930478817, 0.8114550072286889, 0.852473366746127, 0.9801751298432541, 0.9343298114880678, 0.9865298088313027, 0.8343412431424757, 0.9001477794605757, 0.9642748858089212, 0.994165807408138, 0.8155581370927936, 0.8756035028440586, 0.8041697516597415, 0.9413110956998697, 0.972915848636302, 0.8558498770956077, 0.7952050479332083, 0.9579603370674858, 0.8876668778488854, 0.8938372609630151, 0.9041854197283001, 0.7266511023801403, 0.9833852877791738, 0.9949435045868098, 0.9491928663143043, 0.9457167693445367, 0.9549541282071491], [0.9582308464173218, 0.9042085344487303, 0.9709082751135348, 0.9438761970392622, 0.9658304736539537, 0.9605394691436152, 0.9646080108403483, 0.9822309400793234, 0.9296764714895315, 0.9240733570614874, 0.9532080334056882, 0.940135196864473, 0.8442901831691961, 0.9152263323875054, 1.0, 0.9551172119132076, 0.9125650143209815, 0.9084175973491111, 0.8835198570499099, 0.9297472751667496, 0.9415119772638105, 0.9598668044476448, 0.9307565523902809, 0.9049942023332554, 0.9545840457531086, 0.9495049640035684, 0.9157356294672983, 0.8869394770487331, 0.9420110424640874, 0.8744664402596332, 0.9643044565912858, 0.947767339998047, 0.9324922138125152, 0.8583572938925503, 0.9601761525944059, 0.9463124645038533, 0.9851190545711738, 0.9316407144483737, 0.7845775798374902, 0.9347911829890987, 0.905273931547715, 0.9732360798351551, 0.9811052596407521, 0.9552830115675152], [0.987290560629036, 0.9565576534501063, 0.9784954300639954, 0.9904287592325827, 0.9862233750654001, 0.9941541418789109, 0.9915131582177386, 0.9618649032035699, 0.9696862323344664, 0.9854583631723708, 0.9898508880861393, 0.9866949718056127, 0.7933523232560348, 0.9640479050138256, 0.9551172119132076, 1.0, 0.9685125761698689, 0.9618711202392831, 0.8316091498893426, 0.8985061672664685, 0.9760345096238079, 0.9791991739943952, 0.9732421448544504, 0.8821879077826646, 0.9478984391892548, 0.9822663582958391, 0.9699516135061604, 0.855402462594494, 0.9191251924627918, 0.8494531679737112, 0.9855697087954792, 0.9905961505185739, 0.9078939184781587, 0.8259642481499528, 0.9651656805417779, 0.9399277861039921, 0.9444476501843143, 0.9410406672424578, 0.7426827863600458, 0.9550332840011241, 0.9625847942317, 0.9629936875310974, 0.9798067539912269, 0.980098216935987], [0.9523121769631293, 0.9828843592586612, 0.9465807032286623, 0.9849392851393124, 0.9497087930433012, 0.9534503205427622, 0.9725365816261268, 0.9170445531473744, 0.9900250373432647, 0.9855637101503332, 0.9655833523885247, 0.9711803431539365, 0.7824145582515472, 0.987684483458853, 0.9125650143209815, 0.9685125761698689, 1.0, 0.9903621074183266, 0.8251760290827566, 0.8581788063394553, 0.9771227394308669, 0.9391935709359658, 0.9866400548162004, 0.836387412069051, 0.899775740660471, 0.9689244378861717, 0.9917286025418924, 0.8141059640168606, 0.875918984791829, 0.8012819996894577, 0.9391635741529849, 0.979002475610323, 0.8544382777783996, 0.80283860199739, 0.9530828224664503, 0.8855031414293495, 0.8930575784918179, 0.9089602813543785, 0.7359079438206502, 0.9787128710789899, 0.9873617595474462, 0.9480222595092973, 0.9464498167636703, 0.9614453229228028], [0.94401096656336, 0.9943650953384459, 0.9411781554542126, 0.9857501287045762, 0.9419529367312204, 0.9457152205095493, 0.9702638082151783, 0.9051289125763787, 0.9786819108646752, 0.9851347226447748, 0.9568973027608088, 0.9652455392573989, 0.769681720913139, 0.9941325930478817, 0.9084175973491111, 0.9618711202392831, 0.9903621074183266, 1.0, 0.8051080422488067, 0.8490769841504181, 0.9758230502687988, 0.9322289109611527, 0.9811437747375126, 0.8304835233114536, 0.8969296748334721, 0.9620939267397016, 0.9930460699477128, 0.8082200197169245, 0.8715995165841411, 0.7973638355552765, 0.9395224302917984, 0.9715265436005621, 0.8496988057537773, 0.7914526017251998, 0.9488333558516685, 0.8822316615541206, 0.8824111948243112, 0.903232057166695, 0.7230718981087632, 0.9865772121307071, 0.9958194094837597, 0.9411041302907209, 0.9435124015403211, 0.9538634305904997], [0.8429909951381771, 0.793893231989283, 0.8709551130050237, 0.8017653565653394, 0.882743116834189, 0.8419761811607783, 0.815576297378345, 0.8957482895864778, 0.8542601773208106, 0.8041188519353775, 0.8476357745061333, 0.8369705384438793, 0.9420194812415018, 0.8114550072286889, 0.8835198570499099, 0.8316091498893426, 0.8251760290827566, 0.8051080422488067, 1.0, 0.9357615290124989, 0.8216247906430784, 0.8575661419867565, 0.811826849035827, 0.935297490052351, 0.8935059776198755, 0.8535841448058623, 0.8131049153654449, 0.9434068311839247, 0.8960108424893007, 0.9308831618780294, 0.8468367440910933, 0.8322013164936242, 0.9279778997512728, 0.9242603957971531, 0.8646183159135938, 0.9033429374453716, 0.9017396794658055, 0.9316207670097209, 0.8994319946183686, 0.8455655924881735, 0.7947144076709339, 0.8579463790087941, 0.8450425936553159, 0.8526466437180198], [0.891039160796713, 0.8443726382479987, 0.9006654171206896, 0.8618552057228441, 0.9076373032704167, 0.9018200245925586, 0.9020747506855452, 0.9328620344089122, 0.8633365876108153, 0.8559494662484166, 0.8999758181785705, 0.8771682771158806, 0.9303967340672079, 0.852473366746127, 0.9297472751667496, 0.8985061672664685, 0.8581788063394553, 0.8490769841504181, 0.9357615290124989, 1.0, 0.8718662834706855, 0.9556989052199919, 0.8633463626243921, 0.9642740418297358, 0.9735463813473845, 0.8847619918039265, 0.8548935684988427, 0.9534941132672043, 0.9779839923933453, 0.9582088089894345, 0.9034876397551181, 0.8890114708149374, 0.966142345219293, 0.9311716876543634, 0.9108575485756177, 0.9745446657901353, 0.9481183852405687, 0.959014489438531, 0.8397086770016685, 0.8743309308058206, 0.8453016233475056, 0.9071671086820985, 0.9105000212604784, 0.8983188571125463], [0.9757496981976934, 0.9671944003019904, 0.9667879582639355, 0.9787908105596373, 0.9554433434001032, 0.9622061411644127, 0.9700855765825248, 0.9411463523218171, 0.9767528473252896, 0.9810716434125586, 0.9801968820488955, 0.984671523013437, 0.7896736153868726, 0.9801751298432541, 0.9415119772638105, 0.9760345096238079, 0.9771227394308669, 0.9758230502687988, 0.8216247906430784, 0.8718662834706855, 1.0, 0.9532060391317112, 0.992242629758907, 0.8518981449531461, 0.920555573366319, 0.9850229388372828, 0.9827670932798331, 0.8326184880203799, 0.8997590954424344, 0.8259655519791345, 0.975623104497488, 0.9853926059456539, 0.8797653322381377, 0.8128551243490184, 0.9706661592263149, 0.9088801204845216, 0.9238064133639206, 0.9083764308008421, 0.7403000144273816, 0.9725592266336887, 0.9688969110046595, 0.9739066438337611, 0.9755033557607402, 0.9813813512455883], [0.9683892558485815, 0.9266734369518306, 0.9634684965224501, 0.9678042349570903, 0.9722806703240692, 0.9795127315902055, 0.9842526884879091, 0.964198778000459, 0.9402830327780956, 0.9582065533358349, 0.9714349714956086, 0.9603740260268613, 0.8279054294642029, 0.9343298114880678, 0.9598668044476448, 0.9791991739943952, 0.9391935709359658, 0.9322289109611527, 0.8575661419867565, 0.9556989052199919, 0.9532060391317112, 1.0, 0.946764193153867, 0.9475762687520038, 0.9873016508915508, 0.9603966407494886, 0.9402443951052702, 0.9272679659227488, 0.9647673252797203, 0.9238284252447762, 0.9675819711291974, 0.9721488370206646, 0.9705941649462979, 0.8967734736127863, 0.9399697406752888, 0.9855078549043187, 0.9663582973480838, 0.9702497827487088, 0.7620558328008077, 0.9275878355669764, 0.9326422931365967, 0.9442296813814823, 0.9740703944865061, 0.960082912319223], [0.96822106453452, 0.9776046282318653, 0.9578029986465924, 0.9823175889647959, 0.9524987811824783, 0.9576252235132154, 0.977044360561979, 0.9276396653573048, 0.9798923599778325, 0.9873441909194598, 0.976077684776411, 0.9835586882292968, 0.7806186982732386, 0.9865298088313027, 0.9307565523902809, 0.9732421448544504, 0.9866400548162004, 0.9811437747375126, 0.811826849035827, 0.8633463626243921, 0.992242629758907, 0.946764193153867, 1.0, 0.8462119484674844, 0.9110318163146146, 0.9788948024596772, 0.9901886051961952, 0.8234534769248445, 0.8902536226539969, 0.8179085997255694, 0.9662007426681011, 0.9838393532024049, 0.870674080121364, 0.8046377035064801, 0.9654658156202801, 0.898965093883424, 0.9060228770479943, 0.9078901233579727, 0.7323362901489102, 0.975560401636036, 0.9789629322435276, 0.9609197993898226, 0.9650042582154847, 0.9770384497580722], [0.8757028815228798, 0.8254158708634755, 0.8813172866875323, 0.8433744512120391, 0.8907628890023647, 0.8870299198654008, 0.8863838380318935, 0.9101897985418419, 0.8462848174902061, 0.8364753136799251, 0.8829623010864366, 0.8602645343660869, 0.9513036546881412, 0.8343412431424757, 0.9049942023332554, 0.8821879077826646, 0.836387412069051, 0.8304835233114536, 0.935297490052351, 0.9642740418297358, 0.8518981449531461, 0.9475762687520038, 0.8462119484674844, 1.0, 0.9654163178637414, 0.8609886329100374, 0.8361005943360387, 0.9758208778986815, 0.981648936647329, 0.9791260055617793, 0.8876875922310029, 0.8701804058936654, 0.9692103681893277, 0.9636892271494854, 0.8701916220035608, 0.9787007537225945, 0.9171800755055322, 0.9767607241898865, 0.8520738503352808, 0.8445484756178746, 0.8263035895216132, 0.8680806288617524, 0.8896130057124845, 0.8813909990595489], [0.9361305319156408, 0.8885732046713273, 0.942436834762377, 0.9146045917461001, 0.948503874684249, 0.9490984280340837, 0.9503259792389903, 0.9572625785362092, 0.905632854595339, 0.9087815604530739, 0.9442155629590414, 0.9250382791093194, 0.8702670663315536, 0.9001477794605757, 0.9545840457531086, 0.9478984391892548, 0.899775740660471, 0.8969296748334721, 0.8935059776198755, 0.9735463813473845, 0.920555573366319, 0.9873016508915508, 0.9110318163146146, 0.9654163178637414, 1.0, 0.9309355235027812, 0.9019240974994381, 0.9412029338330506, 0.9779323431470905, 0.9378124033323777, 0.9455010074808837, 0.9408134171865411, 0.9784687143366663, 0.916843331221385, 0.9190314800643674, 0.9903293025232247, 0.9596815763021478, 0.9699041525579551, 0.7903343211642744, 0.9022923699926484, 0.8896439716456557, 0.9280779079085693, 0.9552365531605695, 0.937167323462993], [0.9826087022241397, 0.9523956994032794, 0.9795949826791213, 0.9763820226044907, 0.9743675182204186, 0.9745633187371735, 0.9732974824045508, 0.9544934594732252, 0.9769753324689988, 0.9793138692424155, 0.9866931453545935, 0.9865637206179855, 0.8088102221619036, 0.9642748858089212, 0.9495049640035684, 0.9822663582958391, 0.9689244378861717, 0.9620939267397016, 0.8535841448058623, 0.8847619918039265, 0.9850229388372828, 0.9603966407494886, 0.9788948024596772, 0.8609886329100374, 0.9309355235027812, 1.0, 0.9683037738977339, 0.8415545136040019, 0.9068467086184856, 0.8322274119407284, 0.9807481436457878, 0.988366768561294, 0.8898978804845223, 0.8247510935728379, 0.9760789044571753, 0.9184686420116035, 0.9345390852247164, 0.9262614959735767, 0.758113771875927, 0.9623227544548149, 0.9539076883964269, 0.97831846541203, 0.9803799592444377, 0.9873178947519737], [0.9535575161944475, 0.9880776304924733, 0.9496729701914345, 0.9889469937198468, 0.9483471923268361, 0.9529668763493448, 0.9760772110956739, 0.9107180287542519, 0.9845186307784918, 0.9902461659891068, 0.9648205983340199, 0.974046415732389, 0.7765355985096907, 0.994165807408138, 0.9157356294672983, 0.9699516135061604, 0.9917286025418924, 0.9930460699477128, 0.8131049153654449, 0.8548935684988427, 0.9827670932798331, 0.9402443951052702, 0.9901886051961952, 0.8361005943360387, 0.9019240974994381, 0.9683037738977339, 1.0, 0.8160494615806606, 0.8764232437509761, 0.8039357992318676, 0.9408915863225779, 0.978109838184176, 0.8565974484786364, 0.7978282607257982, 0.9602416990812832, 0.889324304484177, 0.8951582694375098, 0.9097674771112737, 0.7296006859776858, 0.9799795418373825, 0.9930284463035717, 0.9500537241044988, 0.9473584906599142, 0.9566386205134962], [0.8542280237537484, 0.8031283439183169, 0.8609718806842122, 0.8285696388120742, 0.862319665087105, 0.8597992550843698, 0.8733900764324083, 0.8835863374722991, 0.8335145210887317, 0.818934573631239, 0.8490422982801458, 0.8377609314796431, 0.9681482641179301, 0.8155581370927936, 0.8869394770487331, 0.855402462594494, 0.8141059640168606, 0.8082200197169245, 0.9434068311839247, 0.9534941132672043, 0.8326184880203799, 0.9272679659227488, 0.8234534769248445, 0.9758208778986815, 0.9412029338330506, 0.8415545136040019, 0.8160494615806606, 1.0, 0.9599272973811946, 0.979722499449461, 0.8668154108476981, 0.8414598189814004, 0.9706229492069998, 0.9528436017510052, 0.8661422366204765, 0.960795068768408, 0.9120857804381323, 0.9596311219095921, 0.875335598151761, 0.8353810451414032, 0.8039687457933617, 0.8646606983661013, 0.8602402523401037, 0.8552130623501373], [0.9187804339421471, 0.8646392660058888, 0.9217675444964982, 0.9092386412162469, 0.9229959553519212, 0.9281437714755708, 0.9319326759770907, 0.9426564266822148, 0.8830437851237647, 0.8928812874998777, 0.919593012881537, 0.9002844561051208, 0.916106886911088, 0.8756035028440586, 0.9420110424640874, 0.9191251924627918, 0.875918984791829, 0.8715995165841411, 0.8960108424893007, 0.9779839923933453, 0.8997590954424344, 0.9647673252797203, 0.8902536226539969, 0.981648936647329, 0.9779323431470905, 0.9068467086184856, 0.8764232437509761, 0.9599272973811946, 1.0, 0.9766343123489317, 0.9254629354911456, 0.9128593677874637, 0.9745669213826694, 0.9454410668656259, 0.9018835759428512, 0.9856379997408176, 0.9465007633042933, 0.9691782056849165, 0.8085599521600108, 0.8823111424110615, 0.8656461456282938, 0.915493096267694, 0.9368676825990594, 0.9127802128547665], [0.8490325724488226, 0.7956949175214646, 0.8421927130984854, 0.8349569368427237, 0.8539249196543575, 0.8592276710685384, 0.8709401442374075, 0.8758075193961958, 0.8133663012733156, 0.8196013085845395, 0.8441027246698563, 0.8257788768783575, 0.9632065479468002, 0.8041697516597415, 0.8744664402596332, 0.8494531679737112, 0.8012819996894577, 0.7973638355552765, 0.9308831618780294, 0.9582088089894345, 0.8259655519791345, 0.9238284252447762, 0.8179085997255694, 0.9791260055617793, 0.9378124033323777, 0.8322274119407284, 0.8039357992318676, 0.979722499449461, 0.9766343123489317, 1.0, 0.8608777547450085, 0.8354717074415461, 0.9559533280896854, 0.952275622193117, 0.8578486413167358, 0.966075064132398, 0.89686454689304, 0.9739266789708554, 0.8798516242136714, 0.8179672948249939, 0.796547547279881, 0.852959756598574, 0.8515801995331141, 0.8486538833960948], [0.9931588399534758, 0.9264869722408013, 0.9794822400629039, 0.9761672330925584, 0.9792034362608361, 0.9873853231999511, 0.9805583204568281, 0.9661865150170313, 0.9467358111201278, 0.962576228056441, 0.9784216930175667, 0.9696377747881197, 0.8129350637227019, 0.9413110956998697, 0.9643044565912858, 0.9855697087954792, 0.9391635741529849, 0.9395224302917984, 0.8468367440910933, 0.9034876397551181, 0.975623104497488, 0.9675819711291974, 0.9662007426681011, 0.8876875922310029, 0.9455010074808837, 0.9807481436457878, 0.9408915863225779, 0.8668154108476981, 0.9254629354911456, 0.8608777547450085, 1.0, 0.9756577354400198, 0.9192976035265862, 0.8451134548714213, 0.9617604024752076, 0.9410650074335871, 0.9524215387996972, 0.9332665001407365, 0.7607060141239214, 0.9458541140125414, 0.929964100761186, 0.978356131743842, 0.9836951219196409, 0.9881814893032447], [0.9809555184441631, 0.9613839060134003, 0.9813503163259512, 0.9849895344568608, 0.9816318060690208, 0.9877682072352859, 0.983996030375802, 0.9518393471892349, 0.9784625168828777, 0.9838045603227451, 0.9879909597741222, 0.9882140086703153, 0.7944065277035242, 0.972915848636302, 0.947767339998047, 0.9905961505185739, 0.979002475610323, 0.9715265436005621, 0.8322013164936242, 0.8890114708149374, 0.9853926059456539, 0.9721488370206646, 0.9838393532024049, 0.8701804058936654, 0.9408134171865411, 0.988366768561294, 0.978109838184176, 0.8414598189814004, 0.9128593677874637, 0.8354717074415461, 0.9756577354400198, 1.0, 0.8927081366751001, 0.816931023688212, 0.9724367216463726, 0.9312322281870629, 0.9272483428915053, 0.9317996384713456, 0.7448504757411696, 0.9616480708083222, 0.9664629022950277, 0.9727785829349703, 0.982777603647161, 0.9818264418993843], [0.9064844468718091, 0.846133161896979, 0.9023528118518656, 0.877091393189017, 0.9153430692507978, 0.9183163682157146, 0.9266518115082724, 0.9362749316989929, 0.868223407966685, 0.8665013241783386, 0.9020562165013741, 0.8823067134916578, 0.9164837716432598, 0.8558498770956077, 0.9324922138125152, 0.9078939184781587, 0.8544382777783996, 0.8496988057537773, 0.9279778997512728, 0.966142345219293, 0.8797653322381377, 0.9705941649462979, 0.870674080121364, 0.9692103681893277, 0.9784687143366663, 0.8898978804845223, 0.8565974484786364, 0.9706229492069998, 0.9745669213826694, 0.9559533280896854, 0.9192976035265862, 0.8927081366751001, 1.0, 0.9299652913854023, 0.90758753175285, 0.9859949856461514, 0.9550144629776655, 0.967732201322053, 0.8281406753696223, 0.8742632430856314, 0.8470660270575657, 0.9091398423998172, 0.9147491496260419, 0.9073832663191245], [0.8329453577375766, 0.7864760402531221, 0.8348763617024528, 0.7942010408222689, 0.8461960855578714, 0.8397576640750607, 0.8305770473468557, 0.8676465084390663, 0.8146906846506168, 0.7965102732682596, 0.8291225470854032, 0.8180532810985275, 0.9540668049648849, 0.7952050479332083, 0.8583572938925503, 0.8259642481499528, 0.80283860199739, 0.7914526017251998, 0.9242603957971531, 0.9311716876543634, 0.8128551243490184, 0.8967734736127863, 0.8046377035064801, 0.9636892271494854, 0.916843331221385, 0.8247510935728379, 0.7978282607257982, 0.9528436017510052, 0.9454410668656259, 0.952275622193117, 0.8451134548714213, 0.816931023688212, 0.9299652913854023, 1.0, 0.8370358401527914, 0.9370938979209582, 0.8773051058292826, 0.9472398349119977, 0.9319187004411874, 0.8067412605716974, 0.7872819356526972, 0.8318212467405784, 0.8397256005185164, 0.8385831194820169], [0.9602949285911923, 0.9447025121506136, 0.9673209341291216, 0.9543768472898103, 0.9541369987467168, 0.9489792975586373, 0.9553688503790146, 0.9531907677498748, 0.9681075760023178, 0.9589055396999687, 0.9641474602166085, 0.9693626194205048, 0.8334923411921514, 0.9579603370674858, 0.9601761525944059, 0.9651656805417779, 0.9530828224664503, 0.9488333558516685, 0.8646183159135938, 0.9108575485756177, 0.9706661592263149, 0.9399697406752888, 0.9654658156202801, 0.8701916220035608, 0.9190314800643674, 0.9760789044571753, 0.9602416990812832, 0.8661422366204765, 0.9018835759428512, 0.8578486413167358, 0.9617604024752076, 0.9724367216463726, 0.90758753175285, 0.8370358401527914, 1.0, 0.9056256993306916, 0.9460000881263905, 0.9080642119138826, 0.7714285318997149, 0.9700663119478512, 0.9459517365904662, 0.9870947470474268, 0.9729211546605899, 0.967647017178268], [0.9300910678574962, 0.877842388208793, 0.9308186120877481, 0.9085025371803497, 0.942502126774698, 0.943506380521661, 0.9470696940290213, 0.9491982561579929, 0.8900896129134372, 0.8993027370749006, 0.9371672309602224, 0.9153227748234006, 0.8984518192684338, 0.8876668778488854, 0.9463124645038533, 0.9399277861039921, 0.8855031414293495, 0.8822316615541206, 0.9033429374453716, 0.9745446657901353, 0.9088801204845216, 0.9855078549043187, 0.898965093883424, 0.9787007537225945, 0.9903293025232247, 0.9184686420116035, 0.889324304484177, 0.960795068768408, 0.9856379997408176, 0.966075064132398, 0.9410650074335871, 0.9312322281870629, 0.9859949856461514, 0.9370938979209582, 0.9056256993306916, 1.0, 0.9540260809656196, 0.9749647616074619, 0.7984846259984898, 0.8873986068841596, 0.8788465240771675, 0.9140593295282724, 0.9457626182032665, 0.9309626722527395], [0.945513405087457, 0.8832269283536831, 0.9521908502364601, 0.9109254332770319, 0.9511716736055852, 0.9530667004037346, 0.9591017893628709, 0.981402442909966, 0.9121471694048398, 0.8995078939286575, 0.937541165520936, 0.915852647410583, 0.8614711523231933, 0.8938372609630151, 0.9851190545711738, 0.9444476501843143, 0.8930575784918179, 0.8824111948243112, 0.9017396794658055, 0.9481183852405687, 0.9238064133639206, 0.9663582973480838, 0.9060228770479943, 0.9171800755055322, 0.9596815763021478, 0.9345390852247164, 0.8951582694375098, 0.9120857804381323, 0.9465007633042933, 0.89686454689304, 0.9524215387996972, 0.9272483428915053, 0.9550144629776655, 0.8773051058292826, 0.9460000881263905, 0.9540260809656196, 1.0, 0.9383174168210652, 0.7986366952000169, 0.9172808628121164, 0.8842434275406191, 0.9569867150907324, 0.9625130416766342, 0.941502084349099], [0.9267954617411697, 0.8995007565331128, 0.9319022290825332, 0.9305557151710369, 0.9472753717995562, 0.9430404682624944, 0.9498879242885423, 0.9357614895053463, 0.9180587252987289, 0.9208384532532791, 0.9347364305705727, 0.9219393432568043, 0.9185059228183114, 0.9041854197283001, 0.9316407144483737, 0.9410406672424578, 0.9089602813543785, 0.903232057166695, 0.9316207670097209, 0.959014489438531, 0.9083764308008421, 0.9702497827487088, 0.9078901233579727, 0.9767607241898865, 0.9699041525579551, 0.9262614959735767, 0.9097674771112737, 0.9596311219095921, 0.9691782056849165, 0.9739266789708554, 0.9332665001407365, 0.9317996384713456, 0.967732201322053, 0.9472398349119977, 0.9080642119138826, 0.9749647616074619, 0.9383174168210652, 1.0, 0.8277960178592892, 0.8988356315080455, 0.9041801419088812, 0.9082679382484717, 0.9302360360697213, 0.9229026963907602], [0.7517473255670065, 0.7177110643854288, 0.7733309944544553, 0.7241387406577751, 0.7856033377210828, 0.7534241113201142, 0.7353860476632228, 0.7895950001283113, 0.7629329904021798, 0.7260580232697234, 0.7550011759882534, 0.7469089554994787, 0.9319581076526197, 0.7266511023801403, 0.7845775798374902, 0.7426827863600458, 0.7359079438206502, 0.7230718981087632, 0.8994319946183686, 0.8397086770016685, 0.7403000144273816, 0.7620558328008077, 0.7323362901489102, 0.8520738503352808, 0.7903343211642744, 0.758113771875927, 0.7296006859776858, 0.875335598151761, 0.8085599521600108, 0.8798516242136714, 0.7607060141239214, 0.7448504757411696, 0.8281406753696223, 0.9319187004411874, 0.7714285318997149, 0.7984846259984898, 0.7986366952000169, 0.8277960178592892, 1.0, 0.7498495918558068, 0.7183821347473067, 0.764878704774292, 0.7592579534433638, 0.7568026334395355], [0.9461327805445767, 0.9821033461864863, 0.9527874828447147, 0.9708533712307232, 0.94158083548961, 0.9365016731324918, 0.9546976899463847, 0.9291767928517455, 0.9733881187277255, 0.9691510940988232, 0.9573485046007547, 0.9656232852473763, 0.799059283444827, 0.9833852877791738, 0.9347911829890987, 0.9550332840011241, 0.9787128710789899, 0.9865772121307071, 0.8455655924881735, 0.8743309308058206, 0.9725592266336887, 0.9275878355669764, 0.975560401636036, 0.8445484756178746, 0.9022923699926484, 0.9623227544548149, 0.9799795418373825, 0.8353810451414032, 0.8823111424110615, 0.8179672948249939, 0.9458541140125414, 0.9616480708083222, 0.8742632430856314, 0.8067412605716974, 0.9700663119478512, 0.8873986068841596, 0.9172808628121164, 0.8988356315080455, 0.7498495918558068, 1.0, 0.9815183582260882, 0.9628194290970026, 0.951284183735386, 0.9536255215917362], [0.9469921307548118, 0.9960756114803263, 0.9343555598923283, 0.989521811969615, 0.9369715649437574, 0.9465449215831446, 0.9721306309604153, 0.9000457598298853, 0.9731146980247272, 0.9885705200092219, 0.951955582056946, 0.9590546177964598, 0.7647838061395991, 0.9949435045868098, 0.905273931547715, 0.9625847942317, 0.9873617595474462, 0.9958194094837597, 0.7947144076709339, 0.8453016233475056, 0.9688969110046595, 0.9326422931365967, 0.9789629322435276, 0.8263035895216132, 0.8896439716456557, 0.9539076883964269, 0.9930284463035717, 0.8039687457933617, 0.8656461456282938, 0.796547547279881, 0.929964100761186, 0.9664629022950277, 0.8470660270575657, 0.7872819356526972, 0.9459517365904662, 0.8788465240771675, 0.8842434275406191, 0.9041801419088812, 0.7183821347473067, 0.9815183582260882, 1.0, 0.9325597096831284, 0.9303211142019443, 0.9406951232483952], [0.9776722344786557, 0.9314291607297295, 0.9771998691051911, 0.9638647369788985, 0.9599989734702319, 0.9614838594454526, 0.9572659491261108, 0.9614794491312775, 0.9579363147578527, 0.9528642680827694, 0.9730465716927418, 0.9722143302119787, 0.8220097965242421, 0.9491928663143043, 0.9732360798351551, 0.9629936875310974, 0.9480222595092973, 0.9411041302907209, 0.8579463790087941, 0.9071671086820985, 0.9739066438337611, 0.9442296813814823, 0.9609197993898226, 0.8680806288617524, 0.9280779079085693, 0.97831846541203, 0.9500537241044988, 0.8646606983661013, 0.915493096267694, 0.852959756598574, 0.978356131743842, 0.9727785829349703, 0.9091398423998172, 0.8318212467405784, 0.9870947470474268, 0.9140593295282724, 0.9569867150907324, 0.9082679382484717, 0.764878704774292, 0.9628194290970026, 0.9325597096831284, 1.0, 0.9814268445078524, 0.9752871238670916], [0.9859842717220276, 0.9291582613351915, 0.9837456911235191, 0.9732657128004222, 0.9750609292073147, 0.9794605937092635, 0.9734379123202402, 0.9757599877871318, 0.9523656389517324, 0.9612641292050675, 0.9832021710169598, 0.9714770186395048, 0.811325072403855, 0.9457167693445367, 0.9811052596407521, 0.9798067539912269, 0.9464498167636703, 0.9435124015403211, 0.8450425936553159, 0.9105000212604784, 0.9755033557607402, 0.9740703944865061, 0.9650042582154847, 0.8896130057124845, 0.9552365531605695, 0.9803799592444377, 0.9473584906599142, 0.8602402523401037, 0.9368676825990594, 0.8515801995331141, 0.9836951219196409, 0.982777603647161, 0.9147491496260419, 0.8397256005185164, 0.9729211546605899, 0.9457626182032665, 0.9625130416766342, 0.9302360360697213, 0.7592579534433638, 0.951284183735386, 0.9303211142019443, 0.9814268445078524, 1.0, 0.9786566260536835], [0.9855751670524481, 0.9391170742239514, 0.9737609307726144, 0.9687481516287944, 0.9757848073855341, 0.9799907198708872, 0.9723334186154976, 0.9642359975259996, 0.9631307127909646, 0.9683049176588658, 0.9799361595922784, 0.9823175099985275, 0.8107102885656968, 0.9549541282071491, 0.9552830115675152, 0.980098216935987, 0.9614453229228028, 0.9538634305904997, 0.8526466437180198, 0.8983188571125463, 0.9813813512455883, 0.960082912319223, 0.9770384497580722, 0.8813909990595489, 0.937167323462993, 0.9873178947519737, 0.9566386205134962, 0.8552130623501373, 0.9127802128547665, 0.8486538833960948, 0.9881814893032447, 0.9818264418993843, 0.9073832663191245, 0.8385831194820169, 0.967647017178268, 0.9309626722527395, 0.941502084349099, 0.9229026963907602, 0.7568026334395355, 0.9536255215917362, 0.9406951232483952, 0.9752871238670916, 0.9786566260536835, 1.0]]