[[0.0, 0.31004453841347956, 0.33011554537810595, 0.30804537577454094, 0.33764594449734764, 0.3016406211294622, 0.3155749207088303, 0.3170372131921111, 0.3395563581098662, 0.30853414350113084, 0.31074583059283944, 0.34092537790769106, 0.3074469825404902, 0.3183503787869526, 0.30313565954186794, 0.3242462107104602, 0.3157673326322068, 0.31999755885614145, 0.3278931770790292, 0.31170008253325365, 0.3346653939981976, 0.3011250746718266, 0.31560583161176425, 0.3090584195259196, 0.30872552708941825, 0.35162896373488506, 0.3150684271510742, 0.3111640837805143, 0.29786605308978076, 0.32898437896801846, 0.31925899031106253, 0.32089071115807877, 0.318696047000651, 0.3149480875363968, 0.31430198461109926, 0.31728267597164983, 0.3211753715316539, 0.32275896498277246, 0.3278891596867317, 0.33514215329330965, 0.32884209203014403, 0.3097049217297858, 0.3248815819014994, 0.3210966215603024, 0.29982961187357104, 0.3031912615022878, 0.31680476683189474, 0.3274154401943101, 0.3317271356354752, 0.30625279975078534, 0.3209231911380026, 0.3120061977202855, 0.3136042510101047, 0.33238979366574495, 0.3176688888550572, 0.3299818772014922, 0.3337309653984384, 0.330433566605876, 0.33172563222522977, 0.3024280210519481, 0.3281727744691292, 0.32002408309503316, 0.33837147191100314, 0.31699710909998013, 0.3204981991890421, 0.32810053315481236, 0.3184678605465343, 0.3345371773173176, 0.30098888157940906, 0.31300788621676556, 0.32580196016533813, 0.3194529775741819, 0.3202392051191094, 0.32521251834616693, 0.32955423975052045, 0.32225042469233034, 0.32139234097172764, 0.3305527347259587, 0.3095003846457163, 0.323826342244234, 0.31813608743986044, 0.3207100434690542, 0.2917045216014078, 0.326527069971293, 0.3140968664846655, 0.30343830614611944, 0.32286630382429293, 0.32326345637923204, 0.3183720234054759, 0.3242075047853119, 0.3281811819322218, 0.3237629331372842, 0.31240999634116395, 0.3167432570386213, 0.336015879479979, 0.3168793005229682, 0.33907150777740513, 0.3020116864091096, 0.302383737214456, 0.3292784221156013, 0.3260355011970777, 0.3227542777913932, 0.3226282932077156, 0.3186258647048026], [0.31004453841347956, 0.0, 0.3099914755806976, 0.29033789764497797, 0.3245271383794044, 0.3287875258079618, 0.33418673848929914, 0.3149303853310699, 0.308771942418284, 0.2883829350870466, 0.3141759764065539, 0.3279247782600758, 0.29678381776005924, 0.32019021789899016, 0.31533717329728717, 0.31193115536689375, 0.3197380025442085, 0.3085782037836684, 0.32452215678849416, 0.33273564818622114, 0.3258505248279251, 0.32982714039543204, 0.315997096080161, 0.3130517813474303, 0.3069768932279726, 0.34181763577651103, 0.31806655980450604, 0.3198331664700411, 0.3247955743508817, 0.342565685789161, 0.32856387129226117, 0.3182907376673887, 0.3203745553556563, 0.32085933147174983, 0.3021727493135937, 0.3259405780199174, 0.3145954072380257, 0.30958897272940145, 0.3113286081192448, 0.3243676628029937, 0.32520895558549334, 0.30915899432953164, 0.289306562821831, 0.3086238629106972, 0.33946930610029646, 0.3186769426954752, 0.30766896407106725, 0.32176470468102836, 0.3377628201120626, 0.32034311294378304, 0.32031756592903005, 0.30553815968136155, 0.3052404261995829, 0.3212497264212195, 0.31822265331682265, 0.3260218548657938, 0.3236044556105222, 0.3346368833946922, 0.3173670022044792, 0.32011035748929184, 0.322048176689534, 0.32272476190321964, 0.32006547713038214, 0.31034193095260787, 0.3178262646520633, 0.3045866466227909, 0.3155782857785048, 0.3297574496956217, 0.3088373233192474, 0.3111075082448378, 0.31470210223920825, 0.32163121273491657, 0.3168069817863266, 0.31865642492242996, 0.31930329123894907, 0.3200044389665746, 0.3239890280986024, 0.3322712699451056, 0.3148393433570533, 0.2959133359913608, 0.30780434325294537, 0.33744483682760795, 0.3042292781424234, 0.31894436688683414, 0.32119384913629023, 0.31291401873804037, 0.28517557515489234, 0.3247216217207689, 0.33308894168404835, 0.3088549740810298, 0.2982230982622067, 0.3106989084726459, 0.31939765468859327, 0.30459381507573546, 0.33546182367190824, 0.3239073673694679, 0.3207154583436367, 0.3083675640430421, 0.3275304217467181, 0.31832963068865916, 0.30642732112552884, 0.30811924838591276, 0.32716418160060545, 0.3380001759726956], [0.33011554537810595, 0.3099914755806976, 0.0, 0.331171800954736, 0.31100384488532984, 0.33333183318305903, 0.33037623774668856, 0.3125446402655485, 0.3151246850546727, 0.32717581830453946, 0.3271779749603341, 0.31358610200361836, 0.3050551433770565, 0.3189537509823488, 0.3319152920135424, 0.31170355299402885, 0.31728549580574983, 0.33655524055183794, 0.2896123518039859, 0.335669101954428, 0.2699940570016348, 0.29885574343776966, 0.3234572262879307, 0.3309564850937814, 0.3235006969480776, 0.30939488923109626, 0.3259156707630215, 0.30634854499383746, 0.3248320930445645, 0.3181786975281371, 0.31156390820023816, 0.30973405310425206, 0.2906106179510113, 0.3366835828480388, 0.3287357142670102, 0.3150617931623645, 0.29705466178930173, 0.3015452971361203, 0.3297654307317821, 0.3120849716469496, 0.3154727415351206, 0.30942167388103337, 0.331841967443818, 0.30594497594672876, 0.3134471540420569, 0.31791846190136464, 0.3350531358143132, 0.3136328477610184, 0.307745735533844, 0.32120564159889886, 0.3153827674842735, 0.3207566907485866, 0.3222111411284909, 0.33064177220382684, 0.30721549612622345, 0.3311150673729275, 0.3000866878838764, 0.31745377684945875, 0.3175921951752265, 0.2964445489275995, 0.30963206166428936, 0.30037740628463716, 0.31735226332648026, 0.3318642660723141, 0.334597112243729, 0.3265456264707549, 0.3348189623910953, 0.2996821190295338, 0.3034664357854706, 0.3245521835933669, 0.33540403966807575, 0.3140077274704389, 0.31074785644039116, 0.3327498896807277, 0.32909625562856815, 0.30991081302973145, 0.32095298255632, 0.3128428975889428, 0.30931623720436985, 0.30371398496403357, 0.33542153079886194, 0.31578105143442103, 0.32201313699394696, 0.3199020946508333, 0.30471622044793545, 0.32011682953775433, 0.31436912920799087, 0.3095744662158242, 0.3309949176810052, 0.3298424734273877, 0.2965227501575358, 0.30803086649221223, 0.30577134562662645, 0.32441861701286, 0.3241765343795715, 0.32098045810659936, 0.2896285628180293, 0.30722425903486195, 0.30773611562387515, 0.32710631749851937, 0.32249822312956455, 0.3320150839079532, 0.3451261468834588, 0.3092812972764494], [0.30804537577454094, 0.29033789764497797, 0.331171800954736, 0.0, 0.29391235861193565, 0.31193879789289025, 0.33434268031810443, 0.3205437808014424, 0.33277803149591056, 0.31922432327622174, 0.33279499923970923, 0.3146130289065956, 0.31997909991703755, 0.3203793602438143, 0.3079582457310617, 0.32948914393208995, 0.30907362716016906, 0.3101302529571357, 0.3020934603663852, 0.3091085341126585, 0.3250255437464662, 0.31633037143600395, 0.30429554561179106, 0.2975061713576084, 0.2864336380938086, 0.3142218118759321, 0.31795460551374743, 0.3008991176235647, 0.2895945080305644, 0.3171449295206139, 0.331053834568666, 0.3236380509605439, 0.3066056292358421, 0.321628895369684, 0.318574081979754, 0.31149294060876254, 0.3029371471752431, 0.325952603990348, 0.30971693700795755, 0.3095936875334431, 0.31971751636756074, 0.3142016613975127, 0.3368147670134993, 0.31639634733469646, 0.3200310014737169, 0.3280194796534024, 0.29906751959601063, 0.314993363494376, 0.3346875309191637, 0.2995648884506741, 0.3142880545064495, 0.3176491038428415, 0.31316980435361486, 0.33290461625722445, 0.31288783565641687, 0.31558808559860574, 0.31699172089943306, 0.3248520299101292, 0.30382043492157806, 0.3056167287756715, 0.3299675524259249, 0.32420336560238106, 0.3260653343333393, 0.31449751742545895, 0.33308741248710416, 0.3135770711709962, 0.3173810068838545, 0.3347938891082227, 0.32049361140190546, 0.31433241377249144, 0.29789303165831704, 0.3222519856499628, 0.321738879735586, 0.3274170659279898, 0.3249417002839108, 0.2805915981716598, 0.3143188679266731, 0.3298174044365838, 0.3201238091589167, 0.3027313300529624, 0.307293598576456, 0.305818976060539, 0.32887206086816767, 0.3334578375005981, 0.2890307048727656, 0.31871401830965085, 0.3396807352193447, 0.31814607852445365, 0.31851640695059946, 0.3269959720333646, 0.3344777441233695, 0.3352219062556925, 0.3282550521719938, 0.3276317652466456, 0.3229228176418468, 0.3220544761675501, 0.30723653760133773, 0.3195126108590369, 0.31350444025120505, 0.33302703040306736, 0.31794588480636987, 0.31057402606296125, 0.3366899390415692, 0.32170783301790107], [0.33764594449734764, 0.3245271383794044, 0.31100384488532984, 0.29391235861193565, 0.0, 0.32157543405672273, 0.3250455613094587, 0.3167815954005404, 0.3254003229577229, 0.30491860835715223, 0.29707727900723513, 0.3144676769107839, 0.31284212395742417, 0.3150446388685162, 0.31563042708588807, 0.32597284165376794, 0.3096760720407261, 0.3264076542759351, 0.31760815880898385, 0.3278237832686848, 0.3217480192090034, 0.30607828672599635, 0.2832830246893512, 0.31954084206459554, 0.3190502023730786, 0.3356295078113092, 0.3028249736257804, 0.30491947492909155, 0.31937969555987444, 0.32832972508347513, 0.31340269073292526, 0.3327093386172939, 0.322241293473287, 0.31829922097835417, 0.2979190557422946, 0.31415871912990223, 0.3176722110570027, 0.29983346007355527, 0.3097652317945292, 0.3275453042680265, 0.3122082152199155, 0.3016952455014368, 0.3052494200222282, 0.2962366556775007, 0.3235869682895718, 0.30885651958865856, 0.3317393379841789, 0.3197770318121962, 0.317981427233027, 0.3149289377271991, 0.33504166193347906, 0.31956717340970564, 0.31840796395561655, 0.3303724624211519, 0.30465758158291734, 0.32896428890197305, 0.3164603260209713, 0.310008770912092, 0.31478805249440844, 0.31250624390247994, 0.32228176383785634, 0.3176473395525725, 0.3147452816749132, 0.3084883768448965, 0.3207865096675371, 0.31223953690640815, 0.3202426998189789, 0.32543869196726627, 0.31856274336366064, 0.33710318969751274, 0.31493798641801574, 0.3100157372647978, 0.3148111932001618, 0.3169979704173409, 0.3072749121535754, 0.312808282721174, 0.3177313626903506, 0.29058873472024604, 0.3197228077290435, 0.3101427026074448, 0.32108067580443467, 0.3217363628683241, 0.3259557825659669, 0.309303592066019, 0.3259947592166734, 0.3052969656749509, 0.3263748000573059, 0.30165014398346024, 0.3183629215394821, 0.32036492146885, 0.2944057699400515, 0.294759502173493, 0.28583056613965496, 0.3232247474268357, 0.3075877876060529, 0.32920396176900213, 0.32581700509631384, 0.31165778009142, 0.3132179246847189, 0.2992578987627743, 0.31683878527882525, 0.3258593199022133, 0.3107329181043139, 0.3275909335052103], [0.3016406211294622, 0.3287875258079618, 0.33333183318305903, 0.31193879789289025, 0.32157543405672273, 0.0, 0.320533741280312, 0.3169101485940846, 0.337093516690101, 0.28667492717415777, 0.3300580664861421, 0.25361590066059647, 0.3394105858737888, 0.3352130197983276, 0.32914969129082605, 0.32019617061148353, 0.32234586677092936, 0.29277269976742426, 0.3274385517964564, 0.2980631084667571, 0.32769036472460167, 0.3231641733586197, 0.3240314512778677, 0.09923436819200893, 0.3092171426610688, 0.33216851620241883, 0.3315107368610246, 0.3086053651756486, 0.307792758267893, 0.32039317942234047, 0.3010061454619406, 0.3343737834743288, 0.3075809696896592, 0.3241573782225107, 0.31815511754691816, 0.3141434655890534, 0.3227647249499004, 0.2875658388326734, 0.3262895167094746, 0.33277951324732213, 0.33648672912523825, 0.2846357549088232, 0.3230947015525478, 0.3072422046532315, 0.326845275607603, 0.3095359306565373, 0.17930204239078407, 0.3220781921274014, 0.3186138140752657, 0.337272230418987, 0.3282821080821883, 0.33317211646468525, 0.3241090537976443, 0.3166178945597231, 0.3191648224840937, 0.32101840780501334, 0.31807735349103416, 0.31207760878126845, 0.31938164065271213, 0.3104636103751983, 0.32671302482639586, 0.31913269720590054, 0.3436618885545992, 0.33343037652069607, 0.3386165534181371, 0.34574936918220844, 0.31659780311953023, 0.32658953421853676, 0.3383348831631674, 0.34365832860723433, 0.34663359146934525, 0.3331648504757452, 0.3253432552425557, 0.3364613938759309, 0.3350231798248373, 0.3388089464665738, 0.3313515328680996, 0.3217919202591957, 0.3149691906431846, 0.32315059321021256, 0.32594155000488634, 0.33663684895772383, 0.3311452130139154, 0.33943090547132626, 0.3335115608596495, 0.3276809630554349, 0.33046388027690843, 0.34313139490150957, 0.33026810410729013, 0.33147523568551973, 0.33110297675087796, 0.340103520899689, 0.32871113165773536, 0.3212832577185547, 0.3345368732787013, 0.32675721625014087, 0.32642977450973487, 0.3408510450192088, 0.3229798174203198, 0.3119739351579027, 0.32426628691714177, 0.32447300222962605, 0.3457411149452705, 0.32243963120572805], [0.3155749207088303, 0.33418673848929914, 0.33037623774668856, 0.33434268031810443, 0.3250455613094587, 0.320533741280312, 0.0, 0.3075835164448195, 0.3251571869992962, 0.32591145379378483, 0.3225039259681044, 0.31189836534466364, 0.30933689968009914, 0.33268414173701566, 0.340011527813987, 0.3255895461834959, 0.31096334932182335, 0.34053895729490313, 0.3310115539113405, 0.3204103370611937, 0.29798039124572595, 0.3292699223381035, 0.33010910512481795, 0.31532533395198303, 0.3164907130819652, 0.3107390072276872, 0.33422791114745576, 0.3155853473526222, 0.3259537681020568, 0.3358861479722086, 0.32515296828501405, 0.3220585682367827, 0.3197678913609525, 0.31982668092108213, 0.3146645810266171, 0.30342660152591905, 0.3326938959907213, 0.329616710191861, 0.32030986245287707, 0.33092599066398254, 0.31876980197347304, 0.29574597048184437, 0.3151660298589931, 0.31438800469852923, 0.30907560523294864, 0.3098108030377287, 0.3234536855791752, 0.3170818045627013, 0.3334480683378731, 0.33278274474728753, 0.32555274333578943, 0.32622989946307146, 0.3420137176185918, 0.33475304328034516, 0.3241544624027677, 0.33999733095805507, 0.31647194305281356, 0.32265374064775565, 0.3033166188893299, 0.32441488531160934, 0.3135233392690471, 0.32083018754444503, 0.3050282640483599, 0.3153814776307855, 0.3160349614854858, 0.32999188220072306, 0.32330879017857916, 0.31227168995203125, 0.3162687254371712, 0.32389940702984954, 0.3136040650730394, 0.31188779526429067, 0.28443628127433795, 0.3297648507559692, 0.3230470341025835, 0.33361115374023864, 0.34800986712509796, 0.31996708481443514, 0.2859287286629688, 0.32020546247986914, 0.32876251390399336, 0.33436936117510774, 0.3314158637818676, 0.31150915131809787, 0.33187950700657676, 0.3183999166953859, 0.3225893610738255, 0.30983999524882266, 0.3083079544362548, 0.30357400202778995, 0.33792942477970844, 0.30201669598422143, 0.33597189933636007, 0.32138532783807383, 0.318002072492209, 0.33065592403564525, 0.31522014764830786, 0.3281796754273707, 0.32900411907499816, 0.304189986974027, 0.32007682747117205, 0.3188405355263717, 0.33475515417688584, 0.3277917303110385], [0.3170372131921111, 0.3149303853310699, 0.3125446402655485, 0.3205437808014424, 0.3167815954005404, 0.3169101485940846, 0.3075835164448195, 0.0, 0.3164398745346584, 0.3183625652327271, 0.3265609537806222, 0.3229158417647213, 0.30131143983071573, 0.33161208391241015, 0.31553403466960095, 0.3167635273946612, 0.31839880612354077, 0.30369489485311885, 0.32668594873582024, 0.31271080998025114, 0.33546347368025686, 0.32837048784091016, 0.30814290254383336, 0.32696264984513923, 0.3035897045713345, 0.32235389491914823, 0.2889972653291597, 0.3189849378175069, 0.2986479978970784, 0.33157258164202474, 0.32447244458830227, 0.315318438240209, 0.29757839578222667, 0.3191037442627829, 0.3121818483253027, 0.30435326482775493, 0.31232359717097125, 0.3194578024872976, 0.30654647971700655, 0.3247994883347214, 0.3097780010099902, 0.3098432538209117, 0.3268983966665564, 0.32590029818678046, 0.31715292177666576, 0.32873836577688875, 0.3330530774619387, 0.3122718324103193, 0.31528076261254756, 0.3288548047722355, 0.3139546424834916, 0.30680834206762597, 0.3126737617811506, 0.33021371593833115, 0.2955811131763597, 0.33218122664739336, 0.3364016130487544, 0.30932861790674937, 0.3351101164193473, 0.29569448167188495, 0.32708731751700504, 0.2908438189034519, 0.32572921662228094, 0.3154327615447772, 0.3101024881938903, 0.30897192718601674, 0.323655741134665, 0.3234923119283333, 0.2990290683521004, 0.3243776466185897, 0.32039050108485156, 0.32362258467427973, 0.33135956053194215, 0.31750508487991835, 0.28040229428516605, 0.3228308678366443, 0.30015695651967134, 0.30484738148348334, 0.31503413157665316, 0.3185296253211898, 0.3264423802122205, 0.3354290194336833, 0.30320661569560126, 0.3062526597306423, 0.3236400731265161, 0.32009985993190937, 0.32531868951367504, 0.3323225751629171, 0.3360169777332138, 0.3160196178869641, 0.30831127629535926, 0.32483139863260324, 0.3200446701802633, 0.31464970073197684, 0.33410796377182406, 0.3142270327054639, 0.3108465481181366, 0.3103384067008339, 0.3242295171288274, 0.3335542246283838, 0.32053360622809013, 0.29718051685772506, 0.3030123918382053, 0.3336278186988457], [0.3395563581098662, 0.308771942418284, 0.3151246850546727, 0.33277803149591056, 0.3254003229577229, 0.337093516690101, 0.3251571869992962, 0.3164398745346584, 0.0, 0.3247784267384519, 0.33185559408765064, 0.31481612764112943, 0.3344443192434685, 0.33876649933258185, 0.323093309726163, 0.29660972302558464, 0.3182038308150965, 0.3190359094120745, 0.2998304398057443, 0.3097000838973618, 0.30333103026365493, 0.32143283214326135, 0.3261462159955997, 0.3367445537321929, 0.33015986015072873, 0.3413581965169803, 0.3167750541971879, 0.31576131495249893, 0.31470504544697797, 0.3152766781441083, 0.33480631697215757, 0.3245974707087451, 0.3276242802379872, 0.3154496730916141, 0.32270793062377257, 0.33525212518227065, 0.3148091378081055, 0.3205743127683276, 0.2972767267269445, 0.3276041041518234, 0.31514316703136913, 0.32100573114600217, 0.33506268281335627, 0.32408406188441474, 0.3285342198274126, 0.31536596193377875, 0.3324436892118343, 0.3342894392662874, 0.32068070135016824, 0.32294881909348283, 0.3235180906966755, 0.3184728362518152, 0.3188832105467494, 0.33066862155476073, 0.33264115001780836, 0.3067826898458377, 0.3249898441512209, 0.3116257517159202, 0.3254175017135972, 0.3152763059157686, 0.30471346445714365, 0.3228980530983143, 0.33543885746977753, 0.29729513064871993, 0.3249818002866476, 0.32741848260198236, 0.32314775990545574, 0.3245413548433833, 0.3218867875459752, 0.3113722373359964, 0.30524466975736275, 0.3134948444827159, 0.3166554878166714, 0.3272730919912137, 0.3286512686861274, 0.32561941114365767, 0.3308480764894526, 0.33059789293352426, 0.3125898144848458, 0.3034248066268532, 0.29962022904282803, 0.3440005994064623, 0.3443100442464828, 0.3237411875753784, 0.334895553494611, 0.33112383170600923, 0.31263071564221434, 0.32560186152685655, 0.2923889523502141, 0.31803361460078916, 0.326197619129182, 0.2930484174139727, 0.32937614494810896, 0.329221793310825, 0.3164502824195663, 0.3097052922574035, 0.3293514096285113, 0.3240684835341423, 0.33717752135983203, 0.3218472400810328, 0.3163588084004463, 0.307043492525495, 0.3155702926527335, 0.32098306766039286], [0.30853414350113084, 0.2883829350870466, 0.32717581830453946, 0.31922432327622174, 0.30491860835715223, 0.28667492717415777, 0.32591145379378483, 0.3183625652327271, 0.3247784267384519, 0.0, 0.299795008081045, 0.3228228178799031, 0.32704476061584464, 0.3299088268723067, 0.3354741848291507, 0.3153226438477048, 0.3192772243482125, 0.32928539152664116, 0.3302843431743243, 0.32076483464047056, 0.3358386375108473, 0.326686021950255, 0.3175488572449885, 0.2384322139936963, 0.31836744462267275, 0.3271732483712291, 0.3306204940009878, 0.3286462632736815, 0.32613733273505496, 0.32365847707584283, 0.3294407435275586, 0.3345191119546045, 0.3085706364484453, 0.3182023004371435, 0.3016314873764201, 0.32506366758114447, 0.3313729333569433, 0.30280574109528735, 0.3340804379436162, 0.32060338894253504, 0.3211949643397205, 0.32492645130014775, 0.3261350250689914, 0.32108231792187447, 0.33949053688184017, 0.3177704085673545, 0.2726158012196591, 0.3100196376824129, 0.32543798520819456, 0.30877995493380506, 0.31791388820902444, 0.31652092783556984, 0.3174854670925933, 0.3132516550578728, 0.31398100120471084, 0.3399900401336169, 0.3184581041761845, 0.31825289795260936, 0.3156372422653786, 0.31179148181710303, 0.3334861655521608, 0.3069968363368272, 0.3157981896780915, 0.3196450134951774, 0.3295803472663086, 0.33627709524060423, 0.23477634946913595, 0.3233464609883465, 0.33499431553884684, 0.32453299936962976, 0.3303835208546704, 0.3230795774429609, 0.3211726416703411, 0.3208077045611488, 0.31145786301227707, 0.33194502219963407, 0.32389117339572526, 0.3308106178458179, 0.3182100010122402, 0.30896440870755804, 0.315124676228405, 0.33694680412729383, 0.32071455570382845, 0.3089650510178281, 0.3274092567913969, 0.33160167408893537, 0.31948111769434506, 0.32499539241198994, 0.3252164271337965, 0.3336144798163776, 0.3152661800618668, 0.32555052924396355, 0.33551998411275097, 0.30596171589385945, 0.3272789689185971, 0.31789068131834486, 0.31302820393148933, 0.3139700520717794, 0.3097520106321845, 0.31837661941070317, 0.30415759510517937, 0.32387394078030773, 0.33944877257429296, 0.29834185222367227], [0.31074583059283944, 0.3141759764065539, 0.3271779749603341, 0.33279499923970923, 0.29707727900723513, 0.3300580664861421, 0.3225039259681044, 0.3265609537806222, 0.33185559408765064, 0.299795008081045, 0.0, 0.32150430946953645, 0.302623905493298, 0.3193129006576898, 0.31352151511776083, 0.32763856825978577, 0.30032635952221787, 0.32783448493742195, 0.30533209453705545, 0.31534662163613136, 0.32611617310381336, 0.328826518628079, 0.3006818012904291, 0.3286720833506498, 0.314298042628113, 0.30601166536311153, 0.30702027897523365, 0.32838221382919586, 0.3079641998162779, 0.31742619546781015, 0.3136210466422995, 0.3331861400376781, 0.3009103343986341, 0.3104622725876163, 0.31805527558038715, 0.3094731842834748, 0.32440448165303426, 0.31036181796478424, 0.325374679300487, 0.3289069735383301, 0.33229477546925734, 0.30503877651532263, 0.31218159529336775, 0.3189947357702798, 0.3337364705363197, 0.3203660044621479, 0.31459782066190467, 0.3188934307794804, 0.3182434799786682, 0.300522905321176, 0.30817007163256305, 0.3069136100251273, 0.31050770341226075, 0.334335376180136, 0.29513507418610474, 0.3274115165044118, 0.32708166844113484, 0.3191686463757857, 0.31236091655789333, 0.3100838392744125, 0.3154305464237055, 0.3159218045996641, 0.3171929045702102, 0.29845237726105456, 0.30694725277154555, 0.2928831450498597, 0.29514379072256536, 0.28761616280558755, 0.32855756091979016, 0.31216251193934297, 0.33069215640294924, 0.3340925370645058, 0.32165148783687303, 0.3413691124771032, 0.3228313663788809, 0.31967575300243145, 0.31030930544723767, 0.3074919515566008, 0.3205335343128899, 0.3193785644409963, 0.3174103835626738, 0.3342956336895895, 0.3228091382354219, 0.3376087412390769, 0.32726894045146615, 0.31806448735335646, 0.30863800844631273, 0.2945234671438468, 0.34235550767858847, 0.32418930106927335, 0.3310885028690529, 0.320998063048338, 0.3237144586824563, 0.2987080645567468, 0.31554211955917033, 0.3193921785470901, 0.30850044057670867, 0.3166737893875702, 0.29116306446040685, 0.31809548621486905, 0.3009154966125003, 0.32201292533357373, 0.344658671452051, 0.328120255215931], [0.34092537790769106, 0.3279247782600758, 0.31358610200361836, 0.3146130289065956, 0.3144676769107839, 0.25361590066059647, 0.31189836534466364, 0.3229158417647213, 0.31481612764112943, 0.3228228178799031, 0.32150430946953645, 0.0, 0.3288914955573865, 0.31458072748835475, 0.3185754683313766, 0.34189096749761094, 0.3125334228665475, 0.3142775650333305, 0.313628291838266, 0.3102154587325139, 0.30898533495323854, 0.32714512782296423, 0.33426075294645674, 0.2629705715205015, 0.31455608789244427, 0.332693158440587, 0.32175867360001953, 0.3134028204678192, 0.3270692143907734, 0.323087769911544, 0.2920604319758515, 0.2802813023709074, 0.30149505027121637, 0.32382292837717697, 0.3188042006685532, 0.30972452334462774, 0.33293831677253305, 0.31687396666577206, 0.31677086462113, 0.3145559339984094, 0.31262456127069127, 0.3236144449419909, 0.3287122002404408, 0.3209341800931982, 0.32515813863360665, 0.3276366792453478, 0.3155728325462528, 0.3269066102161189, 0.32559524809882157, 0.3323586267501908, 0.3361769723258319, 0.31762078106656366, 0.3418514669989785, 0.3002696638640916, 0.31945947106641226, 0.33289594803270783, 0.3347689377300933, 0.31659874191742254, 0.3323246471583303, 0.3240783448180993, 0.324054688083119, 0.29216118408670533, 0.3375027991773656, 0.33297440329663175, 0.3272456517526541, 0.3299251312129785, 0.3238958151874638, 0.30701667818471057, 0.3366695432568285, 0.3217688389845361, 0.32615176441137095, 0.31531179178463886, 0.33017234086948144, 0.28951748724390214, 0.3302550188798914, 0.33247703764184355, 0.3256380346212193, 0.3310239473586034, 0.31135938394086393, 0.3130851307110556, 0.33446562462685847, 0.33661375773573665, 0.3332029866246444, 0.3290969735130531, 0.3386417014524985, 0.3269999563773649, 0.32102754915825615, 0.32728765980822017, 0.3324222173767051, 0.340503484996012, 0.30661843334577554, 0.3149431957479536, 0.3326943507560782, 0.32324818492144014, 0.3226130978926629, 0.3254610488649845, 0.31427587098717535, 0.31425709952350855, 0.3356393625616656, 0.32899489086850053, 0.3292140211943537, 0.3270103222514751, 0.2211377308447804, 0.31632373542758785], [0.3074469825404902, 0.29678381776005924, 0.3050551433770565, 0.31997909991703755, 0.31284212395742417, 0.3394105858737888, 0.30933689968009914, 0.30131143983071573, 0.3344443192434685, 0.32704476061584464, 0.302623905493298, 0.3288914955573865, 0.0, 0.31876663708962893, 0.30222644985065217, 0.31230568722135343, 0.32280750623310905, 0.3238608776663301, 0.3088854744976026, 0.3298511022022854, 0.3136992127276734, 0.31953883735092004, 0.32567141464585436, 0.3244961938859303, 0.31127736151922747, 0.3288519964176255, 0.30957978239050266, 0.327329465281478, 0.31803134670603295, 0.3111515906602773, 0.3262996186843985, 0.3217936883593602, 0.3308710006150102, 0.3236802530715046, 0.3234660677863104, 0.31895212671046025, 0.3244908376106619, 0.3304563478020839, 0.3150794198304032, 0.32851093386244834, 0.3183659158739198, 0.30748611887994226, 0.32005245849495356, 0.31232534448542704, 0.2980736853910768, 0.31465322768916026, 0.3303638238323332, 0.3232456900559273, 0.31550757790401684, 0.3252565051071279, 0.3049518366312969, 0.32320581986434616, 0.31016000054698, 0.3350088656706254, 0.3170561100701781, 0.312696063366511, 0.3150267888646525, 0.3083884024606056, 0.32361814272254064, 0.3015845841301732, 0.32370523154599784, 0.31858653130337666, 0.32303121619226394, 0.30910119629609434, 0.3096930578924091, 0.3097616102922025, 0.31378716760634706, 0.3268754443905406, 0.3188829265881896, 0.3281807580062077, 0.3274849753697411, 0.2937977272270813, 0.3303486976086978, 0.325415617652002, 0.312523087973561, 0.3076374867689229, 0.30625336277109927, 0.3136237954579775, 0.3183824794849017, 0.32721919564434687, 0.3169265045199565, 0.3085044618203321, 0.31629106107623706, 0.31591514544852894, 0.3217454506300752, 0.31887641731049343, 0.3254325888383487, 0.317435538570761, 0.316101650753261, 0.32971292226211024, 0.29959011781773137, 0.31057356976351747, 0.326498282503066, 0.3030834125201547, 0.3285560693349745, 0.3164226818421898, 0.33103458995411916, 0.31836487870713137, 0.3249683732659523, 0.33515601587857047, 0.318695954665964, 0.3041001862293464, 0.31614225134335316, 0.31114730039019345], [0.3183503787869526, 0.32019021789899016, 0.3189537509823488, 0.3203793602438143, 0.3150446388685162, 0.3352130197983276, 0.33268414173701566, 0.33161208391241015, 0.33876649933258185, 0.3299088268723067, 0.3193129006576898, 0.31458072748835475, 0.31876663708962893, 0.0, 0.31056192104690394, 0.3120940040239413, 0.317463144173848, 0.3267833161961744, 0.30623147230679004, 0.33486658363277444, 0.3238075247081158, 0.3214827891343399, 0.3283378537336463, 0.3352228838446403, 0.3395323450617489, 0.32806621527133584, 0.3354429710331106, 0.3390283145988586, 0.31551129570238445, 0.3192254045227465, 0.3024579258787732, 0.30578035646454027, 0.32301235188298216, 0.28596343290048476, 0.33489040078153454, 0.3300408212537016, 0.3114331212869672, 0.3309974660090895, 0.31559628566228515, 0.3108135612013474, 0.30516153608742136, 0.3303150087589277, 0.315704352362443, 0.3246711009288812, 0.31712603757071367, 0.3241417031059437, 0.3369141135040621, 0.28872609186339115, 0.3394369551412504, 0.33661301571415225, 0.33785541364282246, 0.3329682863894363, 0.33177479934375764, 0.3272773575954806, 0.33509337944924256, 0.2951808896659365, 0.33513595643031135, 0.32468375534228966, 0.33135569439756885, 0.31277405155502147, 0.2989238469403801, 0.32109537299730095, 0.3117783856937899, 0.3190222323027494, 0.31627189667276734, 0.3362909564313412, 0.3371509594360407, 0.31977745311896255, 0.3383699857389513, 0.3158802740540554, 0.30271642120176656, 0.32449200236501174, 0.33028747537636893, 0.3240537184559209, 0.3240335817950597, 0.3448800053136096, 0.3359361722388474, 0.32923650998760046, 0.313420096031525, 0.31845802358928266, 0.3183625833768047, 0.3190857252635735, 0.3224536935078228, 0.3274479512216997, 0.33098234059922427, 0.32851823785284573, 0.3227103692465014, 0.31991018427206197, 0.3315258975515136, 0.3146974448396276, 0.3189284878752803, 0.31848030851188813, 0.32877586607346765, 0.3054530304569196, 0.35014898997172295, 0.332253212570115, 0.31853365693815716, 0.3100486942794358, 0.3247698712806797, 0.3090762300279495, 0.3168645458972119, 0.3331801529697904, 0.2992419543088696, 0.33795108989456657], [0.30313565954186794, 0.31533717329728717, 0.3319152920135424, 0.3079582457310617, 0.31563042708588807, 0.32914969129082605, 0.340011527813987, 0.31553403466960095, 0.323093309726163, 0.3354741848291507, 0.31352151511776083, 0.3185754683313766, 0.30222644985065217, 0.31056192104690394, 0.0, 0.31370575440705695, 0.3307622289299059, 0.3252798419776277, 0.32414380216388605, 0.31147980283441323, 0.322235088785207, 0.29363783745324246, 0.31354655190879077, 0.3256674018417145, 0.3102993939774954, 0.3243724764815732, 0.3119971737799794, 0.3202458285856864, 0.32206709748116125, 0.3203276841678495, 0.31097106380526807, 0.3158939855488936, 0.3245724847628615, 0.3197508776833704, 0.323749504540495, 0.3229543474678682, 0.3283549962818877, 0.32574830776780095, 0.32112125609191855, 0.3181718420256474, 0.32463937437494894, 0.3189513744223478, 0.3309088820117132, 0.31876794629641214, 0.32822196776136225, 0.3147259919100154, 0.3191452505020089, 0.3086989656148478, 0.3335292398116758, 0.30769184705217123, 0.3280642732464938, 0.31422763951540555, 0.32563699831750803, 0.34499466002682233, 0.3275752812781898, 0.34221351161843794, 0.3174291847353159, 0.3270682188811802, 0.3209347929411446, 0.3070812313289002, 0.31816697536639116, 0.32679206433573427, 0.33354530016390993, 0.3095682397309263, 0.3100857149481404, 0.3176486043232669, 0.3155798122950706, 0.3251879665642359, 0.3185709821175513, 0.3385161855762038, 0.3330908400719317, 0.33404058982131724, 0.31754192966678096, 0.3190689653930896, 0.317683761721133, 0.3013244442867766, 0.3075775047919398, 0.34309047541428606, 0.33023073220340504, 0.3088880740611757, 0.3294978891950202, 0.31734712046571056, 0.3189656876464322, 0.316719803510076, 0.3384314100222159, 0.3314855364173701, 0.32120194046791894, 0.32650195522110703, 0.33153032435016727, 0.32602054103656064, 0.3104010720499375, 0.3253129470848797, 0.32844296995403477, 0.3207806957775663, 0.3225776013019115, 0.30907663374016403, 0.3267254678314302, 0.29985368844039617, 0.3008269208280516, 0.32985513047226456, 0.3180523650087541, 0.3191994871997914, 0.3269546723984702, 0.31898524660752425], [0.3242462107104602, 0.31193115536689375, 0.31170355299402885, 0.32948914393208995, 0.32597284165376794, 0.32019617061148353, 0.3255895461834959, 0.3167635273946612, 0.29660972302558464, 0.3153226438477048, 0.32763856825978577, 0.34189096749761094, 0.31230568722135343, 0.3120940040239413, 0.31370575440705695, 0.0, 0.3198807079264463, 0.3168511771783493, 0.31701070246169216, 0.32107236224925084, 0.3003053828293054, 0.32392583272835385, 0.3173969838425543, 0.3195550389787396, 0.31748428340550006, 0.3178012396890244, 0.30835765365300527, 0.2947595360399158, 0.323190609149143, 0.32598958874617767, 0.30916171151581406, 0.3046345182742438, 0.3201768959656872, 0.32815397596279183, 0.3332698997196639, 0.32452748458507874, 0.3054813999228394, 0.340590608398057, 0.30824307090655423, 0.3218051362481995, 0.3251668577080542, 0.30532933445665233, 0.3214905582367984, 0.3242328440855655, 0.32765906919288024, 0.30406010820156193, 0.3304519658143523, 0.3244969186581763, 0.3228325180913971, 0.3448885838066773, 0.3341948101561909, 0.31149893120677996, 0.3206474154171226, 0.3236490589337817, 0.33326017825737453, 0.3239221432902568, 0.32644102055416635, 0.3167098743306209, 0.3245757805198186, 0.3144149309777069, 0.3331471094232039, 0.31908729525069734, 0.33712915364149576, 0.3236313563374402, 0.33066726814134695, 0.3127543405201956, 0.34000381406422076, 0.3218198608908913, 0.322262737807939, 0.3024260822832694, 0.3374595560692142, 0.3148961991472141, 0.3138262570725141, 0.33174064493033195, 0.3327644680900719, 0.31923789434444627, 0.32545843133532637, 0.3263587668497865, 0.3207402002174371, 0.3041324081038048, 0.305865548457666, 0.33585701745277463, 0.3094778402960947, 0.32087224029957473, 0.3370669745139445, 0.3169267604122017, 0.31408124515882174, 0.3377708688389294, 0.3199733786405847, 0.314041470184113, 0.3219635689001519, 0.32827714729396607, 0.31983426434965323, 0.3255482314413518, 0.30130568880542574, 0.30990522436503376, 0.32588883363447296, 0.3170058676335965, 0.3284817080545883, 0.3070980892216437, 0.3341368632022048, 0.316449671612409, 0.3336698982993005, 0.32501130963354674], [0.3157673326322068, 0.3197380025442085, 0.31728549580574983, 0.30907362716016906, 0.3096760720407261, 0.32234586677092936, 0.31096334932182335, 0.31839880612354077, 0.3182038308150965, 0.3192772243482125, 0.30032635952221787, 0.3125334228665475, 0.32280750623310905, 0.317463144173848, 0.3307622289299059, 0.3198807079264463, 0.0, 0.32556234496498404, 0.3223244269612906, 0.3235934665411473, 0.31835817181561277, 0.3137571088744524, 0.30640140527302684, 0.3285196644457631, 0.3254495895134155, 0.31800036354333994, 0.30946197302145495, 0.3247872739160784, 0.283785185282623, 0.32110739504262886, 0.33878452463161035, 0.31330137978516515, 0.3292156731129763, 0.3179322516645082, 0.3324987086007114, 0.3194753588146091, 0.3143383285084411, 0.3143159577156809, 0.3334669175339362, 0.321620289183431, 0.312053610688688, 0.3063649693533097, 0.31509276155847354, 0.30884285926816935, 0.3070922815328303, 0.3154921618856301, 0.3243153797879048, 0.30269729875286955, 0.334257737665717, 0.3179696651980526, 0.3269144817311367, 0.31246985762244894, 0.3042479978705208, 0.3094824270492078, 0.321398603102496, 0.33620454973804237, 0.3079584529025994, 0.3128164170488974, 0.3100374663110783, 0.31508555890890677, 0.31843356910108, 0.3169410064570679, 0.3293635962969139, 0.31396335290233957, 0.33747835683020466, 0.32528217906954016, 0.31060462545396006, 0.32554162568459155, 0.3185735976945463, 0.3251314922592685, 0.31846439190583165, 0.3200810886463392, 0.31069483738298587, 0.3128110735895484, 0.33217643691524357, 0.30508046782611387, 0.3265220425823656, 0.32623364841676383, 0.30269818102815527, 0.3201134867322486, 0.3083399869405157, 0.3175020894588714, 0.2945481846653579, 0.3316440228335962, 0.3385175905201039, 0.32866770365160036, 0.3292849091657051, 0.31463790653994295, 0.31923990474559094, 0.326663847559751, 0.3349373780741074, 0.3136885317895133, 0.320383045479923, 0.3089857679897967, 0.3209713608946114, 0.31245593613116607, 0.31928265834362857, 0.3072705565892302, 0.31076980708981683, 0.3227714358616989, 0.317625678724615, 0.3008386359445594, 0.31795286151773183, 0.3132018523258786], [0.31999755885614145, 0.3085782037836684, 0.33655524055183794, 0.3101302529571357, 0.3264076542759351, 0.29277269976742426, 0.34053895729490313, 0.30369489485311885, 0.3190359094120745, 0.32928539152664116, 0.32783448493742195, 0.3142775650333305, 0.3238608776663301, 0.3267833161961744, 0.3252798419776277, 0.3168511771783493, 0.32556234496498404, 0.0, 0.3148473533518876, 0.3099062604470275, 0.32918403389673867, 0.32269071631445034, 0.32295008644157774, 0.29253644024482583, 0.3190460847639467, 0.321944287940499, 0.30331567562181516, 0.31341796920708287, 0.31123044269295286, 0.32569868954503534, 0.3162957753621112, 0.3387620770747204, 0.3180049216741603, 0.3147869059059336, 0.2743924195185454, 0.3167963101625231, 0.3142120830365933, 0.31835731762015373, 0.2902253556901224, 0.3276968875318227, 0.3262013055675652, 0.3334413509638774, 0.32606830498424455, 0.3221773269006889, 0.32213074958264376, 0.3172863396338108, 0.3008102122715193, 0.32660144927034884, 0.3267664981866152, 0.316430870400201, 0.32940048335467487, 0.2989266936952195, 0.3391640504892448, 0.3393572974817707, 0.30429352644034124, 0.31997027293408387, 0.31064887572459643, 0.3164882450858262, 0.3228596474856593, 0.30864680966302593, 0.31495893593554936, 0.32384680691723533, 0.3219235469002819, 0.33420184539538944, 0.3315822724126367, 0.27854054789624305, 0.31470885417023453, 0.32810068100214096, 0.33056650169293333, 0.345372774535033, 0.3320022790448067, 0.3265697560270957, 0.32171213990437675, 0.31837466477122844, 0.33090038539409616, 0.32837181580799, 0.32502816089510467, 0.33957282736516414, 0.3347054763712918, 0.31823628386026503, 0.1368571008567565, 0.33757416443837407, 0.3386869461493238, 0.33886467982249524, 0.33340000703948025, 0.31747779338331816, 0.3121947950623669, 0.3150771511738413, 0.30777534727873634, 0.29078944340867174, 0.3200136483542064, 0.31336906186658187, 0.3116253484161362, 0.32589740023983294, 0.31437390025265444, 0.25102129662808315, 0.32918245289642734, 0.31394576624579007, 0.30983589136987044, 0.3208002537106085, 0.2976557090533234, 0.3109666872687895, 0.33901825922869055, 0.30649224486471294], [0.3278931770790292, 0.32452215678849416, 0.2896123518039859, 0.3020934603663852, 0.31760815880898385, 0.3274385517964564, 0.3310115539113405, 0.32668594873582024, 0.2998304398057443, 0.3302843431743243, 0.30533209453705545, 0.313628291838266, 0.3088854744976026, 0.30623147230679004, 0.32414380216388605, 0.31701070246169216, 0.3223244269612906, 0.3148473533518876, 0.0, 0.3172980521827735, 0.3348686864155246, 0.32621918933533745, 0.32440704990610425, 0.3224518338575506, 0.3046080682425698, 0.32211353113849883, 0.3112584184228866, 0.31794014184749697, 0.3325812790841747, 0.3137295556716002, 0.3155017088561243, 0.31221458294326143, 0.33365880825373395, 0.3264349310778907, 0.3190120619979211, 0.30835746270504827, 0.29709450528548786, 0.3240034806179066, 0.31829757706332007, 0.29430805538953075, 0.3080681375621164, 0.3073474057614083, 0.3090929198147252, 0.32861499256611126, 0.33539312794758436, 0.33227152143242433, 0.3254122427386985, 0.32317249750846555, 0.3229041140732327, 0.32476661051548783, 0.3223992122984203, 0.31257833488305864, 0.3134540910947363, 0.3386157770112048, 0.30672032855077913, 0.30540608200255526, 0.33054967805843694, 0.33054850946184855, 0.3199634774965927, 0.3175494201790787, 0.30850073274203016, 0.30857692668210523, 0.31850113161933313, 0.30777537615595674, 0.31479869675145045, 0.3139845534647687, 0.3182798748223281, 0.32476807615198666, 0.3036554899266346, 0.32668067845670046, 0.3257200470712871, 0.3098643477464591, 0.32103565160686154, 0.3329935897740035, 0.32212211543065705, 0.31400187129278034, 0.3238157969440165, 0.3284745616907154, 0.31722964671173814, 0.31712594051225085, 0.31686437217602204, 0.3048291788278845, 0.32026046770342265, 0.32317178449525175, 0.3112538526763271, 0.32379221729178664, 0.33183136870859586, 0.303211032768834, 0.30822469358163884, 0.3236711888414858, 0.3174465195751297, 0.3311979615956038, 0.3214944252857608, 0.3238606078675794, 0.32585686549270565, 0.31986867251231454, 0.32324334851122827, 0.30649947549568024, 0.33052252600146526, 0.33066909682805656, 0.31918255696298736, 0.3206013977427187, 0.3164150010236475, 0.304910431376879