[[0.9999999999999999, 0.9934580201926373, 0.9977138577327589, 0.9959214485403329, 0.9853175336306929, 0.9957418939676153, 0.9966627064616151, 0.9824577109375423, 0.9760673307718759, 0.9980110153762142, 0.997517026832141, 0.9974381631593173, 0.9975289128202802, 0.9753612016908068, 0.997473737931538, 0.9984440853302968, 0.9972352269720909, 0.9975564568725829, 0.9967790301595992, 0.9952830334898968, 0.9974048783773541, 0.9908413681933637, 0.9994099802029729, 0.9962354753785465, 0.9952243422616724, 0.9930795035983437, 0.9958296844546457, 0.9881954077288638, 0.9987409900817695, 0.9845200445513029, 0.9980281462433127, 0.9894219091181318, 0.9971615160787828, 0.9923254463627625, 0.9984722282765467, 0.983543518764378, 0.9918074215631131, 0.9838551333341338, 0.9958867222640336, 0.9665397070113599, 0.9970914388130717, 0.9998284244043828, 0.9971120686056655, 0.9283057017261017], [0.9934580201926373, 1.0, 0.9912355607312154, 0.9929426217681819, 0.9829736262144371, 0.989755205845878, 0.9845590602810131, 0.9776064495158375, 0.9854816462741834, 0.9927923917864554, 0.9922603361680377, 0.9932852238754677, 0.9928562027220121, 0.9749815326994201, 0.9933924568131589, 0.9927479745113671, 0.9919612474080137, 0.9931693615138834, 0.9902082901840177, 0.9936877720856775, 0.9930940180734981, 0.9915720666459832, 0.9945414323467026, 0.9847506041535777, 0.9894062211376157, 0.9896691692707957, 0.989814460056783, 0.9715823781317624, 0.9927734228219982, 0.9844254576404688, 0.9924557304606404, 0.9823467806976145, 0.9906904631376761, 0.9837846778326466, 0.9924057022839848, 0.9805067989588593, 0.9885469309949275, 0.9727192458609807, 0.9896926575686225, 0.9587567836942634, 0.993188036122058, 0.9925271773731048, 0.993970613991174, 0.9448296471311511], [0.9977138577327589, 0.9912355607312154, 1.0, 0.9974059907150862, 0.9822581349082362, 0.9913436758572627, 0.9934025753402711, 0.9770101726473859, 0.9784704667373798, 0.9987988110444997, 0.999583881641043, 0.999424301768508, 0.9995444360436804, 0.9711645318537975, 0.9995980367918144, 0.9989848900620535, 0.9991238293887168, 0.9980522579099872, 0.9992342197603816, 0.9933462957607476, 0.9994594100604864, 0.9877019769028507, 0.9977594895059274, 0.9974447575897473, 0.9984201756856468, 0.9908967888343554, 0.9968296956461453, 0.9898715052697432, 0.9975525306350983, 0.9837600593235123, 0.998722533833898, 0.9842991690286959, 0.9996809530098757, 0.9949502974123022, 0.9990386018658034, 0.9788219766257666, 0.9967744984254442, 0.9881299602780321, 0.9986631628545299, 0.9625491245882976, 0.9989586527298597, 0.9977916386766322, 0.996253699692128, 0.9192576969230614], [0.9959214485403329, 0.9929426217681819, 0.9974059907150862, 1.0000000000000002, 0.9844141507723152, 0.9924308759954058, 0.9903321589500228, 0.9849808992027339, 0.9865386204841898, 0.9964881271332179, 0.9971542425553442, 0.997928249813952, 0.9974225966392832, 0.978043177171802, 0.9983150438204199, 0.9975998832794298, 0.9985178882638918, 0.9985194880211394, 0.9954767181232134, 0.9965728412764278, 0.9972790060220281, 0.9897038131337611, 0.9952107101036759, 0.993927316581225, 0.997756255631794, 0.995031899806491, 0.9955074186920361, 0.9852822478656048, 0.9947340067209512, 0.992907300652673, 0.9978699020571284, 0.987911734129824, 0.9968812758839373, 0.9959033295551293, 0.9975878130916496, 0.9860251372675681, 0.9929301091923978, 0.978216294149129, 0.9941870485907391, 0.9724986347288005, 0.9988092158964864, 0.9958069582211362, 0.9948373794218656, 0.9327999893822435], [0.9853175336306929, 0.9829736262144371, 0.9822581349082362, 0.9844141507723152, 1.0000000000000002, 0.9893162537343986, 0.9850636246351727, 0.9875799048774474, 0.9867822747649238, 0.9862663012220133, 0.9805248107515574, 0.9814637642978716, 0.9815930737706101, 0.9900165719021198, 0.9842502886955563, 0.9867268327516829, 0.985528508057834, 0.9868044624351062, 0.9775017947244643, 0.9900446167649095, 0.9812150121713794, 0.9949954780068081, 0.9868910518541718, 0.979823203075899, 0.9787420811114697, 0.9927418788356573, 0.9900231847772876, 0.9586715343312339, 0.9881257369856751, 0.9812054961992079, 0.987812742269838, 0.9743228997614314, 0.9789325441520274, 0.9745326889554378, 0.9862937080837806, 0.9858931517047578, 0.9778859884917313, 0.9465906278984643, 0.9746667731751042, 0.9832723156122711, 0.9859489163925377, 0.986142650030242, 0.9891584913855936, 0.9368829083201677], [0.9957418939676153, 0.989755205845878, 0.9913436758572627, 0.9924308759954058, 0.9893162537343986, 0.9999999999999999, 0.9953487343441968, 0.9919123173032984, 0.9768390568035199, 0.9940769702640712, 0.9903854271657077, 0.9905687102235352, 0.9908089139533638, 0.9872010597322022, 0.9915233459548599, 0.9948320622404413, 0.9930284551357402, 0.9954753276334519, 0.9887495487716956, 0.9928319604180038, 0.9904385948928117, 0.9926805249966432, 0.9951299842067592, 0.9920461368085391, 0.9881714242734594, 0.9951779143181135, 0.994363998413794, 0.9829051371023676, 0.9939441995873101, 0.9887731154956867, 0.9946218142902571, 0.9926639663133028, 0.9896433448608911, 0.9902233100734207, 0.9948806475944878, 0.9906752382562091, 0.9809906640251175, 0.9693958805308799, 0.9869569072103802, 0.9724470770296261, 0.9929316975297208, 0.9957586201362089, 0.9914584342485411, 0.9454020702822459], [0.9966627064616151, 0.9845590602810131, 0.9934025753402711, 0.9903321589500228, 0.9850636246351727, 0.9953487343441968, 1.0000000000000004, 0.9830413882020818, 0.9674754001900514, 0.9940962927117466, 0.9919748618961063, 0.9914993967561657, 0.991791608870937, 0.9739007143854979, 0.9922946195109533, 0.9951012777360252, 0.9924222566665266, 0.9937497593879897, 0.991311218406122, 0.9908238157387285, 0.9915107939507042, 0.9879407811411902, 0.9956154541177689, 0.9961058205182725, 0.9903375124624033, 0.989676458690066, 0.9927106439415512, 0.9891823810497046, 0.9955109276938547, 0.9807628005163963, 0.9945124642718504, 0.9907570358404705, 0.9924525894993251, 0.9892590686911773, 0.9953014455752393, 0.984949318980427, 0.984659930986758, 0.9788763717030929, 0.9897302278306638, 0.9704506722871328, 0.9917028441652521, 0.9970857446363495, 0.9928449586522692, 0.9152155590127173], [0.9824577109375423, 0.9776064495158375, 0.9770101726473859, 0.9849808992027339, 0.9875799048774474, 0.9919123173032984, 0.9830413882020818, 0.9999999999999997, 0.9797452754304301, 0.9798639341940982, 0.97476021349133, 0.976354932486201, 0.97573754776079, 0.990491998479383, 0.9789808906115598, 0.9824211989197061, 0.9814484943585075, 0.9852740664079744, 0.9710884733603666, 0.9874144536902199, 0.9749986023911112, 0.9884449402177308, 0.9804328033018089, 0.977933330778664, 0.9764296969575115, 0.9933580996981306, 0.9828239569781896, 0.9656640355962777, 0.9802786383735287, 0.9932081428241929, 0.9832083236290913, 0.990469725337975, 0.9745427312650112, 0.9803527644773516, 0.9825314757502138, 0.9974979638488696, 0.9646687177595415, 0.9394935106864021, 0.9673724360962922, 0.9866005126900449, 0.9821991334468514, 0.9828102832280922, 0.9798134830607627, 0.948467691526569], [0.9760673307718759, 0.9854816462741834, 0.9784704667373798, 0.9865386204841898, 0.9867822747649238, 0.9768390568035199, 0.9674754001900514, 0.9797452754304301, 1.0, 0.9804506939193244, 0.978400193813878, 0.9809334994888107, 0.9799002830395616, 0.9805376896069071, 0.983014336890726, 0.9814121208136863, 0.9826427220001933, 0.9839176288366369, 0.9741868147527617, 0.988651645117034, 0.9797503312963671, 0.9891818221833318, 0.9781878923578168, 0.9690721379361464, 0.9794752789689486, 0.9874902479303747, 0.9821059429330787, 0.9473298292655304, 0.9789158337849729, 0.9868337741328043, 0.9831531898793351, 0.9678481612848093, 0.9763054452156256, 0.9729760082325711, 0.9809113035688174, 0.9810396460507047, 0.9796491788965425, 0.9405056668635671, 0.9718292321499122, 0.9750874953876318, 0.9846841097973743, 0.976249200238472, 0.9840194790455177, 0.9404421775813376], [0.9980110153762142, 0.9927923917864554, 0.9987988110444997, 0.9964881271332179, 0.9862663012220133, 0.9940769702640712, 0.9940962927117466, 0.9798639341940982, 0.9804506939193244, 1.0000000000000004, 0.9987651663887809, 0.9986069578936655, 0.9989220978725355, 0.9761667045877216, 0.9987559491103998, 0.9997309327659794, 0.9987486647624431, 0.9988301982272125, 0.9982423022292447, 0.9933962082399185, 0.998851888533409, 0.9909678163888892, 0.9983437923240226, 0.9966276941440771, 0.9964654853341495, 0.9918078949297056, 0.9986199071874755, 0.9868624050453475, 0.9977715999340159, 0.9840729516275356, 0.9994862665217717, 0.9846743548905976, 0.9980694652823424, 0.9936623476848956, 0.9996560946165436, 0.9804007104852069, 0.9950253355068888, 0.9850377497042876, 0.9975340492112778, 0.9633647514656559, 0.9986197104006955, 0.9980659169755747, 0.9962987652686397, 0.9289416295393939], [0.997517026832141, 0.9922603361680377, 0.999583881641043, 0.9971542425553442, 0.9805248107515574, 0.9903854271657077, 0.9919748618961063, 0.97476021349133, 0.978400193813878, 0.9987651663887809, 1.0000000000000002, 0.9998399597761449, 0.9999566875991875, 0.9692822166696944, 0.9993954648672148, 0.9987589698034518, 0.9989201814852362, 0.9980051293895339, 0.9996901974952698, 0.993341372581001, 0.9999444886461619, 0.9871529006448366, 0.9976451016398155, 0.9958807013143557, 0.9985054169748137, 0.9900980464106719, 0.9962402488436667, 0.9881989506131028, 0.9973327844501522, 0.9826642274147327, 0.9985522938922686, 0.9829495271051097, 0.9994525535123655, 0.9943230124481596, 0.9987553610456367, 0.9764161243135338, 0.997266547353957, 0.9889469496264047, 0.9993028780034885, 0.9599432157939782, 0.9988132030577079, 0.9974771987642745, 0.996227797140198, 0.9202866359647447], [0.9974381631593173, 0.9932852238754677, 0.999424301768508, 0.997928249813952, 0.9814637642978716, 0.9905687102235352, 0.9914993967561657, 0.976354932486201, 0.9809334994888107, 0.9986069578936655, 0.9998399597761449, 1.0, 0.9998906242187955, 0.9707851143661748, 0.9995663048730682, 0.9987710306080284, 0.9989463892626348, 0.9982764027499551, 0.9992622412809853, 0.9944725749275629, 0.9998782899271608, 0.9884280640376323, 0.9975722177171408, 0.9952150792503043, 0.9985888078304167, 0.9911402080945546, 0.9961292954794599, 0.9871329597600722, 0.9972613791460971, 0.9847691824002834, 0.9986661811304578, 0.9837398183911051, 0.9992801652312973, 0.9942734457586764, 0.9987363048257835, 0.978207916435494, 0.9972272599695995, 0.987128133902511, 0.9987278301950343, 0.9621298771141854, 0.9990920906671864, 0.9973151878385957, 0.9966288009996889, 0.9230286416127933], [0.9975289128202802, 0.9928562027220121, 0.9995444360436804, 0.9974225966392832, 0.9815930737706101, 0.9908089139533638, 0.991791608870937, 0.97573754776079, 0.9799002830395616, 0.9989220978725355, 0.9999566875991875, 0.9998906242187955, 1.0, 0.9708304108763074, 0.9995123046746106, 0.9988901208188271, 0.9990879714568747, 0.9982400212233474, 0.9995469739877195, 0.9938697202901328, 0.9999695813753466, 0.98816981227516, 0.9978108370237188, 0.9955578074298223, 0.9984261984466822, 0.9908391662326959, 0.9966031094116077, 0.9872521677378183, 0.9975141234343972, 0.9833863270559373, 0.9987455170364794, 0.9830386003646974, 0.9992964813626596, 0.994159336667844, 0.9988662706475331, 0.9772459003093243, 0.9973323079073734, 0.9878857784453656, 0.9990956524144256, 0.9608427785436096, 0.9990696485617462, 0.9975185955774324, 0.9965717514114703, 0.922303430377203], [0.9753612016908068, 0.9749815326994201, 0.9711645318537975, 0.978043177171802, 0.9900165719021198, 0.9872010597322022, 0.9739007143854979, 0.990491998479383, 0.9805376896069071, 0.9761667045877216, 0.9692822166696944, 0.9707851143661748, 0.9708304108763074, 1.0000000000000002, 0.9730807369955954, 0.9769277545470795, 0.977521566274809, 0.9799373433109145, 0.9659791380701709, 0.9805420278539932, 0.9700826087157354, 0.9867657616240634, 0.9763621748827929, 0.9693200608268056, 0.967814063593159, 0.9901855868407028, 0.9825131884339281, 0.9518172195945941, 0.9760302520800966, 0.9837342829791308, 0.9781540137984035, 0.9724743859243437, 0.9670839838049621, 0.9717878990181831, 0.9765159767202487, 0.984846455796078, 0.9605902780466961, 0.9313400879345403, 0.9623904062542961, 0.9745028806699361, 0.9780954206862363, 0.9760703924066716, 0.9749142998494907, 0.9556760227432416], [0.997473737931538, 0.9933924568131589, 0.9995980367918144, 0.9983150438204199, 0.9842502886955563, 0.9915233459548599, 0.9922946195109533, 0.9789808906115598, 0.983014336890726, 0.9987559491103998, 0.9993954648672148, 0.9995663048730682, 0.9995123046746106, 0.9730807369955954, 0.9999999999999994, 0.999012967568089, 0.9992059714221845, 0.9985687261352253, 0.9985451658939908, 0.9951217471609438, 0.9994811206479662, 0.9898336132156842, 0.9977420691757166, 0.9959733603528435, 0.9985224504301131, 0.992313613678775, 0.9968280226811167, 0.9869253123271681, 0.9974589550997187, 0.9862316329100628, 0.9989166275565127, 0.9847972745662431, 0.9992750435886245, 0.9944856985346149, 0.9989926971552087, 0.9810764486987372, 0.9971839806867588, 0.9850963167686577, 0.9977982881360139, 0.9654355484377363, 0.9994200843828027, 0.9974671815435934, 0.9970706387299719, 0.9245691947194054], [0.9984440853302968, 0.9927479745113671, 0.9989848900620535, 0.9975998832794298, 0.9867268327516829, 0.9948320622404413, 0.9951012777360252, 0.9824211989197061, 0.9814121208136863, 0.9997309327659794, 0.9987589698034518, 0.9987710306080284, 0.9988901208188271, 0.9769277545470795, 0.999012967568089, 0.9999999999999999, 0.999002983893172, 0.9993421770149422, 0.9979672593016004, 0.9948740655292189, 0.9987726043935198, 0.9916033375915512, 0.998304806638272, 0.9972044363671776, 0.9971731766966483, 0.9931057568843628, 0.9983538406056871, 0.9880055379993605, 0.9979100034521045, 0.986753447418376, 0.999807209192347, 0.9873289753784419, 0.9983073801002568, 0.9947772830045382, 0.9999618774693476, 0.9833287067800157, 0.9945593654073441, 0.9839140437232547, 0.9970428149082151, 0.9675198712040372, 0.9989009508431755, 0.9985169432413099, 0.9966376368094628, 0.9286897967701824], [0.9972352269720909, 0.9919612474080137, 0.9991238293887168, 0.9985178882638918, 0.985528508057834, 0.9930284551357402, 0.9924222566665266, 0.9814484943585075, 0.9826427220001933, 0.9987486647624431, 0.9989201814852362, 0.9989463892626348, 0.9990879714568747, 0.977521566274809, 0.9992059714221845, 0.999002983893172, 1.0000000000000007, 0.998941426080347, 0.9980805092695243, 0.9947291099250201, 0.9989464642599248, 0.9893112706244244, 0.9971287420425377, 0.99613057963672, 0.9983683051257011, 0.9942400126690308, 0.998202608951595, 0.9869582406876699, 0.9968918105461735, 0.9872760319528275, 0.9991405063772453, 0.9845641267767903, 0.9983157586014447, 0.995846787465602, 0.9989652729260268, 0.9815100605827135, 0.995262658440027, 0.9835128285811984, 0.997125024368821, 0.9674958527052782, 0.9997018157469582, 0.9974047180398347, 0.995762101989407, 0.9275681982442132], [0.9975564568725829, 0.9931693615138834, 0.9980522579099872, 0.9985194880211394, 0.9868044624351062, 0.9954753276334519, 0.9937497593879897, 0.9852740664079744, 0.9839176288366369, 0.9988301982272125, 0.9980051293895339, 0.9982764027499551, 0.9982400212233474, 0.9799373433109145, 0.9985687261352253, 0.9993421770149422, 0.998941426080347, 0.9999999999999998, 0.996758748901894, 0.9956957057310922, 0.9981118315231948, 0.9919283261537295, 0.9972803504522463, 0.9957348165874449, 0.9971932703425596, 0.9947737577369816, 0.997790209309323, 0.986864933731588, 0.9967315393643685, 0.9905403985062065, 0.9992908371188176, 0.9889541150407825, 0.9971993434745052, 0.9961621678165141, 0.9992899209558607, 0.9859364932726354, 0.9931467291779366, 0.980672042156684, 0.9955284564101726, 0.9703217832784169, 0.9991699741424603, 0.997546789104935, 0.9957400961668175, 0.9342672978095174], [0.9967790301595992, 0.9902082901840177, 0.9992342197603816, 0.9954767181232134, 0.9775017947244643, 0.9887495487716956, 0.991311218406122, 0.9710884733603666, 0.9741868147527617, 0.9982423022292447, 0.9996901974952698, 0.9992622412809853, 0.9995469739877195, 0.9659791380701709, 0.9985451658939908, 0.9979672593016004, 0.9980805092695243, 0.996758748901894, 0.9999999999999998, 0.990769716594627, 0.999520767192318, 0.9847522333636457, 0.9969651906509465, 0.9958474331052414, 0.997808062383809, 0.9876191917874448, 0.9956025236692192, 0.989132006202938, 0.9965994733182756, 0.9792116316860348, 0.9975481716230602, 0.9807475052478709, 0.9992417484105103, 0.9935253304704484, 0.9979966957465354, 0.9726429474382217, 0.9970378809690645, 0.9914373920622346, 0.9997456326506248, 0.9547029862872178, 0.9977874523576157, 0.9968162418765409, 0.9948969452037705, 0.9156843275469113], [0.9952830334898968, 0.9936877720856775, 0.9933462957607476, 0.9965728412764278, 0.9900446167649095, 0.9928319604180038, 0.9908238157387285, 0.9874144536902199, 0.988651645117034, 0.9933962082399185, 0.993341372581001, 0.9944725749275629, 0.9938697202901328, 0.9805420278539932, 0.9951217471609438, 0.9948740655292189, 0.9947291099250201, 0.9956957057310922, 0.990769716594627, 0.9999999999999997, 0.9936435040455788, 0.9945705181951637, 0.9952419193471322, 0.9884623744786625, 0.9929120118535018, 0.9967067680898871, 0.9922453486570549, 0.9757317072291305, 0.9956084254475476, 0.9908134389500514, 0.9955073863059709, 0.987656608760811, 0.9922012504967634, 0.9883873427544527, 0.9947146648061663, 0.9890779333103901, 0.9896913605710884, 0.9679617658091368, 0.9889348966623834, 0.9807285234852182, 0.995427506808734, 0.9953882827342677, 0.9972432147425281, 0.9335183037545587], [0.9974048783773541, 0.9930940180734981, 0.9994594100604864, 0.9972790060220281, 0.9812150121713794, 0.9904385948928117, 0.9915107939507042, 0.9749986023911112, 0.9797503312963671, 0.998851888533409, 0.9999444886461619, 0.9998782899271608, 0.9999695813753466, 0.9700826087157354, 0.9994811206479662, 0.9987726043935198, 0.9989464642599248, 0.9981118315231948, 0.999520767192318, 0.9936435040455788, 1.0, 0.9878463969674961, 0.9977193921782638, 0.995387572883509, 0.9984015613148195, 0.9903803326752568, 0.9963994241429782, 0.9870537508827976, 0.9973161883587195, 0.9830420383702438, 0.9985806011292796, 0.9826589818297894, 0.9992761351273536, 0.9939604896727602, 0.9987283469831237, 0.9767187384451737, 0.997429460974643, 0.9882250586351513, 0.9991366278575562, 0.9600496487276388, 0.998935438665729, 0.9973363491270931, 0.9964479575999272, 0.922162984297731], [0.9908413681933637, 0.9915720666459832, 0.9877019769028507, 0.9897038131337611, 0.9949954780068081, 0.9926805249966432, 0.9879407811411902, 0.9884449402177308, 0.9891818221833318, 0.9909678163888892, 0.9871529006448366, 0.9884280640376323, 0.98816981227516, 0.9867657616240634, 0.9898336132156842, 0.9916033375915512, 0.9893112706244244, 0.9919283261537295, 0.9847522333636457, 0.9945705181951637, 0.9878463969674961, 1.0000000000000004, 0.9924634013099177, 0.9831042298858941, 0.9850371105140152, 0.9943365370425944, 0.9914247716543637, 0.9654847495406774, 0.9931830191313895, 0.9867083542891297, 0.9918977475023758, 0.9836448540279763, 0.985591325008985, 0.9793770649959981, 0.9913363689284395, 0.9899400015443893, 0.9844294629516155, 0.9572693720157437, 0.9823725332543845, 0.9771915260261155, 0.9906930776462118, 0.991320134843149, 0.9942491249025555, 0.9418209691487078], [0.9994099802029729, 0.9945414323467026, 0.9977594895059274, 0.9952107101036759, 0.9868910518541718, 0.9951299842067592, 0.9956154541177689, 0.9804328033018089, 0.9781878923578168, 0.9983437923240226, 0.9976451016398155, 0.9975722177171408, 0.9978108370237188, 0.9763621748827929, 0.9977420691757166, 0.998304806638272, 0.9971287420425377, 0.9972803504522463, 0.9969651906509465, 0.9952419193471322, 0.9977193921782638, 0.9924634013099177, 1.0000000000000002, 0.9950041381893486, 0.9946518341423867, 0.9928039858293094, 0.996267846963836, 0.9852430259866068, 0.999440223785242, 0.9826650925136563, 0.9979087070678536, 0.9865392718991922, 0.9970196947920973, 0.9903775863326489, 0.9982484798442707, 0.9819147662908377, 0.9934425616529469, 0.9833005795955312, 0.9961766751041006, 0.9642715036973434, 0.9971897937945525, 0.9993962491084318, 0.9981994683875685, 0.9289618805137402], [0.9962354753785465, 0.9847506041535777, 0.9974447575897473, 0.993927316581225, 0.979823203075899, 0.9920461368085391, 0.9961058205182725, 0.977933330778664, 0.9690721379361464, 0.9966276941440771, 0.9958807013143557, 0.9952150792503043, 0.9955578074298223, 0.9693200608268056, 0.9959733603528435, 0.9972044363671776, 0.99613057963672, 0.9957348165874449, 0.9958474331052414, 0.9884623744786625, 0.995387572883509, 0.9831042298858941, 0.9950041381893486, 0.9999999999999998, 0.9948506510723303, 0.9872411921656871, 0.9951504434247449, 0.9948002225862704, 0.9943601268919405, 0.9813813994448265, 0.9964981755759921, 0.9867206929690101, 0.9970086361827616, 0.9950738559426745, 0.9974588256926564, 0.9793143051788161, 0.990044277165101, 0.9876183795942928, 0.9950513542712848, 0.9621234538424428, 0.995211327798941, 0.9964445846732278, 0.9915826785067358, 0.9123242583613246], [0.9952243422616724, 0.9894062211376157, 0.9984201756856468, 0.997756255631794, 0.9787420811114697, 0.9881714242734594, 0.9903375124624033, 0.9764296969575115, 0.9794752789689486, 0.9964654853341495, 0.9985054169748137, 0.9985888078304167, 0.9984261984466822, 0.967814063593159, 0.9985224504301131, 0.9971731766966483, 0.9983683051257011, 0.9971932703425596, 0.997808062383809, 0.9929120118535018, 0.9984015613148195, 0.9850371105140152, 0.9946518341423867, 0.9948506510723303, 0.9999999999999999, 0.9904308683007528, 0.9945837042380611, 0.9878343800125241, 0.9946570751846998, 0.9859849547870022, 0.9970907561763749, 0.9841686816457622, 0.998377033045284, 0.9950451446399998, 0.9972688215249008, 0.9789426739018755, 0.9960891300170251, 0.9859043833644727, 0.9969788342902258, 0.9648078795205848, 0.9981246748735546, 0.9953784427089618, 0.9941411910112157, 0.9159955662397502], [0.9930795035983437, 0.9896691692707957, 0.9908967888343554, 0.995031899806491, 0.9927418788356573, 0.9951779143181135, 0.989676458690066, 0.9933580996981306, 0.9874902479303747, 0.9918078949297056, 0.9900980464106719, 0.9911402080945546, 0.9908391662326959, 0.9901855868407028, 0.992313613678775, 0.9931057568843628, 0.9942400126690308, 0.9947737577369816, 0.9876191917874448, 0.9967067680898871, 0.9903803326752568, 0.9943365370425944, 0.9928039858293094, 0.9872411921656871, 0.9904308683007528, 1.0, 0.9937345382873783, 0.9744759530723174, 0.9931921100341481, 0.9928570775947771, 0.9939850474888892, 0.9874623504260345, 0.9889133555484632, 0.9889486050831139, 0.9929878631006606, 0.9916264580822131, 0.9844920469558821, 0.9615815382434226, 0.985090910047188, 0.9828325823361005, 0.9946298157556044, 0.9934552307427481, 0.9929948356598141, 0.9431131970109551], [0.9958296844546457, 0.989814460056783, 0.9968296956461453, 0.9955074186920361, 0.9900231847772876, 0.994363998413794, 0.9927106439415512, 0.9828239569781896, 0.9821059429330787, 0.9986199071874755, 0.9962402488436667, 0.9961292954794599, 0.9966031094116077, 0.9825131884339281, 0.9968280226811167, 0.9983538406056871, 0.998202608951595, 0.997790209309323, 0.9956025236692192, 0.9922453486570549, 0.9963994241429782, 0.9914247716543637, 0.996267846963836, 0.9951504434247449, 0.9945837042380611, 0.9937345382873783, 1.0000000000000004, 0.9835615296100021, 0.995923657186022, 0.9851234387400131, 0.9983745946876249, 0.9819058183635185, 0.9952993144858524, 0.9927176236736233, 0.9981670392463081, 0.9814662995900434, 0.9922414367925596, 0.9788508108241177, 0.9943092020776514, 0.9674285147906921, 0.9977636232820534, 0.9962309389202958, 0.9941502163612934, 0.9334025472814116], [0.9881954077288638, 0.9715823781317624, 0.9898715052697432, 0.9852822478656048, 0.9586715343312339, 0.9829051371023676, 0.9891823810497046, 0.9656640355962777, 0.9473298292655304, 0.9868624050453475, 0.9881989506131028, 0.9871329597600722, 0.9872521677378183, 0.9518172195945941, 0.9869253123271681, 0.9880055379993605, 0.9869582406876699, 0.986864933731588, 0.989132006202938, 0.9757317072291305, 0.9870537508827976, 0.9654847495406774, 0.9852430259866068, 0.9948002225862704, 0.9878343800125241, 0.9744759530723174, 0.9835615296100021, 1.0000000000000007, 0.9836395459807337, 0.9728982930888318, 0.9866002928028169, 0.9832293207130516, 0.9907619850602152, 0.9928460835760154, 0.9885063209868683, 0.9676012855647665, 0.9789787814480789, 0.9889495556345766, 0.9887768262216408, 0.944475167681093, 0.9857799519925462, 0.9877948190287428, 0.9781371182156442, 0.8994270920006302], [0.9987409900817695, 0.9927734228219982, 0.9975525306350983, 0.9947340067209512, 0.9881257369856751, 0.9939441995873101, 0.9955109276938547, 0.9802786383735287, 0.9789158337849729, 0.9977715999340159, 0.9973327844501522, 0.9972613791460971, 0.9975141234343972, 0.9760302520800966, 0.9974589550997187, 0.9979100034521045, 0.9968918105461735, 0.9967315393643685, 0.9965994733182756, 0.9956084254475476, 0.9973161883587195, 0.9931830191313895, 0.999440223785242, 0.9943601268919405, 0.9946570751846998, 0.9931921100341481, 0.995923657186022, 0.9836395459807337, 1.0, 0.9816469747264787, 0.9977894855000433, 0.9851965880915098, 0.9966028346868067, 0.9892859885790531, 0.9978915796674376, 0.9818404989146448, 0.9942469479170539, 0.981545591691835, 0.9956651013609982, 0.9674354742257267, 0.9970161551823055, 0.9990333596778086, 0.9988435292521194, 0.9229529965784654], [0.9845200445513029, 0.9844254576404688, 0.9837600593235123, 0.992907300652673, 0.9812054961992079, 0.9887731154956867, 0.9807628005163963, 0.9932081428241929, 0.9868337741328043, 0.9840729516275356, 0.9826642274147327, 0.9847691824002834, 0.9833863270559373, 0.9837342829791308, 0.9862316329100628, 0.986753447418376, 0.9872760319528275, 0.9905403985062065, 0.9792116316860348, 0.9908134389500514, 0.9830420383702438, 0.9867083542891297, 0.9826650925136563, 0.9813813994448265, 0.9859849547870022, 0.9928570775947771, 0.9851234387400131, 0.9728982930888318, 0.9816469747264787, 0.9999999999999997, 0.9872975162726777, 0.9900699159343594, 0.9826122111570423, 0.9886934045886456, 0.9867045357150027, 0.9941461436256197, 0.9750253038727706, 0.95251153138648, 0.976212744959273, 0.9807220686321202, 0.9885573409982079, 0.9842114007587406, 0.9826081460078809, 0.9474662406611334], [0.9980281462433127, 0.9924557304606404, 0.998722533833898, 0.9978699020571284, 0.987812742269838, 0.9946218142902571, 0.9945124642718504, 0.9832083236290913, 0.9831531898793351, 0.9994862665217717, 0.9985522938922686, 0.9986661811304578, 0.9987455170364794, 0.9781540137984035, 0.9989166275565127, 0.999807209192347, 0.9991405063772453, 0.9992908371188176, 0.9975481716230602, 0.9955073863059709, 0.9985806011292796, 0.9918977475023758, 0.9979087070678536, 0.9964981755759921, 0.9970907561763749, 0.9939850474888892, 0.9983745946876249, 0.9866002928028169, 0.9977894855000433, 0.9872975162726777, 0.9999999999999998, 0.9866841969918474, 0.9979189434443452, 0.9945500946326384, 0.999792980203598, 0.9835773579589172, 0.9945718844376474, 0.9822236635856999, 0.9965221954655731, 0.9698255266875166, 0.9990455231143873, 0.9981525202045083, 0.9968341655927428, 0.9284570394998738], [0.9894219091181318, 0.9823467806976145, 0.9842991690286959, 0.987911734129824, 0.9743228997614314, 0.9926639663133028, 0.9907570358404705, 0.990469725337975, 0.9678481612848093, 0.9846743548905976, 0.9829495271051097, 0.9837398183911051, 0.9830386003646974, 0.9724743859243437, 0.9847972745662431, 0.9873289753784419, 0.9845641267767903, 0.9889541150407825, 0.9807475052478709, 0.987656608760811, 0.9826589818297894, 0.9836448540279763, 0.9865392718991922, 0.9867206929690101, 0.9841686816457622, 0.9874623504260345, 0.9819058183635185, 0.9832293207130516, 0.9851965880915098, 0.9900699159343594, 0.9866841969918474, 1.0, 0.984044549498679, 0.9868647814629413, 0.9878097639539157, 0.9936027815707736, 0.9719119485458144, 0.9639731430590066, 0.9785054708155051, 0.9713221724001896, 0.9851437700144224, 0.9891613401348981, 0.9836679037022615, 0.9294307993889959], [0.9971615160787828, 0.9906904631376761, 0.9996809530098757, 0.9968812758839373, 0.9789325441520274, 0.9896433448608911, 0.9924525894993251, 0.9745427312650112, 0.9763054452156256, 0.9980694652823424, 0.9994525535123655, 0.9992801652312973, 0.9992964813626596, 0.9670839838049621, 0.9992750435886245, 0.9983073801002568, 0.9983157586014447, 0.9971993434745052, 0.9992417484105103, 0.9922012504967634, 0.9992761351273536, 0.985591325008985, 0.9970196947920973, 0.9970086361827616, 0.998377033045284, 0.9889133555484632, 0.9952993144858524, 0.9907619850602152, 0.9966028346868067, 0.9826122111570423, 0.9979189434443452, 0.984044549498679, 1.0, 0.994782828484166, 0.9983844674400022, 0.976948539849326, 0.9967651330783636, 0.9898027783981926, 0.9988188520690048, 0.9593971750638697, 0.9982218318424882, 0.9971070243578372, 0.995240762396454, 0.9172370002468275], [0.9923254463627625, 0.9837846778326466, 0.9949502974123022, 0.9959033295551293, 0.9745326889554378, 0.9902233100734207, 0.9892590686911773, 0.9803527644773516, 0.9729760082325711, 0.9936623476848956, 0.9943230124481596, 0.9942734457586764, 0.994159336667844, 0.9717878990181831, 0.9944856985346149, 0.9947772830045382, 0.995846787465602, 0.9961621678165141, 0.9935253304704484, 0.9883873427544527, 0.9939604896727602, 0.9793770649959981, 0.9903775863326489, 0.9950738559426745, 0.9950451446399998, 0.9889486050831139, 0.9927176236736233, 0.9928460835760154, 0.9892859885790531, 0.9886934045886456, 0.9945500946326384, 0.9868647814629413, 0.994782828484166, 1.0000000000000004, 0.9948761746956947, 0.9800941802068323, 0.9870540315032192, 0.981939410685217, 0.992361875506989, 0.9632623062091588, 0.9956317152708629, 0.9921493729820818, 0.9864155484672575, 0.9266114278263337], [0.9984722282765467, 0.9924057022839848, 0.9990386018658034, 0.9975878130916496, 0.9862937080837806, 0.9948806475944878, 0.9953014455752393, 0.9825314757502138, 0.9809113035688174, 0.9996560946165436, 0.9987553610456367, 0.9987363048257835, 0.9988662706475331, 0.9765159767202487, 0.9989926971552087, 0.9999618774693476, 0.9989652729260268, 0.9992899209558607, 0.9979966957465354, 0.9947146648061663, 0.9987283469831237, 0.9913363689284395, 0.9982484798442707, 0.9974588256926564, 0.9972688215249008, 0.9929878631006606, 0.9981670392463081, 0.9885063209868683, 0.9978915796674376, 0.9867045357150027, 0.999792980203598, 0.9878097639539157, 0.9983844674400022, 0.9948761746956947, 1.0000000000000004, 0.9835073926198188, 0.9944534029163461, 0.9842332463439681, 0.9970838565490554, 0.9675362382812921, 0.9988412027744701, 0.9985683370288677, 0.99657460554813, 0.9273441310641722], [0.983543518764378, 0.9805067989588593, 0.9788219766257666, 0.9860251372675681, 0.9858931517047578, 0.9906752382562091, 0.984949318980427, 0.9974979638488696, 0.9810396460507047, 0.9804007104852069, 0.9764161243135338, 0.978207916435494, 0.9772459003093243, 0.984846455796078, 0.9810764486987372, 0.9833287067800157, 0.9815100605827135, 0.9859364932726354, 0.9726429474382217, 0.9890779333103901, 0.9767187384451737, 0.9899400015443893, 0.9819147662908377, 0.9793143051788161, 0.9789426739018755, 0.9916264580822131, 0.9814662995900434, 0.9676012855647665, 0.9818404989146448, 0.9941461436256197, 0.9835773579589172, 0.9936027815707736, 0.976948539849326, 0.9800941802068323, 0.9835073926198188, 0.9999999999999999, 0.9681051265419691, 0.94357663502128, 0.9691467424880558, 0.9859189521830446, 0.9828200875288969, 0.9838174217440077, 0.9824856876533882, 0.9397367508922363], [0.9918074215631131, 0.9885469309949275, 0.9967744984254442, 0.9929301091923978, 0.9778859884917313, 0.9809906640251175, 0.984659930986758, 0.9646687177595415, 0.9796491788965425, 0.9950253355068888, 0.997266547353957, 0.9972272599695995, 0.9973323079073734, 0.9605902780466961, 0.9971839806867588, 0.9945593654073441, 0.995262658440027, 0.9931467291779366, 0.9970378809690645, 0.9896913605710884, 0.997429460974643, 0.9844294629516155, 0.9934425616529469, 0.990044277165101, 0.9960891300170251, 0.9844920469558821, 0.9922414367925596, 0.9789787814480789, 0.9942469479170539, 0.9750253038727706, 0.9945718844376474, 0.9719119485458144, 0.9967651330783636, 0.9870540315032192, 0.9944534029163461, 0.9681051265419691, 1.0, 0.9854621830382186, 0.996833198808492, 0.9549908048607886, 0.9956719370190468, 0.9920904332690044, 0.9948355703570674, 0.9064298131191723], [0.9838551333341338, 0.9727192458609807, 0.9881299602780321, 0.978216294149129, 0.9465906278984643, 0.9693958805308799, 0.9788763717030929, 0.9394935106864021, 0.9405056668635671, 0.9850377497042876, 0.9889469496264047, 0.987128133902511, 0.9878857784453656, 0.9313400879345403, 0.9850963167686577, 0.9839140437232547, 0.9835128285811984, 0.980672042156684, 0.9914373920622346, 0.9679617658091368, 0.9882250586351513, 0.9572693720157437, 0.9833005795955312, 0.9876183795942928, 0.9859043833644727, 0.9615815382434226, 0.9788508108241177, 0.9889495556345766, 0.981545591691835, 0.95251153138648, 0.9822236635856999, 0.9639731430590066, 0.9898027783981926, 0.981939410685217, 0.9842332463439681, 0.94357663502128, 0.9854621830382186, 1.0, 0.9929444455978307, 0.9161556448824894, 0.9822055109902346, 0.9834369418206723, 0.9774372345961013, 0.877040778018094], [0.9958867222640336, 0.9896926575686225, 0.9986631628545299, 0.9941870485907391, 0.9746667731751042, 0.9869569072103802, 0.9897302278306638, 0.9673724360962922, 0.9718292321499122, 0.9975340492112778, 0.9993028780034885, 0.9987278301950343, 0.9990956524144256, 0.9623904062542961, 0.9977982881360139, 0.9970428149082151, 0.997125024368821, 0.9955284564101726, 0.9997456326506248, 0.9889348966623834, 0.9991366278575562, 0.9823725332543845, 0.9961766751041006, 0.9950513542712848, 0.9969788342902258, 0.985090910047188, 0.9943092020776514, 0.9887768262216408, 0.9956651013609982, 0.976212744959273, 0.9965221954655731, 0.9785054708155051, 0.9988188520690048, 0.992361875506989, 0.9970838565490554, 0.9691467424880558, 0.996833198808492, 0.9929444455978307, 1.0000000000000002, 0.9499164498745637, 0.9967506572850469, 0.9957548372864163, 0.9937617282274683, 0.9135470188161772], [0.9665397070113599, 0.9587567836942634, 0.9625491245882976, 0.9724986347288005, 0.9832723156122711, 0.9724470770296261, 0.9704506722871328, 0.9866005126900449, 0.9750874953876318, 0.9633647514656559, 0.9599432157939782, 0.9621298771141854, 0.9608427785436096, 0.9745028806699361, 0.9654355484377363, 0.9675198712040372, 0.9674958527052782, 0.9703217832784169, 0.9547029862872178, 0.9807285234852182, 0.9600496487276388, 0.9771915260261155, 0.9642715036973434, 0.9621234538424428, 0.9648078795205848, 0.9828325823361005, 0.9674285147906921, 0.944475167681093, 0.9674354742257267, 0.9807220686321202, 0.9698255266875166, 0.9713221724001896, 0.9593971750638697, 0.9632623062091588, 0.9675362382812921, 0.9859189521830446, 0.9549908048607886, 0.9161556448824894, 0.9499164498745637, 0.9999999999999998, 0.968078909951527, 0.9677651045332061, 0.9706896613247497, 0.9097141127772166], [0.9970914388130717, 0.993188036122058, 0.9989586527298597, 0.9988092158964864, 0.9859489163925377, 0.9929316975297208, 0.9917028441652521, 0.9821991334468514, 0.9846841097973743, 0.9986197104006955, 0.9988132030577079, 0.9990920906671864, 0.9990696485617462, 0.9780954206862363, 0.9994200843828027, 0.9989009508431755, 0.9997018157469582, 0.9991699741424603, 0.9977874523576157, 0.995427506808734, 0.998935438665729, 0.9906930776462118, 0.9971897937945525, 0.995211327798941, 0.9981246748735546, 0.9946298157556044, 0.9977636232820534, 0.9857799519925462, 0.9970161551823055, 0.9885573409982079, 0.9990455231143873, 0.9851437700144224, 0.9982218318424882, 0.9956317152708629, 0.9988412027744701, 0.9828200875288969, 0.9956719370190468, 0.9822055109902346, 0.9967506572850469, 0.968078909951527, 1.0, 0.9971342323398762, 0.9962080960917749, 0.9302061144300159], [0.9998284244043828, 0.9925271773731048, 0.9977916386766322, 0.9958069582211362, 0.986142650030242, 0.9957586201362089, 0.9970857446363495, 0.9828102832280922, 0.976249200238472, 0.9980659169755747, 0.9974771987642745, 0.9973151878385957, 0.9975185955774324, 0.9760703924066716, 0.9974671815435934, 0.9985169432413099, 0.9974047180398347, 0.997546789104935, 0.9968162418765409, 0.9953882827342677, 0.9973363491270931, 0.991320134843149, 0.9993962491084318, 0.9964445846732278, 0.9953784427089618, 0.9934552307427481, 0.9962309389202958, 0.9877948190287428, 0.9990333596778086, 0.9842114007587406, 0.9981525202045083, 0.9891613401348981, 0.9971070243578372, 0.9921493729820818, 0.9985683370288677, 0.9838174217440077, 0.9920904332690044, 0.9834369418206723, 0.9957548372864163, 0.9677651045332061, 0.9971342323398762, 0.9999999999999998, 0.9974265496009231, 0.9256493205979152], [0.9971120686056655, 0.993970613991174, 0.996253699692128, 0.9948373794218656, 0.9891584913855936, 0.9914584342485411, 0.9928449586522692, 0.9798134830607627, 0.9840194790455177, 0.9962987652686397, 0.996227797140198, 0.9966288009996889, 0.9965717514114703, 0.9749142998494907, 0.9970706387299719, 0.9966376368094628, 0.995762101989407, 0.9957400961668175, 0.9948969452037705, 0.9972432147425281, 0.9964479575999272, 0.9942491249025555, 0.9981994683875685, 0.9915826785067358, 0.9941411910112157, 0.9929948356598141, 0.9941502163612934, 0.9781371182156442, 0.9988435292521194, 0.9826081460078809, 0.9968341655927428, 0.9836679037022615, 0.995240762396454, 0.9864155484672575, 0.99657460554813, 0.9824856876533882, 0.9948355703570674, 0.9774372345961013, 0.9937617282274683, 0.9706896613247497, 0.9962080960917749, 0.9974265496009231, 0.9999999999999997, 0.9207489559345143], [0.9283057017261017, 0.9448296471311511, 0.9192576969230614, 0.9327999893822435, 0.9368829083201677, 0.9454020702822459, 0.9152155590127173, 0.948467691526569, 0.9404421775813376, 0.9289416295393939, 0.9202866359647447, 0.9230286416127933, 0.922303430377203, 0.9556760227432416, 0.9245691947194054, 0.9286897967701824, 0.9275681982442132, 0.9342672978095174, 0.9156843275469113, 0.9335183037545587, 0.922162984297731, 0.9418209691487078, 0.9289618805137402, 0.9123242583613246, 0.9159955662397502, 0.9431131970109551, 0.9334025472814116, 0.8994270920006302, 0.9229529965784654, 0.9474662406611334, 0.9284570394998738, 0.9294307993889959, 0.9172370002468275, 0.9266114278263337, 0.9273441310641722, 0.9397367508922363, 0.9064298131191723, 0.877040778018094, 0.9135470188161772, 0.9097141127772166, 0.9302061144300159, 0.9256493205979152, 0.9207489559345143, 1.0]]