[[0.0, 4.08204490997894, 1.4196045224238536, 1.6967484967417208, 3.6172953926950213, 1.814117826837419, 2.258206617717658, 3.7061134438184293, 5.9935057938280325, 1.1972646906254791, 1.5127685081479283, 1.515602941003432, 1.6278204654952242, 5.713449408377295, 1.4564158005412173, 1.2870697058642686, 1.433539769200629, 1.3138306558509927, 1.5062485876784486, 1.9642885648513515, 1.5334780874264742, 3.3762516249814563, 0.7659297071955303, 1.9657493911579083, 3.4959166199008957, 3.3007891632309585, 1.8971726521628387, 4.9358949168903035, 0.9711735542714677, 3.3092464632362977, 1.1832444687839359, 4.065833220054873, 1.5499734910794647, 7.426300714202805, 1.2650098856645915, 3.4983297467379093, 4.509486780587856, 5.0207626085500845, 1.9594620125614937, 5.864573369678023, 1.5043550091630897, 0.5279779970343884, 1.8548497136819275, 10.80835393254085], [4.08204490997894, 0.0, 4.764854389751218, 4.126068948026901, 3.3785293573457342, 3.807661638449957, 3.3938270043991703, 3.993708700961581, 2.772445703428837, 4.2547138508482165, 4.787959396785613, 4.692551729180069, 4.954484219143248, 3.4016987975190576, 4.577677801471726, 4.786814040055308, 4.43177849580462, 4.001922979867041, 4.251025145289066, 3.337113592690535, 4.724182446748504, 2.371037152970048, 4.377579108611425, 3.745783915038682, 2.3102128896409, 2.470419657818387, 3.5835792231383663, 3.600332004267256, 4.320772680737315, 4.170262799428756, 4.209041300425368, 2.913669033632315, 3.6841947339489876, 4.321904771895858, 4.785597977468369, 4.045823022187499, 2.3006541361614086, 3.52296490483503, 3.4699882578972283, 4.323470895106691, 4.4724037195255, 4.502414341972079, 2.9602876297309164, 7.168757559598536], [1.4196045224238536, 4.764854389751218, 3.371747880871523e-07, 1.493172529105215, 4.2469403335726295, 2.750656413805338, 3.1167168289320117, 4.462251364418998, 6.411263606355163, 1.0418675209216475, 0.5682241880813252, 0.6612188895152608, 0.6679185618748459, 6.400578006407425, 0.5514218026231685, 0.8848442778075937, 0.864743776071063, 1.3802785111307996, 0.9908173815553625, 2.5754951313744314, 0.64360313056178, 4.094831911042689, 1.3045985467375607, 2.2042870141128077, 3.788319117900548, 3.9768081072915984, 2.098668420487618, 5.384347364900586, 1.3951471355534208, 3.593871877714474, 1.1010323257571757, 4.897061512017017, 1.3652512588566685, 7.93492524657112, 0.8578643656209757, 4.18721017185035, 4.763404052609183, 5.3085111324043615, 1.900756778269172, 6.506314586412819, 0.8991676273591737, 1.296336815718836, 2.430153866649782, 11.51308524910542], [1.6967484967417208, 4.126068948026901, 1.493172529105215, 0.0, 3.7008484795667864, 2.35872167463474, 3.0316596392787916, 3.4833818794144435, 5.525205020074165, 1.5857593859551926, 1.5944867195613268, 1.388599622328382, 1.647106815284563, 5.59284747306631, 1.2253824710304697, 1.5042662296564442, 1.0641534279611247, 1.0263329229401599, 1.7853185393102537, 1.7333295274052305, 1.5595964721543865, 3.485083894609816, 1.8992463136602475, 2.3268647561073177, 3.2837756189164033, 3.12344246207579, 1.95795291459131, 5.102554867669185, 1.9493878446965167, 2.2903556933126015, 1.2295272693676986, 4.180420457379548, 1.6144638657213737, 7.329719116658299, 1.4951967597527627, 3.2590210663783608, 4.448039089013149, 5.330226620411712, 2.23443342410286, 5.581926462616992, 1.0089223388641866, 1.7804103359483132, 2.227913553781629, 10.745014656952875], [3.6172953926950213, 3.3785293573457342, 4.2469403335726295, 3.7008484795667864, 0.0, 2.8802290638543195, 2.937890695849881, 2.715850293360576, 3.812438883066476, 3.6217130569092, 4.440616373188865, 4.347794908121334, 4.512180287325669, 3.289612444377401, 4.052699250315548, 3.979333652099982, 3.7729760773694996, 3.416566864061818, 4.21316991323188, 2.699993001596092, 4.380667312575807, 1.7213871022689706, 3.7410809726964938, 3.544815893540235, 3.5345820354674857, 2.088445607490489, 2.6693888205788063, 5.045038583695473, 3.5021717366282403, 3.6373456115901357, 3.4334158918324205, 3.880650207465068, 3.798011701239408, 6.1216925412493195, 3.9974180725475223, 2.9988080494039773, 3.8878321677974124, 5.554971579880421, 3.991918461854136, 3.5256822836416433, 3.8257155706707535, 3.79975439459247, 2.627937595132071, 8.830771294279423], [1.814117826837419, 3.807661638449957, 2.750656413805338, 2.35872167463474, 2.8802290638543195, 0.0, 2.022476236138609, 2.431000270490201, 5.430622453786905, 2.156647310282734, 2.917563684225031, 2.877950150548817, 2.9846663826926907, 4.575815546443525, 2.6997906002313017, 2.3360290331202935, 2.37275206754796, 1.8243955853590268, 2.822324342210165, 2.1716480553247677, 2.904528089429227, 2.7423482444578697, 2.1072480976601433, 2.321741974847593, 3.5677368244165946, 2.5872599945670194, 1.9327460523305156, 4.697958786115233, 2.2073233590946653, 2.720712917888722, 2.0375729995991856, 3.298715406232597, 2.6097215262601714, 6.88207555716559, 2.313798493820223, 2.5015880281778666, 4.631609442268977, 5.294457597606982, 2.929716807100233, 5.103759034351286, 2.446719008976887, 1.9962762770000315, 2.4134198431606477, 9.937616895764577], [2.258206617717658, 3.3938270043991703, 3.1167168289320117, 3.0316596392787916, 2.937890695849881, 2.022476236138609, 0.0, 3.163720330716464, 5.018108739563795, 2.697260467175458, 3.336222521505639, 3.357523716093719, 3.5239208675626275, 4.468938580692932, 3.18973959974592, 3.034982699544583, 2.9852826947561604, 2.5634763575007593, 2.882456816828392, 2.5358122210332983, 3.3723301817385893, 2.6838639372294515, 2.7157160470582697, 1.625050434324961, 2.644287947997902, 2.540339465842606, 2.266082029575221, 3.4173587580692444, 2.577646657239378, 3.6205142758355775, 2.59131999105229, 2.6733488293578027, 2.393011556772023, 5.8520265020486075, 2.9927014924710478, 3.060196901288251, 3.5806583074899074, 3.9971029955796737, 2.5818486673916765, 4.472387000319565, 3.156621394050683, 2.5255360550259236, 2.1245883977203386, 9.412496407813048], [3.7061134438184293, 3.993708700961581, 4.462251364418998, 3.4833818794144435, 2.715850293360576, 2.431000270490201, 3.163720330716464, 0.0, 4.538344261861369, 3.99559195944413, 4.6807931783610774, 4.545358352412838, 4.739492843862036, 3.5876358289884855, 4.279880398816995, 4.114236252704189, 3.9356831923696722, 3.3946462714636585, 4.566983493133629, 2.882749934602969, 4.656281361176638, 2.695598439631715, 4.088721016739458, 3.6790170584897064, 3.88583972326782, 2.19103484908607, 3.318922404895317, 4.946671088872893, 3.998571802508269, 2.2545994590440395, 3.6726849734015463, 2.814775400430987, 4.075634275644002, 6.312713704385627, 4.090125138893268, 1.2905996538490696, 4.894242311184855, 6.081266858458827, 4.4937033962284305, 3.571343547491938, 3.9467745050634195, 3.8871016794088575, 3.5072693371598334, 9.011480833413575], [5.9935057938280325, 2.772445703428837, 6.411263606355163, 5.525205020074165, 3.812438883066476, 5.430622453786905, 5.018108739563795, 4.538344261861369, 2.384185791015625e-07, 5.922787385943238, 6.498872058999012, 6.361230714711644, 6.63435325465056, 2.8287673771771407, 6.165583065282678, 6.400350779552122, 5.945601912806175, 5.540215185740132, 6.023913701160534, 4.668219468506851, 6.430528756636574, 3.297320804324671, 6.253283719266821, 5.349089222852322, 3.4825007857083023, 3.2733723929818437, 4.947365358317074, 4.662510149340225, 6.053831781145226, 4.936072348001539, 5.732899198691157, 4.07193213363117, 5.400293229497594, 3.783039417382016, 6.399614389810757, 4.7783743066945155, 3.0252701861984965, 5.011961763381456, 5.3175673986099365, 3.322072569172485, 5.974521583228924, 6.328725671580902, 4.55508090501245, 6.157827052225228], [1.1972646906254791, 4.2547138508482165, 1.0418675209216475, 1.5857593859551926, 3.6217130569092, 2.156647310282734, 2.697260467175458, 3.99559195944413, 5.922787385943238, 0.0, 1.0996094883083658, 1.1347658621271657, 1.1792197981038632, 5.792948740726167, 1.0327213130293211, 0.7302653332219223, 0.9595384879135741, 0.9433745767525314, 1.133795280583157, 2.3270462157876, 1.0633222170330556, 3.472227347161075, 1.1272869512709525, 1.9925144318188412, 3.5191940027616906, 3.528671843812179, 1.4147367069073102, 5.133507418232671, 1.2676398116881276, 3.396077226440477, 0.6100743536564515, 4.505149249822069, 1.4170003137852971, 7.525220229517877, 0.7488125536416447, 3.841987318619881, 4.438542044928637, 5.076068629050446, 1.7517037063356289, 6.119350000026187, 1.0363630027443675, 1.2115501109229667, 2.088625266199772, 10.931492303168868], [1.5127685081479283, 4.787959396785613, 0.5682241880813252, 1.5944867195613268, 4.440616373188865, 2.917563684225031, 3.336222521505639, 4.6807931783610774, 6.498872058999012, 1.0996094883083658, 0.0, 0.3496881479140246, 0.2851532761461266, 6.561494677567336, 0.6910220489242989, 0.9712580458759488, 0.9854294311235021, 1.4451708939802095, 0.8857139630895198, 2.63361648336588, 0.20548419532642326, 4.210860002201623, 1.3567031511329857, 2.506543447446029, 3.873651108310086, 4.117880831720497, 2.261803060566747, 5.557744180052543, 1.482827183540312, 3.7398366529921114, 1.2044546876388196, 5.05718873989305, 1.5090357762513802, 8.046120416517377, 0.9715807435647461, 4.42659342356558, 4.825761275329181, 5.3505467737406756, 1.8695314120321673, 6.694213531309131, 0.9822867887452825, 1.4035214552296067, 2.5082859649299007, 11.587067779410733], [1.515602941003432, 4.692551729180069, 0.6612188895152608, 1.388599622328382, 4.347794908121334, 2.877950150548817, 3.357523716093719, 4.545358352412838, 6.361230714711644, 1.1347658621271657, 0.3496881479140246, 3.371747880871523e-07, 0.38466406325795327, 6.4681098108108666, 0.5824829389256618, 0.9674000741376578, 0.9608664649573783, 1.3548741557872028, 1.0225573525635574, 2.456845374898919, 0.30412987895360005, 4.085972893636573, 1.3687792910266758, 2.5705094866740335, 3.8337066772658814, 4.008418287996264, 2.25422030882861, 5.580741420457641, 1.4888611887939824, 3.520059883580936, 1.1506546593188678, 4.981294034551548, 1.518206169812125, 8.013753733249818, 0.9789781481674698, 4.267780471468973, 4.79485213747981, 5.416509933869392, 1.9424800184462538, 6.572365003953608, 0.8587077055881861, 1.4382057776863368, 2.4254938448529417, 11.512148769479587], [1.6278204654952242, 4.954484219143248, 0.6679185618748459, 1.647106815284563, 4.512180287325669, 2.9846663826926907, 3.5239208675626275, 4.739492843862036, 6.63435325465056, 1.1792197981038632, 0.2851532761461266, 0.38466406325795327, 7.539457464619588e-07, 6.681942130893295, 0.7127701244313267, 0.9421033112705579, 1.0406926548661164, 1.5266722084504745, 1.1263200970472975, 2.706500767842137, 0.27797621075403134, 4.309348595300998, 1.3815408780586296, 2.7207242852477487, 4.0938059756841625, 4.247171880142627, 2.3729524433164584, 5.8062430329692365, 1.5303853632388857, 3.772765762831516, 1.2809184196191326, 5.2342748798553425, 1.744747721056586, 8.267449695812745, 0.9562917447753122, 4.478797923113636, 5.035820563184006, 5.6066815539243455, 2.1106672400251196, 6.829371587935221, 0.9755925581628434, 1.461745683296448, 2.6413125495593066, 11.764817050838158], [5.713449408377298, 3.4016987975190576, 6.400578006407428, 5.592847473066312, 3.2896124443773966, 4.575815546443527, 4.468938580692934, 3.5876358289884895, 2.8287673771771407, 5.792948740726169, 6.561494677567339, 6.468109810810869, 6.6819421308932965, 0.0, 6.268763883398524, 6.253983277244634, 5.843942923990948, 5.398025000784063, 6.093496396136027, 4.777964354182645, 6.516285472742149, 3.1969575791348537, 6.005894056595875, 5.093155356912943, 4.040083385521068, 2.802349986860669, 4.612716971142896, 4.49404676882208, 5.859722066993318, 4.763495826622629, 5.634195423834173, 3.7039212802739927, 5.557829039549043, 4.15335011590537, 6.25134710252797, 4.261456130458154, 4.119707022256, 5.409939531849024, 5.5133570362560365, 3.323217412009699, 5.9310440417805355, 6.012522142200915, 4.756523639488018, 6.224774999473221], [1.4564158005412173, 4.577677801471726, 0.5514218026231685, 1.2253824710304697, 4.052699250315548, 2.6997906002313017, 3.18973959974592, 4.279880398816995, 6.165583065282678, 1.0327213130293211, 0.6910220489242989, 0.5824829389256618, 0.7127701244313267, 6.268763883398521, 3.371747880871523e-07, 0.8814293785937151, 0.8080006136999386, 1.2051660816372616, 1.1866925911663717, 2.2872824281984716, 0.6395877036950546, 3.8809967058011545, 1.3006633427816172, 2.378965962636836, 3.7253013811083164, 3.8154036358076286, 2.0579562185494042, 5.485529288510674, 1.4036293623823526, 3.318875147317409, 1.0059425074707802, 4.819611031751452, 1.4163608329479827, 7.892456182321239, 0.8848666018355776, 3.970100338015427, 4.683994753424168, 5.41959216890924, 2.005303170061341, 6.333054090033978, 0.6682056933345698, 1.3772772648555671, 2.2674838321670037, 11.377133487562643], [1.2870697058642686, 4.786814040055308, 0.8848442778075937, 1.5042662296564442, 3.979333652099982, 2.3360290331202935, 3.034982699544583, 4.114236252704189, 6.400350779552122, 0.7302653332219223, 0.9712580458759488, 0.9674000741376578, 0.9421033112705579, 6.253983277244632, 0.8814293785937151, 0.0, 0.9683656719875983, 1.0809752901726002, 1.4460007879628423, 2.442509928738062, 0.9661016447922054, 3.885422500878021, 1.1699808944856902, 2.344387362018718, 4.007536662168375, 3.908196549190583, 1.935384931520313, 5.596387137658645, 1.3436043438158847, 3.3458660889228744, 0.755130248747044, 4.81454062561778, 1.7814205904936091, 8.064490089973788, 0.17189189596516613, 3.871319367484188, 5.014808375419485, 5.641953696481815, 2.2735957561913662, 6.384959494423742, 0.958756796956796, 1.1021626018471085, 2.477398612138457, 11.48666824989894], [1.433539769200629, 4.43177849580462, 0.864743776071063, 1.0641534279611247, 3.7729760773694996, 2.37275206754796, 2.9852826947561604, 3.9356831923696722, 5.945601912806175, 0.9595384879135741, 0.9854294311235021, 0.9608664649573783, 1.0406926548661164, 5.843942923990946, 0.8080006136999386, 0.9683656719875983, 0.0, 0.9502410204231487, 1.2174481570280868, 2.193865918399213, 0.9698064957560902, 3.7195688230357398, 1.4544356546148127, 2.166232703035803, 3.4848706177932836, 3.4264379695001534, 1.6093292888763422, 5.248871697105153, 1.5013877976003334, 3.101811618474817, 0.8136047771116297, 4.6207292320512305, 1.4454803706308528, 7.595040567681965, 0.9715324530578033, 3.805053694912573, 4.551442320970311, 5.275294371266187, 1.92252624747685, 6.032431861696374, 0.48546980309833, 1.3823432459517802, 2.2648993592137434, 11.081639141843809], [1.3138306558509927, 4.001922979867041, 1.3802785111307996, 1.0263329229401599, 3.416566864061818, 1.8243955853590268, 2.5634763575007593, 3.3946462714636585, 5.540215185740132, 0.9433745767525314, 1.4451708939802095, 1.3548741557872028, 1.5266722084504745, 5.398025000784061, 1.2051660816372616, 1.0809752901726002, 0.9502410204231487, 3.371747880871523e-07, 1.5061780784568364, 1.8417101000472922, 1.410486675474491, 3.1902951970257623, 1.4871640942565125, 1.9823506700817237, 3.221509606869054, 3.0465716416778212, 1.444447738007211, 4.910860141169132, 1.5565019016250277, 2.58453542842378, 0.7279742215068014, 4.007685533021537, 1.491471360404511, 7.202660513860905, 1.0799151433018273, 3.2175949476226666, 4.323735406576757, 5.101119762130908, 1.9593690168642546, 5.596260996257176, 0.929849721105758, 1.4184519695903979, 2.0158997974683075, 10.606696216442778], [1.5062485876784486, 4.251025145289066, 0.9908173815553625, 1.7853185393102537, 4.21316991323188, 2.822324342210165, 2.882456816828392, 4.566983493133629, 6.023913701160534, 1.133795280583157, 0.8857139630895198, 1.0225573525635574, 1.1263200970472975, 6.0934963961360245, 1.1866925911663717, 1.4460007879628423, 1.2174481570280868, 1.5061780784568364, 0.0, 2.6054339473150003, 0.9426282111715671, 3.8511773446852864, 1.5469999475363754, 1.9937549822711411, 3.213687846097964, 3.726473322415566, 1.9076114572166267, 4.829915315822367, 1.5787239517385143, 3.8018129317295344, 1.3212201121828844, 4.602674916595995, 0.952871298172681, 7.332047779537813, 1.4249222610757768, 4.38869208575091, 4.116739314827316, 4.529008146851643, 1.0706213810333125, 6.358032796644342, 1.3449237102277076, 1.5786084517441643, 2.17811911543158, 10.951488767484234], [1.9642885648513515, 3.337113592690535, 2.5754951313744314, 1.7333295274052305, 2.699993001596092, 2.1716480553247677, 2.5358122210332983, 2.882749934602969, 4.668219468506851, 2.3270462157876, 2.63361648336588, 2.456845374898919, 2.706500767842137, 4.7779643541826475, 2.2872824281984716, 2.442509928738062, 2.193865918399213, 1.8417101000472922, 2.6054339473150003, 0.0, 2.585088976485918, 2.3845221613934227, 2.1856836172301897, 2.7240019387572803, 3.006066038406274, 2.2415608443712656, 2.2333350258642284, 4.930504727460049, 2.016374394145444, 2.4550859951728516, 1.9563508254055864, 3.554326238759276, 2.2553553214522304, 6.743901887185379, 2.4492267620879775, 2.6508775085902543, 3.9249081858225243, 5.223014959852208, 2.664437735213146, 4.491507243357639, 2.15997486954474, 2.157712425856667, 1.382541406365613, 9.945424360309579], [1.5334780874264742, 4.724182446748504, 0.64360313056178, 1.5595964721543865, 4.380667312575807, 2.904528089429227, 3.3723301817385893, 4.656281361176638, 6.430528756636574, 1.0633222170330556, 0.20548419532642326, 0.30412987895360005, 0.27797621075403134, 6.5162854727421475, 0.6395877036950546, 0.9661016447922054, 0.9698064957560902, 1.410486675474491, 0.9426282111715671, 2.585088976485918, 3.371747880871523e-07, 4.147754864653028, 1.3329563784910816, 2.5633394466572224, 3.8692185303535607, 4.085354882896382, 2.2276390542237117, 5.604013449039572, 1.4824165313910493, 3.698290470258992, 1.1887996050356804, 5.063904754584033, 1.5380608373844287, 8.043465662834565, 0.9819208787985293, 4.396439587760779, 4.803364687713119, 5.377372440496335, 1.8880345920181578, 6.679449050662567, 0.9305579742983702, 1.4374523725770851, 2.4677239988488235, 11.545726932081239], [3.3762516249814563, 2.371037152970048, 4.094831911042689, 3.485083894609816, 1.7213871022689706, 2.7423482444578697, 2.6838639372294515, 2.695598439631715, 3.297320804324671, 3.472227347161075, 4.210860002201623, 4.085972893636573, 4.309348595300998, 3.1969575791348492, 3.8809967058011545, 3.885422500878021, 3.7195688230357398, 3.1902951970257623, 3.8511773446852864, 2.3845221613934227, 4.147754864653028, 0.0, 3.548390479417347, 3.355150244788318, 2.8543031775454497, 1.7433709589763207, 2.701854460473528, 4.450505338942728, 3.326840970094881, 3.323346216398426, 3.328498177835205, 3.000990311740476, 3.387520617783897, 5.553390945974042, 3.8870832503681356, 2.710754665773804, 3.166098751771388, 4.828210609374968, 3.4741190368321853, 3.6791889260757653, 3.7067817922601325, 3.641846285155432, 2.15695478570962, 8.323471123228702], [0.7659297071955303, 4.377579108611425, 1.3045985467375607, 1.8992463136602475, 3.7410809726964938, 2.1072480976601433, 2.7157160470582697, 4.088721016739458, 6.253283719266821, 1.1272869512709525, 1.3567031511329857, 1.3687792910266758, 1.3815408780586296, 6.005894056595873, 1.3006633427816172, 1.1699808944856902, 1.4544356546148127, 1.4871640942565125, 1.5469999475363754, 2.1856836172301897, 1.3329563784910816, 3.548390479417347, 0.0, 2.4192787305872674, 3.9054758228565474, 3.660038518734578, 2.0584912972902973, 5.450870577828288, 0.6663369600143149, 3.6243255101249754, 1.2751892350013259, 4.596886466504936, 1.8045635009940562, 7.876128731385439, 1.180920753480722, 3.8296338027924866, 4.78096933912996, 5.395903040187807, 2.169108416485437, 6.279665087376704, 1.4384340801985422, 0.6665257455080628, 1.9766949738130337, 11.17998376142952], [1.9657493911579083, 3.745783915038682, 2.2042870141128077, 2.3268647561073177, 3.544815893540235, 2.321741974847593, 1.625050434324961, 3.6790170584897064, 5.349089222852322, 1.9925144318188412, 2.506543447446029, 2.5705094866740335, 2.7207242852477487, 5.093155356912947, 2.378965962636836, 2.344387362018718, 2.166232703035803, 1.9823506700817237, 1.9937549822711411, 2.7240019387572803, 2.5633394466572224, 3.355150244788318, 2.4192787305872674, 3.371747880871523e-07, 2.537287386025594, 3.0455584305277954, 1.7701845452436646, 3.4681655831640983, 2.3850512529595593, 3.492680201742575, 1.9629478459224456, 3.3851314668575063, 1.4631546198528758, 6.1902911848227555, 2.2865044854212297, 3.583090522460578, 3.6100655691214927, 3.8229210583073963, 1.7623765449552484, 5.253234115470364, 2.394457880431959, 2.2031417703010683, 2.281431853806234, 9.966176640698142], [3.4959166199008957, 2.3102128896409, 3.788319117900548, 3.2837756189164033, 3.5345820354674857, 3.5677368244165946, 2.644287947997902, 3.88583972326782, 3.4825007857083023, 3.5191940027616906, 3.873651108310086, 3.8337066772658814, 4.0938059756841625, 4.040083385521068, 3.7253013811083164, 4.007536662168375, 3.4848706177932836, 3.221509606869054, 3.213687846097964, 3.006066038406274, 3.8692185303535607, 2.8543031775454497, 3.9054758228565474, 2.537287386025594, 0.0, 2.258874682389644, 2.787484121734531, 2.631115138495688, 3.7331423971309223, 3.733348326566112, 3.3946819712524414, 2.787077631193617, 2.565137391612797, 4.344486290134362, 3.9770066468868897, 3.911323518750321, 1.6251133971638436, 2.732859364684192, 2.3989808756787636, 4.147538595125879, 3.633448138969988, 3.84169341021684, 2.562389365240969, 8.178638039431908], [3.3007891632309585, 2.470419657818387, 3.9768081072915984, 3.12344246207579, 2.088445607490489, 2.5872599945670194, 2.540339465842606, 2.19103484908607, 3.2733723929818437, 3.528671843812179, 4.117880831720497, 4.008418287996264, 4.247171880142627, 2.802349986860669, 3.8154036358076286, 3.908196549190583, 3.4264379695001534, 3.0465716416778212, 3.726473322415566, 2.2415608443712656, 4.085354882896382, 1.7433709589763207, 3.660038518734578, 3.0455584305277954, 2.258874682389644, 3.371747880871523e-07, 2.548790406712372, 3.839416510770244, 3.466138453559807, 2.8335203190914826, 3.270069210772258, 2.5922412529531145, 3.1778957271139414, 5.041977552076338, 3.8965660072364967, 2.610131078062963, 3.0597932136617016, 4.5221121379978175, 3.305498179159495, 3.1872871451239537, 3.507031426455007, 3.597535687044124, 2.406453780343189, 8.128540560539218], [1.8971726521628387, 3.5835792231383663, 2.098668420487618, 1.95795291459131, 2.6693888205788063, 1.9327460523305156, 2.266082029575221, 3.318922404895317, 4.947365358317074, 1.4147367069073102, 2.261803060566747, 2.25422030882861, 2.3729524433164584, 4.612716971142892, 2.0579562185494042, 1.935384931520313, 1.6093292888763422, 1.444447738007211, 1.9076114572166267, 2.2333350258642284, 2.2276390542237117, 2.701854460473528, 2.0584912972902973, 1.7701845452436646, 2.787484121734531, 2.548790406712372, 3.371747880871523e-07, 4.439541194218599, 1.997563779771137, 3.1195721429247634, 1.4183684891503658, 3.9340753103865103, 1.7564284439678424, 6.540228780102499, 1.9485516907982374, 3.428794141294127, 3.6870106030409504, 4.584820768514191, 1.9065481109175846, 5.171308652243972, 1.7964556133708762, 2.059420190122304, 1.9473157898791649, 9.881003829170481], [4.935894916890306, 3.600332004267256, 5.384347364900589, 5.1025548676691885, 5.045038583695476, 4.697958786115237, 3.4173587580692404, 4.946671088872896, 4.662510149340225, 5.133507418232675, 5.557744180052546, 5.5807414204576435, 5.806243032969239, 4.49404676882208, 5.485529288510676, 5.596387137658648, 5.248871697105155, 4.910860141169135, 4.82991531582237, 4.930504727460046, 5.604013449039574, 4.450505338942728, 5.450870577828291, 3.4681655831641023, 2.631115138495688, 3.839416510770244, 4.439541194218602, 3.371747880871523e-07, 5.3658621791631, 5.224987705902124, 5.080174700951669, 2.9372878995261704, 4.174467727902301, 3.3477202276334537, 5.548660478430757, 5.104313856584458, 3.0210547068609865, 2.186887724870467, 3.9908356416120414, 4.898553745020937, 5.428815812472117, 5.311436319272007, 4.484804880559652, 7.460114772712033], [0.9711735542714677, 4.320772680737315, 1.3951471355534208, 1.9493878446965167, 3.5021717366282403, 2.2073233590946653, 2.577646657239378, 3.998571802508269, 6.053831781145226, 1.2676398116881276, 1.482827183540312, 1.4888611887939824, 1.5303853632388857, 5.859722066993315, 1.4036293623823526, 1.3436043438158847, 1.5013877976003334, 1.5565019016250277, 1.5787239517385143, 2.016374394145444, 1.4824165313910493, 3.326840970094881, 0.6663369600143149, 2.3850512529595593, 3.7331423971309223, 3.466138453559807, 1.997563779771137, 5.365862179163098, 0.0, 3.6555235012393155, 1.266625109835999, 4.528497329630761, 1.773310028995826, 7.721439766683748, 1.3390176056977428, 3.7466864417671406, 4.554428484897338, 5.32513232500907, 2.1234432300821964, 5.98562724203122, 1.4878182805390936, 0.8586426442279144, 1.6966322560165767, 11.094110229084391], [3.3092464632362977, 4.170262799428756, 3.593871877714474, 2.2903556933126015, 3.6373456115901357, 2.720712917888722, 3.6205142758355775, 2.2545994590440395, 4.936072348001539, 3.396077226440477, 3.7398366529921114, 3.520059883580936, 3.772765762831516, 4.763495826622626, 3.318875147317409, 3.3458660889228744, 3.101811618474817, 2.58453542842378, 3.8018129317295344, 2.4550859951728516, 3.698290470258992, 3.323346216398426, 3.6243255101249754, 3.492680201742575, 3.733348326566112, 2.8335203190914826, 3.1195721429247634, 5.224987705902121, 3.6555235012393155, 5.840038639982171e-07, 3.028496851938309, 3.508265072854171, 3.380220552126986, 6.921610023168124, 3.3396016511644078, 2.006757674923773, 4.960468735926219, 6.084088113772178, 3.935864954902902, 4.641574750206428, 3.0078562601453473, 3.469575894647796, 3.3837797279585926, 9.895928409181142], [1.1832444687839359, 4.209041300425368, 1.1010323257571757, 1.2295272693676986, 3.4334158918324205, 2.0375729995991856, 2.59131999105229, 3.6726849734015463, 5.732899198691157, 0.6100743536564515, 1.2044546876388196, 1.1506546593188678, 1.2809184196191326, 5.6341954238341705, 1.0059425074707802, 0.755130248747044, 0.8136047771116297, 0.7279742215068014, 1.3212201121828844, 1.9563508254055864, 1.1887996050356804, 3.328498177835205, 1.2751892350013259, 1.9629478459224456, 3.3946819712524414, 3.270069210772258, 1.4183684891503658, 5.080174700951666, 1.266625109835999, 3.028496851938309, 0.0, 4.3099929678331295, 1.4089089370054084, 7.4242575865940585, 0.7411606374738346, 3.5222651344927574, 4.395763811982184, 5.164132928671714, 1.887607463712862, 5.756528059154156, 0.8991821254914604, 1.2016560673613228, 1.9478912909767991, 10.866952410624421], [4.065833220054869, 2.913669033632315, 4.897061512017014, 4.180420457379545, 3.880650207465064, 3.298715406232593, 2.6733488293577974, 2.814775400430982, 4.07193213363117, 4.5051492498220655, 5.057188739893047, 4.981294034551545, 5.23427487985534, 3.7039212802739927, 4.81961103175145, 4.814540625617777, 4.620729232051228, 4.007685533021533, 4.602674916595992, 3.554326238759272, 5.063904754584031, 3.0009903117404715, 4.596886466504933, 3.3851314668575023, 2.787077631193617, 2.5922412529531145, 3.9340753103865067, 2.9372878995261704, 4.528497329630758, 3.5082650728541664, 4.309992967833126, 0.0, 3.9219215570032375, 4.537446284064615, 4.763231223287937, 2.782090544187483, 3.677026924739164, 4.148241428021501, 4.07013675309322, 3.713830858523654, 4.691727375060343, 4.4165088633357525, 3.5812901450506183, 7.802366192104002], [1.5499734910794647, 3.6841947339489876, 1.3652512588566685, 1.6144638657213737, 3.798011701239408, 2.6097215262601714, 2.393011556772023, 4.075634275644002, 5.400293229497594, 1.4170003137852971, 1.5090357762513802, 1.518206169812125, 1.744747721056586, 5.557829039549046, 1.4163608329479827, 1.7814205904936091, 1.4454803706308528, 1.491471360404511, 0.952871298172681, 2.2553553214522304, 1.5380608373844287, 3.387520617783897, 1.8045635009940562, 1.4631546198528758, 2.565137391612797, 3.1778957271139414, 1.7564284439678424, 4.1744677279022975, 1.773310028995826, 3.380220552126986, 1.4089089370054084, 3.921921557003241, 0.0, 6.675938134912167, 1.7464180384570234, 3.8629981097848614, 3.538372408460376, 4.078121397082744, 0.9423861554120018, 5.705056243201569, 1.560700906337002, 1.7826382320287903, 1.8237294393264678, 10.337580435567926], [7.426300714202805, 4.321904771895858, 7.93492524657112, 7.329719116658299, 6.1216925412493195, 6.88207555716559, 5.8520265020486075, 6.312713704385627, 3.783039417382016, 7.525220229517877, 8.046120416517377, 8.013753733249818, 8.267449695812745, 4.15335011590537, 7.892456182321239, 8.064490089973788, 7.595040567681965, 7.202660513860905, 7.332047779537813, 6.743901887185379, 8.043465662834565, 5.553390945974042, 7.876128731385439, 6.1902911848227555, 4.344486290134362, 5.041977552076338, 6.540228780102499, 3.3477202276334537, 7.721439766683748, 6.921610023168124, 7.4242575865940585, 4.537446284064615, 6.675938134912167, 3.371747880871523e-07, 8.037718601363695, 6.677379972207399, 3.853275566296293, 4.023636933074955, 6.39943469825248, 4.796835668006725, 7.732573439914412, 7.818197060492841, 6.404565904346046, 4.622626977170971], [1.2650098856645915, 4.785597977468369, 0.8578643656209757, 1.4951967597527627, 3.9974180725475223, 2.313798493820223, 2.9927014924710478, 4.090125138893268, 6.399614389810757, 0.7488125536416447, 0.9715807435647461, 0.9789781481674698, 0.9562917447753122, 6.251347102527968, 0.8848666018355776, 0.17189189596516613, 0.9715324530578033, 1.0799151433018273, 1.4249222610757768, 2.4492267620879775, 0.9819208787985293, 3.8870832503681356, 1.180920753480722, 2.2865044854212297, 3.9770066468868897, 3.8965660072364967, 1.9485516907982374, 5.5486604784307545, 1.3390176056977428, 3.3396016511644078, 0.7411606374738346, 4.7632312232879395, 1.7464180384570234, 8.037718601363695, 3.371747880871523e-07, 3.8418285182623086, 4.997850524279085, 5.604175957400644, 2.247927273535125, 6.364582313837181, 0.9738367402709699, 1.076947150522076, 2.4664266632892473, 11.484485281447581], [3.4983297467379093, 4.045823022187499, 4.18721017185035, 3.2590210663783608, 2.9988080494039773, 2.5015880281778666, 3.060196901288251, 1.2905996538490696, 4.7783743066945155, 3.841987318619881, 4.42659342356558, 4.267780471468973, 4.478797923113636, 4.261456130458158, 3.970100338015427, 3.871319367484188, 3.805053694912573, 3.2175949476226666, 4.38869208575091, 2.6508775085902543, 4.396439587760779, 2.710754665773804, 3.8296338027924866, 3.583090522460578, 3.911323518750321, 2.610131078062963, 3.428794141294127, 5.104313856584461, 3.7466864417671406, 2.006757674923773, 3.5222651344927574, 2.782090544187488, 3.8629981097848614, 6.677379972207399, 3.8418285182623086, 4.76837158203125e-07, 4.955564275097276, 6.130632280247907, 4.392667195813738, 3.9064587638091, 3.751937981028385, 3.6538329851608173, 3.2916096880559294, 9.52262517544169], [4.509486780587856, 2.3006541361614086, 4.763404052609183, 4.448039089013149, 3.8878321677974124, 4.631609442268977, 3.5806583074899074, 4.894242311184855, 3.0252701861984965, 4.438542044928637, 4.825761275329181, 4.79485213747981, 5.035820563184006, 4.119707022256, 4.683994753424168, 5.014808375419485, 4.551442320970311, 4.323735406576757, 4.116739314827316, 3.9249081858225243, 4.803364687713119, 3.166098751771388, 4.78096933912996, 3.6100655691214927, 1.6251133971638436, 3.0597932136617016, 3.6870106030409504, 3.0210547068609865, 4.554428484897338, 4.960468735926219, 4.395763811982184, 3.677026924739164, 3.538372408460376, 3.853275566296293, 4.997850524279085, 4.955564275097276, 4.76837158203125e-07, 2.520843094964716, 3.1953922439075013, 4.443341161288439, 4.652496563286615, 4.8533385258272315, 3.1856138689958455, 7.555512463592213], [5.020762608550082, 3.52296490483503, 5.308511132404359, 5.330226620411709, 5.554971579880421, 5.294457597606979, 3.9971029955796773, 6.08126685845883, 5.011961763381456, 5.076068629050443, 5.350546773740673, 5.416509933869389, 5.606681553924344, 5.409939531849024, 5.4195921689092375, 5.641953696481813, 5.275294371266185, 5.101119762130906, 4.52900814685164, 5.223014959852206, 5.377372440496332, 4.828210609374968, 5.395903040187805, 3.8229210583073923, 2.732859364684192, 4.5221121379978175, 4.584820768514188, 2.186887724870467, 5.325132325009068, 6.08408811377218, 5.1641329286717115, 4.148241428021501, 4.07812139708274, 4.023636933074955, 5.604175957400641, 6.130632280247909, 2.520843094964716, 0.0, 3.5491108282150354, 6.052385997643112, 5.458338155001471, 5.381873751919031, 4.413051451562605, 8.016643310921202], [1.9594620125614937, 3.4699882578972283, 1.900756778269172, 2.23443342410286, 3.991918461854136, 2.929716807100233, 2.5818486673916765, 4.4937033962284305, 5.3175673986099365, 1.7517037063356289, 1.8695314120321673, 1.9424800184462538, 2.1106672400251196, 5.513357036256034, 2.005303170061341, 2.2735957561913662, 1.92252624747685, 1.9593690168642546, 1.0706213810333125, 2.664437735213146, 1.8880345920181578, 3.4741190368321853, 2.169108416485437, 1.7623765449552484, 2.3989808756787636, 3.305498179159495, 1.9065481109175846, 3.990835641612045, 2.1234432300821964, 3.935864954902902, 1.887607463712862, 4.070136753093224, 0.9423861554120018, 6.39943469825248, 2.247927273535125, 4.392667195813738, 3.1953922439075013, 3.5491108282150394, 4.76837158203125e-07, 5.903744152412181, 2.081623188824867, 2.2288876595596383, 1.9793343964381303, 10.06095918918305], [5.864573369678023, 4.323470895106691, 6.506314586412819, 5.581926462616992, 3.5256822836416433, 5.103759034351286, 4.472387000319565, 3.571343547491938, 3.322072569172485, 6.119350000026187, 6.694213531309131, 6.572365003953608, 6.829371587935221, 3.323217412009699, 6.333054090033978, 6.384959494423742, 6.032431861696374, 5.596260996257176, 6.358032796644342, 4.491507243357639, 6.679449050662567, 3.6791889260757653, 6.279665087376704, 5.253234115470364, 4.147538595125879, 3.1872871451239537, 5.171308652243972, 4.898553745020937, 5.98562724203122, 4.641574750206428, 5.756528059154156, 3.713830858523654, 5.705056243201569, 4.796835668006725, 6.364582313837181, 3.9064587638091, 4.443341161288439, 6.052385997643112, 5.903744152412181, 4.1295309247228556e-07, 6.109882789773211, 6.113292522822963, 4.763888249048185, 7.495997812900989], [1.5043550091630897, 4.4724037195255, 0.8991676273591737, 1.0089223388641866, 3.8257155706707535, 2.446719008976887, 3.156621394050683, 3.9467745050634195, 5.974521583228924, 1.0363630027443675, 0.9822867887452825, 0.8587077055881861, 0.9755925581628434, 5.931044041780534, 0.6682056933345698, 0.958756796956796, 0.48546980309833, 0.929849721105758, 1.3449237102277076, 2.15997486954474, 0.9305579742983702, 3.7067817922601325, 1.4384340801985422, 2.394457880431959, 3.633448138969988, 3.507031426455007, 1.7964556133708762, 5.428815812472115, 1.4878182805390936, 3.0078562601453473, 0.8991821254914604, 4.691727375060346, 1.560700906337002, 7.732573439914412, 0.9738367402709699, 3.751937981028385, 4.652496563286615, 5.458338155001473, 2.081623188824867, 6.109882789773211, 3.371747880871523e-07, 1.4523394885583985, 2.2953668682761026, 11.166237227860298], [0.5279779970343884, 4.502414341972079, 1.296336815718836, 1.7804103359483132, 3.79975439459247, 1.9962762770000315, 2.5255360550259236, 3.8871016794088575, 6.328725671580902, 1.2115501109229667, 1.4035214552296067, 1.4382057776863368, 1.461745683296448, 6.012522142200913, 1.3772772648555671, 1.1021626018471085, 1.3823432459517802, 1.4184519695903979, 1.5786084517441643, 2.157712425856667, 1.4374523725770851, 3.641846285155432, 0.6665257455080628, 2.2031417703010683, 3.84169341021684, 3.597535687044124, 2.059420190122304, 5.311436319272004, 0.8586426442279144, 3.469575894647796, 1.2016560673613228, 4.416508863335756, 1.7826382320287903, 7.818197060492841, 1.076947150522076, 3.6538329851608173, 4.8533385258272315, 5.381873751919033, 2.2288876595596383, 6.113292522822963, 1.4523394885583985, 3.371747880871523e-07, 2.0978253140479546, 11.224545425367987], [1.8548497136819275, 2.9602876297309164, 2.430153866649782, 2.227913553781629, 2.627937595132071, 2.4134198431606477, 2.1245883977203386, 3.5072693371598334, 4.55508090501245, 2.088625266199772, 2.5082859649299007, 2.4254938448529417, 2.6413125495593066, 4.756523639488021, 2.2674838321670037, 2.477398612138457, 2.2648993592137434, 2.0158997974683075, 2.17811911543158, 1.382541406365613, 2.4677239988488235, 2.15695478570962, 1.9766949738130337, 2.281431853806234, 2.562389365240969, 2.406453780343189, 1.9473157898791649, 4.484804880559656, 1.6966322560165767, 3.3837797279585926, 1.9478912909767991, 3.5812901450506223, 1.8237294393264678, 6.404565904346046, 2.4664266632892473, 3.2916096880559294, 3.1856138689958455, 4.413051451562609, 1.9793343964381303, 4.763888249048185, 2.2953668682761026, 2.0978253140479546, 0.0, 9.765399363277336], [10.808353932540852, 7.168757559598537, 11.51308524910542, 10.745014656952877, 8.830771294279424, 9.937616895764577, 9.41249640781305, 9.011480833413577, 6.157827052225226, 10.931492303168868, 11.587067779410733, 11.512148769479587, 11.764817050838158, 6.22477499947322, 11.377133487562643, 11.48666824989894, 11.081639141843809, 10.606696216442778, 10.951488767484236, 9.945424360309579, 11.545726932081239, 8.323471123228702, 11.17998376142952, 9.966176640698142, 8.17863803943191, 8.12854056053922, 9.881003829170481, 7.460114772712032, 11.094110229084393, 9.895928409181142, 10.866952410624421, 7.802366192104003, 10.337580435567926, 4.622626977170971, 11.484485281447581, 9.52262517544169, 7.555512463592214, 8.016643310921202, 10.06095918918305, 7.495997812900988, 11.166237227860298, 11.224545425367987, 9.765399363277337, 1.6858739404357614e-07]]