[[1.0, 0.6652020882788099, 0.623668190940479, 0.5568718322115429, 0.5856342169443038, 0.5916397070554628, 0.6378140258700289, 0.5340065270765608, 0.6166173261765832, 0.5621467769442504, 0.6359251542714313, 0.5326686538372954, 0.6042749410292512, 0.6259170005108645, 0.5980716783634427, 0.5775911471337881, 0.6173094473499439, 0.540970922517277, 0.5661826881533513, 0.519389474335776, 0.616260189732799, 0.5756449397709409, 0.6053103469244293, 0.5462963989007151, 0.588271416083567, 0.6052067756271882, 0.5656974494146814, 0.5716842992943856, 0.6318670537719043, 0.6091108807362657, 0.552543023549586, 0.5425429365295025, 0.6072973341248238, 0.6077455080721995, 0.5827270407241254, 0.616893188809612, 0.6161668935818565, 0.6238861791297047, 0.5878724248767537, 0.5194099882994557, 0.5760387727836408, 0.5745764343755176, 0.604934036592093, 0.5639726066738395], [0.6652020882788099, 1.0, 0.5723068850304897, 0.6007168659909541, 0.5583570675294739, 0.6087348522591013, 0.6094044372223607, 0.56305560552817, 0.6637423980426979, 0.5458883443386896, 0.5741037714753996, 0.5331683025526927, 0.6016941395414734, 0.6053931199554516, 0.62526980228532, 0.5537502570534719, 0.5946738388031131, 0.5796223860244064, 0.5879779784239777, 0.5778040283362228, 0.5826819615920716, 0.6045766669852174, 0.5457665583065948, 0.634457158779508, 0.6227024997338138, 0.596272954040329, 0.5567675589092818, 0.5578182017924903, 0.5981314703568739, 0.6287751820557406, 0.5521374571870188, 0.5529927322649801, 0.6121725341266324, 0.5893258729445506, 0.5480016559998518, 0.5918797850824681, 0.6149647139793631, 0.6464404273296989, 0.5413373492010813, 0.5549443648590658, 0.5809046298583299, 0.5913751051032872, 0.6064492850636766, 0.5633383143985138], [0.623668190940479, 0.5723068850304897, 1.0, 0.5937916157138174, 0.5944801196894152, 0.5704724252131373, 0.6777748735161728, 0.5396996562038405, 0.6214036805873404, 0.5946851978924325, 0.6418376152797446, 0.581375316784976, 0.5580779938360685, 0.6146032274566178, 0.5550966184465936, 0.5811963329503529, 0.6093968846476265, 0.5774069237536573, 0.6371100800614695, 0.5446220670327434, 0.6219429881308373, 0.5693034773571551, 0.6017618988699444, 0.5772612651320598, 0.57893689846419, 0.556604004113817, 0.5990516451517895, 0.5608979908989622, 0.6383248959133346, 0.5537842252183669, 0.551886746062508, 0.5546754477651662, 0.590165704675908, 0.5719839942677025, 0.6111660698498609, 0.6535636636001946, 0.5950248149367062, 0.618922273028615, 0.5689164870660782, 0.5593066274971066, 0.5713463212640357, 0.5657026937165358, 0.6087636568037361, 0.5764592845562402], [0.5568718322115429, 0.6007168659909541, 0.5937916157138174, 1.0, 0.6178402146259548, 0.5724659610987687, 0.589361639811055, 0.6185279080586954, 0.5610623545003419, 0.5639174548687291, 0.5867086348398314, 0.5863186705682805, 0.6056757669256968, 0.5737590558948493, 0.6037978107119968, 0.6012012855608342, 0.5948834119794583, 0.6193909004579979, 0.6333497134653233, 0.5711162921304122, 0.5985690819531317, 0.5730460426232565, 0.576830869615342, 0.6108274104208017, 0.5499231225860732, 0.5847484762001478, 0.5507973867972125, 0.5658069948841294, 0.6041323660171759, 0.5912683373397971, 0.602383651138271, 0.5995720789976356, 0.5793781383914484, 0.5853346677925421, 0.5620869216358809, 0.606248742383764, 0.5706227475914668, 0.5572782795335325, 0.6174919577672956, 0.6011372264738712, 0.5906770996737575, 0.635028072969818, 0.5920452832413108, 0.5844408873416257], [0.5856342169443038, 0.5583570675294739, 0.5944801196894152, 0.6178402146259548, 1.0, 0.5734344328151549, 0.5789068597576265, 0.5903738925997541, 0.5612263302731209, 0.5555701600534673, 0.5681084286051981, 0.6258109100470004, 0.6032262477091277, 0.5877432406649363, 0.6064679257050931, 0.6358422529625261, 0.609812170288832, 0.5828830451631949, 0.5988119782939428, 0.5773938121051797, 0.578934232204041, 0.5716383903058827, 0.6461206096309547, 0.5465919673588155, 0.5478662776284432, 0.5511546974129449, 0.6058224935622419, 0.6005660477111522, 0.580474885001045, 0.6137638921802683, 0.6001474371970142, 0.6256473332301896, 0.5808324155981068, 0.5313308506816731, 0.6109481515467047, 0.5954149609003893, 0.5528423059641625, 0.5420513915569317, 0.6184059020080642, 0.5709301559789861, 0.573088177322518, 0.618936570921984, 0.6257368491447618, 0.5653653877806172], [0.5916397070554628, 0.6087348522591013, 0.5704724252131373, 0.5724659610987687, 0.5734344328151549, 1.0, 0.5599813274833788, 0.622622239356294, 0.621224420688612, 0.604363182817624, 0.6064457465254159, 0.5983829023805785, 0.5912277400787948, 0.6002977533255168, 0.5811416315173038, 0.5930031247787658, 0.539383195519709, 0.5678912486210452, 0.6163272667390056, 0.6069025157174167, 0.5761281336169848, 0.5742864284496513, 0.5601807824087589, 0.6142811195800162, 0.5602098970323321, 0.5676527867269515, 0.604090175489441, 0.6111542606646007, 0.6293002685375575, 0.6147606540701726, 0.5203479379993505, 0.5797386164433755, 0.6102102622134368, 0.594973198737696, 0.6028604155593427, 0.5573900808596522, 0.5712667687721616, 0.5578772629615633, 0.6011522879336055, 0.6030452204911648, 0.5847495203899871, 0.553361880351413, 0.6092656470831818, 0.6352130121450688], [0.6378140258700289, 0.6094044372223607, 0.6777748735161728, 0.589361639811055, 0.5789068597576265, 0.5599813274833788, 1.0, 0.5459608038319963, 0.6368409960483717, 0.5894370615257369, 0.5970454703691274, 0.5580947487508153, 0.5824587724199906, 0.6328524282593838, 0.5571993256689477, 0.5580538868669616, 0.5906685594880533, 0.5544077734002248, 0.5879420045312489, 0.5753581650326168, 0.5743265944445024, 0.5409089658302393, 0.5788793666674582, 0.5363840240309763, 0.6006215135703445, 0.647402029588726, 0.5698226273296124, 0.5350897706353211, 0.6191848074502592, 0.607099663101695, 0.550172969158675, 0.5521169827721726, 0.6540515735143423, 0.5805626165450362, 0.6289511082493272, 0.6876563825412065, 0.6424831196784272, 0.6973601703009469, 0.5346736585385722, 0.5355296407051642, 0.5727263224380615, 0.5647772896965902, 0.6125233475344264, 0.5478445363176541], [0.5340065270765608, 0.56305560552817, 0.5396996562038405, 0.6185279080586954, 0.5903738925997541, 0.622622239356294, 0.5459608038319963, 1.0, 0.6227433546759557, 0.5790512859771092, 0.5516229817346008, 0.6066582758992787, 0.548504763574918, 0.5924882039207394, 0.5796238117173927, 0.5956508646968898, 0.6241049068539114, 0.6316420496282117, 0.5680460840449958, 0.5928264301647066, 0.5622310846597423, 0.6045495432777152, 0.5828011430706883, 0.6105988785432677, 0.6076034220089006, 0.5759637005685322, 0.5941327077690596, 0.639688882421896, 0.5309321315999024, 0.5330125933628735, 0.6110549093657621, 0.659737309139209, 0.5949470055446898, 0.5952538840174147, 0.5966632212098855, 0.5721723578670457, 0.5710644380747263, 0.5345347005510148, 0.6218288004925521, 0.689439924936819, 0.5810876500797735, 0.5716257031326696, 0.6062205402889603, 0.6194702203925071], [0.6166173261765832, 0.6637423980426979, 0.6214036805873404, 0.5610623545003419, 0.5612263302731209, 0.621224420688612, 0.6368409960483717, 0.6227433546759557, 1.0, 0.6045464369419701, 0.6161307576982069, 0.5770873568835734, 0.5874067232180429, 0.5982210850213786, 0.572281238112919, 0.5725015378827616, 0.5829041253088372, 0.6084478650840661, 0.5530486525694275, 0.5816397754262271, 0.5672483372494185, 0.5644641552975691, 0.5650661388873819, 0.6125848825311949, 0.6073233804903252, 0.591403141711317, 0.6118756471585093, 0.5702812193282422, 0.5940002925511134, 0.5420903209837726, 0.5461459432482375, 0.5532653041008345, 0.5860497975833243, 0.6137674996540803, 0.5762582854564555, 0.6110067461345483, 0.6328041494901676, 0.6232672542152986, 0.5532808693222608, 0.5608925913376432, 0.5920633800449419, 0.5598557618156599, 0.6020849689306579, 0.5375619744986335], [0.5621467769442504, 0.5458883443386896, 0.5946851978924325, 0.5639174548687291, 0.5555701600534673, 0.604363182817624, 0.5894370615257369, 0.5790512859771092, 0.6045464369419701, 1.0, 0.5821747230479151, 0.6195284796817441, 0.6136932113494984, 0.5791402736386652, 0.6196002794559089, 0.5930554208319999, 0.5528595533365803, 0.6039968294739712, 0.5799124299371176, 0.6076224085625059, 0.5792631974507311, 0.5974872376456152, 0.6464909168828287, 0.6537096795922257, 0.5816190476492439, 0.603807818413244, 0.5637794418804178, 0.6332770422884177, 0.555667414298086, 0.5807398320054473, 0.5778791422657168, 0.5767831794795515, 0.5798497267536845, 0.5672126973944768, 0.5993419701891626, 0.5705197548023021, 0.5819262878948569, 0.5363754659859287, 0.5639274968257251, 0.6093018688280882, 0.6207569988742224, 0.5857731990215773, 0.5757541894140057, 0.5775624572846665], [0.6359251542714313, 0.5741037714753996, 0.6418376152797446, 0.5867086348398314, 0.5681084286051981, 0.6064457465254159, 0.5970454703691274, 0.5516229817346008, 0.6161307576982069, 0.5821747230479151, 1.0, 0.6071337696656711, 0.57366465154148, 0.5697772233383956, 0.5960247837640794, 0.605412992808627, 0.6022690045998138, 0.5866125244965109, 0.5307033057874545, 0.5663828384527431, 0.5842634166886083, 0.5512913895295665, 0.5818151404671106, 0.5621814874427611, 0.6456460569145429, 0.5467188571947705, 0.5527657318019061, 0.6307639454977464, 0.6474574890375493, 0.5995921160737964, 0.5779651194303566, 0.5808557588313878, 0.6077852741551341, 0.5645829022898256, 0.5544470887946618, 0.5868493255335252, 0.6190760009274204, 0.6038944933375803, 0.5591464823760292, 0.5683546480694562, 0.5730023800077547, 0.6010130994671349, 0.5988300718393731, 0.5699650999562758], [0.5326686538372954, 0.5331683025526927, 0.581375316784976, 0.5863186705682805, 0.6258109100470004, 0.5983829023805785, 0.5580947487508153, 0.6066582758992787, 0.5770873568835734, 0.6195284796817441, 0.6071337696656711, 1.0, 0.5875145839714855, 0.5806074521104484, 0.5581174210207672, 0.6070924134356877, 0.5750114629039172, 0.6188596811598135, 0.6115838974631246, 0.568366337056197, 0.5939500061501964, 0.5442990690422961, 0.5799767289237646, 0.5853485027622267, 0.5714014025994468, 0.5566769499764181, 0.6146714735790798, 0.5994070874088092, 0.5906409169748708, 0.615567635358448, 0.6014253507600625, 0.6106444094289487, 0.5994502678980608, 0.612247150002308, 0.616184554695237, 0.559660453041898, 0.593958739287008, 0.5799256507219289, 0.6105676163459377, 0.5829954052053722, 0.5720143147726167, 0.6200376855504253, 0.5573179037633201, 0.5962711244998835], [0.6042749410292512, 0.6016941395414734, 0.5580779938360685, 0.6056757669256968, 0.6032262477091277, 0.5912277400787948, 0.5824587724199906, 0.548504763574918, 0.5874067232180429, 0.6136932113494984, 0.57366465154148, 0.5875145839714855, 1.0, 0.5939444159179239, 0.6500444292430707, 0.5846194557259605, 0.5642082492687334, 0.5894341144400899, 0.5616560719623485, 0.5966016655918405, 0.6158668787994167, 0.5878819206700991, 0.5504404989801173, 0.5828997303362277, 0.5638216796116557, 0.5593181080244002, 0.5889456538445516, 0.6136031803941013, 0.5809854832866426, 0.5950479431041826, 0.6055770129866376, 0.5592837229516578, 0.5750890987671904, 0.5700519378859891, 0.584989367586714, 0.5932580841560258, 0.5650296458881873, 0.5741771128886204, 0.6267452374982508, 0.55532940261675, 0.6129093490344557, 0.5773619130696416, 0.574636693158859, 0.6032667370317706], [0.6259170005108645, 0.6053931199554516, 0.6146032274566178, 0.5737590558948493, 0.5877432406649363, 0.6002977533255168, 0.6328524282593838, 0.5924882039207394, 0.5982210850213786, 0.5791402736386652, 0.5697772233383956, 0.5806074521104484, 0.5939444159179239, 1.0, 0.6163389096805219, 0.570177838866523, 0.574102010492186, 0.5610653407940123, 0.5742531203353658, 0.5293221037205118, 0.5776258045853463, 0.6140070939667145, 0.5801053417431999, 0.4946658031362021, 0.5812938202689196, 0.5872810584896335, 0.5865316555890551, 0.5810158115037936, 0.5972196808741798, 0.5164993006667579, 0.5861460943337328, 0.6311550267385903, 0.5875416093667035, 0.6260997823137568, 0.5814158110870201, 0.6691329215283347, 0.5767961514936809, 0.6627769461528853, 0.5990191639467571, 0.5386798226069274, 0.5710546735801837, 0.6189827496443637, 0.5865632213819318, 0.6198716678259805], [0.5980716783634427, 0.62526980228532, 0.5550966184465936, 0.6037978107119968, 0.6064679257050931, 0.5811416315173038, 0.5571993256689477, 0.5796238117173927, 0.572281238112919, 0.6196002794559089, 0.5960247837640794, 0.5581174210207672, 0.6500444292430707, 0.6163389096805219, 1.0, 0.5882572582889543, 0.5781231784442086, 0.5932401629729005, 0.5846612755955081, 0.5740811295827745, 0.5840337939640745, 0.5827903011098184, 0.6084441791968778, 0.5904578690284565, 0.586505208404074, 0.5923880626574695, 0.6251447820155904, 0.607168777286686, 0.5820626175026854, 0.5984085066921431, 0.5942141800115239, 0.5304026035643336, 0.5895673193235704, 0.5708165083272233, 0.5650164518094796, 0.5767445624907651, 0.5671361845644098, 0.5946525296858369, 0.6049781861484574, 0.5802557970973738, 0.5892601626443976, 0.5680319407513079, 0.5549036131045599, 0.5845598376413376], [0.5775911471337881, 0.5537502570534719, 0.5811963329503529, 0.6012012855608342, 0.6358422529625261, 0.5930031247787658, 0.5580538868669616, 0.5956508646968898, 0.5725015378827616, 0.5930554208319999, 0.605412992808627, 0.6070924134356877, 0.5846194557259605, 0.570177838866523, 0.5882572582889543, 1.0, 0.5927754018360408, 0.6123765313408827, 0.5475126252411241, 0.5887309551911369, 0.61029641379912, 0.5803374157913025, 0.5944109026639873, 0.5696010287691118, 0.6155032290926363, 0.5752819537978581, 0.5887032076086092, 0.6380390094725776, 0.5734568067460278, 0.6120984189286293, 0.618586913516456, 0.5444029580981172, 0.605780741753696, 0.5503988033075283, 0.6406282268822796, 0.5769814753620022, 0.5641028802454814, 0.5627103356433718, 0.5928667939498093, 0.565204049177165, 0.6070722592877011, 0.5749936515283238, 0.5589737527187095, 0.5905383933875082], [0.6173094473499439, 0.5946738388031131, 0.6093968846476265, 0.5948834119794583, 0.609812170288832, 0.539383195519709, 0.5906685594880533, 0.6241049068539114, 0.5829041253088372, 0.5528595533365803, 0.6022690045998138, 0.5750114629039172, 0.5642082492687334, 0.574102010492186, 0.5781231784442086, 0.5927754018360408, 1.0, 0.5782622796576768, 0.573683221525389, 0.5770077207576009, 0.5910877669799137, 0.6013127132143825, 0.5875212250759954, 0.5870263874352109, 0.5715176329095449, 0.5619136089846529, 0.5678482936423452, 0.5726934949839235, 0.6183412122011386, 0.5803764271962751, 0.6076004764345934, 0.6275458110958936, 0.5543867102213734, 0.6237254241240591, 0.5789552507196163, 0.5741125878153555, 0.5689097040541022, 0.5970304708417284, 0.6309092510047053, 0.5928559310136566, 0.5677483777180791, 0.6085911970833738, 0.6036771581675023, 0.6027657254161467], [0.540970922517277, 0.5796223860244064, 0.5774069237536573, 0.6193909004579979, 0.5828830451631949, 0.5678912486210452, 0.5544077734002248, 0.6316420496282117, 0.6084478650840661, 0.6039968294739712, 0.5866125244965109, 0.6188596811598135, 0.5894341144400899, 0.5610653407940123, 0.5932401629729005, 0.6123765313408827, 0.5782622796576768, 1.0, 0.6305176188854723, 0.5875381919017897, 0.5796808583294368, 0.5898999142235067, 0.6044814354222507, 0.6091196186545476, 0.6341476941814104, 0.6127020298737005, 0.5702071870144071, 0.6214403933162413, 0.5979280791907766, 0.5577332761334803, 0.5777390854127802, 0.5862985745962391, 0.5840167660598555, 0.6019063657235414, 0.5721958612703704, 0.5451852254994047, 0.6178510050755732, 0.60319999059469, 0.5776069291036936, 0.5851020361651288, 0.5770257378597285, 0.5728150503396567, 0.6192744083618941, 0.5380169113109734], [0.5661826881533513, 0.5879779784239777, 0.6371100800614695, 0.6333497134653233, 0.5988119782939428, 0.6163272667390056, 0.5879420045312489, 0.5680460840449958, 0.5530486525694275, 0.5799124299371176, 0.5307033057874545, 0.6115838974631246, 0.5616560719623485, 0.5742531203353658, 0.5846612755955081, 0.5475126252411241, 0.573683221525389, 0.6305176188854723, 1.0, 0.5511770006467674, 0.6200395191756912, 0.5906027964746458, 0.587548441995851, 0.6244710212381559, 0.5471266500204778, 0.6239262438621178, 0.635879350100192, 0.57172692005273, 0.566435528892977, 0.6007433033519963, 0.5881643445560879, 0.6050251533525567, 0.5621677192522774, 0.6109805038269323, 0.5963804523911191, 0.5789055928540182, 0.5759490452781271, 0.5992498194012171, 0.6277696160487853, 0.6126006869037605, 0.6196007510047504, 0.5889104059052986, 0.567423287276637, 0.6059561606966126], [0.519389474335776, 0.5778040283362228, 0.5446220670327434, 0.5711162921304122, 0.5773938121051797, 0.6069025157174167, 0.5753581650326168, 0.5928264301647066, 0.5816397754262271, 0.6076224085625059, 0.5663828384527431, 0.568366337056197, 0.5966016655918405, 0.5293221037205118, 0.5740811295827745, 0.5887309551911369, 0.5770077207576009, 0.5875381919017897, 0.5511770006467674, 1.0, 0.5634684441605705, 0.6275522414052294, 0.5531400455281796, 0.6476187269529511, 0.5710275086176317, 0.5839272598530842, 0.6403273464413423, 0.6345998250731857, 0.5782062953886892, 0.5974806723967665, 0.6010683868532308, 0.6058366525431992, 0.5718235584904141, 0.5819468378669522, 0.5326711351343784, 0.582602825415433, 0.5990815858534189, 0.5772305553830149, 0.5410036228032267, 0.6707425091437993, 0.6329337663531346, 0.652933123054636, 0.6012819623133953, 0.6735233857137223], [0.616260189732799, 0.5826819615920716, 0.6219429881308373, 0.5985690819531317, 0.578934232204041, 0.5761281336169848, 0.5743265944445024, 0.5622310846597423, 0.5672483372494185, 0.5792631974507311, 0.5842634166886083, 0.5939500061501964, 0.6158668787994167, 0.5776258045853463, 0.5840337939640745, 0.61029641379912, 0.5910877669799137, 0.5796808583294368, 0.6200395191756912, 0.5634684441605705, 1.0, 0.6045478066191817, 0.5609084841349363, 0.5844089003185302, 0.6089935898499031, 0.5974561151262636, 0.5907243153176677, 0.5893907255936455, 0.6045803254295986, 0.6070940221934525, 0.6010381711056928, 0.5865998359124478, 0.6092778788977137, 0.5633705869151185, 0.6206589958400933, 0.5541087903353015, 0.5896928184473408, 0.592988742703638, 0.6164165171150909, 0.5532449548180914, 0.5868765712117976, 0.560208544013685, 0.5781288484391012, 0.5780477383832816], [0.5756449397709409, 0.6045766669852174, 0.5693034773571551, 0.5730460426232565, 0.5716383903058827, 0.5742864284496513, 0.5409089658302393, 0.6045495432777152, 0.5644641552975691, 0.5974872376456152, 0.5512913895295665, 0.5442990690422961, 0.5878819206700991, 0.6140070939667145, 0.5827903011098184, 0.5803374157913025, 0.6013127132143825, 0.5898999142235067, 0.5906027964746458, 0.6275522414052294, 0.6045478066191817, 1.0, 0.5970731755248057, 0.6000048494630082, 0.6269421342654438, 0.5995726540551334, 0.6287720611397417, 0.5882307554882874, 0.5392443764369519, 0.5805689316344294, 0.622871800758031, 0.6324779556462464, 0.5641452549005724, 0.605708860601777, 0.5773562463584653, 0.5332706151229599, 0.5639754370323968, 0.6298550167762185, 0.605697591650577, 0.6385855577532644, 0.5734022078927578, 0.5986148311614566, 0.6143672044747908, 0.558665801954109], [0.6053103469244293, 0.5457665583065948, 0.6017618988699444, 0.576830869615342, 0.6461206096309547, 0.5601807824087589, 0.5788793666674582, 0.5828011430706883, 0.5650661388873819, 0.6464909168828287, 0.5818151404671106, 0.5799767289237646, 0.5504404989801173, 0.5801053417431999, 0.6084441791968778, 0.5944109026639873, 0.5875212250759954, 0.6044814354222507, 0.587548441995851, 0.5531400455281796, 0.5609084841349363, 0.5970731755248057, 1.0, 0.6062054607038896, 0.5799633423928041, 0.6524753223727731, 0.5789516658877002, 0.5962315154710998, 0.6386179788459572, 0.5736733312607596, 0.6018176784225019, 0.583745315661914, 0.613336421974477, 0.5617216802308153, 0.5767618351898866, 0.5612000860845496, 0.6160803666927824, 0.5624998773336152, 0.5668059705005802, 0.5700138332532151, 0.5847343602109605, 0.5821802581673944, 0.5636868289357025, 0.5445929277514331], [0.5462963989007151, 0.634457158779508, 0.5772612651320598, 0.6108274104208017, 0.5465919673588155, 0.6142811195800162, 0.5363840240309763, 0.6105988785432677, 0.6125848825311949, 0.6537096795922257, 0.5621814874427611, 0.5853485027622267, 0.5828997303362277, 0.4946658031362021, 0.5904578690284565, 0.5696010287691118, 0.5870263874352109, 0.6091196186545476, 0.6244710212381559, 0.6476187269529511, 0.5844089003185302, 0.6000048494630082, 0.6062054607038896, 1.0, 0.5602910697874445, 0.6011218806890369, 0.5923144464192407, 0.5531778293227181, 0.5276115341234421, 0.5911955301387642, 0.6096141226034768, 0.6424144646430362, 0.5514989809340015, 0.6332728926927187, 0.5607812473786289, 0.5426491271498708, 0.5560342944937299, 0.5543403381381422, 0.6135620206224394, 0.6888126515875971, 0.5922993792332789, 0.6506171598359273, 0.5282964475484492, 0.5864254105819073], [0.588271416083567, 0.6227024997338138, 0.57893689846419, 0.5499231225860732, 0.5478662776284432, 0.5602098970323321, 0.6006215135703445, 0.6076034220089006, 0.6073233804903252, 0.5816190476492439, 0.6456460569145429, 0.5714014025994468, 0.5638216796116557, 0.5812938202689196, 0.586505208404074, 0.6155032290926363, 0.5715176329095449, 0.6341476941814104, 0.5471266500204778, 0.5710275086176317, 0.6089935898499031, 0.6269421342654438, 0.5799633423928041, 0.5602910697874445, 1.0, 0.588741040353297, 0.5360755715539991, 0.7327766821359064, 0.6032350159338522, 0.6010258698782486, 0.5996894327221046, 0.5377968352194743, 0.5891171519027206, 0.5166419905794697, 0.5927047166246966, 0.6010032818698372, 0.6004422141491795, 0.5879348464152299, 0.6031955223076741, 0.526350060127809, 0.6058181460579991, 0.5852136941405522, 0.6273591130898617, 0.5536534648199185], [0.6052067756271882, 0.596272954040329, 0.556604004113817, 0.5847484762001478, 0.5511546974129449, 0.5676527867269515, 0.647402029588726, 0.5759637005685322, 0.591403141711317, 0.603807818413244, 0.5467188571947705, 0.5566769499764181, 0.5593181080244002, 0.5872810584896335, 0.5923880626574695, 0.5752819537978581, 0.5619136089846529, 0.6127020298737005, 0.6239262438621178, 0.5839272598530842, 0.5974561151262636, 0.5995726540551334, 0.6524753223727731, 0.6011218806890369, 0.588741040353297, 1.0, 0.5293822715070489, 0.5912029199065347, 0.5982191099949987, 0.5946511684292498, 0.5428856325574459, 0.5760778165153643, 0.6321455129716054, 0.5759889242512065, 0.6145638613991975, 0.5981731672053696, 0.6331597851492946, 0.6209412539218235, 0.5632797927681961, 0.5842723227254836, 0.5615566884119523, 0.5584173544276473, 0.610378168535493, 0.5793750655483734], [0.5656974494146814, 0.5567675589092818, 0.5990516451517895, 0.5507973867972125, 0.6058224935622419, 0.604090175489441, 0.5698226273296124, 0.5941327077690596, 0.6118756471585093, 0.5637794418804178, 0.5527657318019061, 0.6146714735790798, 0.5889456538445516, 0.5865316555890551, 0.6251447820155904, 0.5887032076086092, 0.5678482936423452, 0.5702071870144071, 0.635879350100192, 0.6403273464413423, 0.5907243153176677, 0.6287720611397417, 0.5789516658877002, 0.5923144464192407, 0.5360755715539991, 0.5293822715070489, 1.0, 0.5425223562906832, 0.5324626397411862, 0.5873659987153487, 0.6258704667903849, 0.6049150807329714, 0.5531930697341941, 0.6341341806482854, 0.5781687195494645, 0.551352575378636, 0.5802792912314704, 0.5957894386134116, 0.6123235578470267, 0.6881854651621868, 0.6038663353530181, 0.5765923457721925, 0.5765911793754147, 0.6261867608452715], [0.5716842992943856, 0.5578182017924903, 0.5608979908989622, 0.5658069948841294, 0.6005660477111522, 0.6111542606646007, 0.5350897706353211, 0.639688882421896, 0.5702812193282422, 0.6332770422884177, 0.6307639454977464, 0.5994070874088092, 0.6136031803941013, 0.5810158115037936, 0.607168777286686, 0.6380390094725776, 0.5726934949839235, 0.6214403933162413, 0.57172692005273, 0.6345998250731857, 0.5893907255936455, 0.5882307554882874, 0.5962315154710998, 0.5531778293227181, 0.7327766821359064, 0.5912029199065347, 0.5425223562906832, 1.0, 0.5873711194792758, 0.5814847869087538, 0.6002201187517832, 0.5741309378461236, 0.5518678440094408, 0.48821922010032337, 0.6063525212671735, 0.563386978349782, 0.5257984614682596, 0.5202238495837608, 0.5835795219408824, 0.5571407267365626, 0.6402275536374029, 0.584256037803969, 0.5886837969597948, 0.6215957541507301], [0.6318670537719043, 0.5981314703568739, 0.6383248959133346, 0.6041323660171759, 0.580474885001045, 0.6293002685375575, 0.6191848074502592, 0.5309321315999024, 0.5940002925511134, 0.555667414298086, 0.6474574890375493, 0.5906409169748708, 0.5809854832866426, 0.5972196808741798, 0.5820626175026854, 0.5734568067460278, 0.6183412122011386, 0.5979280791907766, 0.566435528892977, 0.5782062953886892, 0.6045803254295986, 0.5392443764369519, 0.6386179788459572, 0.5276115341234421, 0.6032350159338522, 0.5982191099949987, 0.5324626397411862, 0.5873711194792758, 1.0, 0.5398772471874717, 0.6081980594229358, 0.5750665108233708, 0.6321753957589007, 0.6150940030348547, 0.5886156206121329, 0.6034759163209997, 0.6252708952655601, 0.6074843119685425, 0.5544754602718368, 0.5044831953262567, 0.5683784594528163, 0.5869080306559614, 0.5935306483017619, 0.6012342737932084], [0.6091108807362657, 0.6287751820557406, 0.5537842252183669, 0.5912683373397971, 0.6137638921802683, 0.6147606540701726, 0.607099663101695, 0.5330125933628735, 0.5420903209837726, 0.5807398320054473, 0.5995921160737964, 0.615567635358448, 0.5950479431041826, 0.5164993006667579, 0.5984085066921431, 0.6120984189286293, 0.5803764271962751, 0.5577332761334803, 0.6007433033519963, 0.5974806723967665, 0.6070940221934525, 0.5805689316344294, 0.5736733312607596, 0.5911955301387642, 0.6010258698782486, 0.5946511684292498, 0.5873659987153487, 0.5814847869087538, 0.5398772471874717, 1.0, 0.5737851667263727, 0.5543745507620369, 0.6306374101370856, 0.5961324186190586, 0.6054388122244747, 0.5612709646813999, 0.6105181544149538, 0.5666002561526705, 0.5697116987176631, 0.5885737756377523, 0.5701876586540927, 0.5743176412726398, 0.6122545329184489, 0.6081814933041233], [0.552543023549586, 0.5521374571870188, 0.551886746062508, 0.602383651138271, 0.6001474371970142, 0.5203479379993505, 0.550172969158675, 0.6110549093657621, 0.5461459432482375, 0.5778791422657168, 0.5779651194303566, 0.6014253507600625, 0.6055770129866376, 0.5861460943337328, 0.5942141800115239, 0.618586913516456, 0.6076004764345934, 0.5777390854127802, 0.5881643445560879, 0.6010683868532308, 0.6010381711056928, 0.622871800758031, 0.6018176784225019, 0.6096141226034768, 0.5996894327221046, 0.5428856325574459, 0.6258704667903849, 0.6002201187517832, 0.6081980594229358, 0.5737851667263727, 1.0, 0.6184241890238886, 0.5749957809469987, 0.6139367815846107, 0.5984892905402839, 0.5394079401012972, 0.5578134137442324, 0.5771664130411389, 0.607621196970136, 0.6144351735101831, 0.6235307122069972, 0.5935626951690685, 0.5511998914507596, 0.6102254030779459], [0.5425429365295025, 0.5529927322649801, 0.5546754477651662, 0.5995720789976356, 0.6256473332301896, 0.5797386164433755, 0.5521169827721726, 0.659737309139209, 0.5532653041008345, 0.5767831794795515, 0.5808557588313878, 0.6106444094289487, 0.5592837229516578, 0.6311550267385903, 0.5304026035643336, 0.5444029580981172, 0.6275458110958936, 0.5862985745962391, 0.6050251533525567, 0.6058366525431992, 0.5865998359124478, 0.6324779556462464, 0.583745315661914, 0.6424144646430362, 0.5377968352194743, 0.5760778165153643, 0.6049150807329714, 0.5741309378461236, 0.5750665108233708, 0.5543745507620369, 0.6184241890238886, 1.0, 0.5466963342133822, 0.6403164073096376, 0.5405628901157274, 0.6241238864790268, 0.5474736934829114, 0.5117458065720996, 0.6705756654769333, 0.7649224055231484, 0.5937948487213592, 0.6048512191844126, 0.5383534351905304, 0.637928508803826], [0.6072973341248238, 0.6121725341266324, 0.590165704675908, 0.5793781383914484, 0.5808324155981068, 0.6102102622134368, 0.6540515735143423, 0.5949470055446898, 0.5860497975833243, 0.5798497267536845, 0.6077852741551341, 0.5994502678980608, 0.5750890987671904, 0.5875416093667035, 0.5895673193235704, 0.605780741753696, 0.5543867102213734, 0.5840167660598555, 0.5621677192522774, 0.5718235584904141, 0.6092778788977137, 0.5641452549005724, 0.613336421974477, 0.5514989809340015, 0.5891171519027206, 0.6321455129716054, 0.5531930697341941, 0.5518678440094408, 0.6321753957589007, 0.6306374101370856, 0.5749957809469987, 0.5466963342133822, 1.0, 0.5732266665140464, 0.6118514896049536, 0.5944420815068353, 0.6813306220096368, 0.6413227665495091, 0.5202193564695383, 0.5239943148171137, 0.560666548004962, 0.53274807413267, 0.5827993749407288, 0.553177622531563], [0.6077455080721995, 0.5893258729445506, 0.5719839942677025, 0.5853346677925421, 0.5313308506816731, 0.594973198737696, 0.5805626165450362, 0.5952538840174147, 0.6137674996540803, 0.5672126973944768, 0.5645829022898256, 0.612247150002308, 0.5700519378859891, 0.6260997823137568, 0.5708165083272233, 0.5503988033075283, 0.6237254241240591, 0.6019063657235414, 0.6109805038269323, 0.5819468378669522, 0.5633705869151185, 0.605708860601777, 0.5617216802308153, 0.6332728926927187, 0.5166419905794697, 0.5759889242512065, 0.6341341806482854, 0.48821922010032337, 0.6150940030348547, 0.5961324186190586, 0.6139367815846107, 0.6403164073096376, 0.5732266665140464, 1.0, 0.5701985933643399, 0.5916669116410566, 0.5815930392387153, 0.6570824220470375, 0.6460724315945429, 0.6505126802143236, 0.5468303420104722, 0.6004235130358755, 0.5619905240159657, 0.6466907419880453], [0.5827270407241254, 0.5480016559998518, 0.6111660698498609, 0.5620869216358809, 0.6109481515467047, 0.6028604155593427, 0.6289511082493272, 0.5966632212098855, 0.5762582854564555, 0.5993419701891626, 0.5544470887946618, 0.616184554695237, 0.584989367586714, 0.5814158110870201, 0.5650164518094796, 0.6406282268822796, 0.5789552507196163, 0.5721958612703704, 0.5963804523911191, 0.5326711351343784, 0.6206589958400933, 0.5773562463584653, 0.5767618351898866, 0.5607812473786289, 0.5927047166246966, 0.6145638613991975, 0.5781687195494645, 0.6063525212671735, 0.5886156206121329, 0.6054388122244747, 0.5984892905402839, 0.5405628901157274, 0.6118514896049536, 0.5701985933643399, 1.0, 0.5954664871570022, 0.603146291888966, 0.6505068649167544, 0.5817496709740836, 0.5415462977320111, 0.6459982995445793, 0.5748618277474489, 0.5829324465145402, 0.5593987245734858], [0.616893188809612, 0.5918797850824681, 0.6535636636001946, 0.606248742383764, 0.5954149609003893, 0.5573900808596522, 0.6876563825412065, 0.5721723578670457, 0.6110067461345483, 0.5705197548023021, 0.5868493255335252, 0.559660453041898, 0.5932580841560258, 0.6691329215283347, 0.5767445624907651, 0.5769814753620022, 0.5741125878153555, 0.5451852254994047, 0.5789055928540182, 0.582602825415433, 0.5541087903353015, 0.5332706151229599, 0.5612000860845496, 0.5426491271498708, 0.6010032818698372, 0.5981731672053696, 0.551352575378636, 0.563386978349782, 0.6034759163209997, 0.5612709646813999, 0.5394079401012972, 0.6241238864790268, 0.5944420815068353, 0.5916669116410566, 0.5954664871570022, 1.0, 0.6207762080874697, 0.5996740289132436, 0.5594709517906518, 0.625802617332316, 0.5952423505507627, 0.636291837926295, 0.6426167728366583, 0.5830106524609593], [0.6161668935818565, 0.6149647139793631, 0.5950248149367062, 0.5706227475914668, 0.5528423059641625, 0.5712667687721616, 0.6424831196784272, 0.5710644380747263, 0.6328041494901676, 0.5819262878948569, 0.6190760009274204, 0.593958739287008, 0.5650296458881873, 0.5767961514936809, 0.5671361845644098, 0.5641028802454814, 0.5689097040541022, 0.6178510050755732, 0.5759490452781271, 0.5990815858534189, 0.5896928184473408, 0.5639754370323968, 0.6160803666927824, 0.5560342944937299, 0.6004422141491795, 0.6331597851492946, 0.5802792912314704, 0.5257984614682596, 0.6252708952655601, 0.6105181544149538, 0.5578134137442324, 0.5474736934829114, 0.6813306220096368, 0.5815930392387153, 0.603146291888966, 0.6207762080874697, 1.0, 0.6543604701934875, 0.4872255121564468, 0.5591977649247754, 0.5677280213048269, 0.5535497584860353, 0.6652056517048871, 0.5293885166138579], [0.6238861791297047, 0.6464404273296989, 0.618922273028615, 0.5572782795335325, 0.5420513915569317, 0.5578772629615633, 0.6973601703009469, 0.5345347005510148, 0.6232672542152986, 0.5363754659859287, 0.6038944933375803, 0.5799256507219289, 0.5741771128886204, 0.6627769461528853, 0.5946525296858369, 0.5627103356433718, 0.5970304708417284, 0.60319999059469, 0.5992498194012171, 0.5772305553830149, 0.592988742703638, 0.6298550167762185, 0.5624998773336152, 0.5543403381381422, 0.5879348464152299, 0.6209412539218235, 0.5957894386134116, 0.5202238495837608, 0.6074843119685425, 0.5666002561526705, 0.5771664130411389, 0.5117458065720996, 0.6413227665495091, 0.6570824220470375, 0.6505068649167544, 0.5996740289132436, 0.6543604701934875, 1.0, 0.5521427123946931, 0.49998047405607865, 0.5599281348768838, 0.5895202051759303, 0.6191995715870756, 0.5543731896944741], [0.5878724248767537, 0.5413373492010813, 0.5689164870660782, 0.6174919577672956, 0.6184059020080642, 0.6011522879336055, 0.5346736585385722, 0.6218288004925521, 0.5532808693222608, 0.5639274968257251, 0.5591464823760292, 0.6105676163459377, 0.6267452374982508, 0.5990191639467571, 0.6049781861484574, 0.5928667939498093, 0.6309092510047053, 0.5776069291036936, 0.6277696160487853, 0.5410036228032267, 0.6164165171150909, 0.605697591650577, 0.5668059705005802, 0.6135620206224394, 0.6031955223076741, 0.5632797927681961, 0.6123235578470267, 0.5835795219408824, 0.5544754602718368, 0.5697116987176631, 0.607621196970136, 0.6705756654769333, 0.5202193564695383, 0.6460724315945429, 0.5817496709740836, 0.5594709517906518, 0.4872255121564468, 0.5521427123946931, 1.0, 0.6358412641077595, 0.5738953776694877, 0.5828919379133266, 0.5569667691296618, 0.6507299036915761], [0.5194099882994557, 0.5549443648590658, 0.5593066274971066, 0.6011372264738712, 0.5709301559789861, 0.6030452204911648, 0.5355296407051642, 0.689439924936819, 0.5608925913376432, 0.6093018688280882, 0.5683546480694562, 0.5829954052053722, 0.55532940261675, 0.5386798226069274, 0.5802557970973738, 0.565204049177165, 0.5928559310136566, 0.5851020361651288, 0.6126006869037605, 0.6707425091437993, 0.5532449548180914, 0.6385855577532644, 0.5700138332532151, 0.6888126515875971, 0.526350060127809, 0.5842723227254836, 0.6881854651621868, 0.5571407267365626, 0.5044831953262567, 0.5885737756377523, 0.6144351735101831, 0.7649224055231484, 0.5239943148171137, 0.6505126802143236, 0.5415462977320111, 0.625802617332316, 0.5591977649247754, 0.49998047405607865, 0.6358412641077595, 1.0, 0.5751939503195266, 0.6341109499811809, 0.5516970696257888, 0.6358357718089596], [0.5760387727836408, 0.5809046298583299, 0.5713463212640357, 0.5906770996737575, 0.573088177322518, 0.5847495203899871, 0.5727263224380615, 0.5810876500797735, 0.5920633800449419, 0.6207569988742224, 0.5730023800077547, 0.5720143147726167, 0.6129093490344557, 0.5710546735801837, 0.5892601626443976, 0.6070722592877011, 0.5677483777180791, 0.5770257378597285, 0.6196007510047504, 0.6329337663531346, 0.5868765712117976, 0.5734022078927578, 0.5847343602109605, 0.5922993792332789, 0.6058181460579991, 0.5615566884119523, 0.6038663353530181, 0.6402275536374029, 0.5683784594528163, 0.5701876586540927, 0.6235307122069972, 0.5937948487213592, 0.560666548004962, 0.5468303420104722, 0.6459982995445793, 0.5952423505507627, 0.5677280213048269, 0.5599281348768838, 0.5738953776694877, 0.5751939503195266, 1.0, 0.6094502177969513, 0.5678779399496714, 0.5771548371748212], [0.5745764343755176, 0.5913751051032872, 0.5657026937165358, 0.635028072969818, 0.618936570921984, 0.553361880351413, 0.5647772896965902, 0.5716257031326696, 0.5598557618156599, 0.5857731990215773, 0.6010130994671349, 0.6200376855504253, 0.5773619130696416, 0.6189827496443637, 0.5680319407513079, 0.5749936515283238, 0.6085911970833738, 0.5728150503396567, 0.5889104059052986, 0.652933123054636, 0.560208544013685, 0.5986148311614566, 0.5821802581673944, 0.6506171598359273, 0.5852136941405522, 0.5584173544276473, 0.5765923457721925, 0.584256037803969, 0.5869080306559614, 0.5743176412726398, 0.5935626951690685, 0.6048512191844126, 0.53274807413267, 0.6004235130358755, 0.5748618277474489, 0.636291837926295, 0.5535497584860353, 0.5895202051759303, 0.5828919379133266, 0.6341109499811809, 0.6094502177969513, 1.0, 0.5865533323377611, 0.606053321643746], [0.604934036592093, 0.6064492850636766, 0.6087636568037361, 0.5920452832413108, 0.6257368491447618, 0.6092656470831818, 0.6125233475344264, 0.6062205402889603, 0.6020849689306579, 0.5757541894140057, 0.5988300718393731, 0.5573179037633201, 0.574636693158859, 0.5865632213819318, 0.5549036131045599, 0.5589737527187095, 0.6036771581675023, 0.6192744083618941, 0.567423287276637, 0.6012819623133953, 0.5781288484391012, 0.6143672044747908, 0.5636868289357025, 0.5282964475484492, 0.6273591130898617, 0.610378168535493, 0.5765911793754147, 0.5886837969597948, 0.5935306483017619, 0.6122545329184489, 0.5511998914507596, 0.5383534351905304, 0.5827993749407288, 0.5619905240159657, 0.5829324465145402, 0.6426167728366583, 0.6652056517048871, 0.6191995715870756, 0.5569667691296618, 0.5516970696257888, 0.5678779399496714, 0.5865533323377611, 1.0, 0.5375511053267723], [0.5639726066738395, 0.5633383143985138, 0.5764592845562402, 0.5844408873416257, 0.5653653877806172, 0.6352130121450688, 0.5478445363176541, 0.6194702203925071, 0.5375619744986335, 0.5775624572846665, 0.5699650999562758, 0.5962711244998835, 0.6032667370317706, 0.6198716678259805, 0.5845598376413376, 0.5905383933875082, 0.6027657254161467, 0.5380169113109734, 0.6059561606966126, 0.6735233857137223, 0.5780477383832816, 0.558665801954109, 0.5445929277514331, 0.5864254105819073, 0.5536534648199185, 0.5793750655483734, 0.6261867608452715, 0.6215957541507301, 0.6012342737932084, 0.6081814933041233, 0.6102254030779459, 0.637928508803826, 0.553177622531563, 0.6466907419880453, 0.5593987245734858, 0.5830106524609593, 0.5293885166138579, 0.5543731896944741, 0.6507299036915761, 0.6358357718089596, 0.5771548371748212, 0.606053321643746, 0.5375511053267723, 1.0]]