[[0.0, 0.5033025566523242, 0.6034167118448357, 0.7957453441820395, 0.7075505000676967, 0.6902178607600722, 0.5678551418431426, 0.8726362868157029, 0.6217513805533676, 0.7788948385257266, 0.572512100336215, 0.8773396797354096, 0.6548758389628355, 0.5976559179313141, 0.6720403860894901, 0.7313284751027682, 0.6199330891385408, 0.8485281895498977, 0.7662143702443067, 0.9253374383045698, 0.6226912214361677, 0.7371819517738094, 0.6520451121990256, 0.8305081307734223, 0.6998956139285624, 0.6523278328529609, 0.7677293773105835, 0.7492171837398243, 0.582611395910803, 0.6417372134138288, 0.8098138197020575, 0.8431720932480002, 0.6466398645419711, 0.6454255715884305, 0.7160693259700985, 0.6210261648854483, 0.6229369192279592, 0.6028564719849356, 0.7010493394202799, 0.925261397598441, 0.7359942546360474, 0.7404124850453655, 0.6530727972152441, 0.7731357661105813], [0.5033025566523242, 0.0, 0.7473142926573826, 0.6646777485602653, 0.790968643818972, 0.6427513494403323, 0.640946371440873, 0.776023522689127, 0.5066085923528287, 0.8318764457435686, 0.741845376542436, 0.8755803659223922, 0.6619739736239731, 0.6518192345390146, 0.5993096041821717, 0.8058682361991876, 0.6815940684605832, 0.7252611771241917, 0.7007439677935055, 0.7306905991629784, 0.7162020895029655, 0.6540499404097102, 0.8322852230132995, 0.5761505503755038, 0.605903301219233, 0.6770842836724822, 0.796081657413767, 0.7926987624043189, 0.6718732411845043, 0.5903935596353587, 0.8111431980990962, 0.808342029928931, 0.6335264067779012, 0.6968540597132233, 0.82481200385327, 0.6895322753093647, 0.626109559244659, 0.5469329542565535, 0.8472769364164952, 0.8019824388233241, 0.721452969386521, 0.6909741234801288, 0.6489424996106656, 0.7751322330484791], [0.6034167118448357, 0.7473142926573826, 0.0, 0.6840924889076876, 0.6821420378572924, 0.7529331056209851, 0.47541615818860583, 0.8528824106241555, 0.6092598599590151, 0.6815619483114854, 0.5580264792741239, 0.7200592648653057, 0.7918642394879003, 0.627065975781238, 0.8014881856035139, 0.7205889702084929, 0.6409667085486219, 0.7318808605534426, 0.5695874720794218, 0.8361356627510259, 0.6078644169706942, 0.7565323940093298, 0.6617868327621135, 0.7323178609103982, 0.7273039646510882, 0.7966094253887459, 0.6693051560631587, 0.7828553787423636, 0.5666003416162699, 0.8057574673704047, 0.8119659642754633, 0.8028560738159292, 0.6944393618215314, 0.7483006692875667, 0.6362164873545093, 0.530072823344309, 0.6806021780896174, 0.6157117679844208, 0.7577272283969729, 0.7879280359594403, 0.750251927390762, 0.7677129897159078, 0.6426736202525924, 0.7347278928290704], [0.7957453441820395, 0.6646777485602653, 0.6840924889076876, 0.0, 0.6185414551000175, 0.7468287513211078, 0.6967510819343326, 0.6167419238019325, 0.7823330900369481, 0.7733091809204307, 0.7044235257812341, 0.7055571486931589, 0.6510483902564295, 0.7428918807048273, 0.6561835473050204, 0.6633364299398397, 0.6810016548831432, 0.6144893301799674, 0.5789065325830469, 0.7509568782738454, 0.6706509409690835, 0.745060476156957, 0.7336104093507463, 0.637123650543278, 0.8184359939210981, 0.7101369917169649, 0.815549644879072, 0.7673871285468787, 0.6552663890409229, 0.6912794696552609, 0.6600716140127454, 0.6678561844837732, 0.7259884930700726, 0.7084243511003285, 0.7790842688344892, 0.6494879578108648, 0.7524713205368789, 0.7944356288873236, 0.6194542899242974, 0.6635136803384536, 0.6929723541886414, 0.5747335315796795, 0.6890599896771943, 0.7110370298501476], [0.7075505000676967, 0.790968643818972, 0.6821420378572924, 0.6185414551000175, 0.0, 0.743878537413095, 0.7273935921551775, 0.6938418391037375, 0.7818123385503846, 0.7999526826706487, 0.7602273609197605, 0.5979267602172305, 0.6577527980549587, 0.7014232249930461, 0.6488918170526128, 0.5727171249484986, 0.6398492006585554, 0.7156100324037067, 0.6699732741637365, 0.7319201886733022, 0.7273119196854771, 0.74935766554255, 0.5476986573314397, 0.8295182873471325, 0.8252629169451982, 0.8143726338428794, 0.6506485160694357, 0.6650957938950277, 0.7227274182554853, 0.6292910233733504, 0.6662572195100844, 0.5983445415439463, 0.7216669957551511, 0.8820665103805772, 0.6368001072895526, 0.6795009626358655, 0.8088340729568262, 0.8448435251272108, 0.6170608927774426, 0.7515277298416279, 0.7449321754847995, 0.615674443845472, 0.598115887480128, 0.7687676352554451], [0.6902178607600722, 0.6427513494403323, 0.7529331056209851, 0.7468287513211078, 0.743878537413095, 0.0, 0.7857738301634383, 0.6061103134283523, 0.6097242263778437, 0.6546342140463668, 0.6489521209925584, 0.6711707437188579, 0.6913956030999608, 0.6658399843414724, 0.7207509250182234, 0.6863317547830363, 0.8539695124103288, 0.7609005288040662, 0.6225146183958581, 0.6477110806138355, 0.7357249918033149, 0.7412913669222672, 0.7851379972373078, 0.6279191531781079, 0.7850452219738018, 0.7616402550684793, 0.6553819952290867, 0.636248103568072, 0.5890665394501078, 0.6266493201529026, 0.9217910305262864, 0.7249152836063879, 0.638779387899288, 0.6807479767519189, 0.6587587676861906, 0.7940757009125796, 0.7504956609839668, 0.7925089735533786, 0.6634720021400722, 0.658250436319727, 0.7101339379176743, 0.8071356837318628, 0.6413201774750188, 0.5742750555802876], [0.5678551418431426, 0.640946371440873, 0.47541615818860583, 0.6967510819343326, 0.7273935921551775, 0.7857738301634383, 0.0, 0.8316333205262867, 0.5702506688561932, 0.6965339732990923, 0.6749143065799381, 0.791810444800461, 0.7168597115384077, 0.5801472118080195, 0.7946898962941966, 0.7919416449444014, 0.6929968320418547, 0.8037265131888831, 0.7008480297257795, 0.7380478122584919, 0.7411695883023064, 0.8487399232976356, 0.727475632370324, 0.8643359145652887, 0.6649420265610921, 0.5446352564499504, 0.7549320648889442, 0.868845294524474, 0.6150267060296579, 0.6471760087807696, 0.8176101990783025, 0.8112103615777444, 0.5289314183999461, 0.7224670888233582, 0.5899487048897647, 0.45421467085718037, 0.5564611261701562, 0.433979229941464, 0.8702997314909959, 0.8673102737753968, 0.7460346431137652, 0.77060943887673, 0.6325908294357641, 0.8253353528384462], [0.8726362868157029, 0.776023522689127, 0.8528824106241555, 0.6167419238019325, 0.6938418391037375, 0.6061103134283523, 0.8316333205262867, 0.0, 0.605797946282943, 0.7269627478895393, 0.8128323748504087, 0.6483744469118995, 0.8231382230528508, 0.6877973154276937, 0.7252569335222034, 0.6788358067924107, 0.6022947248419519, 0.5831751552775912, 0.7604205505284118, 0.6868343736330502, 0.7786280895607043, 0.6541241509806661, 0.7158511301662107, 0.6377363849500404, 0.645810348950522, 0.7362205274618916, 0.6831256500840579, 0.5632599338196203, 0.8834799035172651, 0.8761282799920689, 0.6365141408289139, 0.5157548105089707, 0.6808219735209413, 0.6799554389312377, 0.6759873316344978, 0.7477251150821369, 0.7511158694654099, 0.8707859358226309, 0.6081596722568938, 0.45045269911173325, 0.7209107780258572, 0.749396492354558, 0.6495646939368653, 0.6142826032321338], [0.6217513805533676, 0.5066085923528287, 0.6092598599590151, 0.7823330900369481, 0.7818123385503846, 0.6097242263778437, 0.5702506688561932, 0.605797946282943, 0.0, 0.6541326503525307, 0.6230321039902051, 0.7328399038236921, 0.7023979475781454, 0.6716227913702892, 0.7473925989561905, 0.7467201986884142, 0.7155479890799794, 0.6435261875096483, 0.8081591833811836, 0.7192771922573511, 0.762896308958771, 0.7715916779034959, 0.7697043428739248, 0.6324268334341021, 0.6465692448603668, 0.6908939595862551, 0.63431900688302, 0.7535208351731122, 0.6835008543601861, 0.8447110403764888, 0.8310124104418626, 0.8074511316504795, 0.7063396389243193, 0.6292814470684756, 0.735332966549709, 0.6366431407285844, 0.5802677665841345, 0.6044481612611154, 0.8074002833767702, 0.7828725418090343, 0.6890083624562169, 0.7861743474014002, 0.6608951420528986, 0.8602506267908314], [0.7788948385257266, 0.8318764457435686, 0.6815619483114854, 0.7733091809204307, 0.7999526826706487, 0.6546342140463668, 0.6965339732990923, 0.7269627478895393, 0.6541326503525307, 0.0, 0.7176973860434961, 0.6141307991421261, 0.6294786735558329, 0.726697391837605, 0.6139437523787634, 0.6861830528369437, 0.8087776433722962, 0.6556378298722416, 0.724398285631564, 0.6457589218372783, 0.7263309742460455, 0.6736759163935906, 0.5468121421128056, 0.5297310583251345, 0.7193384639683749, 0.6561560971964815, 0.7737432863188864, 0.5790877186805756, 0.799637650631702, 0.7219414699810363, 0.7304656404092644, 0.73375374937655, 0.7245847568102621, 0.7630070775805193, 0.6684965340978588, 0.7527876845325407, 0.7184307029976984, 0.8643656606512911, 0.7732776032892006, 0.6412226043609026, 0.6109363274414239, 0.7071453621816597, 0.7368523206366688, 0.7314144771482685], [0.572512100336215, 0.741845376542436, 0.5580264792741239, 0.7044235257812341, 0.7602273609197605, 0.6489521209925584, 0.6749143065799381, 0.8128323748504087, 0.6230321039902051, 0.7176973860434961, 0.0, 0.6470834764316726, 0.7431786973677474, 0.7550719106335553, 0.6777825809267413, 0.6517650131042085, 0.660387621415889, 0.7047027777974895, 0.8842920123065858, 0.7655902193855693, 0.7115567592228089, 0.8139227620684046, 0.7187589845069167, 0.7787850050857743, 0.5488362227113532, 0.8290936682356769, 0.809084649188001, 0.5853791376913329, 0.5445029471919585, 0.6678004483249782, 0.730208219114679, 0.7215978059886676, 0.6453179149331532, 0.7712190644530985, 0.8035986124013139, 0.7040149089220902, 0.6153105571883388, 0.6559183947401797, 0.7884401163548667, 0.7594648049360093, 0.7451934492601349, 0.6638572451858562, 0.6699228162146047, 0.7544933892912284], [0.8773396797354096, 0.8755803659223922, 0.7200592648653057, 0.7055571486931589, 0.5979267602172305, 0.6711707437188579, 0.791810444800461, 0.6483744469118995, 0.7328399038236921, 0.6141307991421261, 0.6470834764316726, 0.0, 0.7020854073786433, 0.7223340767761468, 0.7917376565150984, 0.6471956787283013, 0.739095765064943, 0.6158751821186448, 0.6350986416549578, 0.7594286198922535, 0.6836433868932779, 0.8372252625004812, 0.72420711061227, 0.7083839717382998, 0.7500832084953795, 0.7963740011911071, 0.6268853248992468, 0.6683152752212578, 0.6930760657791437, 0.6245168565720567, 0.6627167423791354, 0.6376142720035081, 0.6681951006652223, 0.6333273254048308, 0.6228904025265563, 0.7867976816384714, 0.6836186318268616, 0.7243589738704184, 0.6378202400983812, 0.7152793848310508, 0.7482079979021388, 0.6128051944330952, 0.7943080479694702, 0.6770894294751235], [0.6548758389628355, 0.6619739736239731, 0.7918642394879003, 0.6510483902564295, 0.6577527980549587, 0.6913956030999608, 0.7168597115384077, 0.8231382230528508, 0.7023979475781454, 0.6294786735558329, 0.7431786973677474, 0.7020854073786433, 0.0, 0.6836592334225904, 0.5383563876771116, 0.7105144042088611, 0.7723952127536127, 0.6965424557245237, 0.7804490148324019, 0.6761602551142403, 0.6237275203846326, 0.70102186313222, 0.8167267885499856, 0.7155609240429412, 0.7736104093917981, 0.7878913370642653, 0.6979495365525588, 0.6297177588905685, 0.7212134016550409, 0.680536856884685, 0.6513176335213133, 0.7880012576129196, 0.7388609906598551, 0.7542261214100126, 0.7094327784543335, 0.6856070346223919, 0.769818640981341, 0.7416228852611568, 0.5955446330819401, 0.800733033921726, 0.6315626471930083, 0.7320158766333098, 0.7402299781847532, 0.6576415350202471], [0.5976559179313141, 0.6518192345390146, 0.627065975781238, 0.7428918807048273, 0.7014232249930461, 0.6658399843414724, 0.5801472118080195, 0.6877973154276937, 0.6716227913702892, 0.726697391837605, 0.7550719106335553, 0.7223340767761468, 0.6836592334225904, 0.0, 0.6224839683062493, 0.7538387707034282, 0.7418507194264752, 0.7823236034947609, 0.7413923661677215, 0.8892088446168716, 0.7312245956841534, 0.6286456782439231, 0.7238248435965589, 1.0215668713300126, 0.7203004145775667, 0.7027622218428005, 0.7049378161792439, 0.7211235567097314, 0.6744257298022245, 0.9361110435369084, 0.706059307853431, 0.5843967926031852, 0.7020071158498462, 0.5971895027730114, 0.7199394666106365, 0.4944713790437145, 0.7337147576494458, 0.5088032343377951, 0.6693956724377577, 0.8563903046535608, 0.7511458118897378, 0.6155539077212564, 0.7048460652613353, 0.6132371455324117], [0.6720403860894901, 0.5993096041821717, 0.8014881856035139, 0.6561835473050204, 0.6488918170526128, 0.7207509250182234, 0.7946898962941966, 0.7252569335222034, 0.7473925989561905, 0.6139437523787634, 0.6777825809267413, 0.7917376565150984, 0.5383563876771116, 0.6224839683062493, 0.0, 0.6999365259149868, 0.7297351797779621, 0.6856579550998481, 0.7103920538972719, 0.7419140753272468, 0.7122296865950066, 0.7158830510660203, 0.6435361438085585, 0.6936009365840223, 0.7050146966658271, 0.688082632040173, 0.5996294438798677, 0.6469885102932944, 0.7180282154013893, 0.6710992387587489, 0.6828948780397777, 0.8853602777964269, 0.6961591445525377, 0.7518764531363995, 0.7698599692052763, 0.7338698360351028, 0.7632449263805168, 0.6816543276597404, 0.6529521607488289, 0.7233778705914213, 0.6970432813790479, 0.7604643828256368, 0.802114775222361, 0.7106888561399249], [0.7313284751027682, 0.8058682361991876, 0.7205889702084929, 0.6633364299398397, 0.5727171249484986, 0.6863317547830363, 0.7919416449444014, 0.6788358067924107, 0.7467201986884142, 0.6861830528369437, 0.6517650131042085, 0.6471956787283013, 0.7105144042088611, 0.7538387707034282, 0.6999365259149868, 0.0, 0.6869795826591938, 0.6329822402082628, 0.8264419008778123, 0.6985687455067497, 0.6385480520440212, 0.7231354946095947, 0.6823379172862967, 0.7556148066673363, 0.6246868460368304, 0.7382780624322849, 0.6986488048232882, 0.5673022889723158, 0.7438104984302321, 0.6337242003505323, 0.6165877068354719, 0.836874662646067, 0.6507622825794441, 0.8168644153851161, 0.5609677470296008, 0.733157896226379, 0.7727262792291163, 0.7771132617577665, 0.6867195299264097, 0.7692725334431332, 0.6472503638583891, 0.7391496364212304, 0.7889927660042146, 0.6933700013367381], [0.6199330891385408, 0.6815940684605832, 0.6409667085486219, 0.6810016548831432, 0.6398492006585554, 0.8539695124103288, 0.6929968320418547, 0.6022947248419519, 0.7155479890799794, 0.8087776433722962, 0.660387621415889, 0.739095765064943, 0.7723952127536127, 0.7418507194264752, 0.7297351797779621, 0.6869795826591938, 0.0, 0.7293190913161169, 0.7431222711047056, 0.7330790629404713, 0.6917961356388245, 0.6630282015066524, 0.70206616768722, 0.7035009352290289, 0.7497272917181748, 0.7796329969778542, 0.7610337324176977, 0.7461347278408876, 0.6172300669403104, 0.7230196698905795, 0.6458183276418932, 0.593509162707474, 0.8037950433564465, 0.603269581970896, 0.7272492109831343, 0.7418186279545873, 0.7577481854746178, 0.6749563863803159, 0.5850140070184864, 0.6867504357934215, 0.7613436501910353, 0.6431391134022684, 0.6565145566142656, 0.6590193467115346], [0.8485281895498977, 0.7252611771241917, 0.7318808605534426, 0.6144893301799674, 0.7156100324037067, 0.7609005288040662, 0.8037265131888831, 0.5831751552775912, 0.6435261875096483, 0.6556378298722416, 0.7047027777974895, 0.6158751821186448, 0.6965424557245237, 0.7823236034947609, 0.6856579550998481, 0.6329822402082628, 0.7293190913161169, 0.0, 0.5859985035273705, 0.7020170157162406, 0.7250871503362506, 0.6952028232048713, 0.6543105236994848, 0.6417136624311128, 0.576919713144822, 0.6321147168488006, 0.7537485019015264, 0.6091647899867294, 0.6724419454483206, 0.792971735401123, 0.7308851439149644, 0.705615608376092, 0.7122796092766805, 0.6613879781748395, 0.747653325873125, 0.8342389948002944, 0.618513188107032, 0.6578249595364021, 0.731281169967539, 0.709103606191823, 0.7330249491281686, 0.7457641858520292, 0.6147930327771853, 0.8586776344322022], [0.7662143702443067, 0.7007439677935055, 0.5695874720794218, 0.5789065325830469, 0.6699732741637365, 0.6225146183958581, 0.7008480297257795, 0.7604205505284118, 0.8081591833811836, 0.724398285631564, 0.8842920123065858, 0.6350986416549578, 0.7804490148324019, 0.7413923661677215, 0.7103920538972719, 0.8264419008778123, 0.7431222711047056, 0.5859985035273705, 0.0, 0.8142992157266546, 0.6128004249300845, 0.6931853454962933, 0.7019873231270717, 0.6013553327378947, 0.8277303800912863, 0.6027535463326192, 0.5726253727887773, 0.7490867841377327, 0.7654259822902831, 0.6646044898382584, 0.7002050689671466, 0.6528238445274785, 0.778828569755073, 0.6367134364131237, 0.6767819870530876, 0.7273973724627127, 0.736264706397938, 0.6687531103459001, 0.5929410637839596, 0.6323847187541596, 0.6139425240824685, 0.698051163593818, 0.762352766308775, 0.6502844015157649], [0.9253374383045698, 0.7306905991629784, 0.8361356627510259, 0.7509568782738454, 0.7319201886733022, 0.6477110806138355, 0.7380478122584919, 0.6868343736330502, 0.7192771922573511, 0.6457589218372783, 0.7655902193855693, 0.7594286198922535, 0.6761602551142403, 0.8892088446168716, 0.7419140753272468, 0.6985687455067497, 0.7330790629404713, 0.7020170157162406, 0.8142992157266546, 0.0, 0.7747222765770925, 0.5934928345738628, 0.8078604289897777, 0.5441184116231541, 0.7512291175268309, 0.712542072880104, 0.5617012229097509, 0.5757962112338657, 0.7294865309755358, 0.6736943071121373, 0.6637042005075213, 0.6506099388377546, 0.7487911876872484, 0.7183700209891428, 0.8773309346821043, 0.7164352048703784, 0.6692217280814177, 0.7324100234722695, 0.8484164575802093, 0.49088508088818883, 0.5799441476504621, 0.5315504217670424, 0.6631132524790229, 0.48472944104281623], [0.6226912214361677, 0.7162020895029655, 0.6078644169706942, 0.6706509409690835, 0.7273119196854771, 0.7357249918033149, 0.7411695883023064, 0.7786280895607043, 0.762896308958771, 0.7263309742460455, 0.7115567592228089, 0.6836433868932779, 0.6237275203846326, 0.7312245956841534, 0.7122296865950066, 0.6385480520440212, 0.6917961356388245, 0.7250871503362506, 0.6128004249300845, 0.7747222765770925, 0.0, 0.65412890271211, 0.782822025846613, 0.7111306817109615, 0.6420534085530638, 0.673763101058334, 0.6928370376327584, 0.6966673491388604, 0.6540399314010537, 0.6471913137720646, 0.6637878392321768, 0.7047396517670586, 0.641287226460886, 0.7750305451261821, 0.6111906968277314, 0.8046997583180038, 0.6957981659552792, 0.6863726542946815, 0.6222796960083572, 0.8075176127522083, 0.7039358002231622, 0.7850495332244907, 0.7297182154115214, 0.7299609246752865], [0.7371819517738094, 0.6540499404097102, 0.7565323940093298, 0.745060476156957, 0.74935766554255, 0.7412913669222672, 0.8487399232976356, 0.6541241509806661, 0.7715916779034959, 0.6736759163935906, 0.8139227620684046, 0.8372252625004812, 0.70102186313222, 0.6286456782439231, 0.7158830510660203, 0.7231354946095947, 0.6630282015066524, 0.6952028232048713, 0.6931853454962933, 0.5934928345738628, 0.65412890271211, 0.0, 0.6748365878621767, 0.6666531960449638, 0.5950435380637626, 0.6678545848224184, 0.5904014535686479, 0.7000131167400538, 0.8544467846053085, 0.7224483528334522, 0.6054668051804666, 0.581082773040257, 0.7725931244006379, 0.6509581831219893, 0.7320328762479975, 0.8752205196407139, 0.7731268674783727, 0.5876669604352625, 0.6509888990559063, 0.565960876907865, 0.7439765425302094, 0.6705232612759688, 0.6276910497767836, 0.7899789042074639], [0.6520451121990256, 0.8322852230132995, 0.6617868327621135, 0.7336104093507463, 0.5476986573314397, 0.7851379972373078, 0.727475632370324, 0.7158511301662107, 0.7697043428739248, 0.5468121421128056, 0.7187589845069167, 0.72420711061227, 0.8167267885499856, 0.7238248435965589, 0.6435361438085585, 0.6823379172862967, 0.70206616768722, 0.6543105236994848, 0.7019873231270717, 0.8078604289897777, 0.782822025846613, 0.6748365878621767, 0.0, 0.6496057274688019, 0.7242469082170175, 0.5326250138678481, 0.7272599060004621, 0.677200842377262, 0.5658813768555251, 0.74315232294711, 0.6616328098257642, 0.7130758451844552, 0.630426572060991, 0.7802410609985593, 0.7338179105952309, 0.7818956639456776, 0.6231648565075354, 0.7777781654642144, 0.7642721708044822, 0.7543433889889015, 0.7101782758913295, 0.7176810549155892, 0.7740347098194589, 0.8362339080106949], [0.8305081307734223, 0.5761505503755038, 0.7323178609103982, 0.637123650543278, 0.8295182873471325, 0.6279191531781079, 0.8643359145652887, 0.6377363849500404, 0.6324268334341021, 0.5297310583251345, 0.7787850050857743, 0.7083839717382998, 0.7155609240429412, 1.0215668713300126, 0.6936009365840223, 0.7556148066673363, 0.7035009352290289, 0.6417136624311128, 0.6013553327378947, 0.5441184116231541, 0.7111306817109615, 0.6666531960449638, 0.6496057274688019, 0.0, 0.7847866116791158, 0.6635561474717047, 0.6882924366362646, 0.8077369464071753, 0.8953338494795606, 0.6914877549315739, 0.6403819447773023, 0.5566274656590424, 0.8132399778988368, 0.5790980658400411, 0.7832265338302564, 0.8428114042166632, 0.798450221331225, 0.8039459357381258, 0.6298270857533383, 0.45177356672408453, 0.688335384201284, 0.5370021907386828, 0.8928766313695335, 0.7052467064953827], [0.6998956139285624, 0.605903301219233, 0.7273039646510882, 0.8184359939210981, 0.8252629169451982, 0.7850452219738018, 0.6649420265610921, 0.645810348950522, 0.6465692448603668, 0.7193384639683749, 0.5488362227113532, 0.7500832084953795, 0.7736104093917981, 0.7203004145775667, 0.7050146966658271, 0.6246868460368304, 0.7497272917181748, 0.576919713144822, 0.8277303800912863, 0.7512291175268309, 0.6420534085530638, 0.5950435380637626, 0.7242469082170175, 0.7847866116791158, 0.0, 0.6985396489429563, 0.8654086346467098, 0.36467224514457497, 0.6577287020580633, 0.6638218920636023, 0.6675298003181571, 0.8594382385904169, 0.6974552459900665, 0.9355763144191827, 0.6871807697005468, 0.6638844248717028, 0.6654391987028923, 0.7008687375773412, 0.6578372401941113, 0.8998762909938276, 0.6506603615406779, 0.7087775115526047, 0.5939833807064854, 0.8061839463521832], [0.6523278328529609, 0.6770842836724822, 0.7966094253887459, 0.7101369917169649, 0.8143726338428794, 0.7616402550684793, 0.5446352564499504, 0.7362205274618916, 0.6908939595862551, 0.6561560971964815, 0.8290936682356769, 0.7963740011911071, 0.7878913370642653, 0.7027622218428005, 0.688082632040173, 0.7382780624322849, 0.7796329969778542, 0.6321147168488006, 0.6027535463326192, 0.712542072880104, 0.673763101058334, 0.6678545848224184, 0.5326250138678481, 0.6635561474717047, 0.6985396489429563, 0.0, 0.8889941235719767, 0.6914666121034947, 0.6716283102496681, 0.6816581772494703, 0.8420085926554413, 0.7358765974515347, 0.5819142578410073, 0.7361444949657907, 0.6271701979404833, 0.6717566999401563, 0.5793801556177594, 0.6104583061345445, 0.7753166593915528, 0.7115306700397022, 0.7807641163137748, 0.7907752903291394, 0.6383285830804593, 0.7259976472296212], [0.7677293773105835, 0.796081657413767, 0.6693051560631587, 0.815549644879072, 0.6506485160694357, 0.6553819952290867, 0.7549320648889442, 0.6831256500840579, 0.63431900688302, 0.7737432863188864, 0.809084649188001, 0.6268853248992468, 0.6979495365525588, 0.7049378161792439, 0.5996294438798677, 0.6986488048232882, 0.7610337324176977, 0.7537485019015264, 0.5726253727887773, 0.5617012229097509, 0.6928370376327584, 0.5904014535686479, 0.7272599060004621, 0.6882924366362646, 0.8654086346467098, 0.8889941235719767, 0.0, 0.8432420128032483, 0.8780660376210982, 0.7025159818360944, 0.5977747042902373, 0.6531245985606888, 0.8076871434425126, 0.5769533176364727, 0.7295989322619283, 0.8137214636446737, 0.7233080951033031, 0.6784453284826815, 0.633123513189777, 0.4530966587100571, 0.6559956093849866, 0.7343275666636975, 0.7343310750664582, 0.5969676501146859], [0.7492171837398243, 0.7926987624043189, 0.7828553787423636, 0.7673871285468787, 0.6650957938950277, 0.636248103568072, 0.868845294524474, 0.5632599338196203, 0.7535208351731122, 0.5790877186805756, 0.5853791376913329, 0.6683152752212578, 0.6297177588905685, 0.7211235567097314, 0.6469885102932944, 0.5673022889723158, 0.7461347278408876, 0.6091647899867294, 0.7490867841377327, 0.5757962112338657, 0.6966673491388604, 0.7000131167400538, 0.677200842377262, 0.8077369464071753, 0.36467224514457497, 0.6914666121034947, 0.8432420128032483, 0.0, 0.7025011391205847, 0.7197354471062358, 0.6660554499232689, 0.7417629569859834, 0.8120280260121353, 1.0482602053120966, 0.6492056434599633, 0.7749789015875057, 0.9018693915679441, 0.9222494332009492, 0.713562526447427, 0.7948786581398819, 0.561944646584762, 0.7115783753963061, 0.6987048143067827, 0.6087625974316277], [0.582611395910803, 0.6718732411845043, 0.5666003416162699, 0.6552663890409229, 0.7227274182554853, 0.5890665394501078, 0.6150267060296579, 0.8834799035172651, 0.6835008543601861, 0.799637650631702, 0.5445029471919585, 0.6930760657791437, 0.7212134016550409, 0.6744257298022245, 0.7180282154013893, 0.7438104984302321, 0.6172300669403104, 0.6724419454483206, 0.7654259822902831, 0.7294865309755358, 0.6540399314010537, 0.8544467846053085, 0.5658813768555251, 0.8953338494795606, 0.6577287020580633, 0.6716283102496681, 0.8780660376210982, 0.7025011391205847, 0.0, 0.8522729105728573, 0.6442012342966199, 0.7389292910975052, 0.5818394811135301, 0.6257677608073418, 0.698901566628569, 0.6570669565346532, 0.5993068085718076, 0.6461330445876325, 0.8035063256176218, 0.9822265821030673, 0.7593910947341498, 0.7038444658566756, 0.6848329616360123, 0.663245166798234], [0.6417372134138288, 0.5903935596353587, 0.8057574673704047, 0.6912794696552609, 0.6292910233733504, 0.6266493201529026, 0.6471760087807696, 0.8761282799920689, 0.8447110403764888, 0.7219414699810363, 0.6678004483249782, 0.6245168565720567, 0.680536856884685, 0.9361110435369084, 0.6710992387587489, 0.6337242003505323, 0.7230196698905795, 0.792971735401123, 0.6646044898382584, 0.6736943071121373, 0.6471913137720646, 0.7224483528334522, 0.74315232294711, 0.6914877549315739, 0.6638218920636023, 0.6816581772494703, 0.7025159818360944, 0.7197354471062358, 0.8522729105728573, 0.0, 0.7428125681695796, 0.803834607172013, 0.5856972388977426, 0.6774796484252628, 0.6516945722819574, 0.7816706420358666, 0.6379529302585245, 0.7649127213429108, 0.7552737678563601, 0.6990223509643199, 0.7538085660437894, 0.7411967318017321, 0.6333076298076148, 0.6442460203239799], [0.8098138197020575, 0.8111431980990962, 0.8119659642754633, 0.6600716140127454, 0.6662572195100844, 0.9217910305262864, 0.8176101990783025, 0.6365141408289139, 0.8310124104418626, 0.7304656404092644, 0.730208219114679, 0.6627167423791354, 0.6513176335213133, 0.706059307853431, 0.6828948780397777, 0.6165877068354719, 0.6458183276418932, 0.7308851439149644, 0.7002050689671466, 0.6637042005075213, 0.6637878392321768, 0.6054668051804666, 0.6616328098257642, 0.6403819447773023, 0.6675298003181571, 0.8420085926554413, 0.5977747042902373, 0.6660554499232689, 0.6442012342966199, 0.7428125681695796, 0.0, 0.6170130757310526, 0.7391431957170778, 0.628832202265085, 0.6708736744432868, 0.8538844641630723, 0.7927141502167572, 0.7326025517162631, 0.6457622034689305, 0.627510994019334, 0.6037702400583984, 0.6847419963196362, 0.8142238696165147, 0.6387387266345368], [0.8431720932480002, 0.808342029928931, 0.8028560738159292, 0.6678561844837732, 0.5983445415439463, 0.7249152836063879, 0.8112103615777444, 0.5157548105089707, 0.8074511316504795, 0.73375374937655, 0.7215978059886676, 0.6376142720035081, 0.7880012576129196, 0.5843967926031852, 0.8853602777964269, 0.836874662646067, 0.593509162707474, 0.705615608376092, 0.6528238445274785, 0.6506099388377546, 0.7047396517670586, 0.581082773040257, 0.7130758451844552, 0.5566274656590424, 0.8594382385904169, 0.7358765974515347, 0.6531245985606888, 0.7417629569859834, 0.7389292910975052, 0.803834607172013, 0.6170130757310526, 0.0, 0.8291690238582943, 0.561727902931012, 0.849923511741461, 0.602245999013858, 0.8265717821768062, 0.9540951526275196, 0.49125602297060755, 0.30732214506918054, 0.684083319606658, 0.6532991391641896, 0.8575157779871634, 0.5675737738623581], [0.6466398645419711, 0.6335264067779012, 0.6944393618215314, 0.7259884930700726, 0.7216669957551511, 0.638779387899288, 0.5289314183999461, 0.6808219735209413, 0.7063396389243193, 0.7245847568102621, 0.6453179149331532, 0.6681951006652223, 0.7388609906598551, 0.7020071158498462, 0.6961591445525377, 0.6507622825794441, 0.8037950433564465, 0.7122796092766805, 0.778828569755073, 0.7487911876872484, 0.641287226460886, 0.7725931244006379, 0.630426572060991, 0.8132399778988368, 0.6974552459900665, 0.5819142578410073, 0.8076871434425126, 0.8120280260121353, 0.5818394811135301, 0.5856972388977426, 0.7391431957170778, 0.8291690238582943, 0.0, 0.7445106070889602, 0.6343835342227528, 0.6822496776559406, 0.4677162125054992, 0.5592772503310179, 0.9222660355940744, 0.9084176521056788, 0.7835913406254262, 0.8770598122349484, 0.715856335813162, 0.8077376221829045], [0.6454255715884305, 0.6968540597132233, 0.7483006692875667, 0.7084243511003285, 0.8820665103805772, 0.6807479767519189, 0.7224670888233582, 0.6799554389312377, 0.6292814470684756, 0.7630070775805193, 0.7712190644530985, 0.6333273254048308, 0.7542261214100126, 0.5971895027730114, 0.7518764531363995, 0.8168644153851161, 0.603269581970896, 0.6613879781748395, 0.6367134364131237, 0.7183700209891428, 0.7750305451261821, 0.6509581831219893, 0.7802410609985593, 0.5790980658400411, 0.9355763144191827, 0.7361444949657907, 0.5769533176364727, 1.0482602053120966, 0.6257677608073418, 0.6774796484252628, 0.628832202265085, 0.561727902931012, 0.7445106070889602, 0.0, 0.7537749332205559, 0.6901401452827309, 0.7194153515127426, 0.5218790922524703, 0.5478140702149201, 0.5372490505035679, 0.8287207625008659, 0.6654910713669031, 0.7793894332132738, 0.5463341827436985], [0.7160693259700985, 0.82481200385327, 0.6362164873545093, 0.7790842688344892, 0.6368001072895526, 0.6587587676861906, 0.5899487048897647, 0.6759873316344978, 0.735332966549709, 0.6684965340978588, 0.8035986124013139, 0.6228904025265563, 0.7094327784543335, 0.7199394666106365, 0.7698599692052763, 0.5609677470296008, 0.7272492109831343, 0.747653325873125, 0.6767819870530876, 0.8773309346821043, 0.6111906968277314, 0.7320328762479975, 0.7338179105952309, 0.7832265338302564, 0.6871807697005468, 0.6271701979404833, 0.7295989322619283, 0.6492056434599633, 0.698901566628569, 0.6516945722819574, 0.6708736744432868, 0.849923511741461, 0.6343835342227528, 0.7537749332205559, 0.0, 0.6793556338903375, 0.6579725573179704, 0.5372627929575662, 0.7189524118262012, 0.8465641888569584, 0.5479916908527274, 0.7395484475259417, 0.7154646408502099, 0.7876336789334855], [0.6210261648854483, 0.6895322753093647, 0.530072823344309, 0.6494879578108648, 0.6795009626358655, 0.7940757009125796, 0.45421467085718037, 0.7477251150821369, 0.6366431407285844, 0.7527876845325407, 0.7040149089220902, 0.7867976816384714, 0.6856070346223919, 0.4944713790437145, 0.7338698360351028, 0.733157896226379, 0.7418186279545873, 0.8342389948002944, 0.7273973724627127, 0.7164352048703784, 0.8046997583180038, 0.8752205196407139, 0.7818956639456776, 0.8428114042166632, 0.6638844248717028, 0.6717566999401563, 0.8137214636446737, 0.7749789015875057, 0.6570669565346532, 0.7816706420358666, 0.8538844641630723, 0.602245999013858, 0.6822496776559406, 0.6901401452827309, 0.6793556338903375, 0.0, 0.6108864788501951, 0.667572634106308, 0.7874028969679012, 0.5979479348661405, 0.6799879898913868, 0.5716058896167002, 0.5561374092147795, 0.7152345257824666], [0.6229369192279592, 0.626109559244659, 0.6806021780896174, 0.7524713205368789, 0.8088340729568262, 0.7504956609839668, 0.5564611261701562, 0.7511158694654099, 0.5802677665841345, 0.7184307029976984, 0.6153105571883388, 0.6836186318268616, 0.769818640981341, 0.7337147576494458, 0.7632449263805168, 0.7727262792291163, 0.7577481854746178, 0.618513188107032, 0.736264706397938, 0.6692217280814177, 0.6957981659552792, 0.7731268674783727, 0.6231648565075354, 0.798450221331225, 0.6654391987028923, 0.5793801556177594, 0.7233080951033031, 0.9018693915679441, 0.5993068085718076, 0.6379529302585245, 0.7927141502167572, 0.8265717821768062, 0.4677162125054992, 0.7194153515127426, 0.6579725573179704, 0.6108864788501951, 0.0, 0.5282096727271903, 1.0524376803957316, 0.7882761032396517, 0.761406804796545, 0.8065223309554159, 0.5032945036426744, 0.8889718394277366], [0.6028564719849356, 0.5469329542565535, 0.6157117679844208, 0.7944356288873236, 0.8448435251272108, 0.7925089735533786, 0.433979229941464, 0.8707859358226309, 0.6044481612611154, 0.8643656606512911, 0.6559183947401797, 0.7243589738704184, 0.7416228852611568, 0.5088032343377951, 0.6816543276597404, 0.7771132617577665, 0.6749563863803159, 0.6578249595364021, 0.6687531103459001, 0.7324100234722695, 0.6863726542946815, 0.5876669604352625, 0.7777781654642144, 0.8039459357381258, 0.7008687375773412, 0.6104583061345445, 0.6784453284826815, 0.9222494332009492, 0.6461330445876325, 0.7649127213429108, 0.7326025517162631, 0.9540951526275196, 0.5592772503310179, 0.5218790922524703, 0.5372627929575662, 0.667572634106308, 0.5282096727271903, 0.0, 0.8111259599224068, 1.0000781068259044, 0.78594347687115, 0.696294700707621, 0.6149881974835538, 0.8038390358507768], [0.7010493394202799, 0.8472769364164952, 0.7577272283969729, 0.6194542899242974, 0.6170608927774426, 0.6634720021400722, 0.8702997314909959, 0.6081596722568938, 0.8074002833767702, 0.7732776032892006, 0.7884401163548667, 0.6378202400983812, 0.5955446330819401, 0.6693956724377577, 0.6529521607488289, 0.6867195299264097, 0.5850140070184864, 0.731281169967539, 0.5929410637839596, 0.8484164575802093, 0.6222796960083572, 0.6509888990559063, 0.7642721708044822, 0.6298270857533383, 0.6578372401941113, 0.7753166593915528, 0.633123513189777, 0.713562526447427, 0.8035063256176218, 0.7552737678563601, 0.6457622034689305, 0.49125602297060755, 0.9222660355940744, 0.5478140702149201, 0.7189524118262012, 0.7874028969679012, 1.0524376803957316, 0.8111259599224068, 0.0, 0.5727195708244006, 0.742477878216873, 0.7155838586134218, 0.7954392531580283, 0.5367358935358932], [0.925261397598441, 0.8019824388233241, 0.7879280359594403, 0.6635136803384536, 0.7515277298416279, 0.658250436319727, 0.8673102737753968, 0.45045269911173325, 0.7828725418090343, 0.6412226043609026, 0.7594648049360093, 0.7152793848310508, 0.800733033921726, 0.8563903046535608, 0.7233778705914213, 0.7692725334431332, 0.6867504357934215, 0.709103606191823, 0.6323847187541596, 0.49088508088818883, 0.8075176127522083, 0.565960876907865, 0.7543433889889015, 0.45177356672408453, 0.8998762909938276, 0.7115306700397022, 0.4530966587100571, 0.7948786581398819, 0.9822265821030673, 0.6990223509643199, 0.627510994019334, 0.30732214506918054, 0.9084176521056788, 0.5372490505035679, 0.8465641888569584, 0.5979479348661405, 0.7882761032396517, 1.0000781068259044, 0.5727195708244006, 0.0, 0.7385440153612342, 0.5770110893522307, 0.8125889279750771, 0.5727331558509037], [0.7359942546360474, 0.721452969386521, 0.750251927390762, 0.6929723541886414, 0.7449321754847995, 0.7101339379176743, 0.7460346431137652, 0.7209107780258572, 0.6890083624562169, 0.6109363274414239, 0.7451934492601349, 0.7482079979021388, 0.6315626471930083, 0.7511458118897378, 0.6970432813790479, 0.6472503638583891, 0.7613436501910353, 0.7330249491281686, 0.6139425240824685, 0.5799441476504621, 0.7039358002231622, 0.7439765425302094, 0.7101782758913295, 0.688335384201284, 0.6506603615406779, 0.7807641163137748, 0.6559956093849866, 0.561944646584762, 0.7593910947341498, 0.7538085660437894, 0.6037702400583984, 0.684083319606658, 0.7835913406254262, 0.8287207625008659, 0.5479916908527274, 0.6799879898913868, 0.761406804796545, 0.78594347687115, 0.742477878216873, 0.7385440153612342, 0.0, 0.6408231071190904, 0.7609417969090784, 0.7326373021406356], [0.7404124850453655, 0.6909741234801288, 0.7677129897159078, 0.5747335315796795, 0.615674443845472, 0.8071356837318628, 0.77060943887673, 0.749396492354558, 0.7861743474014002, 0.7071453621816597, 0.6638572451858562, 0.6128051944330952, 0.7320158766333098, 0.6155539077212564, 0.7604643828256368, 0.7391496364212304, 0.6431391134022684, 0.7457641858520292, 0.698051163593818, 0.5315504217670424, 0.7850495332244907, 0.6705232612759688, 0.7176810549155892, 0.5370021907386828, 0.7087775115526047, 0.7907752903291394, 0.7343275666636975, 0.7115783753963061, 0.7038444658566756, 0.7411967318017321, 0.6847419963196362, 0.6532991391641896, 0.8770598122349484, 0.6654910713669031, 0.7395484475259417, 0.5716058896167002, 0.8065223309554159, 0.696294700707621, 0.7155838586134218, 0.5770110893522307, 0.6408231071190904, 0.0, 0.7048748082538547, 0.6500198320632686], [0.6530727972152441, 0.6489424996106656, 0.6426736202525924, 0.6890599896771943, 0.598115887480128, 0.6413201774750188, 0.6325908294357641, 0.6495646939368653, 0.6608951420528986, 0.7368523206366688, 0.6699228162146047, 0.7943080479694702, 0.7402299781847532, 0.7048460652613353, 0.802114775222361, 0.7889927660042146, 0.6565145566142656, 0.6147930327771853, 0.762352766308775, 0.6631132524790229, 0.7297182154115214, 0.6276910497767836, 0.7740347098194589, 0.8928766313695335, 0.5939833807064854, 0.6383285830804593, 0.7343310750664582, 0.6987048143067827, 0.6848329616360123, 0.6333076298076148, 0.8142238696165147, 0.8575157779871634, 0.715856335813162, 0.7793894332132738, 0.7154646408502099, 0.5561374092147795, 0.5032945036426744, 0.6149881974835538, 0.7954392531580283, 0.8125889279750771, 0.7609417969090784, 0.7048748082538547, 0.0, 0.8602882406726879], [0.7731357661105813, 0.7751322330484791, 0.7347278928290704, 0.7110370298501476, 0.7687676352554451, 0.5742750555802876, 0.8253353528384462, 0.6142826032321338, 0.8602506267908314, 0.7314144771482685, 0.7544933892912284, 0.6770894294751235, 0.6576415350202471, 0.6132371455324117, 0.7106888561399249, 0.6933700013367381, 0.6590193467115346, 0.8586776344322022, 0.6502844015157649, 0.48472944104281623, 0.7299609246752865, 0.7899789042074639, 0.8362339080106949, 0.7052467064953827, 0.8061839463521832, 0.7259976472296212, 0.5969676501146859, 0.6087625974316277, 0.663245166798234, 0.6442460203239799, 0.6387387266345368, 0.5675737738623581, 0.8077376221829045, 0.5463341827436985, 0.7876336789334855, 0.7152345257824666, 0.8889718394277366, 0.8038390358507768, 0.5367358935358932, 0.5727331558509037, 0.7326373021406356, 0.6500198320632686, 0.8602882406726879, 0.0]]