[[1.0, 0.846511995784095, 0.9800489397922745, 0.9716209160936213, 0.8773508938839988, 0.9676254146862004, 0.9502834492269112, 0.8716626766797778, 0.6982199459770412, 0.9857678213679789, 0.9773751827154039, 0.9772912912105739, 0.9738499967155715, 0.7214912405722805, 0.9790119111845945, 0.9835709688474568, 0.979659356942974, 0.982886616420506, 0.9775675857516781, 0.9621505962017348, 0.9767587855158283, 0.8922662089926845, 0.9941506910482215, 0.9620953597322155, 0.8849586748643449, 0.896773379984021, 0.9646473925661588, 0.7837771187906502, 0.9906125590082824, 0.8962721963756355, 0.9860968789143997, 0.8476308996982956, 0.9762621051823537, 0.5760853668230528, 0.9841248596334881, 0.8848093241113036, 0.8159887505179961, 0.77718211665088, 0.9623328273391735, 0.7089769893293649, 0.9776233166528361, 0.9972162741169018, 0.9661804368300941, 0.31092450442686875], [0.846511995784095, 1.0, 0.7968902021931564, 0.8434586082415733, 0.8921289391923758, 0.8650371097466935, 0.8912051622474846, 0.8525724467746405, 0.9260152722284865, 0.8344137474953857, 0.7951332630856931, 0.8023579754198678, 0.7823374273114556, 0.8907285575947739, 0.8109480038551693, 0.7952204664045495, 0.8216780672184967, 0.8520126751150531, 0.8346755872739803, 0.8946137024052462, 0.7999716432326127, 0.9453328684096145, 0.8256106467860835, 0.8690896700753235, 0.9480283842772379, 0.940795266828685, 0.8794835660974823, 0.8784257399718941, 0.8297002685953714, 0.8403717561839236, 0.83764551033848, 0.9186090342135915, 0.8730757925805933, 0.8296190922138609, 0.7953130406406588, 0.8490078561747869, 0.9484463117383947, 0.8832801860578838, 0.8865584828876006, 0.8295067716868005, 0.8187111444621595, 0.816508995841293, 0.9160969965285621, 0.5981517172206602], [0.9800489397922745, 0.7968902021931564, 1.0, 0.9779510688821996, 0.8349653750732035, 0.9271303512486708, 0.9074296487220576, 0.8194541161730051, 0.6629584169459645, 0.9892038222992942, 0.9967764196489117, 0.9956374395352445, 0.9955487841047886, 0.6638666432462176, 0.9969639580807683, 0.9922010766918714, 0.992550071337968, 0.9811286486657126, 0.9902308404760112, 0.9358203527789524, 0.9958663173870551, 0.8456273645907948, 0.983124244457026, 0.952572735272567, 0.8663090032389255, 0.8537216908663318, 0.956911764971611, 0.7483294435178315, 0.980723852174681, 0.8788340873247188, 0.987950462339653, 0.7867756709012739, 0.9815335239675816, 0.5327886904113256, 0.992667700736281, 0.839182319641681, 0.7970003335507754, 0.754422363187397, 0.9645160912108263, 0.6548681934480344, 0.9919475716820428, 0.983335523138964, 0.9426535283206824, 0.2656670835852238], [0.9716209160936213, 0.8434586082415733, 0.9779510688821996, 1.0, 0.87200266866071, 0.9458836780490092, 0.9121876060412403, 0.8857332081622441, 0.7369178155618206, 0.9751672070266632, 0.9748965862555194, 0.9809026212631236, 0.9732350937023134, 0.7313965951193215, 0.9850965503015069, 0.9776259279264202, 0.9887396525064281, 0.989521691317007, 0.9686289868977385, 0.9704025316279927, 0.9759700187257525, 0.8856281625835964, 0.9645714538066786, 0.947296637250593, 0.8977785693032916, 0.9070488892778859, 0.9623897198560372, 0.7707735471114174, 0.9627118533241452, 0.9488948455735708, 0.9849963207844987, 0.8396592266592019, 0.9742718224955963, 0.5843542875739441, 0.9778919129570559, 0.8992338256013728, 0.8204924933439218, 0.7526814677697593, 0.9512989359736811, 0.7322897351112315, 0.98987239029003, 0.9687985246153503, 0.9515757464251087, 0.315198273092358], [0.8773508938839988, 0.8921289391923758, 0.8349653750732035, 0.87200266866071, 1.0, 0.9203905440598192, 0.91730797050837, 0.9288960618710269, 0.864722266869061, 0.8770703662377376, 0.8210340162053931, 0.8277590199779226, 0.8157904899855282, 0.8974341782179857, 0.8485351983536458, 0.8535501647420126, 0.8673146197550021, 0.8898260441545834, 0.837354294464341, 0.9296941461006905, 0.8253873719957393, 0.9708029799442083, 0.8693957329819937, 0.8819171186362496, 0.8825562951645416, 0.9573214499591763, 0.9312231268725873, 0.775285335065875, 0.88457137907038, 0.8760756520547416, 0.8887996389640407, 0.8601964717296394, 0.8656722304627056, 0.6874603005963124, 0.8523197642024254, 0.9139965362722087, 0.8597166767531393, 0.7344913262198262, 0.8526943407965794, 0.8831110201460822, 0.8638458017723001, 0.8655576180568618, 0.9332701594894388, 0.45848614010612215], [0.9676254146862004, 0.8650371097466935, 0.9271303512486708, 0.9458836780490092, 0.9203905440598192, 1.0, 0.9599211807681284, 0.9426147436435881, 0.7445936822356202, 0.9545537967606941, 0.9184004361498687, 0.9205113292326068, 0.9147702536335873, 0.81108625096179, 0.9297043070026729, 0.9468919244516393, 0.9452559668816332, 0.9672636314368829, 0.9234347407925404, 0.953934228519726, 0.9190977154835036, 0.9275535605549368, 0.956566521771682, 0.9475222513966262, 0.8804805328558329, 0.9352521164348109, 0.9633340206871104, 0.8019506813677858, 0.9524451450712543, 0.9286505316830346, 0.9593329907707888, 0.8968961187140236, 0.9341610133478172, 0.6227378472111722, 0.9478712153900665, 0.9393384513654294, 0.8069302382326947, 0.7555473598059972, 0.9177480276721448, 0.77067882406834, 0.9418923028853813, 0.9609324251161073, 0.9434178820696434, 0.37248359005748705], [0.9502834492269112, 0.8912051622474846, 0.9074296487220576, 0.9121876060412403, 0.91730797050837, 0.9599211807681284, 1.0, 0.9047548433463571, 0.777389199923585, 0.9298312691863229, 0.8946669014528719, 0.8933921515358447, 0.8832206853610822, 0.8189648449739638, 0.9032604071371084, 0.9120037292143447, 0.9147365966384896, 0.9363985326723951, 0.9202723933729502, 0.9377204180332326, 0.8925023711808105, 0.9305018112797732, 0.9289028351057422, 0.9739377499467807, 0.9324660016184115, 0.9375049454384153, 0.9499449174998642, 0.8897778903433707, 0.9357166030251672, 0.8771465154335082, 0.9350555001926599, 0.9310261261544739, 0.94434374439308, 0.7100199989510435, 0.9143310058845746, 0.9106031919635664, 0.8796676272605151, 0.8523412334655028, 0.9355137592994165, 0.8187123688439386, 0.9051608771681823, 0.9382082650487165, 0.9558648381664561, 0.4123219155636524], [0.8716626766797778, 0.8525724467746405, 0.8194541161730051, 0.8857332081622441, 0.9288960618710269, 0.9426147436435881, 0.9047548433463571, 1.0, 0.8138610023114404, 0.852444179071145, 0.8032427974503954, 0.8133426247799381, 0.7988133826244027, 0.8792277545649956, 0.8326234646134509, 0.8442814238110896, 0.8565042305302776, 0.8911555986038829, 0.8117414650891445, 0.9202568419631462, 0.8050832738442935, 0.9299146144423367, 0.8460503586747092, 0.8734087102555923, 0.8598498452293074, 0.9531277469933824, 0.8956975674646703, 0.7829428700010288, 0.8522411395147181, 0.9504381528312621, 0.8738153906600665, 0.9238277841064322, 0.8469548026111567, 0.6713239019962579, 0.8459532029920889, 0.9834814774152433, 0.7869928796959963, 0.6908600101032231, 0.8171491013890727, 0.88025384987409, 0.8557557434997756, 0.8597655057389221, 0.8842553664081542, 0.44393910888316007], [0.6982199459770412, 0.9260152722284865, 0.6629584169459645, 0.7369178155618206, 0.864722266869061, 0.7445936822356202, 0.777389199923585, 0.8138610023114404, 1.0, 0.7041287160832714, 0.655502356779761, 0.6672085841701518, 0.6439421210421081, 0.9230985777294304, 0.683762840875108, 0.6638859535143143, 0.7022247137966238, 0.735694856739913, 0.6956731348542695, 0.8041875787906475, 0.6613202912451894, 0.8969786265897883, 0.6763560957741889, 0.7511667946498497, 0.88578757255097, 0.8983912023052462, 0.7828890905066155, 0.8046161006411268, 0.6931639051815937, 0.7837633903169426, 0.7198867779221019, 0.8472103119151014, 0.747043644155122, 0.8666553752054343, 0.6639485327803925, 0.7958626883038633, 0.9125406952414855, 0.7778686439446063, 0.7536967121756684, 0.8955102051160494, 0.6998081300184195, 0.6699664206665216, 0.8126233015711668, 0.6844166974508917], [0.9857678213679789, 0.8344137474953857, 0.9892038222992942, 0.9751672070266632, 0.8770703662377376, 0.9545537967606941, 0.9298312691863229, 0.852444179071145, 0.7041287160832714, 1.0, 0.9879813970900314, 0.9872056173937834, 0.9861906428502991, 0.7149214867013857, 0.9893915377817696, 0.9946813199627653, 0.9908351148408185, 0.9911399279108248, 0.9872273541591181, 0.9472886373908233, 0.988757137345234, 0.8864206848155897, 0.9873726439211771, 0.9610766258928541, 0.8835147748336495, 0.8829247968255646, 0.9801841669650982, 0.7683353525843677, 0.9840593123954963, 0.8910690072647214, 0.996285010541576, 0.8163078747968238, 0.980121339767634, 0.5676277782681203, 0.9944084886132214, 0.862768679981794, 0.8211852505521674, 0.7728543056486146, 0.9697813369245639, 0.6876574591128697, 0.9893169903033548, 0.9854286678309736, 0.957314265794483, 0.3027114493028145], [0.9773751827154039, 0.7951332630856931, 0.9967764196489117, 0.9748965862555194, 0.8210340162053931, 0.9184004361498687, 0.8946669014528719, 0.8032427974503954, 0.655502356779761, 0.9879813970900314, 1.0, 0.9987779293293746, 0.9991872065866929, 0.6501630352788779, 0.9952362680141413, 0.990610933224581, 0.9903362850761402, 0.9793313960066389, 0.9921857986151101, 0.9329913420989446, 0.9995778515844378, 0.8375172490776349, 0.9817619294355946, 0.9391053609918225, 0.8606634539370032, 0.8440281554180715, 0.9501289841181486, 0.7342650560932992, 0.9782522043217287, 0.869476665782605, 0.9855976101763251, 0.7743343054094206, 0.9774854327999878, 0.5234045804583731, 0.9906047226128946, 0.8220555613101311, 0.7922488603859865, 0.7510496573396788, 0.9656522714603956, 0.6388248591388928, 0.9903975276659517, 0.9804940273934682, 0.9390233015320739, 0.2611653892011393], [0.9772912912105739, 0.8023579754198678, 0.9956374395352445, 0.9809026212631236, 0.8277590199779226, 0.9205113292326068, 0.8933921515358447, 0.8133426247799381, 0.6672085841701518, 0.9872056173937834, 0.9987779293293746, 1.0, 0.9985214297480387, 0.6581223351564581, 0.9966128855168012, 0.990685026642382, 0.9908098463539251, 0.9818106207555101, 0.9895982409984895, 0.9414247196560831, 0.9990754778015163, 0.8462404457901584, 0.9814388522859065, 0.9360604790607584, 0.8633172272090215, 0.8515694913355731, 0.950454400900324, 0.7323866105039967, 0.9780768078521166, 0.8834609248805004, 0.9868472026117486, 0.7802562383145842, 0.9772141107311115, 0.5261323462923878, 0.9904617978427298, 0.8334850598670843, 0.7946082363884869, 0.7457343818841734, 0.9629707069132728, 0.6492354640962522, 0.9926533304482662, 0.9795280954091058, 0.9428668506667867, 0.26572437465845133], [0.9738499967155715, 0.7823374273114556, 0.9955487841047886, 0.9732350937023134, 0.8157904899855282, 0.9147702536335873, 0.8832206853610822, 0.7988133826244027, 0.6439421210421081, 0.9861906428502991, 0.9991872065866929, 0.9985214297480387, 1.0, 0.6398743139253188, 0.9949324709657688, 0.9911636852542356, 0.9892280257347419, 0.9769622363764219, 0.9873941581118345, 0.9293670982126341, 0.9992275907242926, 0.8305186837781122, 0.9810944429037725, 0.9286499572685589, 0.8456984088410383, 0.8349489532814135, 0.9452469782567391, 0.7138199055520618, 0.9768513444828884, 0.8673283839669104, 0.9837263502194168, 0.760350068596364, 0.9700172286948877, 0.5048432748389248, 0.9908967487693182, 0.81824268261933, 0.7760061081940063, 0.7302642818164529, 0.9564285790140303, 0.6272543474061817, 0.9905273425832339, 0.9788596528136244, 0.9326126599102013, 0.2505468869805583], [0.7214912405722803, 0.8907285575947739, 0.6638666432462174, 0.7313965951193213, 0.8974341782179859, 0.8110862509617898, 0.8189648449739636, 0.8792277545649954, 0.9230985777294304, 0.7149214867013856, 0.6501630352788778, 0.6581223351564579, 0.6398743139253186, 1.0, 0.6750462943372807, 0.6762969201913815, 0.7106916067967344, 0.7472266403790218, 0.689832142105488, 0.7958938679897342, 0.654018419451442, 0.9028441086452275, 0.6971828010869457, 0.7715125695982739, 0.8494019735690355, 0.9244727957548287, 0.8083407584910755, 0.8171238833550329, 0.7093803567153523, 0.796993365233276, 0.7280092092916726, 0.8718042811353895, 0.7342581300831023, 0.841555619516898, 0.6765199065816918, 0.8339347780001721, 0.8439011943944247, 0.7462650422327768, 0.737882221860686, 0.8954420789689941, 0.703439901276414, 0.6966276527446034, 0.7975225480307092, 0.6787664054454756], [0.9790119111845945, 0.8109480038551693, 0.9969639580807683, 0.9850965503015069, 0.8485351983536458, 0.9297043070026729, 0.9032604071371084, 0.8326234646134509, 0.683762840875108, 0.9893915377817696, 0.9952362680141413, 0.9966128855168012, 0.9949324709657688, 0.6750462943372808, 1.0, 0.9922609245584801, 0.9934926154143416, 0.9855807153078834, 0.9860163000164571, 0.9490283482954059, 0.9959176313081104, 0.8601733379362441, 0.9832250418504346, 0.9449769054031539, 0.8704206279233, 0.8645267349180706, 0.9585324731131899, 0.7401441490423053, 0.9804910573673098, 0.8957003771490532, 0.989931823592028, 0.7927189728398216, 0.9801390985526023, 0.5363820210723231, 0.9922006847023234, 0.8541768973080116, 0.8030020047195646, 0.7454853525631177, 0.9605853814245819, 0.6695993429445488, 0.9955449647558292, 0.9812098512532229, 0.9498845488571687, 0.27406453697091865], [0.9835709688474568, 0.7952204664045495, 0.9922010766918714, 0.9776259279264202, 0.8535501647420126, 0.9468919244516393, 0.9120037292143447, 0.8442814238110896, 0.6638859535143143, 0.9946813199627653, 0.990610933224581, 0.990685026642382, 0.9911636852542356, 0.6762969201913817, 0.9922609245584801, 1.0, 0.9906665092158224, 0.9883829295780346, 0.9793078985441721, 0.9420861563262843, 0.9907098982544589, 0.859877724976282, 0.9864047092795442, 0.9465215684259766, 0.8516296744990529, 0.8583528622536583, 0.9632356930930073, 0.7311069745352482, 0.9821092479795486, 0.8940905712205521, 0.99431400985568, 0.7931063032155499, 0.9687636644238459, 0.5218578719595639, 0.9997045754074563, 0.860818897456598, 0.7776466538335243, 0.7273726003013513, 0.9496209475153327, 0.6651936501701642, 0.9908499726642389, 0.9879258605203143, 0.9404704606819887, 0.26728614914148163], [0.979659356942974, 0.8216780672184967, 0.992550071337968, 0.9887396525064281, 0.8673146197550021, 0.9452559668816332, 0.9147365966384896, 0.8565042305302776, 0.7022247137966238, 0.9908351148408185, 0.9903362850761402, 0.9908098463539251, 0.9892280257347419, 0.7106916067967346, 0.9934926154143416, 0.9906665092158224, 1.0, 0.9910110642628164, 0.9852875020445656, 0.9530094334589944, 0.990638844600586, 0.8707921866329288, 0.9790683421827212, 0.9541583449867803, 0.8856413278072037, 0.8892251872168303, 0.9744331052432053, 0.7591874662882284, 0.9777105115855823, 0.9082711213411845, 0.9934023334750006, 0.8077429628465818, 0.9793226350541833, 0.5616668422529262, 0.9906056521365866, 0.8652088672133721, 0.812892607698561, 0.7570792760625008, 0.9637136503313838, 0.6949590599771523, 0.9976459657972775, 0.9810726858856484, 0.9499958231573703, 0.29286976386756836], [0.982886616420506, 0.8520126751150531, 0.9811286486657126, 0.989521691317007, 0.8898260441545834, 0.9672636314368829, 0.9363985326723951, 0.8911555986038829, 0.735694856739913, 0.9911399279108248, 0.9793313960066389, 0.9818106207555101, 0.9769622363764219, 0.747226640379022, 0.9855807153078834, 0.9883829295780346, 0.9910110642628164, 1.0, 0.9775696621451636, 0.9666498378710241, 0.980301867568903, 0.9032283895621455, 0.9781262078101939, 0.9614649752712892, 0.9014224697068924, 0.9113611865549291, 0.9793518607697482, 0.7857116013697398, 0.9760641359176976, 0.9353839111485255, 0.994714552718633, 0.851619512633652, 0.9780007244618377, 0.5952444099357911, 0.9884055723187394, 0.901649719009105, 0.829487798717741, 0.7708864224435759, 0.9623363344176598, 0.7311172967881545, 0.991391065897642, 0.9800809978159113, 0.960176151761682, 0.3246459593496369], [0.9775675857516781, 0.8346755872739803, 0.9902308404760112, 0.9686289868977385, 0.837354294464341, 0.9234347407925404, 0.9202723933729502, 0.8117414650891445, 0.6956731348542695, 0.9872273541591181, 0.9921857986151101, 0.9895982409984895, 0.9873941581118345, 0.6898321421054882, 0.9860163000164571, 0.9793078985441721, 0.9852875020445656, 0.9775696621451636, 1.0, 0.9343699187563056, 0.991153879766097, 0.8621589147924666, 0.9763520131565501, 0.9610291002110971, 0.901876311085883, 0.8703446170382539, 0.9642643357817554, 0.7919311525219267, 0.9753843376873178, 0.865422185257049, 0.9826952513745223, 0.8090891551306962, 0.9909614583249412, 0.5841548095631701, 0.9799007043908551, 0.824806733731028, 0.8441074974392414, 0.8145502586420443, 0.9886031404846977, 0.6674800275478241, 0.9820744116737399, 0.9753878946461537, 0.9536657566688804, 0.30138973164160715], [0.9621505962017348, 0.8946137024052462, 0.9358203527789524, 0.9704025316279927, 0.9296941461006905, 0.953934228519726, 0.9377204180332326, 0.9202568419631462, 0.8041875787906475, 0.9472886373908233, 0.9329913420989446, 0.9414247196560831, 0.9293670982126341, 0.7958938679897339, 0.9490283482954059, 0.9420861563262843, 0.9530094334589944, 0.9666498378710241, 0.9343699187563056, 1.0, 0.9353571442527829, 0.9447268325301046, 0.9533510036162873, 0.9284842458710386, 0.9135982731220339, 0.9509954982111362, 0.9513456210584846, 0.7841940561385117, 0.9601577770087252, 0.9415060806484195, 0.9624500738207277, 0.8813218906721092, 0.9504057538471039, 0.634573520720867, 0.9417766661123147, 0.9321406947520314, 0.8572299791323906, 0.7612458947798505, 0.9314690788977232, 0.8173103644829814, 0.9544166962552759, 0.9545099332366916, 0.9810673106944958, 0.3719058094895925], [0.9767587855158283, 0.7999716432326127, 0.9958663173870551, 0.9759700187257525, 0.8253873719957393, 0.9190977154835036, 0.8925023711808105, 0.8050832738442935, 0.6613202912451894, 0.988757137345234, 0.9995778515844378, 0.9990754778015163, 0.9992275907242926, 0.6540184194514422, 0.9959176313081104, 0.9907098982544589, 0.990638844600586, 0.980301867568903, 0.991153879766097, 0.9353571442527829, 1.0, 0.8419465856919558, 0.9823891882756066, 0.9364051054329212, 0.8609588918459364, 0.8462831817437124, 0.9515873847170034, 0.7304827461014661, 0.9782641164119364, 0.8721677288040027, 0.985966949212934, 0.7738081428027176, 0.9766213056985664, 0.5236281946578881, 0.9904046459075733, 0.8242455379693169, 0.7939592644806135, 0.7488913667970044, 0.964981116521061, 0.6400874980922867, 0.9913780030215373, 0.9795493174633361, 0.940920509608396, 0.2636749712376993], [0.8922662089926845, 0.9453328684096145, 0.8456273645907948, 0.8856281625835964, 0.9708029799442083, 0.9275535605549368, 0.9305018112797732, 0.9299146144423367, 0.8969786265897883, 0.8864206848155897, 0.8375172490776349, 0.8462404457901584, 0.8305186837781122, 0.9028441086452277, 0.8601733379362441, 0.859877724976282, 0.8707921866329288, 0.9032283895621455, 0.8621589147924666, 0.9447268325301046, 0.8419465856919558, 1.0, 0.8816935344690764, 0.8935345011417928, 0.9217599324392378, 0.9700638130432586, 0.9296006671078634, 0.8203124475348785, 0.8952263314253209, 0.8954344130633818, 0.8951275998554095, 0.9138768733150362, 0.8915863747721569, 0.7346203013983806, 0.8597667375324703, 0.9291529553356895, 0.9046186429837867, 0.7920615489355194, 0.8863042138497926, 0.8733976648748473, 0.8716194921202286, 0.8757886855847156, 0.9545411363432977, 0.500172762423844], [0.9941506910482215, 0.8256106467860835, 0.983124244457026, 0.9645714538066786, 0.8693957329819937, 0.956566521771682, 0.9289028351057422, 0.8460503586747092, 0.6763560957741889, 0.9873726439211771, 0.9817619294355946, 0.9814388522859065, 0.9810944429037725, 0.697182801086946, 0.9832250418504346, 0.9864047092795442, 0.9790683421827212, 0.9781262078101939, 0.9763520131565501, 0.9533510036162873, 0.9823891882756066, 0.8816935344690764, 1.0, 0.943150798308608, 0.8585353577204443, 0.8746260813256794, 0.9585113604836838, 0.7429549263078542, 0.9955697930043439, 0.8769043530856906, 0.9838704217145064, 0.8095201195671411, 0.9679600199227472, 0.537764773755314, 0.9861510530831364, 0.8635867263166098, 0.7956652846699849, 0.7473978069370494, 0.9540393955843501, 0.6741235096653554, 0.9795216624371941, 0.9955672879035707, 0.9616802825331253, 0.28652761241537206], [0.9620953597322155, 0.8690896700753235, 0.952572735272567, 0.947296637250593, 0.8819171186362496, 0.9475222513966262, 0.9739377499467807, 0.8734087102555923, 0.7511667946498497, 0.9610766258928541, 0.9391053609918225, 0.9360604790607584, 0.9286499572685589, 0.7715125695982736, 0.9449769054031539, 0.9465215684259766, 0.9541583449867803, 0.9614649752712892, 0.9610291002110971, 0.9284842458710386, 0.9364051054329212, 0.8935345011417928, 0.943150798308608, 1.0, 0.9376502448611036, 0.9114174431004152, 0.9691503363606788, 0.8866706041422379, 0.9447029922613197, 0.8851588576469005, 0.9622012578451126, 0.8917306530373386, 0.9788193148486714, 0.6816785616113813, 0.949062116696089, 0.8795143692855293, 0.8778094518452849, 0.8640304617188851, 0.9694176865820316, 0.7588397274083114, 0.9442783581209965, 0.952620818362098, 0.9492820537089246, 0.37037222395808655], [0.8849586748643449, 0.9480283842772379, 0.8663090032389255, 0.8977785693032916, 0.8825562951645416, 0.8804805328558329, 0.9324660016184115, 0.8598498452293074, 0.88578757255097, 0.8835147748336495, 0.8606634539370032, 0.8633172272090215, 0.8456984088410383, 0.8494019735690355, 0.8704206279233, 0.8516296744990529, 0.8856413278072037, 0.9014224697068924, 0.901876311085883, 0.9135982731220339, 0.8609588918459364, 0.9217599324392378, 0.8585353577204443, 0.9376502448611036, 1.0, 0.9502547729327894, 0.9252413308428715, 0.9331142149741558, 0.8699117392893082, 0.8698983638883141, 0.8911534386450888, 0.9252622971102483, 0.9363187661294884, 0.8279971130548776, 0.8537082094509223, 0.8581430086085131, 0.9739357568870725, 0.9280355831017297, 0.9440736541477351, 0.8419616905107986, 0.8763239470951525, 0.8627881640925111, 0.9364507081580612, 0.5122711512712846], [0.896773379984021, 0.940795266828685, 0.8537216908663318, 0.9070488892778859, 0.9573214499591763, 0.9352521164348109, 0.9375049454384153, 0.9531277469933824, 0.8983912023052462, 0.8829247968255646, 0.8440281554180715, 0.8515694913355731, 0.8349489532814135, 0.9244727957548287, 0.8645267349180706, 0.8583528622536583, 0.8892251872168303, 0.9113611865549291, 0.8703446170382539, 0.9509954982111362, 0.8462831817437124, 0.9700638130432586, 0.8746260813256794, 0.9114174431004152, 0.9502547729327894, 1.0, 0.937101830606836, 0.8629390713019004, 0.8867952498219839, 0.9228501820246073, 0.8985854031825806, 0.935010848454974, 0.9039418801519434, 0.7755247543621553, 0.8591323739469321, 0.9341410430667222, 0.9106256892787002, 0.8150588319651605, 0.896494445135279, 0.9034016824096284, 0.8842701227835644, 0.8786025630951055, 0.9437346929234683, 0.5164732842011783], [0.9646473925661588, 0.8794835660974823, 0.956911764971611, 0.9623897198560372, 0.9312231268725873, 0.9633340206871104, 0.9499449174998642, 0.8956975674646703, 0.7828890905066155, 0.9801841669650982, 0.9501289841181486, 0.950454400900324, 0.9452469782567391, 0.8083407584910757, 0.9585324731131899, 0.9632356930930073, 0.9744331052432053, 0.9793518607697482, 0.9642643357817554, 0.9513456210584846, 0.9515873847170034, 0.9296006671078634, 0.9585113604836838, 0.9691503363606788, 0.9252413308428715, 0.937101830606836, 1.0, 0.8211124102942314, 0.9608830144710907, 0.9072680810737369, 0.9800833188368757, 0.8566126163743386, 0.9696206089499831, 0.6519770448498311, 0.962743231284754, 0.8890815702338846, 0.8728945927255034, 0.8104174329074777, 0.9643034449422185, 0.7653482409802739, 0.9682426731629664, 0.9584746971815696, 0.962789587584284, 0.37668636278895595], [0.7837771187906499, 0.8784257399718941, 0.7483294435178314, 0.7707735471114173, 0.7752853350658748, 0.8019506813677856, 0.889777890343371, 0.7829428700010286, 0.8046161006411268, 0.7683353525843675, 0.7342650560932991, 0.7323866105039964, 0.7138199055520617, 0.8171238833550329, 0.7401441490423052, 0.731106974535248, 0.7591874662882282, 0.7857116013697396, 0.7919311525219265, 0.7841940561385119, 0.7304827461014659, 0.8203124475348785, 0.7429549263078541, 0.8866706041422376, 0.9331142149741558, 0.8629390713019004, 0.8211124102942312, 1.0, 0.749817999481904, 0.7610890086084371, 0.7725320750886236, 0.917340457876185, 0.8400769299092413, 0.89397961397814, 0.7350062098356575, 0.7706351766314051, 0.9127733146964981, 0.9533008105634156, 0.8527680499237067, 0.7866606736284053, 0.7447397792188997, 0.7541880357836633, 0.8178022267781215, 0.5731928114336832], [0.9906125590082824, 0.8297002685953714, 0.980723852174681, 0.9627118533241452, 0.88457137907038, 0.9524451450712543, 0.9357166030251672, 0.8522411395147181, 0.6931639051815937, 0.9840593123954963, 0.9782522043217287, 0.9780768078521166, 0.9768513444828884, 0.7093803567153525, 0.9804910573673098, 0.9821092479795486, 0.9777105115855823, 0.9760641359176976, 0.9753843376873178, 0.9601577770087252, 0.9782641164119364, 0.8952263314253209, 0.9955697930043439, 0.9447029922613197, 0.8699117392893082, 0.8867952498219839, 0.9608830144710907, 0.7498179994819042, 1.0, 0.8749150170776488, 0.9840846180354641, 0.8145879465532505, 0.9690430075988224, 0.5508976056826395, 0.982230098893178, 0.8690309028738237, 0.8126715990551735, 0.7530901458159376, 0.9559113393340785, 0.6988792245932404, 0.9781071717749665, 0.9926544395717187, 0.97162474865055, 0.29206093477429923], [0.8962721963756355, 0.8403717561839236, 0.8788340873247188, 0.9488948455735708, 0.8760756520547416, 0.9286505316830346, 0.8771465154335082, 0.9504381528312621, 0.7837633903169426, 0.8910690072647214, 0.869476665782605, 0.8834609248805004, 0.8673283839669104, 0.7969933652332762, 0.8957003771490532, 0.8940905712205521, 0.9082711213411845, 0.9353839111485255, 0.865422185257049, 0.9415060806484195, 0.8721677288040027, 0.8954344130633818, 0.8769043530856906, 0.8851588576469005, 0.8698983638883141, 0.9228501820246073, 0.9072680810737369, 0.7610890086084373, 0.8749150170776488, 1.0, 0.91236246167084, 0.8841935978633568, 0.8920269714477449, 0.619348689985533, 0.8944651010018798, 0.9605293275045613, 0.7818733556872874, 0.6906229367709641, 0.8564919761619803, 0.8061848973401138, 0.9134999181020979, 0.8865838531963057, 0.8918122483465184, 0.37557616550014444], [0.9860968789143997, 0.83764551033848, 0.987950462339653, 0.9849963207844987, 0.8887996389640407, 0.9593329907707888, 0.9350555001926599, 0.8738153906600665, 0.7198867779221019, 0.996285010541576, 0.9855976101763251, 0.9868472026117486, 0.9837263502194168, 0.7280092092916728, 0.989931823592028, 0.99431400985568, 0.9934023334750006, 0.994714552718633, 0.9826952513745223, 0.9624500738207277, 0.985966949212934, 0.8951275998554095, 0.9838704217145064, 0.9622012578451126, 0.8911534386450888, 0.8985854031825806, 0.9800833188368757, 0.7725320750886239, 0.9840846180354641, 0.91236246167084, 1.0, 0.8304725574953508, 0.9803454750020553, 0.5762601867783897, 0.9945218690793464, 0.8833237332246233, 0.8242945124517349, 0.7659160664655835, 0.9649966787386838, 0.7179350648450066, 0.9919473130544368, 0.9856639804876713, 0.9627680050109957, 0.3070003022254332], [0.8476308996982959, 0.9186090342135915, 0.7867756709012741, 0.8396592266592021, 0.8601964717296396, 0.8968961187140239, 0.9310261261544742, 0.9238277841064324, 0.8472103119151014, 0.816307874796824, 0.7743343054094208, 0.7802562383145845, 0.7603500685963642, 0.8718042811353895, 0.7927189728398218, 0.79310630321555, 0.807742962846582, 0.8516195126336522, 0.8090891551306965, 0.8813218906721094, 0.7738081428027178, 0.9138768733150364, 0.8095201195671413, 0.8917306530373388, 0.9252622971102483, 0.935010848454974, 0.8566126163743388, 0.917340457876185, 0.8145879465532507, 0.8841935978633572, 0.830472557495351, 1.0, 0.8574308993882623, 0.8139273335336009, 0.797013456125108, 0.9255193144684503, 0.8735365823830108, 0.8419126009690189, 0.8473341671199498, 0.8711636812185012, 0.8024200479861668, 0.8227889875573119, 0.8796278215469013, 0.5440200468614725], [0.9762621051823537, 0.8730757925805933, 0.9815335239675816, 0.9742718224955963, 0.8656722304627056, 0.9341610133478172, 0.94434374439308, 0.8469548026111567, 0.747043644155122, 0.980121339767634, 0.9774854327999878, 0.9772141107311115, 0.9700172286948877, 0.734258130083102, 0.9801390985526023, 0.9687636644238459, 0.9793226350541833, 0.9780007244618377, 0.9909614583249412, 0.9504057538471039, 0.9766213056985664, 0.8915863747721569, 0.9679600199227472, 0.9788193148486714, 0.9363187661294884, 0.9039418801519434, 0.9696206089499831, 0.8400769299092415, 0.9690430075988224, 0.8920269714477449, 0.9803454750020553, 0.857430899388262, 1.0, 0.6403877031878934, 0.969960665196762, 0.8613730923517244, 0.8823197211646091, 0.8467830628382039, 0.9911584021993053, 0.7221830304910867, 0.9759363857867754, 0.968721623453168, 0.9672871380086281, 0.34346993637560214], [0.5760853668230528, 0.8296190922138609, 0.5327886904113256, 0.5843542875739441, 0.6874603005963124, 0.6227378472111722, 0.7100199989510435, 0.6713239019962579, 0.8666553752054343, 0.5676277782681203, 0.5234045804583731, 0.5261323462923878, 0.5048432748389248, 0.841555619516898, 0.5363820210723231, 0.5218578719595639, 0.5616668422529262, 0.5952444099357911, 0.5841548095631701, 0.634573520720867, 0.5236281946578881, 0.7346203013983806, 0.537764773755314, 0.6816785616113813, 0.8279971130548776, 0.7755247543621553, 0.6519770448498311, 0.89397961397814, 0.5508976056826395, 0.619348689985533, 0.5762601867783897, 0.8139273335336009, 0.6403877031878934, 1.0, 0.5241123531966997, 0.6402644192134973, 0.8620195524680324, 0.8505291942998245, 0.6639638029826438, 0.7944570733289952, 0.5499505466188469, 0.5426764175630091, 0.6635277222585322, 0.80760128476564], [0.9841248596334881, 0.7953130406406588, 0.992667700736281, 0.9778919129570559, 0.8523197642024254, 0.9478712153900665, 0.9143310058845746, 0.8459532029920889, 0.6639485327803925, 0.9944084886132214, 0.9906047226128946, 0.9904617978427298, 0.9908967487693182, 0.676519906581692, 0.9922006847023234, 0.9997045754074563, 0.9906056521365866, 0.9884055723187394, 0.9799007043908551, 0.9417766661123147, 0.9904046459075733, 0.8597667375324703, 0.9861510530831364, 0.949062116696089, 0.8537082094509223, 0.8591323739469321, 0.962743231284754, 0.7350062098356577, 0.982230098893178, 0.8944651010018798, 0.9945218690793464, 0.7970134561251078, 0.969960665196762, 0.5241123531966997, 1.0, 0.8627792074864936, 0.7789681664111683, 0.7304694410309972, 0.9507237234421463, 0.6669240682202655, 0.9905612473577193, 0.9884688476378847, 0.9409807422019446, 0.26742021420290585], [0.8848093241113036, 0.8490078561747869, 0.839182319641681, 0.8992338256013728, 0.9139965362722087, 0.9393384513654294, 0.9106031919635664, 0.9834814774152433, 0.7958626883038633, 0.862768679981794, 0.8220555613101311, 0.8334850598670843, 0.81824268261933, 0.8339347780001719, 0.8541768973080116, 0.860818897456598, 0.8652088672133721, 0.901649719009105, 0.824806733731028, 0.9321406947520314, 0.8242455379693169, 0.9291529553356895, 0.8635867263166098, 0.8795143692855293, 0.8581430086085131, 0.9341410430667222, 0.8890815702338846, 0.7706351766314049, 0.8690309028738237, 0.9605293275045613, 0.8833237332246233, 0.9255193144684499, 0.8613730923517244, 0.6402644192134973, 0.8627792074864936, 1.0, 0.782253695034612, 0.6867077197869919, 0.8245188697647303, 0.8584694361508348, 0.8686887517816105, 0.8750231333720729, 0.8973162244909677, 0.40381278886503075], [0.8159887505179961, 0.9484463117383947, 0.7970003335507754, 0.8204924933439218, 0.8597166767531393, 0.8069302382326947, 0.8796676272605151, 0.7869928796959963, 0.9125406952414855, 0.8211852505521674, 0.7922488603859865, 0.7946082363884869, 0.7760061081940063, 0.8439011943944247, 0.8030020047195646, 0.7776466538335243, 0.812892607698561, 0.829487798717741, 0.8441074974392414, 0.8572299791323906, 0.7939592644806135, 0.9046186429837867, 0.7956652846699849, 0.8778094518452849, 0.9739357568870725, 0.9106256892787002, 0.8728945927255034, 0.9127733146964981, 0.8126715990551735, 0.7818733556872874, 0.8242945124517349, 0.8735365823830108, 0.8823197211646091, 0.8620195524680324, 0.7789681664111683, 0.782253695034612, 1.0, 0.938430482118633, 0.9029344532847998, 0.8208352933609083, 0.8053669694924018, 0.7901369860713682, 0.9034980228970262, 0.5650406034667136], [0.7771821166508802, 0.8832801860578838, 0.7544223631873972, 0.7526814677697595, 0.7344913262198262, 0.7555473598059974, 0.8523412334655026, 0.6908600101032228, 0.7778686439446063, 0.7728543056486148, 0.751049657339679, 0.7457343818841736, 0.7302642818164531, 0.7462650422327768, 0.7454853525631179, 0.7273726003013514, 0.757079276062501, 0.7708864224435761, 0.8145502586420446, 0.7612458947798507, 0.7488913667970045, 0.7920615489355194, 0.7473978069370495, 0.8640304617188853, 0.9280355831017297, 0.8150588319651605, 0.8104174329074779, 0.9533008105634156, 0.7530901458159378, 0.6906229367709639, 0.7659160664655837, 0.8419126009690189, 0.8467830628382041, 0.8505291942998245, 0.7304694410309974, 0.6867077197869917, 0.938430482118633, 1.0, 0.8816484574829719, 0.6932852400698304, 0.7423499218845059, 0.748528761145978, 0.8230402021975814, 0.525888692557108], [0.9623328273391735, 0.8865584828876006, 0.9645160912108263, 0.9512989359736811, 0.8526943407965794, 0.9177480276721448, 0.9355137592994165, 0.8171491013890727, 0.7536967121756684, 0.9697813369245639, 0.9656522714603956, 0.9629707069132728, 0.9564285790140303, 0.7378822218606862, 0.9605853814245819, 0.9496209475153327, 0.9637136503313838, 0.9623363344176598, 0.9886031404846977, 0.9314690788977232, 0.964981116521061, 0.8863042138497926, 0.9540393955843501, 0.9694176865820316, 0.9440736541477351, 0.896494445135279, 0.9643034449422185, 0.8527680499237065, 0.9559113393340785, 0.8564919761619803, 0.9649966787386838, 0.8473341671199496, 0.9911584021993053, 0.6639638029826438, 0.9507237234421463, 0.8245188697647303, 0.9029344532847998, 0.8816484574829716, 1.0, 0.705716309482804, 0.9575938462292128, 0.9515344356522311, 0.9615798726456064, 0.3634080402979548], [0.7089769893293649, 0.8295067716868005, 0.6548681934480344, 0.7322897351112315, 0.8831110201460822, 0.77067882406834, 0.8187123688439386, 0.88025384987409, 0.8955102051160494, 0.6876574591128697, 0.6388248591388928, 0.6492354640962522, 0.6272543474061817, 0.8954420789689941, 0.6695993429445488, 0.6651936501701642, 0.6949590599771523, 0.7311172967881545, 0.6674800275478241, 0.8173103644829814, 0.6400874980922867, 0.8733976648748473, 0.6741235096653554, 0.7588397274083114, 0.8419616905107986, 0.9034016824096284, 0.7653482409802739, 0.7866606736284053, 0.6988792245932404, 0.8061848973401138, 0.7179350648450066, 0.8711636812185012, 0.7221830304910867, 0.7944570733289952, 0.6669240682202655, 0.8584694361508348, 0.8208352933609083, 0.6932852400698304, 0.705716309482804, 1.0, 0.6884540674049667, 0.6881671949229198, 0.796963568127788, 0.5701248927253519], [0.9776233166528361, 0.8187111444621595, 0.9919475716820428, 0.98987239029003, 0.8638458017723001, 0.9418923028853813, 0.9051608771681823, 0.8557557434997756, 0.6998081300184195, 0.9893169903033548, 0.9903975276659517, 0.9926533304482662, 0.9905273425832339, 0.7034399012764142, 0.9955449647558292, 0.9908499726642389, 0.9976459657972775, 0.991391065897642, 0.9820744116737399, 0.9544166962552759, 0.9913780030215373, 0.8716194921202286, 0.9795216624371941, 0.9442783581209965, 0.8763239470951525, 0.8842701227835644, 0.9682426731629664, 0.7447397792188999, 0.9781071717749665, 0.9134999181020979, 0.9919473130544368, 0.8024200479861666, 0.9759363857867754, 0.5499505466188469, 0.9905612473577193, 0.8686887517816105, 0.8053669694924018, 0.7423499218845055, 0.9575938462292128, 0.6884540674049667, 1.0, 0.9791279994507084, 0.9486768159370429, 0.2874091299948064], [0.9972162741169018, 0.816508995841293, 0.983335523138964, 0.9687985246153503, 0.8655576180568618, 0.9609324251161073, 0.9382082650487165, 0.8597655057389221, 0.6699664206665216, 0.9854286678309736, 0.9804940273934682, 0.9795280954091058, 0.9788596528136244, 0.6966276527446036, 0.9812098512532229, 0.9879258605203143, 0.9810726858856484, 0.9800809978159113, 0.9753878946461537, 0.9545099332366916, 0.9795493174633361, 0.8757886855847156, 0.9955672879035707, 0.952620818362098, 0.8627881640925111, 0.8786025630951055, 0.9584746971815696, 0.7541880357836636, 0.9926544395717187, 0.8865838531963057, 0.9856639804876713, 0.8227889875573117, 0.968721623453168, 0.5426764175630091, 0.9884688476378847, 0.8750231333720729, 0.7901369860713682, 0.7485287611459779, 0.9515344356522311, 0.6881671949229198, 0.9791279994507084, 1.0, 0.9569456219785504, 0.2836812018397432], [0.9661804368300941, 0.9160969965285621, 0.9426535283206824, 0.9515757464251087, 0.9332701594894388, 0.9434178820696434, 0.9558648381664561, 0.8842553664081542, 0.8126233015711668, 0.957314265794483, 0.9390233015320739, 0.9428668506667867, 0.9326126599102013, 0.797522548030709, 0.9498845488571687, 0.9404704606819887, 0.9499958231573703, 0.960176151761682, 0.9536657566688804, 0.9810673106944958, 0.940920509608396, 0.9545411363432977, 0.9616802825331253, 0.9492820537089246, 0.9364507081580612, 0.9437346929234683, 0.962789587584284, 0.8178022267781213, 0.97162474865055, 0.8918122483465184, 0.9627680050109957, 0.879627821546901, 0.9672871380086281, 0.6635277222585322, 0.9409807422019446, 0.8973162244909677, 0.9034980228970262, 0.8230402021975812, 0.9615798726456064, 0.796963568127788, 0.9486768159370429, 0.9569456219785504, 1.0, 0.38533960321042304], [0.3109245044268687, 0.5981517172206602, 0.2656670835852238, 0.31519827309235793, 0.45848614010612204, 0.372483590057487, 0.4123219155636523, 0.44393910888316, 0.6844166974508918, 0.3027114493028145, 0.2611653892011393, 0.26572437465845133, 0.2505468869805583, 0.6787664054454757, 0.27406453697091865, 0.26728614914148163, 0.2928697638675683, 0.32464595934963686, 0.30138973164160715, 0.37190580948959245, 0.2636749712376993, 0.500172762423844, 0.286527612415372, 0.3703722239580865, 0.5122711512712845, 0.5164732842011783, 0.3766863627889559, 0.5731928114336832, 0.29206093477429923, 0.37557616550014444, 0.3070003022254332, 0.5440200468614725, 0.34346993637560214, 0.80760128476564, 0.26742021420290585, 0.40381278886503075, 0.5650406034667135, 0.525888692557108, 0.3634080402979548, 0.5701248927253519, 0.28740912999480633, 0.28368120183974316, 0.385339603210423, 1.0]]