[[1.0, 0.895801082354309, 0.9923641935451307, 0.9811076466676741, 0.957491563856505, 0.9873266346631092, 0.9346601323577622, 0.9732407262389673, 0.8779367199970999, 0.9851970735923562, 0.9789652441493868, 0.9753110794949975, 0.9658841655362782, 0.8692131155054834, 0.9761334847968196, 0.9687314670284773, 0.9813045937479735, 0.9849576486140079, 0.9875927704275947, 0.9818110230164255, 0.9748212360879157, 0.9569373488872246, 0.978694306195023, 0.9532118631107035, 0.8738772907319692, 0.9293682346888544, 0.9734754312980708, 0.8268391665098614, 0.9915335725982634, 0.9709068483600244, 0.9836186729570714, 0.8898998300139652, 0.9724567799150372, 0.741591507621557, 0.9766161066561477, 0.9846248634371519, 0.8381163586093049, 0.8284557648316336, 0.9528407649350994, 0.9108038666416541, 0.9705281381214081, 0.9943704159032497, 0.9650801058722198, 0.7876361091557952], [0.895801082354309, 1.0, 0.8745834960799608, 0.9014571416585795, 0.9547889941976397, 0.912349797361872, 0.9311363185369614, 0.9283644041114705, 0.9609387367043916, 0.8903995241394922, 0.8626866705348109, 0.8640068506814265, 0.8546737569584034, 0.9657632604981045, 0.8767688543201538, 0.8683499897593924, 0.8910191012861213, 0.9055269604665438, 0.8913627048905157, 0.9345245816472948, 0.863157929305917, 0.9727551426673734, 0.8797811899667239, 0.9141667975866726, 0.9581351262184815, 0.9740566660276248, 0.9223270970151531, 0.9104908554250655, 0.8875635920758439, 0.8991919139067037, 0.8960202633812913, 0.9461123840008087, 0.925565954361777, 0.8592638377749025, 0.8692710741964378, 0.9163103076986138, 0.9515975386873177, 0.8980383516483197, 0.9282178355259131, 0.9416705115067264, 0.8815092425190411, 0.8799894749516435, 0.9434311841720951, 0.8898947013995011], [0.9923641935451307, 0.8745834960799608, 1.0, 0.9813074759618453, 0.943231056318306, 0.9809769930799134, 0.9068400759998572, 0.946932101395056, 0.8581486123963245, 0.986778971905746, 0.9932468055605899, 0.9881896378730981, 0.9870621841535708, 0.8497744250688564, 0.9879691127734263, 0.9883189446886163, 0.9885766050509852, 0.9810928612452694, 0.9893097890694188, 0.9713830437799216, 0.9883522569742963, 0.9241748177251647, 0.9855690903690608, 0.9482208423050243, 0.8549921707004158, 0.8977218368017736, 0.9680575075145014, 0.8107991482051475, 0.9876337741707438, 0.9709382373765779, 0.9831282388812848, 0.8699173737895649, 0.9569974843395874, 0.7261215768989323, 0.9911930587746983, 0.9739148468411041, 0.8274431036800474, 0.827833898610542, 0.9477228797322591, 0.8879648776771245, 0.9844188043019139, 0.9963840534876941, 0.938629501468248, 0.7610654676112468], [0.9811076466676741, 0.9014571416585795, 0.9813074759618453, 1.0, 0.9703216308375117, 0.9676364440173327, 0.9182626477213317, 0.9598940780228563, 0.8880057353902712, 0.9760069954735086, 0.9833589000783615, 0.9815897896552472, 0.9728080251765865, 0.88862757718078, 0.9839715582396693, 0.9745285186950041, 0.9874443816924646, 0.9887417346409543, 0.9625820991580808, 0.9808910037655387, 0.9806859603680343, 0.9503111520172209, 0.9786167942447134, 0.9324751078434683, 0.8742121604826469, 0.9252366152469202, 0.9632369444060027, 0.8231085540274141, 0.977137320761898, 0.9761133662326525, 0.9878656189340269, 0.8791239935649698, 0.949307305376252, 0.7428976747528159, 0.9803599252599515, 0.9783448240168354, 0.84272345866981, 0.8114539400169332, 0.922582415649832, 0.8991805274528256, 0.9807468720731501, 0.983365764073517, 0.9531310873236052, 0.78100267832283], [0.957491563856505, 0.9547889941976397, 0.943231056318306, 0.9703216308375117, 1.0, 0.9601856814589688, 0.9259671065875523, 0.9599084789566694, 0.9227862375523104, 0.95258540531482, 0.9393702127625029, 0.94658214620232, 0.9298773012406109, 0.9419866767981956, 0.9509374807969901, 0.9375975892803516, 0.9639400708381983, 0.9728652020756069, 0.9410161717613927, 0.9797215673525951, 0.9398435458316144, 0.976821773688175, 0.9484425696079226, 0.9211600076390394, 0.9181181809089312, 0.960184188382603, 0.9554651919437324, 0.8475216057537314, 0.9497550241589913, 0.9615774611051819, 0.9661708162284784, 0.8942326061949006, 0.9470186467543021, 0.7982686714444217, 0.9390816862967887, 0.9576009880453668, 0.9094303229125146, 0.8485224730925486, 0.9282280522441284, 0.9078771571038136, 0.9562129968287637, 0.9498221293433492, 0.9680820674653936, 0.8507337524217639], [0.9873266346631092, 0.912349797361872, 0.9809769930799134, 0.9676364440173327, 0.9601856814589688, 1.0, 0.938201537334268, 0.9743019773233333, 0.9012152882699224, 0.984337722179274, 0.9663814802017264, 0.9679696391398533, 0.9508588434515628, 0.8936264206618143, 0.9712076846652994, 0.9572011280729406, 0.9778420163755774, 0.9809633217652066, 0.9842148154051797, 0.977789730382962, 0.9631956010037346, 0.9605864441837351, 0.973490225320856, 0.9513357220686918, 0.8906079444051654, 0.9382183686613457, 0.9832239417670791, 0.8399995979027345, 0.9825342641335065, 0.9674736092005899, 0.983687887627778, 0.9070070879536656, 0.9715159803169551, 0.7577526981646134, 0.961160437813461, 0.9752131371417738, 0.8557739318402978, 0.843166760458337, 0.9625604104087876, 0.9214471464163021, 0.9702923327982161, 0.9795436237916854, 0.9630067568211353, 0.8156041724787513], [0.9346601323577622, 0.9311363185369614, 0.9068400759998572, 0.9182626477213317, 0.9259671065875523, 0.938201537334268, 1.0, 0.9511122162915685, 0.9249888750233233, 0.9197631644495163, 0.901083323462455, 0.9073286879142962, 0.8923448678547515, 0.9410210387918398, 0.9106477733183673, 0.8957137526991906, 0.9172852393178162, 0.9312638241965818, 0.939233822486428, 0.9279378900134561, 0.9015974780730172, 0.9393229149647722, 0.9095294639660234, 0.9855212432351379, 0.9517877381206508, 0.9521524641762019, 0.9475425280471078, 0.9189392571768075, 0.919166368897088, 0.9139988094607915, 0.9256965162047389, 0.9752622419903308, 0.9673306160145866, 0.7902617004385665, 0.8987445120803703, 0.9538923955214658, 0.9519146844918975, 0.922390675391443, 0.9637063935505672, 0.9741474638961298, 0.911485852442217, 0.9130451415970318, 0.9619716249693205, 0.8551194449019419], [0.9732407262389673, 0.9283644041114705, 0.946932101395056, 0.9598940780228563, 0.9599084789566694, 0.9743019773233333, 0.9511122162915685, 1.0, 0.9349903632701391, 0.9560082675689947, 0.9420476273493735, 0.946729021124836, 0.9325007998593641, 0.9289469533630638, 0.9484833762718957, 0.9331454060779673, 0.9564106376670929, 0.9731242286078515, 0.9692911945317709, 0.9732733049245624, 0.9426096072926373, 0.9720727781463303, 0.9446961441492705, 0.9527953005007614, 0.908256129839478, 0.9610691713508207, 0.9786967484720063, 0.8541139888587287, 0.9531957936825703, 0.9635506136889594, 0.963723521245259, 0.9132081935306129, 0.9737410542181122, 0.7796437429186592, 0.9353566891756087, 0.9820290758358579, 0.8636863277309816, 0.8414157394139876, 0.9529987169956228, 0.9374138142820275, 0.9510308030350194, 0.9499841495995222, 0.9833947489470153, 0.8360244076588493], [0.8779367199970999, 0.9609387367043916, 0.8581486123963245, 0.8880057353902712, 0.9227862375523104, 0.9012152882699224, 0.9249888750233233, 0.9349903632701391, 1.0, 0.8738761183173012, 0.8502310940972682, 0.8515133992682976, 0.8424468491068731, 0.9707565732604132, 0.8602525104975439, 0.8526275853751257, 0.8783069506208182, 0.8929548720315458, 0.8780716885066694, 0.9136990945366008, 0.8506888393120171, 0.9453150518275715, 0.8626912583270179, 0.9162704325280603, 0.951334641965552, 0.9754499512800647, 0.9136530631873402, 0.8901455378955905, 0.8699667983396033, 0.9011965202140325, 0.8850048722972236, 0.9404262895592568, 0.9075934092296369, 0.8825156152931098, 0.8535156002803288, 0.9196728075693575, 0.9453618188537689, 0.8574713571512343, 0.9177181801566989, 0.9519023703260077, 0.8662983722577248, 0.8632374010216537, 0.9196131636071386, 0.9292219120654727], [0.9851970735923562, 0.8903995241394922, 0.986778971905746, 0.9760069954735086, 0.95258540531482, 0.984337722179274, 0.9197631644495163, 0.9560082675689947, 0.8738761183173012, 1.0, 0.9851307871559436, 0.9890796210941093, 0.9786887033055274, 0.8646213984258617, 0.98964686865402, 0.9845841040973994, 0.9916476881087342, 0.9851046404182889, 0.9778936095889068, 0.982089638088018, 0.9871943769550573, 0.9414074700669562, 0.9941444899444696, 0.9383223987561815, 0.8695450713632851, 0.9149021616117337, 0.9693447970243592, 0.823282509594168, 0.9873302965841138, 0.9769631765051758, 0.9879655645599134, 0.8857305925412287, 0.9593549776670762, 0.7386921250625553, 0.9845509620251524, 0.9686249106431198, 0.8341306432359721, 0.8240553314110708, 0.9421444088676003, 0.9053191340474166, 0.9870181828874376, 0.9866447181691766, 0.9455028229558082, 0.7846762787537741], [0.9789652441493868, 0.8626866705348109, 0.9932468055605899, 0.9833589000783615, 0.9393702127625029, 0.9663814802017264, 0.901083323462455, 0.9420476273493735, 0.8502310940972682, 0.9851307871559436, 1.0, 0.9932226027626643, 0.9898431746362286, 0.8337269124673216, 0.9911786019384692, 0.9894554310023379, 0.9902321621140283, 0.9779827016234747, 0.9708687193573092, 0.9688596705873902, 0.9943890317515846, 0.9175698119615882, 0.9909384826830178, 0.9279407903954925, 0.8522982740799121, 0.8932450142922446, 0.9441878916863127, 0.8086545326454108, 0.9843771949728275, 0.9742168546232227, 0.9840027155710799, 0.867462840535847, 0.9393794597523234, 0.7234647796015449, 0.9950169161107806, 0.9672745656956548, 0.8125972703649879, 0.8076533075772006, 0.9256623885883454, 0.8844288611569945, 0.9863404617244677, 0.9904613991436407, 0.9336375833557381, 0.7581473196655719], [0.9753110794949975, 0.8640068506814265, 0.9881896378730981, 0.9815897896552472, 0.94658214620232, 0.9679696391398533, 0.9073286879142962, 0.946729021124836, 0.8515133992682976, 0.9890796210941093, 0.9932226027626643, 1.0, 0.9912146097426415, 0.8349598820234305, 0.9950228061217888, 0.9927832280119875, 0.989670707020449, 0.9789590620889023, 0.961548720963892, 0.9695321251819717, 0.995567477677597, 0.9236727414464403, 0.9925313118909709, 0.9234183280928071, 0.8535868269326935, 0.8946604552750405, 0.9520867119880582, 0.8098144083414146, 0.9873288413701614, 0.9748488982998945, 0.9844044769697953, 0.8692502651673936, 0.9436357610686256, 0.7243930073909499, 0.9934389089504078, 0.9696879103731306, 0.8141109553662131, 0.8064940064886611, 0.920074378753422, 0.8855276492725994, 0.9928413123035177, 0.9858218562985166, 0.9411159162740007, 0.7591667409594106], [0.9658841655362782, 0.8546737569584034, 0.9870621841535708, 0.9728080251765865, 0.9298773012406109, 0.9508588434515628, 0.8923448678547515, 0.9325007998593641, 0.8424468491068731, 0.9786887033055274, 0.9898431746362286, 0.9912146097426415, 1.0, 0.826240610178047, 0.9897854086446782, 0.9963213581815007, 0.9821880855167009, 0.9660147257237913, 0.9541760522593025, 0.9587645882499582, 0.9910458157417884, 0.9085102758060247, 0.9861699187675363, 0.913900713479634, 0.8444763052798412, 0.88465720049403, 0.9277611617559771, 0.8016098236499068, 0.9793992888775512, 0.9671409985874602, 0.9745112059763541, 0.85936137272696, 0.929886362280869, 0.7178209934349514, 0.9940155148061356, 0.9572306496515652, 0.8054840005972711, 0.7982309525906595, 0.9117666465433678, 0.8760089319029785, 0.992964192754401, 0.9825412528972535, 0.9242596034148662, 0.7519517594024174], [0.8692131155054834, 0.9657632604981045, 0.8497744250688564, 0.88862757718078, 0.9419866767981956, 0.8936264206618143, 0.9410210387918398, 0.9289469533630638, 0.9707565732604132, 0.8646213984258617, 0.8337269124673216, 0.8349598820234305, 0.826240610178047, 1.0, 0.8518374126570859, 0.8438151865303397, 0.8781063899959369, 0.8910279821546411, 0.8604801421556365, 0.9120113009659943, 0.8341670546047962, 0.9556098783807444, 0.8547919783502382, 0.9255218228494771, 0.9644335461264297, 0.9675471038599003, 0.9094131596561683, 0.902270505339292, 0.8619343390488362, 0.8909895945838002, 0.885065326351068, 0.9475435918604871, 0.8982316770852957, 0.8745809657933833, 0.8446849306401074, 0.9084720341500845, 0.9531217357864508, 0.8707001516362972, 0.8985399610514582, 0.9477526379367982, 0.8556263526625383, 0.8548020667973605, 0.9105886646778155, 0.9134863425827864], [0.9761334847968196, 0.8767688543201538, 0.9879691127734263, 0.9839715582396693, 0.9509374807969901, 0.9712076846652994, 0.9106477733183673, 0.9484833762718957, 0.8602525104975439, 0.98964686865402, 0.9911786019384692, 0.9950228061217888, 0.9897854086446782, 0.8518374126570859, 1.0, 0.99234301188612, 0.9916677554248939, 0.97976292760251, 0.9595203692787745, 0.9711753663849173, 0.9923499940334516, 0.9315475905363693, 0.9907930857517265, 0.9244457069651925, 0.857080601319284, 0.900024510362918, 0.9556967567130208, 0.8126770268154593, 0.9877756735277036, 0.9741659782330799, 0.9879577105084261, 0.872375747580901, 0.9458122074753963, 0.7276273328740565, 0.993488081757102, 0.971016131430031, 0.8238275466017095, 0.8087677937668168, 0.9195326062727531, 0.8891627704842798, 0.9938303827187434, 0.9866377168442422, 0.9426441673942227, 0.7627198019599015], [0.9687314670284773, 0.8683499897593924, 0.9883189446886163, 0.9745285186950041, 0.9375975892803516, 0.9572011280729406, 0.8957137526991906, 0.9331454060779673, 0.8526275853751257, 0.9845841040973994, 0.9894554310023379, 0.9927832280119875, 0.9963213581815007, 0.8438151865303397, 0.99234301188612, 1.0, 0.9851780759116248, 0.9709389336099364, 0.9541938298814422, 0.9649679528806211, 0.9902614375445025, 0.9169477301082011, 0.9902770545931444, 0.9165837692595895, 0.8485041019903604, 0.8916382340485791, 0.9329709804590268, 0.8043965613741697, 0.9838477986458815, 0.9714014275685713, 0.9794485968389222, 0.8639088578015677, 0.9346721834036031, 0.7234518501539093, 0.9968792863378174, 0.9623999618272442, 0.8147495659235029, 0.7994247011666946, 0.9129986637502925, 0.8829645539280977, 0.9939849445415085, 0.9855585861639605, 0.9228743847991732, 0.7675015655342883], [0.9813045937479735, 0.8910191012861213, 0.9885766050509852, 0.9874443816924646, 0.9639400708381983, 0.9778420163755774, 0.9172852393178162, 0.9564106376670929, 0.8783069506208182, 0.9916476881087342, 0.9902321621140283, 0.989670707020449, 0.9821880855167009, 0.8781063899959369, 0.9916677554248939, 0.9851780759116248, 1.0, 0.9903136209271173, 0.9688403984777975, 0.9806410043220295, 0.9876693537712183, 0.940739643769297, 0.9899930498558794, 0.9331533255233785, 0.8646197213393592, 0.907986957196021, 0.9592914254770708, 0.8186677753278321, 0.9882124398131906, 0.9770508618316477, 0.9934656389013296, 0.8791980806520485, 0.9520851004134212, 0.7348399072482958, 0.9883417350252304, 0.9764355583957818, 0.8345722090653647, 0.8131820614679754, 0.9280546878657684, 0.8990549528656903, 0.9883769197841947, 0.9889290006999643, 0.9489097535255218, 0.7732979113712373], [0.9849576486140079, 0.9055269604665438, 0.9810928612452694, 0.9887417346409543, 0.9728652020756069, 0.9809633217652066, 0.9312638241965818, 0.9731242286078515, 0.8929548720315458, 0.9851046404182889, 0.9779827016234747, 0.9789590620889023, 0.9660147257237913, 0.8910279821546411, 0.97976292760251, 0.9709389336099364, 0.9903136209271173, 1.0, 0.9699447408464489, 0.9866489722126778, 0.9767341614724038, 0.9595215130563413, 0.9842243289164988, 0.941551467679933, 0.8760487364700357, 0.9335719551464983, 0.9783356973801504, 0.8306111184254427, 0.9815734197965924, 0.9794961072552558, 0.992107019114607, 0.8902010786356559, 0.9613508816741562, 0.7459977389256625, 0.9731995771351889, 0.9819665622736722, 0.844301932173563, 0.8202828995200514, 0.9333897259556118, 0.9119931680033303, 0.9807188568397196, 0.9843242065704936, 0.964101457679857, 0.796328076698138], [0.9875927704275947, 0.8913627048905157, 0.9893097890694188, 0.9625820991580808, 0.9410161717613927, 0.9842148154051797, 0.939233822486428, 0.9692911945317709, 0.8780716885066694, 0.9778936095889068, 0.9708687193573092, 0.961548720963892, 0.9541760522593025, 0.8604801421556365, 0.9595203692787745, 0.9541938298814422, 0.9688403984777975, 0.9699447408464489, 1.0, 0.96734349913873, 0.965672170347746, 0.9436607138671392, 0.9705135154348672, 0.9602439572849405, 0.8802766390327103, 0.9240248133176241, 0.9743262897025552, 0.8337986119782302, 0.97795817553596, 0.9587148499834549, 0.9702559836017222, 0.9025975327217494, 0.9802177328477121, 0.7435244689910312, 0.9641087992207928, 0.9750818100448128, 0.8513283273096174, 0.8475240678608312, 0.9707080250635172, 0.9180868057777862, 0.9589798277086911, 0.984406804894178, 0.9620665847098452, 0.7802057338383768], [0.9818110230164255, 0.9345245816472948, 0.9713830437799216, 0.9808910037655387, 0.9797215673525951, 0.977789730382962, 0.9279378900134561, 0.9732733049245624, 0.9136990945366008, 0.982089638088018, 0.9688596705873902, 0.9695321251819717, 0.9587645882499582, 0.9120113009659943, 0.9711753663849173, 0.9649679528806211, 0.9806410043220295, 0.9866489722126778, 0.96734349913873, 1.0, 0.969163504676805, 0.9765986444553214, 0.9789255081534185, 0.9330357626332082, 0.8978959861183706, 0.9481603077896776, 0.9670962224140032, 0.8372051629767759, 0.9737500574530622, 0.974804087592747, 0.9834008492028575, 0.8903359381547044, 0.9602678989477651, 0.7671208613607049, 0.9656995037918485, 0.972734199471613, 0.8738612293628734, 0.8205174888418965, 0.9347493747346372, 0.9140521719965523, 0.9752671638197639, 0.9749597701737415, 0.9705945061939726, 0.8160009354980325], [0.9748212360879157, 0.863157929305917, 0.9883522569742963, 0.9806859603680343, 0.9398435458316144, 0.9631956010037346, 0.9015974780730172, 0.9426096072926373, 0.8506888393120171, 0.9871943769550573, 0.9943890317515846, 0.995567477677597, 0.9910458157417884, 0.8341670546047962, 0.9923499940334516, 0.9902614375445025, 0.9876693537712183, 0.9767341614724038, 0.965672170347746, 0.969163504676805, 1.0, 0.9181029585050247, 0.9936707050949122, 0.9242282438491259, 0.8527582484486304, 0.8937502602833686, 0.939957007348951, 0.8090685937749393, 0.9822190035663182, 0.9762102511605113, 0.9815147282882677, 0.8679393333377345, 0.939722517339482, 0.7237961775172201, 0.9922508440853519, 0.9644028565714005, 0.8130153800375417, 0.8056266861463584, 0.9237967090605994, 0.8849241802427473, 0.9898511019339057, 0.9854297402272028, 0.9341895710992887, 0.7585112612915471], [0.9569373488872246, 0.9727551426673734, 0.9241748177251647, 0.9503111520172209, 0.976821773688175, 0.9605864441837351, 0.9393229149647722, 0.9720727781463303, 0.9453150518275715, 0.9414074700669562, 0.9175698119615882, 0.9236727414464403, 0.9085102758060247, 0.9556098783807444, 0.9315475905363693, 0.9169477301082011, 0.940739643769297, 0.9595215130563413, 0.9436607138671392, 0.9765986444553214, 0.9181029585050247, 1.0, 0.9299806272122733, 0.934158246626439, 0.9346092577195636, 0.9771913837936277, 0.9603569594725837, 0.8665563219706737, 0.9377426186817404, 0.9477482838928931, 0.9485192876609704, 0.9101533918517023, 0.9581663339238435, 0.8149110420981744, 0.9187207798011685, 0.9599609657126481, 0.9190518129422975, 0.8483981732461119, 0.9371212763510332, 0.925131783794928, 0.9359998941751323, 0.934542380873397, 0.9718518558567509, 0.869758626697476], [0.978694306195023, 0.8797811899667239, 0.9855690903690608, 0.9786167942447134, 0.9484425696079226, 0.973490225320856, 0.9095294639660234, 0.9446961441492705, 0.8626912583270179, 0.9941444899444696, 0.9909384826830178, 0.9925313118909709, 0.9861699187675363, 0.8547919783502382, 0.9907930857517265, 0.9902770545931444, 0.9899930498558794, 0.9842243289164988, 0.9705135154348672, 0.9789255081534185, 0.9936707050949122, 0.9299806272122733, 1.0, 0.9309161461728913, 0.8587281621197459, 0.9038660637144782, 0.951026396871494, 0.813828974515199, 0.985954203923934, 0.9783534212611896, 0.9854550063673688, 0.8754313966054855, 0.9482584562508763, 0.7306804253408591, 0.9893963720098364, 0.96823109400266, 0.8240003727150274, 0.8126499209462131, 0.9319355210398105, 0.8949537874394603, 0.9888374864516085, 0.9851746843518088, 0.9334475920934145, 0.7753392834680989], [0.9532118631107035, 0.9141667975866726, 0.9482208423050243, 0.9324751078434683, 0.9211600076390394, 0.9513357220686918, 0.9855212432351379, 0.9527953005007614, 0.9162704325280603, 0.9383223987561815, 0.9279407903954925, 0.9234183280928071, 0.913900713479634, 0.9255218228494771, 0.9244457069651925, 0.9165837692595895, 0.9331533255233785, 0.941551467679933, 0.9602439572849405, 0.9330357626332082, 0.9242282438491259, 0.934158246626439, 0.9309161461728913, 1.0, 0.9316721461262097, 0.9363897821681033, 0.9500875922229155, 0.9162640850041577, 0.9467618404579835, 0.9321186695931221, 0.9391882825188165, 0.978588411919708, 0.9738992652608207, 0.7763815179738736, 0.9240616002218682, 0.9708023500770924, 0.955714935036413, 0.9281506612355028, 0.9760893226132511, 0.9774742926327835, 0.9202347154433269, 0.9461411859960043, 0.9553632490064786, 0.8429338720368572], [0.8738772907319692, 0.9581351262184815, 0.8549921707004158, 0.8742121604826469, 0.9181181809089312, 0.8906079444051654, 0.9517877381206508, 0.908256129839478, 0.951334641965552, 0.8695450713632851, 0.8522982740799121, 0.8535868269326935, 0.8444763052798412, 0.9644335461264297, 0.857080601319284, 0.8485041019903604, 0.8646197213393592, 0.8760487364700357, 0.8802766390327103, 0.8978959861183706, 0.8527582484486304, 0.9346092577195636, 0.8587281621197459, 0.9316721461262097, 1.0, 0.9447614298670215, 0.9030298302260362, 0.9335204294349143, 0.8659367305446682, 0.8709211228716797, 0.8707796481240319, 0.9637852520217164, 0.904063501128395, 0.8382572140543113, 0.8493835439879983, 0.8905109837028744, 0.9667257173444137, 0.9212265575583597, 0.9201484099402225, 0.9596217875761288, 0.863256845366182, 0.8593124641991007, 0.9190135651177281, 0.8817882533915348], [0.9293682346888544, 0.9740566660276248, 0.8977218368017736, 0.9252366152469202, 0.960184188382603, 0.9382183686613457, 0.9521524641762019, 0.9610691713508207, 0.9754499512800647, 0.9149021616117337, 0.8932450142922446, 0.8946604552750405, 0.88465720049403, 0.9675471038599003, 0.900024510362918, 0.8916382340485791, 0.907986957196021, 0.9335719551464983, 0.9240248133176241, 0.9481603077896776, 0.8937502602833686, 0.9771913837936277, 0.9038660637144782, 0.9363897821681033, 0.9447614298670215, 1.0, 0.9527470307967635, 0.8845298976002807, 0.9193053466542425, 0.9337537768122202, 0.9184143991475816, 0.9344980001902199, 0.9540810960424309, 0.8195041155653192, 0.8926094136642478, 0.9467240681911107, 0.922539144460096, 0.8587384524254018, 0.9579751548856524, 0.9484286701027591, 0.9059460219378676, 0.9039148220616331, 0.9663730917527158, 0.9009108589701726], [0.9734754312980708, 0.9223270970151531, 0.9680575075145014, 0.9632369444060027, 0.9554651919437324, 0.9832239417670791, 0.9475425280471078, 0.9786967484720063, 0.9136530631873402, 0.9693447970243592, 0.9441878916863127, 0.9520867119880582, 0.9277611617559771, 0.9094131596561683, 0.9556967567130208, 0.9329709804590268, 0.9592914254770708, 0.9783356973801504, 0.9743262897025552, 0.9670962224140032, 0.939957007348951, 0.9603569594725837, 0.951026396871494, 0.9500875922229155, 0.9030298302260362, 0.9527470307967635, 1.0, 0.8560462295939149, 0.9723827769723193, 0.9514309314311896, 0.9730593775812258, 0.913541491248822, 0.9715840126057508, 0.7672626126754004, 0.9402033316316445, 0.9725609181091681, 0.8735768547063979, 0.8538618743493394, 0.9642299787168007, 0.9222617378699501, 0.9547986124566056, 0.9631598945355987, 0.9790073217033273, 0.8183179151665242], [0.8268391665098614, 0.9104908554250655, 0.8107991482051475, 0.8231085540274141, 0.8475216057537314, 0.8399995979027345, 0.9189392571768075, 0.8541139888587287, 0.8901455378955905, 0.823282509594168, 0.8086545326454108, 0.8098144083414146, 0.8016098236499068, 0.902270505339292, 0.8126770268154593, 0.8043965613741697, 0.8186677753278321, 0.8306111184254427, 0.8337986119782302, 0.8372051629767759, 0.8090685937749393, 0.8665563219706737, 0.813828974515199, 0.9162640850041577, 0.9335204294349143, 0.8845298976002807, 0.8560462295939149, 1.0, 0.8201688493050493, 0.8262287644902059, 0.8259237997764451, 0.9538899962955285, 0.8636127171976409, 0.9083961483871917, 0.805186905666999, 0.8433183155196726, 0.9242113817340063, 0.9791992934027218, 0.8785168559366847, 0.942951980836279, 0.8150102739950502, 0.8135628592458386, 0.85760461859332, 0.8814352724671193], [0.9915335725982634, 0.8875635920758439, 0.9876337741707438, 0.977137320761898, 0.9497550241589913, 0.9825342641335065, 0.919166368897088, 0.9531957936825703, 0.8699667983396033, 0.9873302965841138, 0.9843771949728275, 0.9873288413701614, 0.9793992888775512, 0.8619343390488362, 0.9877756735277036, 0.9838477986458815, 0.9882124398131906, 0.9815734197965924, 0.97795817553596, 0.9737500574530622, 0.9822190035663182, 0.9377426186817404, 0.985954203923934, 0.9467618404579835, 0.8659367305446682, 0.9193053466542425, 0.9723827769723193, 0.8201688493050493, 1.0, 0.9693044556978605, 0.987905771018996, 0.8806500595490699, 0.9637711955912157, 0.735892963906804, 0.9873302962079156, 0.9776596454332557, 0.835113179180921, 0.8213851956145569, 0.9420412479721858, 0.8961611444168744, 0.9837963386470471, 0.9924280657686524, 0.9598421381733093, 0.7812110301756183], [0.9709068483600244, 0.8991919139067037, 0.9709382373765779, 0.9761133662326525, 0.9615774611051819, 0.9674736092005899, 0.9139988094607915, 0.9635506136889594, 0.9011965202140325, 0.9769631765051758, 0.9742168546232227, 0.9748488982998945, 0.9671409985874602, 0.8909895945838002, 0.9741659782330799, 0.9714014275685713, 0.9770508618316477, 0.9794961072552558, 0.9587148499834549, 0.974804087592747, 0.9762102511605113, 0.9477482838928931, 0.9783534212611896, 0.9321186695931221, 0.8709211228716797, 0.9337537768122202, 0.9514309314311896, 0.8262287644902059, 0.9693044556978605, 1.0, 0.9785415012482896, 0.8829286138068002, 0.9426296251400494, 0.7613412336379897, 0.9722510076804206, 0.9738791469702579, 0.8349063527371058, 0.8054499382528322, 0.9230408061742692, 0.9084131729426768, 0.973361752756057, 0.9722303472916438, 0.9462647777642199, 0.82940724203192], [0.9836186729570714, 0.8960202633812913, 0.9831282388812848, 0.9878656189340269, 0.9661708162284784, 0.983687887627778, 0.9256965162047389, 0.963723521245259, 0.8850048722972236, 0.9879655645599134, 0.9840027155710799, 0.9844044769697953, 0.9745112059763541, 0.885065326351068, 0.9879577105084261, 0.9794485968389222, 0.9934656389013296, 0.992107019114607, 0.9702559836017222, 0.9834008492028575, 0.9815147282882677, 0.9485192876609704, 0.9854550063673688, 0.9391882825188165, 0.8707796481240319, 0.9184143991475816, 0.9730593775812258, 0.8259237997764451, 0.987905771018996, 0.9785415012482896, 1.0, 0.8879947544656377, 0.9587270565649496, 0.7408908017433015, 0.9828976297271874, 0.9806612314582074, 0.8361676100697347, 0.8193890729304285, 0.9323694227600774, 0.9079907021343133, 0.98369479538194, 0.9878922525579362, 0.9526906209024628, 0.7901467816381137], [0.8898998300139652, 0.9461123840008087, 0.8699173737895649, 0.8791239935649698, 0.8942326061949006, 0.9070070879536656, 0.9752622419903308, 0.9132081935306129, 0.9404262895592568, 0.8857305925412287, 0.867462840535847, 0.8692502651673936, 0.85936137272696, 0.9475435918604871, 0.872375747580901, 0.8639088578015677, 0.8791980806520485, 0.8902010786356559, 0.9025975327217494, 0.8903359381547044, 0.8679393333377345, 0.9101533918517023, 0.8754313966054855, 0.978588411919708, 0.9637852520217164, 0.9344980001902199, 0.913541491248822, 0.9538899962955285, 0.8806500595490699, 0.8829286138068002, 0.8879947544656377, 1.0, 0.9368313711300845, 0.8340603151121153, 0.8648205397068212, 0.9236032923979379, 0.9715903679290994, 0.9537717429178043, 0.942050005308048, 0.9903341142264828, 0.8740806678584794, 0.8750891840222922, 0.9245805331875849, 0.9048988629511122], [0.9724567799150372, 0.925565954361777, 0.9569974843395874, 0.949307305376252, 0.9470186467543021, 0.9715159803169551, 0.9673306160145866, 0.9737410542181122, 0.9075934092296369, 0.9593549776670762, 0.9393794597523234, 0.9436357610686256, 0.929886362280869, 0.8982316770852957, 0.9458122074753963, 0.9346721834036031, 0.9520851004134212, 0.9613508816741562, 0.9802177328477121, 0.9602678989477651, 0.939722517339482, 0.9581663339238435, 0.9482584562508763, 0.9738992652608207, 0.904063501128395, 0.9540810960424309, 0.9715840126057508, 0.8636127171976409, 0.9637711955912157, 0.9426296251400494, 0.9587270565649496, 0.9368313711300845, 1.0, 0.7612114174256083, 0.9366443208829349, 0.9836941282354363, 0.8788075959338698, 0.8708047148896938, 0.9871835701991232, 0.943230196880523, 0.945211729681268, 0.9578993276345635, 0.9783022356933141, 0.7997037589589083], [0.741591507621557, 0.8592638377749025, 0.7261215768989323, 0.7428976747528159, 0.7982686714444217, 0.7577526981646134, 0.7902617004385665, 0.7796437429186592, 0.8825156152931098, 0.7386921250625553, 0.7234647796015449, 0.7243930073909499, 0.7178209934349514, 0.8745809657933833, 0.7276273328740565, 0.7234518501539093, 0.7348399072482958, 0.7459977389256625, 0.7435244689910312, 0.7671208613607049, 0.7237961775172201, 0.8149110420981744, 0.7306804253408591, 0.7763815179738736, 0.8382572140543113, 0.8195041155653192, 0.7672626126754004, 0.9083961483871917, 0.735892963906804, 0.7613412336379897, 0.7408908017433015, 0.8340603151121153, 0.7612114174256083, 1.0, 0.7240910729249386, 0.7708143432371003, 0.8699101471372689, 0.8970423903658098, 0.7717714773436328, 0.8461766569300008, 0.7313249934569734, 0.7310759812848541, 0.7773351008960719, 0.9416982858043789], [0.9766161066561477, 0.8692710741964378, 0.9911930587746983, 0.9803599252599515, 0.9390816862967887, 0.961160437813461, 0.8987445120803703, 0.9353566891756087, 0.8535156002803288, 0.9845509620251524, 0.9950169161107806, 0.9934389089504078, 0.9940155148061356, 0.8446849306401074, 0.993488081757102, 0.9968792863378174, 0.9883417350252304, 0.9731995771351889, 0.9641087992207928, 0.9656995037918485, 0.9922508440853519, 0.9187207798011685, 0.9893963720098364, 0.9240616002218682, 0.8493835439879983, 0.8926094136642478, 0.9402033316316445, 0.805186905666999, 0.9873302962079156, 0.9722510076804206, 0.9828976297271874, 0.8648205397068212, 0.9366443208829349, 0.7240910729249386, 1.0, 0.9650229005172988, 0.815560395679654, 0.8041618012263776, 0.9189875144835387, 0.8839486501873929, 0.9918363652248461, 0.9903913368447738, 0.9266074504305453, 0.7682210391620408], [0.9846248634371519, 0.9163103076986138, 0.9739148468411041, 0.9783448240168354, 0.9576009880453668, 0.9752131371417738, 0.9538923955214658, 0.9820290758358579, 0.9196728075693575, 0.9686249106431198, 0.9672745656956548, 0.9696879103731306, 0.9572306496515652, 0.9084720341500845, 0.971016131430031, 0.9623999618272442, 0.9764355583957818, 0.9819665622736722, 0.9750818100448128, 0.972734199471613, 0.9644028565714005, 0.9599609657126481, 0.96823109400266, 0.9708023500770924, 0.8905109837028744, 0.9467240681911107, 0.9725609181091681, 0.8433183155196726, 0.9776596454332557, 0.9738791469702579, 0.9806612314582074, 0.9236032923979379, 0.9836941282354363, 0.7708143432371003, 0.9650229005172988, 1.0, 0.8623510133167199, 0.8520727490196248, 0.9753163770085166, 0.9440712694196631, 0.9680601099919276, 0.9776263634303348, 0.9738341487616148, 0.8274153289737404], [0.8381163586093049, 0.9515975386873177, 0.8274431036800474, 0.84272345866981, 0.9094303229125146, 0.8557739318402978, 0.9519146844918975, 0.8636863277309816, 0.9453618188537689, 0.8341306432359721, 0.8125972703649879, 0.8141109553662131, 0.8054840005972711, 0.9531217357864508, 0.8238275466017095, 0.8147495659235029, 0.8345722090653647, 0.844301932173563, 0.8513283273096174, 0.8738612293628734, 0.8130153800375417, 0.9190518129422975, 0.8240003727150274, 0.955714935036413, 0.9667257173444137, 0.922539144460096, 0.8735768547063979, 0.9242113817340063, 0.835113179180921, 0.8349063527371058, 0.8361676100697347, 0.9715903679290994, 0.8788075959338698, 0.8699101471372689, 0.815560395679654, 0.8623510133167199, 1.0, 0.9364164595794793, 0.8945271433027847, 0.9583189890034907, 0.8287702211700189, 0.8247100456370493, 0.8937404455717178, 0.904458536322497], [0.8284557648316336, 0.8980383516483197, 0.827833898610542, 0.8114539400169332, 0.8485224730925486, 0.843166760458337, 0.922390675391443, 0.8414157394139876, 0.8574713571512343, 0.8240553314110708, 0.8076533075772006, 0.8064940064886611, 0.7982309525906595, 0.8707001516362972, 0.8087677937668168, 0.7994247011666946, 0.8131820614679754, 0.8202828995200514, 0.8475240678608312, 0.8205174888418965, 0.8056266861463584, 0.8483981732461119, 0.8126499209462131, 0.9281506612355028, 0.9212265575583597, 0.8587384524254018, 0.8538618743493394, 0.9791992934027218, 0.8213851956145569, 0.8054499382528322, 0.8193890729304285, 0.9537717429178043, 0.8708047148896938, 0.8970423903658098, 0.8041618012263776, 0.8520727490196248, 0.9364164595794793, 1.0, 0.8801661895072603, 0.9344303909487167, 0.8093509781906665, 0.8221815081828309, 0.8576629920030154, 0.8538954115539106], [0.9528407649350994, 0.9282178355259131, 0.9477228797322591, 0.922582415649832, 0.9282280522441284, 0.9625604104087876, 0.9637063935505672, 0.9529987169956228, 0.9177181801566989, 0.9421444088676003, 0.9256623885883454, 0.920074378753422, 0.9117666465433678, 0.8985399610514582, 0.9195326062727531, 0.9129986637502925, 0.9280546878657684, 0.9333897259556118, 0.9707080250635172, 0.9347493747346372, 0.9237967090605994, 0.9371212763510332, 0.9319355210398105, 0.9760893226132511, 0.9201484099402225, 0.9579751548856524, 0.9642299787168007, 0.8785168559366847, 0.9420412479721858, 0.9230408061742692, 0.9323694227600774, 0.942050005308048, 0.9871835701991232, 0.7717714773436328, 0.9189875144835387, 0.9753163770085166, 0.8945271433027847, 0.8801661895072603, 1.0, 0.9453412265330984, 0.922672053347814, 0.9425713415325729, 0.9644043931149799, 0.8113669888529195], [0.9108038666416541, 0.9416705115067264, 0.8879648776771245, 0.8991805274528256, 0.9078771571038136, 0.9214471464163021, 0.9741474638961298, 0.9374138142820275, 0.9519023703260077, 0.9053191340474166, 0.8844288611569945, 0.8855276492725994, 0.8760089319029785, 0.9477526379367982, 0.8891627704842798, 0.8829645539280977, 0.8990549528656903, 0.9119931680033303, 0.9180868057777862, 0.9140521719965523, 0.8849241802427473, 0.925131783794928, 0.8949537874394603, 0.9774742926327835, 0.9596217875761288, 0.9484286701027591, 0.9222617378699501, 0.942951980836279, 0.8961611444168744, 0.9084131729426768, 0.9079907021343133, 0.9903341142264828, 0.943230196880523, 0.8461766569300008, 0.8839486501873929, 0.9440712694196631, 0.9583189890034907, 0.9344303909487167, 0.9453412265330984, 1.0, 0.892072651864924, 0.8944532438987935, 0.9365118692963276, 0.9218476733381683], [0.9705281381214081, 0.8815092425190411, 0.9844188043019139, 0.9807468720731501, 0.9562129968287637, 0.9702923327982161, 0.911485852442217, 0.9510308030350194, 0.8662983722577248, 0.9870181828874376, 0.9863404617244677, 0.9928413123035177, 0.992964192754401, 0.8556263526625383, 0.9938303827187434, 0.9939849445415085, 0.9883769197841947, 0.9807188568397196, 0.9589798277086911, 0.9752671638197639, 0.9898511019339057, 0.9359998941751323, 0.9888374864516085, 0.9202347154433269, 0.863256845366182, 0.9059460219378676, 0.9547986124566056, 0.8150102739950502, 0.9837963386470471, 0.973361752756057, 0.98369479538194, 0.8740806678584794, 0.945211729681268, 0.7313249934569734, 0.9918363652248461, 0.9680601099919276, 0.8287702211700189, 0.8093509781906665, 0.922672053347814, 0.892072651864924, 1.0, 0.9812185112815351, 0.9452898308128446, 0.7667837255298371], [0.9943704159032497, 0.8799894749516435, 0.9963840534876941, 0.983365764073517, 0.9498221293433492, 0.9795436237916854, 0.9130451415970318, 0.9499841495995222, 0.8632374010216537, 0.9866447181691766, 0.9904613991436407, 0.9858218562985166, 0.9825412528972535, 0.8548020667973605, 0.9866377168442422, 0.9855585861639605, 0.9889290006999643, 0.9843242065704936, 0.984406804894178, 0.9749597701737415, 0.9854297402272028, 0.934542380873397, 0.9851746843518088, 0.9461411859960043, 0.8593124641991007, 0.9039148220616331, 0.9631598945355987, 0.8135628592458386, 0.9924280657686524, 0.9722303472916438, 0.9878922525579362, 0.8750891840222922, 0.9578993276345635, 0.7310759812848541, 0.9903913368447738, 0.9776263634303348, 0.8247100456370493, 0.8221815081828309, 0.9425713415325729, 0.8944532438987935, 0.9812185112815351, 1.0, 0.9420169848451129, 0.7757846841895512], [0.9650801058722198, 0.9434311841720951, 0.938629501468248, 0.9531310873236052, 0.9680820674653936, 0.9630067568211353, 0.9619716249693205, 0.9833947489470153, 0.9196131636071386, 0.9455028229558082, 0.9336375833557381, 0.9411159162740007, 0.9242596034148662, 0.9105886646778155, 0.9426441673942227, 0.9228743847991732, 0.9489097535255218, 0.964101457679857, 0.9620665847098452, 0.9705945061939726, 0.9341895710992887, 0.9718518558567509, 0.9334475920934145, 0.9553632490064786, 0.9190135651177281, 0.9663730917527158, 0.9790073217033273, 0.85760461859332, 0.9598421381733093, 0.9462647777642199, 0.9526906209024628, 0.9245805331875849, 0.9783022356933141, 0.7773351008960719, 0.9266074504305453, 0.9738341487616148, 0.8937404455717178, 0.8576629920030154, 0.9644043931149799, 0.9365118692963276, 0.9452898308128446, 0.9420169848451129, 1.0, 0.8280770792463173], [0.7876361091557952, 0.8898947013995011, 0.7610654676112468, 0.78100267832283, 0.8507337524217639, 0.8156041724787513, 0.8551194449019419, 0.8360244076588493, 0.9292219120654727, 0.7846762787537741, 0.7581473196655719, 0.7591667409594106, 0.7519517594024174, 0.9134863425827864, 0.7627198019599015, 0.7675015655342883, 0.7732979113712373, 0.796328076698138, 0.7802057338383768, 0.8160009354980325, 0.7585112612915471, 0.869758626697476, 0.7753392834680989, 0.8429338720368572, 0.8817882533915348, 0.9009108589701726, 0.8183179151665242, 0.8814352724671193, 0.7812110301756183, 0.82940724203192, 0.7901467816381137, 0.9048988629511122, 0.7997037589589083, 0.9416982858043789, 0.7682210391620408, 0.8274153289737404, 0.904458536322497, 0.8538954115539106, 0.8113669888529195, 0.9218476733381683, 0.7667837255298371, 0.7757846841895512, 0.8280770792463173, 1.0]]