[[1.0, 0.9918396204993166, 0.8658603744172368, 0.9679305193531615, 0.9686658184369539, 0.8766885425042447, 0.8964584587626613, 0.8821204157464246, 0.9896716503104522, 0.851705991410514, 0.9110832785431285, 0.9117113852700358, 0.9728294839261196, 0.8821400767507351, 0.9263933882458921, 0.9150367701171722, 0.9942582132964154, 0.9805610721527085, 0.887685503991188, 0.979918733383406, 0.9842560322859198, 0.9816831093186209, 0.9942132329261207, 0.9596051806077639, 0.9635709825687684, 0.9721200500431362], [0.9918396204993166, 1.0, 0.8747635894280508, 0.9717862500920809, 0.9854137406377281, 0.8862025568411114, 0.905791278647111, 0.8919738508171493, 0.9830246886757044, 0.8436242313934866, 0.9212095131319348, 0.9218305201260013, 0.9773297219472991, 0.8910303133285409, 0.9151849022517682, 0.9249688317369449, 0.9928632211495392, 0.9708094677453009, 0.8768430583454285, 0.9684159897106439, 0.9930071744794713, 0.9933123692236023, 0.9953065398597339, 0.9493169057127726, 0.9735027973106346, 0.9760181430127024], [0.8658603744172368, 0.8747635894280508, 1.0, 0.9366586325250844, 0.8976466870218434, 0.9955306757373171, 0.9933797477506339, 0.9921050664184426, 0.8684868984007148, 0.7510351977081388, 0.9645555723984045, 0.9825480251587475, 0.9149293449002049, 0.9943111934414919, 0.8088633543055893, 0.9737716794113307, 0.8765216428436675, 0.8469836764067841, 0.7835995751446979, 0.8461016878420144, 0.8772993543470458, 0.8816182065229056, 0.8766554842972145, 0.8317009111366643, 0.9047884361552303, 0.9028635154318646], [0.9679305193531615, 0.9717862500920809, 0.9366586325250844, 1.0, 0.975901707982889, 0.9442454815003636, 0.9631318571101865, 0.9547261237025614, 0.9699689636670317, 0.8402231470964945, 0.9808382875831736, 0.9768391341218617, 0.993636545026136, 0.9459431846627048, 0.9114182658576498, 0.9831695642984942, 0.9719045335334103, 0.9478626533947963, 0.8761366803256659, 0.9485648258092759, 0.9731532269093726, 0.9771213867799344, 0.9726530646103748, 0.9400479793828633, 0.9821630194134395, 0.9791135479209891], [0.9686658184369539, 0.9854137406377281, 0.8976466870218434, 0.975901707982889, 1.0, 0.9081806739084878, 0.9262337240994375, 0.9148924484675958, 0.9741298926106338, 0.8310915688077359, 0.9468330994808263, 0.9449635332225912, 0.9819268487341107, 0.907770559480852, 0.8932870493863038, 0.9457108896992586, 0.9809404819293716, 0.9501305807573053, 0.861591813294533, 0.9535152136068973, 0.9901790147145001, 0.9889146962492403, 0.9841675697287577, 0.9362116751762783, 0.9892045061794923, 0.9779146047130104], [0.8766885425042447, 0.8862025568411114, 0.9955306757373171, 0.9442454815003636, 0.9081806739084878, 1.0, 0.9954313321033904, 0.992753653043516, 0.875526020357771, 0.7576687210589695, 0.9718037236363183, 0.9837699345694361, 0.9249005632965002, 0.9946824258241315, 0.8179676182344762, 0.981203638796766, 0.8858290985977056, 0.850602628168133, 0.7982640311627374, 0.8492477975234961, 0.8897893589098188, 0.8924427966840897, 0.8886107753162148, 0.8423433739779547, 0.9145546459154306, 0.9095445731009305], [0.8964584587626613, 0.905791278647111, 0.9933797477506339, 0.9631318571101865, 0.9262337240994375, 0.9954313321033904, 1.0, 0.9960164111268324, 0.8935799986661791, 0.7755620359693229, 0.9823542688532338, 0.9914779774663102, 0.9441229498903976, 0.9923568927213415, 0.8368205862052402, 0.9894316839092752, 0.9054954014883916, 0.8756027339652422, 0.8127140172408, 0.8739510748709455, 0.908288219724845, 0.9121112465444355, 0.9080443392063549, 0.8604013201546582, 0.9312153605326309, 0.9241464797681248], [0.8821204157464246, 0.8919738508171493, 0.9921050664184426, 0.9547261237025614, 0.9148924484675958, 0.992753653043516, 0.9960164111268324, 1.0, 0.8837037774454298, 0.7621531912520694, 0.9796085114799913, 0.9927872448961448, 0.9339192545922688, 0.9921247912801722, 0.8212313567201843, 0.9879796648766039, 0.8941437697978103, 0.8633444541976016, 0.7936890450069933, 0.8624451173018346, 0.8951429856579745, 0.8976997682325434, 0.893900061996645, 0.846890610642522, 0.9241175100317464, 0.9204815117032392], [0.9896716503104522, 0.9830246886757044, 0.8684868984007148, 0.9699689636670317, 0.9741298926106338, 0.875526020357771, 0.8935799986661791, 0.8837037774454298, 1.0, 0.8606872247673711, 0.9178938162100533, 0.9134120540628785, 0.9733231073694074, 0.8787518190735487, 0.9317901008654375, 0.9123733506338954, 0.9892643465715764, 0.9681856782093455, 0.8882566710961893, 0.9745111229214606, 0.9796004174709522, 0.9730477066025675, 0.9848395197082825, 0.967897188507774, 0.962175555385983, 0.9816153324283202], [0.851705991410514, 0.8436242313934866, 0.7510351977081388, 0.8402231470964945, 0.8310915688077359, 0.7576687210589695, 0.7755620359693229, 0.7621531912520694, 0.8606872247673711, 1.0, 0.7868955409897853, 0.784623050800127, 0.8356698027171715, 0.763904980636778, 0.9419737548204883, 0.7850374290871873, 0.8500401701161324, 0.858206108503946, 0.9451473887897534, 0.881846308873373, 0.8403668560683646, 0.8359986561137219, 0.8445317402198761, 0.897016284399465, 0.8266694776489002, 0.8402328996494639], [0.9110832785431285, 0.9212095131319348, 0.9645555723984045, 0.9808382875831736, 0.9468330994808263, 0.9718037236363183, 0.9823542688532338, 0.9796085114799913, 0.9178938162100533, 0.7868955409897853, 1.0, 0.9901748002244084, 0.9654139492293502, 0.9662679651792131, 0.8489627713004171, 0.9933806128133746, 0.9211485299983948, 0.8869399496962966, 0.8267357816314095, 0.8861722038308628, 0.9244960790527994, 0.9293834508780092, 0.9250298133751194, 0.8737102390399719, 0.9528717296036106, 0.9485845243698947], [0.9117113852700358, 0.9218305201260013, 0.9825480251587475, 0.9768391341218617, 0.9449635332225912, 0.9837699345694361, 0.9914779774663102, 0.9927872448961448, 0.9134120540628785, 0.784623050800127, 0.9901748002244084, 1.0, 0.9626574210132222, 0.9829611247553617, 0.8472279955762279, 0.9943932492609774, 0.9243782422176392, 0.8922013619204294, 0.8173847038915322, 0.8929637276187352, 0.9261935982064418, 0.9284158861112632, 0.9237390381790542, 0.8759566117468517, 0.9544226746821204, 0.950656526238534], [0.9728294839261196, 0.9773297219472991, 0.9149293449002049, 0.993636545026136, 0.9819268487341107, 0.9249005632965002, 0.9441229498903976, 0.9339192545922688, 0.9733231073694074, 0.8356698027171715, 0.9654139492293502, 0.9626574210132222, 1.0, 0.9279094036193836, 0.9069214569538773, 0.9659154416375118, 0.9770436139407392, 0.9534134687283848, 0.8723160257660444, 0.9541033578288419, 0.9804287617385399, 0.981436744487843, 0.9773646734072919, 0.9374102716267216, 0.990761239504292, 0.985602811626978], [0.8821400767507351, 0.8910303133285409, 0.9943111934414919, 0.9459431846627048, 0.907770559480852, 0.9946824258241315, 0.9923568927213415, 0.9921247912801722, 0.8787518190735487, 0.763904980636778, 0.9662679651792131, 0.9829611247553617, 0.9279094036193836, 1.0, 0.821114925823904, 0.9781879865108777, 0.8940652956098553, 0.8684233964351459, 0.7925377427400633, 0.865444194005573, 0.8950737899133797, 0.8949964674871288, 0.8913574238657352, 0.8468503415389433, 0.9187611333259447, 0.9205334892825032], [0.9263933882458921, 0.9151849022517682, 0.8088633543055893, 0.9114182658576498, 0.8932870493863038, 0.8179676182344762, 0.8368205862052402, 0.8212313567201843, 0.9317901008654375, 0.9419737548204883, 0.8489627713004171, 0.8472279955762279, 0.9069214569538773, 0.821114925823904, 1.0, 0.8517401727841674, 0.923004888961456, 0.9160175647013612, 0.9747752384607742, 0.9490200551102825, 0.9098691184858713, 0.9077089950115537, 0.9170033249560623, 0.973433592624215, 0.8937057545165187, 0.8991512327916084], [0.9150367701171722, 0.9249688317369449, 0.9737716794113307, 0.9831695642984942, 0.9457108896992586, 0.981203638796766, 0.9894316839092752, 0.9879796648766039, 0.9123733506338954, 0.7850374290871873, 0.9933806128133746, 0.9943932492609774, 0.9659154416375118, 0.9781879865108777, 0.8517401727841674, 1.0, 0.9283268422705806, 0.8873110002952257, 0.8276032866379414, 0.886695235762742, 0.9289214312650539, 0.930614981710783, 0.9276801484172108, 0.8778890444700053, 0.9544447385747833, 0.9479154906112166], [0.9942582132964154, 0.9928632211495392, 0.8765216428436675, 0.9719045335334103, 0.9809404819293716, 0.8858290985977056, 0.9054954014883916, 0.8941437697978103, 0.9892643465715764, 0.8500401701161324, 0.9211485299983948, 0.9243782422176392, 0.9770436139407392, 0.8940652956098553, 0.923004888961456, 0.9283268422705806, 1.0, 0.9786302101922575, 0.8786185169081513, 0.9784470711687135, 0.9915059718329725, 0.9877566732436428, 0.9940354457698918, 0.9585242669503604, 0.9766797943253785, 0.9791908381592146], [0.9805610721527085, 0.9708094677453009, 0.8469836764067841, 0.9478626533947963, 0.9501305807573053, 0.850602628168133, 0.8756027339652422, 0.8633444541976016, 0.9681856782093455, 0.858206108503946, 0.8869399496962966, 0.8922013619204294, 0.9534134687283848, 0.8684233964351459, 0.9160175647013612, 0.8873110002952257, 0.9786302101922575, 1.0, 0.8706640040681924, 0.9916307275559182, 0.9677685884035053, 0.9589881213774847, 0.9697478782652404, 0.949143112637469, 0.9492581200232131, 0.9572163893293072], [0.887685503991188, 0.8768430583454285, 0.7835995751446979, 0.8761366803256659, 0.861591813294533, 0.7982640311627374, 0.8127140172408, 0.7936890450069933, 0.8882566710961893, 0.9451473887897534, 0.8267357816314095, 0.8173847038915322, 0.8723160257660444, 0.7925377427400633, 0.9747752384607742, 0.8276032866379414, 0.8786185169081513, 0.8706640040681924, 1.0, 0.8830912009028835, 0.8721302809817202, 0.8743363436230582, 0.8816713241865418, 0.9238947499695833, 0.8581567346712372, 0.8550837714637202], [0.979918733383406, 0.9684159897106439, 0.8461016878420144, 0.9485648258092759, 0.9535152136068973, 0.8492477975234961, 0.8739510748709455, 0.8624451173018346, 0.9745111229214606, 0.881846308873373, 0.8861722038308628, 0.8929637276187352, 0.9541033578288419, 0.865444194005573, 0.9490200551102825, 0.886695235762742, 0.9784470711687135, 0.9916307275559182, 0.8830912009028835, 1.0, 0.9638511082439218, 0.9568838908773464, 0.96838780868617, 0.9796384287087263, 0.9460579825888685, 0.9560283008564593], [0.9842560322859198, 0.9930071744794713, 0.8772993543470458, 0.9731532269093726, 0.9901790147145001, 0.8897893589098188, 0.908288219724845, 0.8951429856579745, 0.9796004174709522, 0.8403668560683646, 0.9244960790527994, 0.9261935982064418, 0.9804287617385399, 0.8950737899133797, 0.9098691184858713, 0.9289214312650539, 0.9915059718329725, 0.9677685884035053, 0.8721302809817202, 0.9638511082439218, 1.0, 0.9936818467606305, 0.9889838916210798, 0.9437311603284718, 0.9789212172552388, 0.9846191740293782], [0.9816831093186209, 0.9933123692236023, 0.8816182065229056, 0.9771213867799344, 0.9889146962492403, 0.8924427966840897, 0.9121112465444355, 0.8976997682325434, 0.9730477066025675, 0.8359986561137219, 0.9293834508780092, 0.9284158861112632, 0.981436744487843, 0.8949964674871288, 0.9077089950115537, 0.930614981710783, 0.9877566732436428, 0.9589881213774847, 0.8743363436230582, 0.9568838908773464, 0.9936818467606305, 1.0, 0.9910519622498792, 0.938957788953016, 0.9774586978940932, 0.9665794660495891], [0.9942132329261207, 0.9953065398597339, 0.8766554842972145, 0.9726530646103748, 0.9841675697287577, 0.8886107753162148, 0.9080443392063549, 0.893900061996645, 0.9848395197082825, 0.8445317402198761, 0.9250298133751194, 0.9237390381790542, 0.9773646734072919, 0.8913574238657352, 0.9170033249560623, 0.9276801484172108, 0.9940354457698918, 0.9697478782652404, 0.8816713241865418, 0.96838780868617, 0.9889838916210798, 0.9910519622498792, 1.0, 0.9526249852068533, 0.9727182931990968, 0.970227986203889], [0.9596051806077639, 0.9493169057127726, 0.8317009111366643, 0.9400479793828633, 0.9362116751762783, 0.8423433739779547, 0.8604013201546582, 0.846890610642522, 0.967897188507774, 0.897016284399465, 0.8737102390399719, 0.8759566117468517, 0.9374102716267216, 0.8468503415389433, 0.973433592624215, 0.8778890444700053, 0.9585242669503604, 0.949143112637469, 0.9238947499695833, 0.9796384287087263, 0.9437311603284718, 0.938957788953016, 0.9526249852068533, 1.0, 0.9250785888036983, 0.9421536761036399], [0.9635709825687684, 0.9735027973106346, 0.9047884361552303, 0.9821630194134395, 0.9892045061794923, 0.9145546459154306, 0.9312153605326309, 0.9241175100317464, 0.962175555385983, 0.8266694776489002, 0.9528717296036106, 0.9544226746821204, 0.990761239504292, 0.9187611333259447, 0.8937057545165187, 0.9544447385747833, 0.9766797943253785, 0.9492581200232131, 0.8581567346712372, 0.9460579825888685, 0.9789212172552388, 0.9774586978940932, 0.9727182931990968, 0.9250785888036983, 1.0, 0.9846203757831868], [0.9721200500431362, 0.9760181430127024, 0.9028635154318646, 0.9791135479209891, 0.9779146047130104, 0.9095445731009305, 0.9241464797681248, 0.9204815117032392, 0.9816153324283202, 0.8402328996494639, 0.9485845243698947, 0.950656526238534, 0.985602811626978, 0.9205334892825032, 0.8991512327916084, 0.9479154906112166, 0.9791908381592146, 0.9572163893293072, 0.8550837714637202, 0.9560283008564593, 0.9846191740293782, 0.9665794660495891, 0.970227986203889, 0.9421536761036399, 0.9846203757831868, 1.0]]