[[0.0, 0.7722982644132164, 5.39848045549644, 1.7968766461630536, 1.4622250601072662, 5.205416551420578, 4.333338102253372, 4.656827945988677, 1.241358891168432, 5.780014036648267, 3.453142695346917, 3.5479196716802734, 1.4845463261822793, 4.9549541963199575, 2.881483120107666, 3.740726910016287, 0.8349718985542511, 2.3911822733899957, 4.335445970458531, 1.8660136305718487, 0.9429411995179242, 0.962707866048652, 1.0255809988052484, 1.7438254582232804, 1.4842127697323406, 2.267912431441398], [0.7722982644132164, 0.0, 4.9641640632224755, 1.6323578340471783, 0.968490842130472, 4.8263741424124404, 3.949881895061914, 4.21002505243716, 1.2289345449686007, 6.242585669645526, 3.0677061438324373, 3.1124990134456243, 1.2355585120812196, 4.585148058037338, 3.2558101698700903, 3.402221458108683, 0.808698593134423, 2.5248680310113825, 4.741791167003253, 2.1616400316330906, 0.556483554433863, 0.5095738478635577, 0.7068496974302932, 2.0429470475209954, 1.1814368562698092, 1.9495435571688897], [5.39848045549644, 4.9641640632224755, 1.884864366154897e-07, 4.668488573250172, 4.1971540382201855, 1.3729573669628061, 1.6869518476416943, 1.077556298632375, 5.507598200564246, 11.04212897880927, 2.2520052735102216, 2.2053986522218874, 4.547941878453012, 1.308941494609238, 8.083953909689411, 2.4214910717581026, 5.21295692968483, 6.257415332428888, 9.247654757805476, 6.269027069519451, 4.8593172686346895, 4.734660171937804, 4.983315390494583, 6.949637604740445, 4.177403837521417, 4.517991623159523], [1.7968766461630536, 1.6323578340471783, 4.668488573250172, 0.0, 1.7746500337238436, 4.331905931576338, 3.398435342983811, 3.931249758523811, 2.0317768067214788, 6.723151776262693, 2.7712002853561675, 2.662744342715329, 0.6468504076864495, 4.2154551738401835, 3.95271094675545, 2.8245750024650835, 1.7999919848856125, 3.2915002535256774, 5.000753529711498, 3.0954534458515677, 1.5885156498136945, 1.4420760120436813, 1.61409832502345, 2.7997524729123233, 1.6322060166185994, 2.1708471260347113], [1.4622250601072662, 0.968490842130472, 4.1971540382201855, 1.7746500337238436, 0.0, 4.0493067570177725, 3.2807138363476014, 3.4969812865885803, 1.611824645819591, 7.016027661324307, 2.296939492760865, 2.502766865364247, 1.395663606254624, 3.947295216570255, 3.9805910853819624, 2.673521849827701, 1.44945238451474, 3.123532221089892, 5.359876925922656, 2.7838617130333048, 1.1287665175713555, 0.7789528731016031, 1.025744309368363, 2.8630920416273886, 1.097680589222213, 1.5934298987087852], [5.205416551420578, 4.8263741424124404, 1.3729573669628061, 4.331905931576338, 4.0493067570177725, 0.0, 1.2777001384550681, 1.687347453687617, 5.262895715564616, 10.672750532168235, 1.967895441800444, 2.2647667617189597, 4.301778919049116, 1.7539071098852002, 7.768453530857608, 1.7080817638778243, 5.1260361011671325, 6.386674502063899, 8.70098629196273, 6.274757410984446, 4.780287361413855, 4.514436777301861, 4.763596016477753, 6.726136197482757, 4.125255823069737, 4.372003732453811], [4.333338102253372, 3.949881895061914, 1.6869518476416954, 3.398435342983811, 3.2807138363476014, 1.2777001384550681, 0.0, 1.3629143114695081, 4.515691454971079, 9.819920072150085, 1.530973902538252, 1.3319870784450376, 3.3617665832514745, 1.3004945867981026, 6.938745048808483, 1.3194526222418417, 4.194772531308431, 5.358243369097434, 7.966572999695265, 5.325976967519605, 3.85257722556521, 3.6759866163694297, 3.9580630806446364, 5.833301236539296, 3.1725670289903896, 3.7623693658161166], [4.656827945988677, 4.21002505243716, 1.077556298632375, 3.931249758523811, 3.4969812865885803, 1.687347453687617, 1.3629143114695081, 2.0647654623614278e-07, 4.772736786211718, 10.33164855130651, 1.7661843149838514, 1.425855748051731, 3.8184610665143475, 1.2242333942999928, 7.391756488632993, 2.1253762498624935, 4.450133763485157, 5.4195942892244755, 8.629003864163542, 5.510065825517323, 4.065867892920814, 3.990986127330782, 4.273381690935214, 6.190459598827425, 3.445873782658833, 3.751512225125497], [1.241358891168432, 1.2289345449686007, 5.507598200564245, 2.0317768067214788, 1.611824645819591, 5.262895715564616, 4.515691454971079, 4.772736786211718, 2.384185791015625e-07, 5.9251496781842174, 3.4331270649316026, 3.655893151691792, 1.9130460286567872, 5.273372893882225, 2.994051440505319, 3.7727582086114038, 1.6774536356471714, 3.104180313986735, 4.381718604413832, 2.569905087730196, 1.5275977332676922, 1.1514053786347616, 1.398988814741921, 2.002284119021268, 2.125911135661814, 1.9573983196920033], [5.780014036648267, 6.242585669645526, 11.04212897880927, 6.723151776262691, 7.016027661324307, 10.672750532168235, 9.819920072150085, 10.33164855130651, 5.9251496781842174, 0.0, 8.998844884403905, 9.149519301812855, 6.677862795955771, 10.532859813644214, 3.2223846573743784, 9.100133918763433, 6.094710125517946, 5.967466671452952, 2.716663235796563, 5.438018697940916, 6.395429107242985, 6.455351731294587, 6.243450668956141, 4.34790548624564, 7.055780482515303, 7.3622950217523675], [3.453142695346917, 3.0677061438324373, 2.2520052735102207, 2.7712002853561675, 2.296939492760865, 1.967895441800444, 1.530973902538252, 1.7661843149838514, 3.4331270649316035, 8.998844884403905, 0.0, 1.2733982065203913, 2.6739875565064377, 2.317864939448276, 6.046291570924233, 1.0629110782977087, 3.451643329554838, 4.818079820469018, 7.143193856655665, 4.60878965054621, 3.043999438757342, 2.760426322125438, 3.0530847291990693, 4.978188973228094, 2.5358610050468013, 2.6594771801836656], [3.5479196716802734, 3.1124990134456243, 2.2053986522218874, 2.662744342715329, 2.502766865364247, 2.2647667617189597, 1.3319870784450376, 1.425855748051731, 3.655893151691792, 9.149519301812855, 1.2733982065203913, 0.0, 2.6011027000145437, 1.892361872887059, 6.230393995142406, 1.6071213439942456, 3.332290160199078, 4.463326881038371, 7.451716231372495, 4.484521381191889, 2.9868644550847194, 2.869938297255329, 3.2066482059559576, 5.01736641327362, 2.364962346765968, 2.840312995692643], [1.4845463261822793, 1.2355585120812196, 4.5479418784530115, 0.6468504076864495, 1.395663606254624, 4.301778919049116, 3.3617665832514745, 3.8184610665143475, 1.9130460286567872, 6.677862795955771, 2.6739875565064377, 2.6011027000145437, 0.0, 4.0942810721605065, 3.8257433160061205, 2.8121098771955633, 1.4100521201555762, 3.021344666548485, 5.004923641094721, 2.786417307349578, 1.1756069067386021, 1.1220163111522674, 1.248209683257078, 2.6425902617365886, 1.2141837402890452, 2.1149846989787537], [4.9549541963199575, 4.585148058037339, 1.308941494609238, 4.2154551738401835, 3.9472952165702555, 1.7539071098852002, 1.300494586798104, 1.2242333942999928, 5.273372893882226, 10.532859813644214, 2.3178649394482767, 1.892361872887059, 4.0942810721605065, 0.0, 7.6729930110872075, 2.3985976534257563, 4.719208438693622, 5.5842803967050285, 8.840652061374598, 5.698439049595242, 4.4234301822015345, 4.394341371781604, 4.657260757731354, 6.510534949074424, 3.657191288182439, 4.431708121736204], [2.881483120107666, 3.2558101698700903, 8.083953909689411, 3.95271094675545, 3.9805910853819624, 7.768453530857608, 6.938745048808483, 7.391756488632993, 2.994051440505319, 3.2223846573743806, 6.046291570924233, 6.230393995142406, 3.8257433160061205, 7.6729930110872075, 4.1295309247228556e-07, 6.200065216126516, 3.221026163210771, 3.820883089206888, 2.02914754527507, 3.1273536646042213, 3.4768826900760956, 3.4592203897486717, 3.225517627935383, 1.44764898446514, 4.160474698812998, 4.444408473712731], [3.740726910016287, 3.402221458108683, 2.4214910717581017, 2.8245750024650835, 2.673521849827701, 1.7080817638778243, 1.3194526222418417, 2.1253762498624935, 3.7727582086114038, 9.100133918763433, 1.0629110782977087, 1.6071213439942456, 2.8121098771955633, 2.398597653425756, 6.200065216126516, 0.0, 3.7396014790054286, 5.221084319783959, 7.1010119426374105, 4.971825730329548, 3.4218502710977656, 3.0511600121293854, 3.300946687377061, 5.195466083924537, 2.847127870342257, 3.0867101588399795], [0.8349718985542511, 0.808698593134423, 5.21295692968483, 1.7999919848856125, 1.44945238451474, 5.1260361011671325, 4.194772531308431, 4.450133763485157, 1.6774536356471714, 6.0947101255179446, 3.451643329554838, 3.332290160199078, 1.4100521201555762, 4.719208438693622, 3.221026163210771, 3.7396014790054286, 0.0, 2.0920889320448817, 4.753829583698012, 1.8160765352484263, 0.8537106177205795, 1.102079807778314, 1.0651713466953285, 1.964927458744751, 1.1149535485162831, 2.316471350140267], [2.3911822733899957, 2.5248680310113825, 6.257415332428888, 3.2915002535256774, 3.123532221089892, 6.386674502063899, 5.358243369097434, 5.4195942892244755, 3.104180313986735, 5.96746667145295, 4.818079820469018, 4.463326881038371, 3.021344666548485, 5.5842803967050285, 3.820883089206888, 5.221084319783959, 2.0920889320448817, 2.9200193199910854e-07, 5.504460289636276, 1.3075349298655299, 2.3204094585206967, 2.8451159338398178, 2.883806799646584, 2.744500603488283, 2.6085083614144096, 3.6695618433720028], [4.335445970458531, 4.741791167003253, 9.247654757805476, 5.0007535297114964, 5.359876925922656, 8.70098629196273, 7.966572999695265, 8.629003864163542, 4.381718604413832, 2.716663235796563, 7.143193856655665, 7.451716231372495, 5.004923641094721, 8.840652061374598, 2.0291475452750665, 7.10101194263741, 4.753829583698013, 5.504460289636277, 0.0, 4.772140172491658, 4.991743974652612, 4.8299086194826515, 4.598326777648694, 3.13209128951579, 5.564017840015379, 5.739410998783219], [1.8660136305718487, 2.1616400316330906, 6.269027069519451, 3.0954534458515677, 2.7838617130333048, 6.274757410984446, 5.325976967519605, 5.510065825517323, 2.569905087730196, 5.438018697940916, 4.60878965054621, 4.484521381191889, 2.786417307349578, 5.698439049595242, 3.1273536646042213, 4.971825730329548, 1.8160765352484263, 1.3075349298655299, 4.772140172491658, 1.6858739404357614e-07, 2.154289358719958, 2.456223678832189, 2.484738058373592, 2.252757172561367, 2.454620257621062, 3.551293327341118], [0.9429411995179242, 0.556483554433863, 4.859317268634689, 1.5885156498136945, 1.1287665175713555, 4.780287361413855, 3.85257722556521, 4.065867892920814, 1.5275977332676922, 6.395429107242984, 3.043999438757342, 2.9868644550847194, 1.1756069067386021, 4.423430182201534, 3.4768826900760956, 3.4218502710977656, 0.8537106177205795, 2.3204094585206967, 4.991743974652611, 2.154289358719958, 0.0, 0.8180396468533463, 0.9771808786426185, 2.20124498390695, 1.0708563780091513, 2.0111357058183508], [0.962707866048652, 0.5095738478635577, 4.734660171937804, 1.4420760120436813, 0.7789528731016031, 4.514436777301861, 3.6759866163694297, 3.990986127330782, 1.1514053786347616, 6.455351731294587, 2.760426322125438, 2.869938297255329, 1.1220163111522674, 4.394341371781604, 3.4592203897486717, 3.0511600121293854, 1.102079807778314, 2.8451159338398178, 4.8299086194826515, 2.456223678832189, 0.8180396468533463, 0.0, 0.7324567937868305, 2.298729931770713, 1.1832242289889272, 1.7338955227331783], [1.0255809988052484, 0.7068496974302932, 4.983315390494583, 1.61409832502345, 1.025744309368363, 4.763596016477753, 3.9580630806446364, 4.273381690935214, 1.398988814741921, 6.24345066895614, 3.0530847291990693, 3.2066482059559576, 1.248209683257078, 4.657260757731354, 3.225517627935383, 3.300946687377061, 1.0651713466953285, 2.883806799646584, 4.598326777648696, 2.484738058373592, 0.9771808786426185, 0.7324567937868305, 0.0, 2.09075988908808, 1.3876176139157397, 1.8644376705793975], [1.7438254582232804, 2.0429470475209954, 6.949637604740445, 2.7997524729123233, 2.8630920416273886, 6.726136197482757, 5.833301236539296, 6.190459598827425, 2.002284119021268, 4.347905486245642, 4.978188973228095, 5.01736641327362, 2.6425902617365886, 6.510534949074424, 1.44764898446514, 5.195466083924538, 1.964927458744751, 2.744500603488283, 3.132091289515792, 2.252757172561367, 2.20124498390695, 2.298729931770713, 2.09075988908808, 2.384185791015625e-07, 2.947738067248283, 3.2923724045601395], [1.4842127697323406, 1.1814368562698272, 4.177403837521418, 1.6322060166185994, 1.0976805892222194, 4.125255823069737, 3.172567028990385, 3.445873782658835, 2.1259111356618074, 7.055780482515301, 2.5358610050468067, 2.364962346765965, 1.2141837402890336, 3.657191288182436, 4.160474698812998, 2.847127870342257, 1.1149535485162831, 2.6085083614144096, 5.5640178400153815, 2.454620257621062, 1.0708563780091713, 1.1832242289889092, 1.38761761391575, 2.947738067248288, 0.0, 2.203714560004207], [2.2679124314413994, 1.9495435571688897, 4.517991623159525, 2.1708471260347046, 1.5934298987087852, 4.3720037324538135, 3.7623693658161166, 3.751512225125497, 1.957398319691998, 7.36229502175237, 2.6594771801836656, 2.840312995692648, 2.1149846989787506, 4.4317081217362055, 4.444408473712732, 3.0867101588399843, 2.3164713501402576, 3.6695618433720063, 5.73941099878322, 3.551293327341117, 2.0111357058183543, 1.7338955227331783, 1.8644376705793917, 3.2923724045601404, 2.203714560004207, 0.0]]