[[1.0, 0.724914346705367, 0.40226328615938484, 0.47705936747806404, 0.5762389973126976, 0.4009642465573441, 0.40899940207267965, 0.43205238737966845, 0.6079098974933494, 0.4195811266016272, 0.47873171931732733, 0.4412721208679594, 0.5758782657760517, 0.3903905058922767, 0.5283634636965754, 0.4622261475676442, 0.6741625274741873, 0.5852053740619493, 0.4874541121931178, 0.5863700566442362, 0.7506014450126767, 0.7427157255525284, 0.6661343971078167, 0.6488829604938525, 0.6034030475242971, 0.4723354979899811], [0.724914346705367, 0.9999999701976785, 0.4142135623730951, 0.47540964122563306, 0.6654279930419416, 0.407162480228664, 0.41686525502054445, 0.43859649122807015, 0.582906244262433, 0.4187695658806107, 0.49841015880702694, 0.4435079584064236, 0.574445108381903, 0.40139554786321885, 0.5377016472078717, 0.47106406368656434, 0.6375490305229375, 0.6989032605958247, 0.506991498318797, 0.6149686945724658, 0.8390435413906672, 0.8043043141880007, 0.7812499999999988, 0.6811116849016586, 0.5931700755678059, 0.48128395312251465], [0.40226328615938484, 0.4142135623730951, 1.0, 0.4984101588070268, 0.43002553126647897, 0.774470721622355, 0.7352941176470588, 0.7227174931226341, 0.38169737592692543, 0.2642738241598795, 0.5887305315177359, 0.6330495936030458, 0.49300018358672343, 0.7795187907884575, 0.3218796687884454, 0.6851356342253521, 0.4078019379993757, 0.3831463214823169, 0.3056642640192571, 0.3482536806451142, 0.4288043187341645, 0.431712082085626, 0.4034017215186085, 0.35567965457393075, 0.464002171816663, 0.4193776875983229], [0.47705936747806404, 0.47540964122563306, 0.4984101588070268, 0.9999999789265761, 0.4718571454535514, 0.5046866382928322, 0.5448924579601718, 0.5451771559718144, 0.4687155380069534, 0.31130060842337026, 0.5748019426760663, 0.6565695577851307, 0.6756756756756757, 0.49606274800073535, 0.3810517824339333, 0.6324976421295924, 0.4609111993942273, 0.4456596206821947, 0.3620804389941156, 0.39212214225063297, 0.5006014443345677, 0.5115123760787982, 0.4491602725009351, 0.4331940712130479, 0.49038105676657967, 0.5368970854925275], [0.5762389973126976, 0.6654279930419416, 0.43002553126647897, 0.4718571454535514, 1.0, 0.4207066498266523, 0.42836345467338904, 0.4435079584064236, 0.5123921581607465, 0.3784385093142228, 0.5016103226611213, 0.45101728483437514, 0.5457484314212485, 0.4146024633432198, 0.49860778554667656, 0.4768933861425544, 0.5324303496328413, 0.60077022021231, 0.44413670157655594, 0.5135005606820225, 0.6526710549302416, 0.6979993195673249, 0.5855924669107263, 0.5552472773994659, 0.5471877074140609, 0.4847717627076683], [0.4009642465573441, 0.407162480228664, 0.774470721622355, 0.5046866382928322, 0.4207066498266523, 1.0, 0.7665003039742546, 0.761957017911939, 0.37795133948693743, 0.2630985582781022, 0.6051875744916372, 0.6539579691487248, 0.4994014356944631, 0.768053061827872, 0.31568009969027805, 0.6749169490212347, 0.40079220149162936, 0.37795133948693743, 0.3024017347388454, 0.34564455518261505, 0.42521714204214706, 0.42781475631850796, 0.3937209191902075, 0.350085113529908, 0.4479817593749017, 0.4160730027102998], [0.40899940207267965, 0.41686525502054445, 0.7352941176470588, 0.5448924579601718, 0.42836345467338904, 0.7665003039742546, 1.0, 0.7216329529608574, 0.389380251311001, 0.26875346855828003, 0.5859806922798967, 0.7153101534664354, 0.5244215996600748, 0.7533444098623454, 0.32398861430080994, 0.7329135802977722, 0.412767128420214, 0.3914103682605423, 0.3088463365548648, 0.3496634962630235, 0.43365393620345893, 0.4383562815519909, 0.4015685458844795, 0.35961051177421016, 0.459466910385988, 0.421947426053258], [0.43205238737966845, 0.43859649122807015, 0.7227174931226341, 0.5451771559718144, 0.4435079584064236, 0.761957017911939, 0.7216329529608574, 1.0, 0.4050871196878161, 0.27583054796149714, 0.6795356932843829, 0.7083029797212428, 0.5516036046106632, 0.7063682376492619, 0.3322726006888083, 0.7365012885321486, 0.42825350391397093, 0.4068895560660453, 0.3175376937227979, 0.3708394403938883, 0.4603313866993259, 0.46207932676920005, 0.4236232473397507, 0.37386619749371985, 0.468870694493304, 0.45344861719423385], [0.6079098974933494, 0.582906244262433, 0.38169737592692543, 0.46871553800695337, 0.5123921581607465, 0.37795133948693743, 0.389380251311001, 0.4050871196878161, 1.0, 0.404196846704521, 0.45860865109221666, 0.42478991169009184, 0.5008025702860965, 0.3642464514961466, 0.473943767417796, 0.4435079584064236, 0.4935686945161517, 0.5119515019184342, 0.4767276304735326, 0.4741057721743222, 0.598615216988357, 0.6020801390725635, 0.5374329025694423, 0.5737343195529723, 0.5002001601601793, 0.5132781022780174], [0.4195811266016272, 0.4187695658806107, 0.2642738241598795, 0.31130060842337026, 0.3784385093142228, 0.2630985582781022, 0.26875346855828003, 0.27583054796149714, 0.404196846704521, 1.0, 0.302306647069218, 0.28294582654048855, 0.3422217207086676, 0.2606270880022053, 0.5141702902852862, 0.29055925385462283, 0.3933992605921245, 0.42803391939817353, 0.5817714606281926, 0.462962962962963, 0.40375439986278666, 0.3997655854032818, 0.41826529543781754, 0.4988057256705833, 0.35363360620614237, 0.3298427160716263], [0.47873171931732733, 0.49841015880702694, 0.5887305315177359, 0.5748019426760663, 0.5016103226611213, 0.6051875744916372, 0.5859806922798967, 0.6795356932843829, 0.45860865109221666, 0.302306647069218, 1.0, 0.6281620328233533, 0.6007702202123102, 0.5668295024478077, 0.3649175835097434, 0.6795356932843829, 0.4498201373259122, 0.4557916459773118, 0.3566339449098425, 0.4090920534070536, 0.5278640450004206, 0.5263773616798351, 0.4749190507500911, 0.42080952898794755, 0.4889089184241206, 0.5342508803827721], [0.4412721208679594, 0.4435079584064236, 0.6330495936030458, 0.6565695577851307, 0.45101728483437514, 0.6539579691487248, 0.7153101534664354, 0.7083029797212428, 0.42478991169009184, 0.28294582654048855, 0.6281620328233533, 1.0, 0.599473042739157, 0.6214029127399607, 0.3422704782807079, 0.7830067924490683, 0.43668861404784326, 0.4144078437123349, 0.3252038891259892, 0.36916705680390954, 0.46748141556401673, 0.4747559592640468, 0.4223640622498858, 0.3861801093451534, 0.47923792354253314, 0.4716981132075471], [0.5758782657760517, 0.5744451083819029, 0.49300018358672343, 0.6756756756756757, 0.5457484314212485, 0.4994014356944631, 0.5244215996600748, 0.5516036046106632, 0.5008025702860964, 0.3422217207086676, 0.6007702202123102, 0.599473042739157, 1.0, 0.4933789014609351, 0.42278223758111233, 0.6074523062222862, 0.5564847757487636, 0.5246644406669085, 0.40070628045536344, 0.4716981132075471, 0.6164262933352449, 0.6234465446762281, 0.5345130700203241, 0.49703546891172445, 0.5702366961651136, 0.5166566900471156], [0.3903905058922767, 0.40139554786321885, 0.7795187907884575, 0.49606274800073535, 0.4146024633432199, 0.768053061827872, 0.7533444098623454, 0.7063682376492619, 0.36424645149614654, 0.2606270880022053, 0.5668295024478077, 0.6214029127399607, 0.4933789014609351, 1.0, 0.31440192460328126, 0.6507636030899585, 0.39900191574796534, 0.3763664150874417, 0.30048821603734477, 0.3443904898957801, 0.41567896645947366, 0.41746313703652094, 0.3910955312375597, 0.3466085004980062, 0.4463000622063535, 0.40384274676023985], [0.5283634636965754, 0.5377016472078716, 0.3218796687884454, 0.3810517824339333, 0.4986077855466767, 0.31568009969027805, 0.3239886143008099, 0.3322726006888083, 0.473943767417796, 0.5141702902852863, 0.3649175835097434, 0.3422704782807079, 0.42278223758111233, 0.31440192460328126, 1.0, 0.35719956248763346, 0.5097709785411619, 0.5205976667256117, 0.5528068962781615, 0.5040653093778918, 0.502831806041874, 0.5135005606820224, 0.5374329025694424, 0.6476437210945774, 0.4526326051610682, 0.40725360505438146], [0.4622261475676442, 0.47106406368656434, 0.6851356342253521, 0.6324976421295924, 0.4768933861425544, 0.6749169490212347, 0.7329135802977722, 0.7365012885321486, 0.4435079584064236, 0.29055925385462283, 0.6795356932843829, 0.7830067924490683, 0.6074523062222862, 0.6507636030899585, 0.35719956248763346, 1.0, 0.4564896678423787, 0.4318254051858344, 0.339056738914926, 0.38263692764963597, 0.4937587780879636, 0.5, 0.4508836668275379, 0.4034017215186085, 0.5132781022780174, 0.489091980000522], [0.6741625274741873, 0.6375490305229375, 0.4078019379993757, 0.4609111993942273, 0.5324303496328413, 0.40079220149162936, 0.412767128420214, 0.42825350391397093, 0.4935686945161517, 0.3933992605921245, 0.4498201373259122, 0.43668861404784326, 0.5564847757487636, 0.39900191574796534, 0.5097709785411619, 0.4564896678423787, 1.0, 0.5625281280138076, 0.44772146397381507, 0.5522038630007838, 0.6260457386151692, 0.6178999460012758, 0.6578947368421049, 0.5810203018900046, 0.6433945461575624, 0.41736326868593143], [0.5852053740619493, 0.6989032605958247, 0.3831463214823169, 0.4456596206821947, 0.60077022021231, 0.37795133948693743, 0.3914103682605423, 0.4068895560660453, 0.5119515019184342, 0.42803391939817353, 0.4557916459773118, 0.4144078437123349, 0.5246644406669085, 0.3763664150874417, 0.5205976667256118, 0.4318254051858344, 0.5625281280138076, 0.9999999701976785, 0.4914967686108666, 0.5960743826851025, 0.6464158486770919, 0.6416139509436659, 0.6661343971078165, 0.6249999999999998, 0.4920584153218782, 0.44759153219289183], [0.4874541121931178, 0.506991498318797, 0.3056642640192571, 0.3620804389941156, 0.44413670157655594, 0.3024017347388454, 0.3088463365548648, 0.3175376937227979, 0.4767276304735326, 0.5817714606281926, 0.3566339449098425, 0.3252038891259892, 0.40070628045536344, 0.30048821603734477, 0.5528068962781615, 0.339056738914926, 0.44772146397381507, 0.4914967686108665, 1.0, 0.5268710081314779, 0.48799765762222314, 0.47362040457476345, 0.5093393568974492, 0.6164262933352453, 0.4236232473397508, 0.38483751042634184], [0.5863700566442362, 0.6149686945724658, 0.3482536806451142, 0.39212214225063297, 0.5135005606820225, 0.34564455518261505, 0.34966349626302345, 0.3708394403938883, 0.4741057721743222, 0.462962962962963, 0.4090920534070536, 0.36916705680390954, 0.47169811320754723, 0.3443904898957801, 0.5040653093778918, 0.38263692764963597, 0.5522038630007838, 0.5960743826851025, 0.5268710081314779, 1.0, 0.5999040345437273, 0.5692052501475191, 0.6097560975609757, 0.6088298089775879, 0.48601626108262536, 0.3990865040857773], [0.7506014450126767, 0.8390435413906672, 0.4288043187341645, 0.5006014443345677, 0.6526710549302416, 0.42521714204214706, 0.43365393620345893, 0.4603313866993259, 0.598615216988357, 0.40375439986278666, 0.5278640450004206, 0.46748141556401673, 0.616426293335245, 0.41567896645947366, 0.5028318060418742, 0.4937587780879636, 0.6260457386151692, 0.6464158486770919, 0.487997657622223, 0.5999040345437273, 0.9999999701976785, 0.8549159519308388, 0.7083029797212417, 0.6398567166586479, 0.6092921506874046, 0.49606274800073535], [0.7427157255525284, 0.8043043141880007, 0.431712082085626, 0.5115123760787982, 0.6979993195673249, 0.42781475631850796, 0.4383562815519909, 0.46207932676920005, 0.6020801390725635, 0.3997655854032818, 0.5263773616798351, 0.4747559592640468, 0.623446544676228, 0.41746313703652094, 0.5135005606820224, 0.5, 0.6178999460012758, 0.6416139509436659, 0.47362040457476345, 0.5692052501475191, 0.8549159519308388, 1.0, 0.6682763457542005, 0.6297714879768291, 0.6020801390725635, 0.5099873443080064], [0.6661343971078167, 0.7812499999999988, 0.4034017215186085, 0.4491602725009351, 0.5855924669107263, 0.3937209191902075, 0.4015685458844795, 0.4236232473397507, 0.5374329025694423, 0.4182652954378175, 0.4749190507500911, 0.4223640622498858, 0.5345130700203241, 0.3910955312375597, 0.5374329025694425, 0.4508836668275379, 0.6578947368421049, 0.6661343971078165, 0.5093393568974491, 0.6097560975609757, 0.7083029797212417, 0.6682763457542005, 0.9999999578531533, 0.6668445630705324, 0.580273379192523, 0.453312223887559], [0.6488829604938525, 0.6811116849016585, 0.35567965457393075, 0.4331940712130479, 0.5552472773994659, 0.350085113529908, 0.35961051177421016, 0.37386619749371985, 0.5737343195529723, 0.4988057256705835, 0.42080952898794755, 0.3861801093451534, 0.49703546891172445, 0.3466085004980062, 0.6476437210945774, 0.4034017215186085, 0.5810203018900046, 0.6249999999999998, 0.6164262933352453, 0.6088298089775879, 0.6398567166586479, 0.6297714879768291, 0.6668445630705326, 1.0, 0.5184960661372677, 0.45413294987710773], [0.6034030475242971, 0.5931700755678061, 0.4640021718166629, 0.49038105676657967, 0.5471877074140609, 0.4479817593749017, 0.4594669103859881, 0.4688706944933039, 0.5002001601601793, 0.3536336062061423, 0.4889089184241206, 0.47923792354253314, 0.5702366961651136, 0.4463000622063535, 0.4526326051610682, 0.5132781022780174, 0.6433945461575624, 0.4920584153218782, 0.4236232473397508, 0.48601626108262536, 0.6092921506874046, 0.6020801390725632, 0.580273379192523, 0.5184960661372677, 1.0, 0.43047285805343577], [0.4723354979899811, 0.48128395312251465, 0.4193776875983229, 0.5368970854925272, 0.4847717627076682, 0.4160730027102998, 0.421947426053258, 0.45344861719423385, 0.5132781022780174, 0.3298427160716263, 0.5342508803827721, 0.4716981132075471, 0.5166566900471155, 0.40384274676023985, 0.40725360505438146, 0.489091980000522, 0.41736326868593143, 0.44759153219289183, 0.38483751042634184, 0.3990865040857773, 0.49606274800073535, 0.5099873443080064, 0.453312223887559, 0.45413294987710773, 0.43047285805343577, 1.0]]