[[0.0, 0.3794733192202063, 1.4859340496805367, 1.0961751684835777, 0.7353910524340085, 1.4939879517586478, 1.4449913494550755, 1.3145341380123987, 0.6449806198638836, 1.3833293172632466, 1.088852607105296, 1.266175343307553, 0.7364781055808785, 1.5615377036754508, 0.8926365441768555, 1.163443165779919, 0.4833218389437829, 0.7088018058667741, 1.0514751542475933, 0.7054076835419348, 0.3322649545167227, 0.34641016151377435, 0.501198563445667, 0.5411099703387479, 0.6572670690061989, 1.1171392035015153], [0.3794733192202063, 2.9802322387695312e-08, 1.4142135623730951, 1.1034491379306977, 0.5027922035990611, 1.4560219778561037, 1.398856676003657, 1.28, 0.7155417527999327, 1.387948125831798, 1.00637965003273, 1.25475097130865, 0.7408103670980855, 1.49130815058458, 0.8597674104081867, 1.1228535078094561, 0.5685068161420761, 0.4308131845707603, 0.9724196624914577, 0.6260990336999396, 0.1918332609325098, 0.24331050121192907, 0.280000000000002, 0.46818799642878484, 0.6858571279792907, 1.0777754868245983], [1.4859340496805367, 1.4142135623730951, 0.0, 1.0063796500327302, 1.3254433220624713, 0.2912043955712207, 0.36000000000000004, 0.3836665218650177, 1.6198765385053269, 2.783954022608851, 0.6985699678629192, 0.5796550698475776, 1.0283968105745955, 0.2828427124746191, 2.1067510531621907, 0.45956501172304237, 1.4521707888537079, 1.6099689437998488, 2.2715633383201093, 1.8714700104463333, 1.332066064427737, 1.3163586137523469, 1.4789185237868923, 1.8115186998758803, 1.1551623262554922, 1.3844854639901425], [1.0961751684835777, 1.1034491379306977, 1.0063796500327302, 2.1073424255447017e-08, 1.1192854863706578, 0.9814275317108238, 0.835224520712844, 0.8342661445845686, 1.1334901852243802, 2.2123290894439736, 0.7397296803562771, 0.5230678732248814, 0.4799999999999999, 1.0158740079360236, 1.6243152403397558, 0.5810335618533581, 1.169615321377076, 1.2438649444372973, 1.7618172436436192, 1.5502257900060878, 0.997597113067194, 0.9549869109050658, 1.2263767773404717, 1.3084341787036897, 1.0392304845413265, 0.862554346113913], [0.7353910524340085, 0.5027922035990611, 1.3254433220624713, 1.1192854863706578, 0.0, 1.3769531582446803, 1.334466185408982, 1.2547509713086498, 0.9516301802696252, 1.6424372134118252, 0.9935793878699375, 1.2172099243762353, 0.8323460818673923, 1.4119490075778234, 1.0055844071981226, 1.096904736064167, 0.8781799360040053, 0.6645299090334468, 1.2515590277729611, 0.9474175425861605, 0.5321653878260028, 0.43266615305567796, 0.7076722405181659, 0.8009993757800314, 0.8275264346230878, 1.0628264204469136], [1.4939879517586478, 1.4560219778561037, 0.2912043955712207, 0.9814275317108238, 1.3769531582446803, 0.0, 0.3046309242345561, 0.3124099870362662, 1.6458432489152788, 2.8008570117019542, 0.6523802572120037, 0.529150262212918, 1.0023971268913336, 0.3019933774108299, 2.1677638247742763, 0.48166378315169167, 1.4950585272824608, 1.6458432489152788, 2.306859336847394, 1.893145530591877, 1.3517396198972642, 1.337460279784039, 1.5398701243936128, 1.8564482217395668, 1.2322337440599491, 1.4034243834279068], [1.4449913494550755, 1.398856676003657, 0.36000000000000004, 0.835224520712844, 1.334466185408982, 0.3046309242345561, 0.0, 0.3857460304397183, 1.5681836627130128, 2.720882209872379, 0.7065408693062278, 0.39799497484264784, 0.9068627239003708, 0.32741411087489797, 2.086528216919196, 0.364417343165772, 1.4226735395022991, 1.5548633380461452, 2.2378561169118987, 1.859892470010027, 1.3059862173851606, 1.2812493902437574, 1.4902348808157728, 1.7807863431641653, 1.1764352935882196, 1.3699635031634967], [1.3145341380123987, 1.28, 0.3836665218650177, 0.8342661445845686, 1.2547509713086498, 0.3124099870362662, 0.3857460304397183, 0.0, 1.4686047800548654, 2.62541425302751, 0.471593044902064, 0.4118252056394801, 0.8128960573160632, 0.4156921938165305, 2.009577069932875, 0.3577708763999665, 1.335065541462291, 1.457669372663088, 2.14923242112155, 1.6965848048358794, 1.1723480711802277, 1.16413057686842, 1.3605881081355962, 1.6747537132366659, 1.1327841806805037, 1.2053215338655492], [0.6449806198638836, 0.7155417527999327, 1.619876538505327, 1.1334901852243804, 0.9516301802696252, 1.6458432489152786, 1.5681836627130128, 1.4686047800548654, 0.0, 1.4740420618150627, 1.1805083650698964, 1.3541048703848606, 0.9967948635501692, 1.745393938341714, 1.1099549540409284, 1.2547509713086498, 1.0260604270704525, 0.9533100230250388, 1.0976338187209793, 1.109233969908963, 0.6705221845696082, 0.6609084656743321, 0.8606973916540008, 0.7429670248402688, 0.9991996797437438, 0.9482615672903758], [1.3833293172632466, 1.387948125831798, 2.7839540226088504, 2.2123290894439736, 1.642437213411825, 2.8008570117019542, 2.720882209872379, 2.62541425302751, 1.4740420618150627, 0.0, 2.3078994778802655, 2.5342454498331453, 1.9220822042774344, 2.836899716239543, 0.9448809448814175, 2.4416387939250965, 1.5419468213917107, 1.3362634470792063, 0.7188880302244584, 1.1599999999999997, 1.4767531953579789, 1.5014659503298773, 1.3908270920570973, 1.0047885349664385, 1.827785545407338, 2.031748015872047], [1.088852607105296, 1.00637965003273, 0.6985699678629192, 0.7397296803562771, 0.9935793878699375, 0.6523802572120037, 0.7065408693062278, 0.471593044902064, 1.1805083650698964, 2.3078994778802655, 0.0, 0.5919459434779499, 0.664529909033446, 0.764198926981712, 1.7403447934245673, 0.4715930449020638, 1.2231107881136523, 1.1939849245279441, 1.8039955654047493, 1.4444376068214229, 0.8944271909999157, 0.8997777503361595, 1.1056219968868204, 1.3763720427268202, 1.0453707476297585, 0.8717797887081346], [1.266175343307553, 1.25475097130865, 0.5796550698475776, 0.5230678732248814, 1.2172099243762353, 0.529150262212918, 0.39799497484264784, 0.4118252056394801, 1.3541048703848606, 2.5342454498331453, 0.5919459434779499, 0.0, 0.6681317235396027, 0.6092618484691127, 1.9216659439142902, 0.2771281292110199, 1.289961239727768, 1.413081738612456, 2.07499397589487, 1.708800749063506, 1.1391224692718516, 1.1063453348751464, 1.367625679782301, 1.589465318904442, 1.08664621657649, 1.12], [0.7364781055808786, 0.7408103670980857, 1.0283968105745955, 0.4799999999999999, 0.8323460818673923, 1.0023971268913336, 0.9068627239003708, 0.8128960573160632, 0.9967948635501693, 1.9220822042774344, 0.664529909033446, 0.6681317235396027, 0.0, 1.0268398122394748, 1.3652838532700806, 0.6462197768561406, 0.7969943538068511, 0.9059801322324903, 1.4955935276671932, 1.1199999999999999, 0.6222539674441622, 0.6039867548216598, 0.8708616422830904, 1.0119288512538813, 0.7536577472566711, 0.9355212450821201], [1.5615377036754508, 1.49130815058458, 0.2828427124746191, 1.0158740079360236, 1.4119490075778232, 0.3019933774108299, 0.32741411087489797, 0.4156921938165305, 1.7453939383417143, 2.836899716239543, 0.764198926981712, 0.6092618484691127, 1.0268398122394748, 0.0, 2.1806421072702413, 0.5366563145999494, 1.5062536307010186, 1.6569852141766386, 2.327917524312234, 1.9036806454865267, 1.4057026712644465, 1.3954210834009926, 1.5569200364822853, 1.8850994668717087, 1.240644993541666, 1.4762113669796746], [0.8926365441768555, 0.859767410408187, 2.1067510531621907, 1.6243152403397558, 1.0055844071981224, 2.1677638247742763, 2.0865282169191963, 2.009577069932875, 1.1099549540409284, 0.9448809448814169, 1.7403447934245673, 1.9216659439142902, 1.3652838532700806, 2.1806421072702413, 0.0, 1.799555500672319, 0.9616652224137039, 0.9208691546577062, 0.8089499366462672, 0.983869910099907, 0.9887365675446621, 0.9474175425861612, 0.8606973916540004, 0.5440588203494171, 1.2092973166264778, 1.4554724318928198], [1.163443165779919, 1.1228535078094561, 0.45956501172304237, 0.5810335618533581, 1.096904736064167, 0.48166378315169167, 0.364417343165772, 0.3577708763999665, 1.2547509713086498, 2.4416387939250965, 0.4715930449020638, 0.2771281292110199, 0.6462197768561406, 0.5366563145999494, 1.799555500672319, 0.0, 1.1906300852909772, 1.3157507362718825, 1.949358868961793, 1.6134435224078962, 1.0252804494381038, 1.0, 1.2178669878110666, 1.478918523786892, 0.9482615672903758, 1.0446051885760477], [0.4833218389437829, 0.5685068161420761, 1.4521707888537079, 1.169615321377076, 0.8781799360040053, 1.4950585272824608, 1.4226735395022991, 1.335065541462291, 1.0260604270704525, 1.5419468213917107, 1.2231107881136523, 1.289961239727768, 0.796994353806851, 1.5062536307010186, 0.9616652224137039, 1.1906300852909772, 0.0, 0.7776888838089435, 1.233531515608742, 0.8109253973085309, 0.5973273809227233, 0.6183849933496113, 0.5200000000000008, 0.7211102550927976, 0.5542562584220406, 1.395994269329212], [0.7088018058667741, 0.4308131845707603, 1.6099689437998488, 1.2438649444372973, 0.6645299090334468, 1.6458432489152788, 1.5548633380461452, 1.457669372663088, 0.9533100230250388, 1.336263447079206, 1.1939849245279441, 1.413081738612456, 0.9059801322324902, 1.6569852141766386, 0.920869154657706, 1.3157507362718825, 0.7776888838089435, 2.9802322387695312e-08, 1.0346013725102055, 0.6776429738438964, 0.5469917732470945, 0.5585696017507583, 0.5011985634456675, 0.6000000000000006, 1.0322790320451154, 1.2341798896433211], [1.0514751542475933, 0.9724196624914575, 2.2715633383201093, 1.7618172436436192, 1.2515590277729614, 2.3068593368473946, 2.2378561169118987, 2.14923242112155, 1.0976338187209793, 0.7188880302244584, 1.8039955654047493, 2.07499397589487, 1.4955935276671932, 2.327917524312234, 0.8089499366462672, 1.949358868961793, 1.233531515608742, 1.0346013725102057, 0.0, 0.897997772825745, 1.0491901638883205, 1.1113955191559843, 0.9633275663033848, 0.6222539674441611, 1.360588108135596, 1.5984992962150468], [0.7054076835419348, 0.6260990336999396, 1.8714700104463333, 1.5502257900060878, 0.9474175425861605, 1.893145530591877, 1.8598924700100272, 1.6965848048358794, 1.109233969908963, 1.1599999999999997, 1.4444376068214229, 1.708800749063506, 1.1199999999999997, 1.9036806454865267, 0.983869910099907, 1.6134435224078962, 0.8109253973085309, 0.6776429738438964, 0.897997772825745, 0.0, 0.6669332800213222, 0.7568355171369788, 0.6399999999999998, 0.6424951361683603, 1.0575443253121826, 1.5057224179774968], [0.3322649545167227, 0.1918332609325098, 1.332066064427737, 0.997597113067194, 0.5321653878260028, 1.3517396198972642, 1.3059862173851606, 1.1723480711802277, 0.6705221845696082, 1.476753195357979, 0.8944271909999157, 1.1391224692718516, 0.622253967444162, 1.4057026712644465, 0.9887365675446619, 1.0252804494381038, 0.5973273809227233, 0.5469917732470945, 1.0491901638883208, 0.6669332800213222, 2.9802322387695312e-08, 0.1697056274847686, 0.41182520563948216, 0.5628498911788125, 0.6412487816752569, 1.0158740079360236], [0.34641016151377435, 0.24331050121192907, 1.3163586137523469, 0.9549869109050658, 0.43266615305567796, 1.337460279784039, 1.2812493902437574, 1.16413057686842, 0.6609084656743321, 1.5014659503298773, 0.8997777503361595, 1.1063453348751464, 0.60398675482166, 1.3954210834009926, 0.9474175425861612, 1.0, 0.6183849933496113, 0.5585696017507583, 1.1113955191559843, 0.7568355171369788, 0.1697056274847686, 0.0, 0.4963869458396351, 0.5878775382679636, 0.6609084656743321, 0.9608329719571449], [0.501198563445667, 0.280000000000002, 1.4789185237868923, 1.2263767773404717, 0.7076722405181659, 1.5398701243936128, 1.4902348808157728, 1.3605881081355962, 0.8606973916540008, 1.3908270920570975, 1.1056219968868204, 1.367625679782301, 0.8708616422830903, 1.5569200364822853, 0.860697391654, 1.2178669878110666, 0.5200000000000008, 0.5011985634456675, 0.963327566303385, 0.6399999999999998, 0.41182520563948216, 0.4963869458396351, 4.2146848510894035e-08, 0.4995998398718737, 0.7233256528010054, 1.205985074534507], [0.5411099703387479, 0.4681879964287853, 1.8115186998758805, 1.3084341787036897, 0.8009993757800314, 1.8564482217395668, 1.7807863431641653, 1.6747537132366659, 0.7429670248402688, 1.004788534966438, 1.3763720427268202, 1.589465318904442, 1.0119288512538813, 1.8850994668717087, 0.5440588203494171, 1.478918523786892, 0.7211102550927976, 0.6000000000000006, 0.6222539674441611, 0.6424951361683603, 0.5628498911788125, 0.5878775382679636, 0.49959983987187323, 0.0, 0.928654941299512, 1.2019983361053377], [0.6572670690061989, 0.68585712797929, 1.1551623262554924, 1.0392304845413265, 0.8275264346230881, 1.2322337440599491, 1.1764352935882194, 1.132784180680504, 0.9991996797437438, 1.8277855454073384, 1.0453707476297585, 1.08664621657649, 0.7536577472566713, 1.240644993541666, 1.2092973166264778, 0.9482615672903758, 0.5542562584220406, 1.0322790320451154, 1.360588108135596, 1.0575443253121826, 0.6412487816752569, 0.6609084656743328, 0.7233256528010054, 0.928654941299512, 0.0, 1.3230268326832983], [1.1171392035015153, 1.0777754868245983, 1.3844854639901425, 0.8625543461139132, 1.0628264204469138, 1.4034243834279068, 1.3699635031634967, 1.2053215338655492, 0.9482615672903758, 2.031748015872047, 0.8717797887081346, 1.12, 0.9355212450821203, 1.4762113669796746, 1.4554724318928198, 1.044605188576048, 1.395994269329212, 1.2341798896433211, 1.5984992962150466, 1.5057224179774968, 1.0158740079360236, 0.9608329719571451, 1.205985074534507, 1.2019983361053377, 1.3230268326832983, 0.0]]