[[1.0, 0.9993994257723726, 0.981388398938422, 0.9981532792710796, 0.9996380695317036, 0.990082830106379, 0.9966826679677994, 0.9967213686894985, 0.9984568183613501, 0.9894981060261909, 0.9978697173408579, 0.99824912823736, 0.9978102383965473, 0.9884326518036559, 0.9976687140814777, 0.9947833905570431, 0.9996724909560047, 0.9800835637663161, 0.9928198597286408, 0.9988452975589104, 0.999546442430947, 0.9995516845636362, 0.9994272973102375, 0.9992361753582008, 0.9997952924182216, 0.9977600328648031], [0.9993994257723726, 0.9999999999999992, 0.9829672383038994, 0.9963594471093093, 0.999803190932537, 0.9864059026550919, 0.9964315914691335, 0.9970566136978063, 0.9973219259347123, 0.9900941442303551, 0.9969170019036204, 0.9986823444760595, 0.996276953525973, 0.9894267939278254, 0.9983476139936842, 0.9920053776187281, 0.9990393635561541, 0.9759734455850494, 0.9894033187284899, 0.9976388815761605, 0.9999417987418517, 0.9999332176774935, 0.9988450153353571, 0.9998132747236872, 0.9992102889055119, 0.9956292495349183], [0.981388398938422, 0.9829672383038994, 1.0000000000000002, 0.9808353588956755, 0.9823368351972012, 0.9748866225802828, 0.9841023946143889, 0.985416664361606, 0.9764298761383591, 0.9924224229803814, 0.979545846206486, 0.9840512474575579, 0.9745410297423953, 0.990900787257654, 0.9837268063841595, 0.9711741633408723, 0.9821347955280906, 0.947440645861577, 0.9691580065356815, 0.980210333779916, 0.9823892169611583, 0.9827364320231586, 0.9810512554181132, 0.9847393646598873, 0.9817333522634455, 0.9766343805215676], [0.9981532792710796, 0.9963594471093093, 0.9808353588956755, 1.0000000000000004, 0.9970718392499266, 0.9936722578142347, 0.9960496050214939, 0.9959224234773731, 0.9976287915282609, 0.989619199885603, 0.998146223429155, 0.9965888406567069, 0.9977023064479895, 0.9876179023657816, 0.995447882311224, 0.9955016622925885, 0.9982312798850287, 0.9793205640988949, 0.9938628809164596, 0.9986302964114258, 0.996694745198977, 0.996789185197044, 0.9984920154045578, 0.996616115281531, 0.9979788770882619, 0.9989197534979299], [0.9996380695317036, 0.999803190932537, 0.9823368351972012, 0.9970718392499266, 1.0000000000000002, 0.9881843263369794, 0.9966767660755256, 0.9971155269179615, 0.9979673901184836, 0.9896590736253364, 0.997447810271141, 0.9985038878633725, 0.9969149865702615, 0.9889215887392815, 0.9980587868373685, 0.993278073208022, 0.9993329786161409, 0.9783018120963338, 0.9911428234866486, 0.9982693609498368, 0.9998496254627083, 0.9998391714483864, 0.9990885814790784, 0.9996232216320436, 0.9994806043396619, 0.9965010312232113], [0.990082830106379, 0.9864059026550919, 0.9748866225802828, 0.9936722578142347, 0.9881843263369794, 1.0000000000000007, 0.9926717047881397, 0.9895064983395797, 0.991086103123342, 0.9852692086097664, 0.9939167933531575, 0.9887954175726331, 0.9882316267992648, 0.9839400860091967, 0.9871079303389528, 0.9953048546705805, 0.9918637636794245, 0.9844133155037735, 0.9955504826403936, 0.9931145649669308, 0.987496529557393, 0.9878420397233869, 0.989884605684938, 0.9876526790192158, 0.9908151899042822, 0.9942896543089828], [0.9966826679677994, 0.9964315914691335, 0.9841023946143889, 0.9960496050214939, 0.9966767660755256, 0.9926717047881397, 0.9999999999999996, 0.9992681024661847, 0.9939579650059783, 0.9953598330393187, 0.9972562767504621, 0.99903518173507, 0.9911418321680814, 0.9954233738776869, 0.9982453617900169, 0.992107835010249, 0.9977391407546837, 0.9729068678865425, 0.9893414353708532, 0.9958059010212205, 0.9968495733243998, 0.9970523891147471, 0.9956068220399182, 0.9975993110264522, 0.9967898987663556, 0.9943772519676797], [0.9967213686894985, 0.9970566136978063, 0.985416664361606, 0.9959224234773731, 0.9971155269179615, 0.9895064983395797, 0.9992681024661847, 1.0, 0.9932906596337213, 0.9958842958650286, 0.9966241971591351, 0.9993954778314802, 0.9911967696439438, 0.9959317349106473, 0.9990551762308288, 0.9896532198573177, 0.9974807772948041, 0.9682387591044299, 0.9866459853693903, 0.9949871190617356, 0.9972432713776281, 0.9973803825671147, 0.9957127290594865, 0.9982005516335127, 0.9964953175359688, 0.9932330808091585], [0.9984568183613501, 0.9973219259347123, 0.9764298761383591, 0.9976287915282609, 0.9979673901184836, 0.991086103123342, 0.9939579650059783, 0.9932906596337213, 1.0000000000000004, 0.9837435583421507, 0.997319050559782, 0.9952343326434557, 0.9988751112901252, 0.9827161465103017, 0.9944652150126732, 0.9958980499891015, 0.9982077836753328, 0.9848855508303342, 0.9956875214019254, 0.9994619719500877, 0.9975887000182911, 0.9976553866370901, 0.9990659944789017, 0.9968234813004944, 0.9986335356397571, 0.9986103503142669], [0.9894981060261909, 0.9900941442303551, 0.9924224229803814, 0.989619199885603, 0.9896590736253364, 0.9852692086097664, 0.9953598330393187, 0.9958842958650286, 0.9837435583421507, 0.9999999999999998, 0.9888781081491057, 0.9941730845598011, 0.981505790730141, 0.9981360362147227, 0.9933472558472561, 0.980263102788445, 0.9910122738021568, 0.954207122242044, 0.977054974291748, 0.9876374918345929, 0.989981332608743, 0.9904185541927304, 0.9877821417003829, 0.9922642286164649, 0.98965226151941, 0.9855044908674944], [0.9978697173408579, 0.9969170019036204, 0.979545846206486, 0.998146223429155, 0.997447810271141, 0.9939167933531575, 0.9972562767504621, 0.9966241971591351, 0.997319050559782, 0.9888781081491057, 0.9999999999999994, 0.9974326787470965, 0.9956608415715682, 0.9885164445476351, 0.9965770675613339, 0.9972635883291241, 0.9983224760487986, 0.9832025175258248, 0.9944575290900112, 0.9980794437612521, 0.9974832480880867, 0.9975375079931437, 0.9980159480794096, 0.99723803379668, 0.9977858811816104, 0.9977045052302842], [0.99824912823736, 0.9986823444760595, 0.9840512474575579, 0.9965888406567069, 0.9985038878633725, 0.9887954175726331, 0.99903518173507, 0.9993954778314802, 0.9952343326434557, 0.9941730845598011, 0.9974326787470965, 1.0000000000000002, 0.9934954155601066, 0.9941792698462537, 0.9994643695743495, 0.9913236164905246, 0.9985788645229582, 0.9714350692126195, 0.9879467290577144, 0.9964217325782861, 0.998828311194458, 0.9989111828288689, 0.9974337106707803, 0.9993261759786553, 0.9980171752758504, 0.9947143545472776], [0.9978102383965473, 0.996276953525973, 0.9745410297423953, 0.9977023064479895, 0.9969149865702615, 0.9882316267992648, 0.9911418321680814, 0.9911967696439438, 0.9988751112901252, 0.981505790730141, 0.9956608415715682, 0.9934954155601066, 0.9999999999999998, 0.9794230815899149, 0.9925984713885955, 0.9946898131214121, 0.9971169828058125, 0.9827854951567649, 0.9939639348116651, 0.9982886511562297, 0.9963902380036536, 0.9963763685980941, 0.9985278390328587, 0.9954771477687379, 0.9977831402714448, 0.9985453934957853], [0.9884326518036559, 0.9894267939278254, 0.990900787257654, 0.9876179023657816, 0.9889215887392815, 0.9839400860091967, 0.9954233738776869, 0.9959317349106473, 0.9827161465103017, 0.9981360362147227, 0.9885164445476351, 0.9941792698462537, 0.9794230815899149, 1.0000000000000002, 0.9944014208363112, 0.9795918303796021, 0.9899867558385602, 0.9523612824486024, 0.9761785899029997, 0.9858792985570912, 0.9895555348217296, 0.9897956536175606, 0.9870178476196475, 0.9918225155923109, 0.9883950767318179, 0.983213669746269], [0.9976687140814777, 0.9983476139936842, 0.9837268063841595, 0.995447882311224, 0.9980587868373685, 0.9871079303389528, 0.9982453617900169, 0.9990551762308288, 0.9944652150126732, 0.9933472558472561, 0.9965770675613339, 0.9994643695743495, 0.9925984713885955, 0.9944014208363112, 0.9999999999999997, 0.9899161113268082, 0.9980162276937239, 0.9693260165462291, 0.9867501894284645, 0.995272014290603, 0.998496775210981, 0.9984795238430972, 0.9968820709433552, 0.999045434873582, 0.9973649685050596, 0.9932470181221182], [0.9947833905570431, 0.9920053776187281, 0.9711741633408723, 0.9955016622925885, 0.993278073208022, 0.9953048546705805, 0.992107835010249, 0.9896532198573177, 0.9958980499891015, 0.980263102788445, 0.9972635883291241, 0.9913236164905246, 0.9946898131214121, 0.9795918303796021, 0.9899161113268082, 0.9999999999999999, 0.9951932638459483, 0.9924881281136525, 0.9979840587903126, 0.9962190412403776, 0.9929545084092352, 0.9930075337401085, 0.9949125154376014, 0.9918660609428454, 0.9950361806875613, 0.9973883276955386], [0.9996724909560047, 0.9990393635561541, 0.9821347955280906, 0.9982312798850287, 0.9993329786161409, 0.9918637636794245, 0.9977391407546837, 0.9974807772948041, 0.9982077836753328, 0.9910122738021568, 0.9983224760487986, 0.9985788645229582, 0.9971169828058125, 0.9899867558385602, 0.9980162276937239, 0.9951932638459483, 1.0, 0.9803126550589373, 0.993406312498172, 0.9988274098193288, 0.9992719682447102, 0.9993329785234573, 0.9990074024622627, 0.9991924957229112, 0.9998387492488184, 0.9979855626840007], [0.9800835637663161, 0.9759734455850494, 0.947440645861577, 0.9793205640988949, 0.9783018120963338, 0.9844133155037735, 0.9729068678865425, 0.9682387591044299, 0.9848855508303342, 0.954207122242044, 0.9832025175258248, 0.9714350692126195, 0.9827854951567649, 0.9523612824486024, 0.9693260165462291, 0.9924881281136525, 0.9803126550589373, 0.9999999999999998, 0.9928687124951701, 0.9838164292371376, 0.9772921658717669, 0.977342003166513, 0.9802264189025254, 0.9745665858821304, 0.9810487862148211, 0.9855996165679749], [0.9928198597286408, 0.9894033187284899, 0.9691580065356815, 0.9938628809164596, 0.9911428234866486, 0.9955504826403936, 0.9893414353708532, 0.9866459853693903, 0.9956875214019254, 0.977054974291748, 0.9944575290900112, 0.9879467290577144, 0.9939639348116651, 0.9761785899029997, 0.9867501894284645, 0.9979840587903126, 0.993406312498172, 0.9928687124951701, 1.0000000000000002, 0.9954823865589522, 0.9903434292474007, 0.9904094087990476, 0.9930447910313348, 0.9892731349847121, 0.9934387376304727, 0.9963908544830465], [0.9988452975589104, 0.9976388815761605, 0.980210333779916, 0.9986302964114258, 0.9982693609498368, 0.9931145649669308, 0.9958059010212205, 0.9949871190617356, 0.9994619719500877, 0.9876374918345929, 0.9980794437612521, 0.9964217325782861, 0.9982886511562297, 0.9858792985570912, 0.995272014290603, 0.9962190412403776, 0.9988274098193288, 0.9838164292371376, 0.9954823865589522, 1.0000000000000004, 0.997901959209576, 0.9980508702875732, 0.9992739631214883, 0.9974920732366297, 0.9990193423025275, 0.9991059826252233], [0.999546442430947, 0.9999417987418517, 0.9823892169611583, 0.996694745198977, 0.9998496254627083, 0.987496529557393, 0.9968495733243998, 0.9972432713776281, 0.9975887000182911, 0.989981332608743, 0.9974832480880867, 0.998828311194458, 0.9963902380036536, 0.9895555348217296, 0.998496775210981, 0.9929545084092352, 0.9992719682447102, 0.9772921658717669, 0.9903434292474007, 0.997901959209576, 1.0000000000000007, 0.999968032702568, 0.9989975918280136, 0.99980058592721, 0.9993666889896996, 0.9960349868013179], [0.9995516845636362, 0.9999332176774935, 0.9827364320231586, 0.996789185197044, 0.9998391714483864, 0.9878420397233869, 0.9970523891147471, 0.9973803825671147, 0.9976553866370901, 0.9904185541927304, 0.9975375079931437, 0.9989111828288689, 0.9963763685980941, 0.9897956536175606, 0.9984795238430972, 0.9930075337401085, 0.9993329785234573, 0.977342003166513, 0.9904094087990476, 0.9980508702875732, 0.999968032702568, 1.0000000000000004, 0.9989833000093553, 0.9998362908623013, 0.9994156043520979, 0.9961719355356762], [0.9994272973102375, 0.9988450153353571, 0.9810512554181132, 0.9984920154045578, 0.9990885814790784, 0.989884605684938, 0.9956068220399182, 0.9957127290594865, 0.9990659944789017, 0.9877821417003829, 0.9980159480794096, 0.9974337106707803, 0.9985278390328587, 0.9870178476196475, 0.9968820709433552, 0.9949125154376014, 0.9990074024622627, 0.9802264189025254, 0.9930447910313348, 0.9992739631214883, 0.9989975918280136, 0.9989833000093553, 0.9999999999999999, 0.9985697977521855, 0.9992323870947132, 0.9981409886257153], [0.9992361753582008, 0.9998132747236872, 0.9847393646598873, 0.996616115281531, 0.9996232216320436, 0.9876526790192158, 0.9975993110264522, 0.9982005516335127, 0.9968234813004944, 0.9922642286164649, 0.99723803379668, 0.9993261759786553, 0.9954771477687379, 0.9918225155923109, 0.999045434873582, 0.9918660609428454, 0.9991924957229112, 0.9745665858821304, 0.9892731349847121, 0.9974920732366297, 0.99980058592721, 0.9998362908623013, 0.9985697977521855, 0.9999999999999997, 0.9990879666889142, 0.99550213313116], [0.9997952924182216, 0.9992102889055119, 0.9817333522634455, 0.9979788770882619, 0.9994806043396619, 0.9908151899042822, 0.9967898987663556, 0.9964953175359688, 0.9986335356397571, 0.98965226151941, 0.9977858811816104, 0.9980171752758504, 0.9977831402714448, 0.9883950767318179, 0.9973649685050596, 0.9950361806875613, 0.9998387492488184, 0.9810487862148211, 0.9934387376304727, 0.9990193423025275, 0.9993666889896996, 0.9994156043520979, 0.9992323870947132, 0.9990879666889142, 0.9999999999999996, 0.9980783779965953], [0.9977600328648031, 0.9956292495349183, 0.9766343805215676, 0.9989197534979299, 0.9965010312232113, 0.9942896543089828, 0.9943772519676797, 0.9932330808091585, 0.9986103503142669, 0.9855044908674944, 0.9977045052302842, 0.9947143545472776, 0.9985453934957853, 0.983213669746269, 0.9932470181221182, 0.9973883276955386, 0.9979855626840007, 0.9855996165679749, 0.9963908544830465, 0.9991059826252233, 0.9960349868013179, 0.9961719355356762, 0.9981409886257153, 0.99550213313116, 0.9980783779965953, 1.0]]