[[0.0, 0.6704492346875108, 0.822332118658978, 0.8295418425547021, 0.7148253051824223, 0.7440129729039167, 0.717826563385773, 0.7724189447804641, 0.6435429927852918, 0.6213894988971593, 0.6900233950682344, 0.7599458050063648, 0.8151093280105945, 0.737272084442935, 0.6102400446738909, 0.8474596994279826, 0.6850926209023509, 0.6448489036734963, 0.6145688874733346, 0.7277169949317797, 0.6749184262254884, 0.761552174634305, 0.7193126558852592, 0.6769283678316784, 0.7206882835689379, 0.7735727572496911], [0.6704492346875108, 0.0, 0.8369134808194967, 0.7259322392756304, 0.6478277862683957, 0.7556115222388287, 0.8451612926197778, 0.7262456557522017, 0.7218062435765453, 0.6544899128721029, 0.6716945855178356, 0.808547692722535, 0.74169198668277, 0.8023537097062334, 0.6740724149942825, 0.8551466384924007, 0.6838803540758398, 0.6520223435756292, 0.6278413608520408, 0.6522322052034824, 0.8179014006789116, 0.5672047250902392, 0.6414793807473915, 0.6450821321627747, 0.7435187526289968, 0.7861153024585226], [0.822332118658978, 0.8369134808194967, 0.0, 0.4698796847901494, 0.7745137282416079, 0.4843952616773959, 0.5810603328720816, 0.5648395043931194, 0.9187198491561963, 1.1288874461288647, 0.6645065006000246, 0.6478690441478581, 0.6823865295684977, 0.22870579338796615, 0.8854296572535172, 0.5486610770033138, 0.844058978685488, 0.830449881467858, 0.9517250454478638, 0.8305014421575434, 0.727681054382495, 0.762330574897331, 0.7991119638608901, 0.8759967284741002, 0.7564379515915431, 0.5451240103632917], [0.8295418425547021, 0.7259322392756304, 0.4698796847901494, 0.0, 0.779302879134455, 0.6099888697109903, 0.6103911648511247, 0.49541832490333637, 0.7271473703074611, 0.8818152411894253, 0.8637278573991685, 0.6802575476413664, 0.6212267714360207, 0.5988765422025797, 0.8234299819901367, 0.5909129342237773, 0.8053697218274303, 0.7869412756731835, 0.8118646851001352, 0.7989014460181016, 0.8690287975833089, 0.7011542179377119, 0.8050197766187874, 0.7389808422578128, 0.8184057763407127, 0.46853841963545784], [0.7148253051824223, 0.6478277862683957, 0.7745137282416079, 0.779302879134455, 0.0, 0.723498541197668, 0.7321788100001088, 0.7413685958643517, 0.6854802102742961, 0.6701459537125503, 0.6891621599318294, 0.7126916851708636, 0.7332230069832164, 0.7744418204635852, 0.7771221837654099, 0.7030977457947034, 0.6842334605770588, 0.7187346187397321, 0.6664714128885276, 0.6790141498468114, 0.7568464524368546, 0.7143556950787631, 0.6848083599257329, 0.7506112685083826, 0.7320957360851084, 0.7979530944469213], [0.7440129729039167, 0.7556115222388287, 0.4843952616773959, 0.6099888697109903, 0.723498541197668, 0.0, 0.529773362370942, 0.4746950962304095, 0.7951015213902308, 1.1541316671739246, 0.6052475355835909, 0.5575032793437142, 0.744081410100845, 0.5268461841095273, 0.9429576373930153, 0.4697232627815362, 0.7930805239148369, 0.9217631674864999, 0.9935818977327462, 0.8316155605569566, 0.7516432977633078, 0.6715547941535915, 0.762579221978422, 0.887456697977558, 0.6899198676266252, 0.6221185781151597], [0.717826563385773, 0.8451612926197778, 0.5810603328720816, 0.6103911648511247, 0.7321788100001088, 0.529773362370942, 0.0, 0.6128234755474566, 0.7330807093332796, 1.0621815291780532, 0.5382583046711922, 0.5158674636660996, 0.7009902361697566, 0.5670508666018756, 0.8668018701381122, 0.4983433943520508, 0.770706471563033, 0.7971877983191147, 0.8721478260847983, 0.8264091663580091, 0.7410740831041791, 0.7990196933614946, 0.8636511160875355, 0.8354961778599723, 0.5676885124861561, 0.7293627071421733], [0.7724189447804641, 0.7262456557522017, 0.5648395043931194, 0.49541832490333637, 0.7413685958643517, 0.4746950962304095, 0.6128234755474566, 0.0, 0.7841734956187887, 1.0298714246585354, 0.7548921558490116, 0.5977131242351488, 0.6932075109586178, 0.6634686341513591, 0.9214776879817062, 0.5755860224610687, 0.7879720105670915, 0.7844505543244598, 0.9298252256677189, 0.8082454227531524, 0.738447683447099, 0.7464523815443234, 0.6929855033133043, 0.7943039586304466, 0.6526323987682339, 0.6188652606079941], [0.6435429927852918, 0.7218062435765453, 0.9187198491561963, 0.7271473703074611, 0.6854802102742961, 0.7951015213902308, 0.7330807093332796, 0.7841734956187887, 0.0, 0.614685383982249, 0.6278367697905898, 0.7205043656089507, 0.6960075945449526, 0.9447341855183591, 0.7254521839658694, 0.7853056513168648, 0.7119373548470247, 0.6884557353387704, 0.6614612957074564, 0.6032880338480548, 0.741167215067231, 0.7037494307329895, 0.717284523468954, 0.6373628550407693, 0.6862203370819024, 0.7301605804633278], [0.6213894988971593, 0.6544899128721029, 1.1288874461288647, 0.8818152411894253, 0.6701459537125503, 1.1541316671739246, 1.0621815291780532, 1.0298714246585354, 0.614685383982249, 0.0, 0.8332535283907119, 0.9449004829149696, 0.7269759104200624, 1.1096242042731257, 0.4543693492821721, 1.02695466040865, 0.5946061167861958, 0.5327025975391446, 0.4078687393922946, 0.5906897189873923, 0.5872758873730599, 0.6777291300922323, 0.6140240740476208, 0.5461974130888454, 0.6388372438586463, 0.8076156762126159], [0.6900233950682344, 0.6716945855178356, 0.6645065006000246, 0.8637278573991685, 0.6891621599318294, 0.6052475355835909, 0.5382583046711922, 0.7548921558490116, 0.6278367697905898, 0.8332535283907119, 0.0, 0.5788172533089473, 0.6534122258382216, 0.6129540831410005, 0.8148094471417677, 0.702551580050166, 0.8170901687866889, 0.7556226095521164, 0.7397087960956905, 0.7064768929013949, 0.7369834208524868, 0.7383507098268491, 0.7810778698591101, 0.7909017019927369, 0.686106482750257, 0.8611760640745327], [0.7599458050063648, 0.808547692722535, 0.6478690441478581, 0.6802575476413664, 0.7126916851708636, 0.5575032793437142, 0.5158674636660996, 0.5977131242351488, 0.7205043656089507, 0.9449004829149696, 0.5788172533089473, 0.0, 0.6417421932991747, 0.6977278263576319, 0.796335145884564, 0.6651263129566731, 0.7224961685836337, 0.8487221905081324, 0.8808025250105145, 0.7756094160987941, 0.7265887857206372, 0.7490525064080724, 0.77732377403563, 0.7688993662508352, 0.6715727234266453, 0.6587269859394451], [0.8151093280105945, 0.74169198668277, 0.6823865295684977, 0.6212267714360207, 0.7332230069832164, 0.744081410100845, 0.7009902361697566, 0.6932075109586178, 0.6960075945449526, 0.7269759104200624, 0.6534122258382216, 0.6417421932991747, 0.0, 0.7115970861800607, 0.7538863345351432, 0.5995452747840957, 0.7296864093049986, 0.7257049703400484, 0.8039781598477711, 0.8164723487796175, 0.7353137641626326, 0.6906649796900828, 0.6937856361590273, 0.7130649736154702, 0.7229049361143525, 0.742555046709686], [0.737272084442935, 0.8023537097062334, 0.22870579338796615, 0.5988765422025797, 0.7744418204635852, 0.5268461841095273, 0.5670508666018756, 0.6634686341513591, 0.9447341855183591, 1.1096242042731257, 0.6129540831410005, 0.6977278263576319, 0.7115970861800607, 0.0, 0.8839141218267896, 0.54929515233366, 0.7547190847695502, 0.8255671679005419, 0.9541306408310688, 0.8351613335550521, 0.689170281551635, 0.7736382580594465, 0.7433701221714584, 0.8525791401590097, 0.7380862713366192, 0.5228342949574378], [0.6102400446738909, 0.6740724149942825, 0.8854296572535172, 0.8234299819901367, 0.7771221837654099, 0.9429576373930153, 0.8668018701381122, 0.9214776879817062, 0.7254521839658694, 0.4543693492821721, 0.8148094471417677, 0.796335145884564, 0.7538863345351432, 0.8839141218267896, 0.0, 0.831228148119618, 0.650364371279093, 0.6323992791691435, 0.5016650836206353, 0.6222832271849008, 0.69463893567999, 0.7242901024729762, 0.6112096648191245, 0.6089261027626303, 0.742258658174862, 0.7211219292737545], [0.8474596994279826, 0.8551466384924007, 0.5486610770033138, 0.5909129342237773, 0.7030977457947034, 0.4697232627815362, 0.4983433943520508, 0.5755860224610687, 0.7853056513168648, 1.02695466040865, 0.702551580050166, 0.6651263129566731, 0.5995452747840957, 0.54929515233366, 0.831228148119618, 0.0, 0.7488879899983594, 0.810519984520385, 0.8530261444120564, 0.8611127528411266, 0.7648404533982422, 0.7551436082748524, 0.6925272378157645, 0.7834595526538488, 0.7735921888335873, 0.6729098068654036], [0.6850926209023509, 0.6838803540758398, 0.844058978685488, 0.8053697218274303, 0.6842334605770588, 0.7930805239148369, 0.770706471563033, 0.7879720105670915, 0.7119373548470247, 0.5946061167861958, 0.8170901687866889, 0.7224961685836337, 0.7296864093049986, 0.7547190847695502, 0.650364371279093, 0.7488879899983594, 0.0, 0.6701823873966304, 0.6208837310524074, 0.7304111449064481, 0.736715708245306, 0.649696012906952, 0.6392241933911487, 0.7378062982266598, 0.6175533714931722, 0.7606220556819756], [0.6448489036734963, 0.6520223435756292, 0.830449881467858, 0.7869412756731835, 0.7187346187397321, 0.9217631674864999, 0.7971877983191147, 0.7844505543244598, 0.6884557353387704, 0.5327025975391446, 0.7556226095521164, 0.8487221905081324, 0.7257049703400484, 0.8255671679005419, 0.6323992791691435, 0.810519984520385, 0.6701823873966304, 0.0, 0.6749409958508363, 0.6230481850332221, 0.6867204807885592, 0.6457018377629999, 0.6991438245706381, 0.7398024073166463, 0.7169956129053539, 0.8599686356751468], [0.6145688874733346, 0.6278413608520408, 0.9517250454478638, 0.8118646851001352, 0.6664714128885276, 0.9935818977327462, 0.8721478260847983, 0.9298252256677189, 0.6614612957074564, 0.4078687393922946, 0.7397087960956905, 0.8808025250105145, 0.8039781598477711, 0.9541306408310688, 0.5016650836206353, 0.8530261444120564, 0.6208837310524074, 0.6749409958508363, 0.0, 0.5691331202587153, 0.6705840836767796, 0.7526320034735063, 0.6243154704065059, 0.6109076917668508, 0.7624719735612513, 0.77788123007163], [0.7277169949317797, 0.6522322052034824, 0.8305014421575434, 0.7989014460181016, 0.6790141498468114, 0.8316155605569566, 0.8264091663580091, 0.8082454227531524, 0.6032880338480548, 0.5906897189873923, 0.7064768929013949, 0.7756094160987941, 0.8164723487796175, 0.8351613335550521, 0.6222832271849008, 0.8611127528411266, 0.7304111449064481, 0.6230481850332221, 0.5691331202587153, 0.0, 0.7541703440807612, 0.7390974570842155, 0.6526728996499354, 0.6861527824206357, 0.7326682621024316, 0.763547828676922], [0.6749184262254884, 0.8179014006789116, 0.727681054382495, 0.8690287975833089, 0.7568464524368546, 0.7516432977633078, 0.7410740831041791, 0.738447683447099, 0.741167215067231, 0.5872758873730599, 0.7369834208524868, 0.7265887857206372, 0.7353137641626326, 0.689170281551635, 0.69463893567999, 0.7648404533982422, 0.736715708245306, 0.6867204807885592, 0.6705840836767796, 0.7541703440807612, 0.0, 0.6319648279813852, 0.7595077730647939, 0.6631152551404857, 0.6058144414771356, 0.654299742426067], [0.761552174634305, 0.5672047250902392, 0.762330574897331, 0.7011542179377119, 0.7143556950787631, 0.6715547941535915, 0.7990196933614946, 0.7464523815443234, 0.7037494307329895, 0.6777291300922323, 0.7383507098268491, 0.7490525064080724, 0.6906649796900828, 0.7736382580594465, 0.7242901024729762, 0.7551436082748524, 0.649696012906952, 0.6457018377629999, 0.7526320034735063, 0.7390974570842155, 0.6319648279813852, 0.0, 0.7569152259952938, 0.6906527378716731, 0.7240006405103836, 0.7489426023812482], [0.7193126558852592, 0.6414793807473915, 0.7991119638608901, 0.8050197766187874, 0.6848083599257329, 0.762579221978422, 0.8636511160875355, 0.6929855033133043, 0.717284523468954, 0.6140240740476208, 0.7810778698591101, 0.77732377403563, 0.6937856361590273, 0.7433701221714584, 0.6112096648191245, 0.6925272378157645, 0.6392241933911487, 0.6991438245706381, 0.6243154704065059, 0.6526728996499354, 0.7595077730647939, 0.7569152259952938, 0.0, 0.6759709114077499, 0.7726594309331816, 0.7470533453849297], [0.6769283678316784, 0.6450821321627747, 0.8759967284741002, 0.7389808422578128, 0.7506112685083826, 0.887456697977558, 0.8354961778599723, 0.7943039586304466, 0.6373628550407693, 0.5461974130888454, 0.7909017019927369, 0.7688993662508352, 0.7130649736154702, 0.8525791401590097, 0.6089261027626303, 0.7834595526538488, 0.7378062982266598, 0.7398024073166463, 0.6109076917668508, 0.6861527824206357, 0.6631152551404857, 0.6906527378716731, 0.6759709114077499, 0.0, 0.7297469116620703, 0.6889688659265947], [0.7206882835689379, 0.7435187526289968, 0.7564379515915431, 0.8184057763407127, 0.7320957360851084, 0.6899198676266252, 0.5676885124861561, 0.6526323987682339, 0.6862203370819024, 0.6388372438586463, 0.686106482750257, 0.6715727234266453, 0.7229049361143525, 0.7380862713366192, 0.742258658174862, 0.7735921888335873, 0.6175533714931722, 0.7169956129053539, 0.7624719735612513, 0.7326682621024316, 0.6058144414771356, 0.7240006405103836, 0.7726594309331816, 0.7297469116620703, 0.0, 0.8390856994762506], [0.7735727572496911, 0.7861153024585226, 0.5451240103632917, 0.46853841963545784, 0.7979530944469213, 0.6221185781151597, 0.7293627071421733, 0.6188652606079941, 0.7301605804633278, 0.8076156762126159, 0.8611760640745327, 0.6587269859394451, 0.742555046709686, 0.5228342949574378, 0.7211219292737545, 0.6729098068654036, 0.7606220556819756, 0.8599686356751468, 0.77788123007163, 0.763547828676922, 0.654299742426067, 0.7489426023812482, 0.7470533453849297, 0.6889688659265947, 0.8390856994762506, 0.0]]