[[0.0, 0.00484852887903342, 0.004860240208489186, 0.004759778203307308, 0.00490508097547826, 0.004854842978595064, 0.004898766244552544, 0.004799213372215894, 0.0049104787450593435, 0.004804610004534915, 0.0049104787450593435, 0.004692451430262867, 0.0049104787450593435, 0.004603728321461054, 0.004759778203307308, 0.004960722305286769, 0.004759778203307308, 0.0050109708899248595, 0.004860240208489186, 0.004860240208489186, 0.004653941211760548, 0.004508711051635972, 0.004742673190431201, 0.004898766244552544, 0.004754382052544415, 0.004798296536242752, 0.004754382052544415, 0.00470415912187061, 0.00490508097547826, 0.004709554733189458, 0.0049104787450593435, 0.0045589144436919415, 0.004759778203307308, 0.004609122854134506, 0.00474806921542692, 0.004955323995937677, 0.004893368600795256, 0.0049104787450593435, 0.004810006694822899, 0.004792899971740594, 0.004960722305286769, 0.004609122854134506, 0.004759778203307308, 0.0049104787450593435, 0.004636839802197867, 0.004860240208489186, 0.004960722305286769, 0.004759778203307308, 0.0050109708899248595, 0.004860240208489186, 0.004709554733189458, 0.004860240208489186, 0.0049104787450593435, 0.004709554733189458, 0.0046593362837159535, 0.004603728321461054, 0.004759778203307308, 0.004759778203307308, 0.004754382052544193, 0.004697846915833415, 0.004547210136855773, 0.004898766244552544, 0.004759778203307308, 0.004960722305286769, 0.004609122854134506, 0.004759778203307308, 0.0046593362837159535, 0.0046593362837159535, 0.004898766244552544, 0.004810006694822899, 0.00490508097547826, 0.004804610004534915, 0.00484852887903342, 0.0050109708899248595, 0.004754382052544415, 0.00479829653624253, 0.004798296536242752, 0.004709554733189236, 0.0046593362837159535, 0.005061224499727679, 0.0045418162690760155, 0.004860240208489186, 0.004960722305286769, 0.00490508097547826, 0.004603728321461054, 0.0050109708899248595, 0.004810006694822899, 0.0049104787450593435, 0.004648546197748127, 0.0049104787450593435, 0.0049104787450593435, 0.004860240208489186, 0.004759778203307308, 0.004759778203307308, 0.004854842978594842, 0.004759778203307308, 0.004960722305286769, 0.004609122854134506, 0.004447726904501348, 0.004810006694822899, 0.004860240208489186, 0.0045033175972852835, 0.004759778203307308, 0.004849445806679009], [0.00484852887903342, 0.0, 0.004709554733189458, 0.0049104787450593435, 0.004709554733189458, 0.004754382052544415, 0.004960722305286769, 0.004810006694822899, 0.005061224499727679, 0.004810006694822899, 0.0045589144436919415, 0.004693368073087845, 0.004804610004534915, 0.004960722305286769, 0.004854842978595064, 0.004704159121870388, 0.004754382052544193, 0.004804610004534915, 0.0050109708899248595, 0.004709554733189458, 0.00490508097547826, 0.004709554733189458, 0.004547210136855773, 0.00479829653624253, 0.004810006694822899, 0.004798296536242752, 0.0045589144436917195, 0.004854842978595064, 0.004704159121870388, 0.004960722305286769, 0.004653941211760326, 0.0046593362837159535, 0.004860240208489186, 0.004759778203307308, 0.004754382052544415, 0.004754382052544415, 0.00484852887903342, 0.0046593362837159535, 0.004648546197748127, 0.0049104787450593435, 0.004860240208489186, 0.005061224499727679, 0.004810006694822899, 0.004759778203307308, 0.00474806921542692, 0.00490508097547826, 0.0045589144436917195, 0.004648546197748349, 0.00490508097547826, 0.004810006694822899, 0.004754382052544193, 0.004854842978595064, 0.0045033175972852835, 0.004759778203307308, 0.004810006694822899, 0.004860240208489186, 0.004704159121870388, 0.004603728321461054, 0.004854842978595064, 0.00474806921542692, 0.004697846915833193, 0.004709554733189458, 0.004810006694822899, 0.004854842978595064, 0.004804610004534693, 0.004759778203307308, 0.004810006694822899, 0.004860240208489186, 0.004860240208489186, 0.004860240208489186, 0.004860240208489186, 0.00490508097547826, 0.004697846915833193, 0.004759778203307308, 0.0049104787450593435, 0.004709554733189458, 0.004810006694822899, 0.004860240208489186, 0.0045589144436919415, 0.004960722305286769, 0.004798296536242752, 0.004603728321461054, 0.00470415912187061, 0.004960722305286769, 0.0049104787450593435, 0.004598333846722813, 0.004860240208488964, 0.004648546197748127, 0.004810006694822899, 0.004697846915833193, 0.004609122854134506, 0.004709554733189458, 0.004860240208489186, 0.004860240208489186, 0.0049104787450593435, 0.004860240208489186, 0.004810006694822899, 0.0049104787450593435, 0.004955323995937677, 0.0049104787450593435, 0.004905080975478038, 0.004648546197748127, 0.004804610004534915, 0.004759778203307308], [0.004860240208489186, 0.004709554733189458, 0.0, 0.00474806921542692, 0.004508711051635972, 0.0048368178225579594, 0.004759778203307308, 0.004810006694822899, 0.004960722305286769, 0.004804610004534693, 0.0049104787450593435, 0.004960722305286769, 0.004804610004534915, 0.004697846915833193, 0.0046593362837159535, 0.0045033175972852835, 0.004810006694822899, 0.004810006694822899, 0.004854842978595064, 0.004597417377300239, 0.0049104787450593435, 0.004742673190431201, 0.004798296536242752, 0.004759778203307308, 0.004860240208489186, 0.004709554733189458, 0.00474806921542692, 0.004898766244552544, 0.004960722305286769, 0.004837734728831089, 0.0050109708899248595, 0.004647629636708617, 0.004759778203307308, 0.004860240208489186, 0.004759778203307308, 0.004759778203307308, 0.004854842978595064, 0.004759778203307308, 0.0046593362837159535, 0.004854842978595064, 0.004854842978595064, 0.0050109708899248595, 0.0049104787450593435, 0.004860240208489186, 0.004860240208489186, 0.004960722305286769, 0.004860240208489186, 0.004709554733189458, 0.0045920229703377835, 0.004810006694822899, 0.0050109708899248595, 0.0050109708899248595, 0.004653941211760548, 0.0049104787450593435, 0.004810006694822899, 0.004804610004534693, 0.004810006694822899, 0.004759778203307308, 0.0049104787450593435, 0.004391226271063697, 0.004804610004534915, 0.004592939429917786, 0.004960722305286769, 0.00479829653624253, 0.004854842978595064, 0.004949008633553076, 0.004698763568503628, 0.004709554733189236, 0.00470415912187061, 0.004642234690482638, 0.00474806921542692, 0.004860240208489186, 0.004804610004534915, 0.0046593362837159535, 0.00490508097547826, 0.004810006694822899, 0.004442334105006607, 0.004697846915833415, 0.0050109708899248595, 0.0050109708899248595, 0.0050109708899248595, 0.00484852887903342, 0.004653941211760548, 0.004810006694822899, 0.004899683263883681, 0.004759778203307308, 0.0050109708899248595, 0.004854842978595064, 0.004810006694822899, 0.004647629636708617, 0.004893368600795034, 0.0046593362837159535, 0.004737277223393788, 0.004810006694822899, 0.004642234690482638, 0.004709554733189458, 0.004854842978595064, 0.004860240208489186, 0.0049104787450593435, 0.00499925604678908, 0.004804610004534693, 0.0049104787450593435, 0.004854842978595064, 0.0050109708899248595], [0.004759778203307308, 0.0049104787450593435, 0.00474806921542692, 0.0, 0.0050109708899248595, 0.004692451430262867, 0.004697846915833415, 0.005061224499727679, 0.004792899971740594, 0.004960722305286769, 0.0050109708899248595, 0.004898766244552544, 0.004754382052544415, 0.004759778203307308, 0.004893368600795256, 0.004960722305286769, 0.004955323995937677, 0.0050109708899248595, 0.004754382052544193, 0.004642234690482638, 0.0045589144436917195, 0.004737277223393788, 0.004949008633553076, 0.004759778203307308, 0.004810006694822899, 0.005061224499727679, 0.004736360500445125, 0.004491614585944603, 0.004960722305286769, 0.004207596043299011, 0.004603728321461276, 0.004804610004534915, 0.00499925604678908, 0.00474806921542692, 0.00474806921542692, 0.004860240208489186, 0.0050109708899248595, 0.004960722305286769, 0.004860240208489186, 0.004898766244552544, 0.00479829653624253, 0.004648546197748127, 0.004960722305286769, 0.004849445806678787, 0.00470415912187061, 0.004754382052544415, 0.004854842978595064, 0.004697846915833415, 0.004698763568503628, 0.005061224499727679, 0.004742673190431201, 0.004754382052544415, 0.004860240208489186, 0.004759778203307308, 0.004754382052544415, 0.004848528879033198, 0.004597417377300239, 0.00479829653624253, 0.004547210136855773, 0.004697846915833415, 0.004960722305286769, 0.004949008633553076, 0.004854842978595064, 0.004603728321461276, 0.004692451430262867, 0.004960722305286769, 0.004647629636708617, 0.004960722305286769, 0.0049104787450593435, 0.004585712173242218, 0.00470415912187061, 0.004759778203307308, 0.004709554733189458, 0.004860240208489186, 0.004759778203307308, 0.004787503465205845, 0.004949008633553076, 0.00470415912187061, 0.004642234690482638, 0.004854842978595064, 0.00490508097547826, 0.004860240208489186, 0.004960722305286769, 0.004397534624871247, 0.004810006694822899, 0.00474806921542692, 0.0046593362837159535, 0.004860240208489186, 0.004754382052544193, 0.004810006694822899, 0.00468074401150842, 0.004759778203307308, 0.004860240208489186, 0.004898766244552544, 0.0049104787450593435, 0.004960722305286769, 0.004759778203307308, 0.004854842978595064, 0.004597417377300239, 0.004786586650601832, 0.004860240208489186, 0.0046593362837159535, 0.005061224499727679, 0.004704159121870388], [0.00490508097547826, 0.004709554733189458, 0.004508711051635972, 0.0050109708899248595, 0.0, 0.0049104787450593435, 0.004810006694822899, 0.004854842978595064, 0.004597417377300239, 0.0050055720407271576, 0.00474806921542692, 0.004960722305286769, 0.0049104787450593435, 0.004955323995937677, 0.004754382052544193, 0.00484852887903342, 0.0050109708899248595, 0.004854842978595064, 0.004810006694822899, 0.004860240208489186, 0.0050109708899248595, 0.004792899971740594, 0.0046593362837159535, 0.0049104787450593435, 0.004754382052544415, 0.004754382052544415, 0.004860240208489186, 0.004709554733189458, 0.00470415912187061, 0.0049104787450593435, 0.004810006694822899, 0.004698763568503628, 0.004537338817357517, 0.004799213372215894, 0.004810006694822899, 0.004709554733189236, 0.004960722305286769, 0.004603728321461276, 0.004453119761903546, 0.0049104787450593435, 0.004347347361209897, 0.004709554733189236, 0.004854842978595064, 0.004759778203307308, 0.004653941211760326, 0.004955323995937677, 0.00444681070984787, 0.004804610004534915, 0.0046593362837159535, 0.00474806921542692, 0.004609122854134506, 0.004804610004534915, 0.004960722305286769, 0.004960722305286769, 0.0049104787450593435, 0.004955323995937677, 0.004453119761903546, 0.004804610004534915, 0.004709554733189236, 0.0050055720407271576, 0.004810006694822899, 0.004810006694822899, 0.004793816797865613, 0.004709554733189458, 0.004804610004534693, 0.004759778203307308, 0.0049104787450593435, 0.00490508097547826, 0.004709554733189236, 0.0050109708899248595, 0.0050109708899248595, 0.004704159121870388, 0.004955323995937677, 0.004960722305286769, 0.00484852887903342, 0.004810006694822899, 0.004955323995937677, 0.004810006694822899, 0.004759778203307308, 0.004810006694822899, 0.0049104787450593435, 0.004955323995937677, 0.0045589144436919415, 0.004653941211760326, 0.004798296536242752, 0.004860240208489186, 0.004960722305286769, 0.004609122854134506, 0.004754382052544415, 0.004810006694822899, 0.004754382052544415, 0.004754382052544415, 0.004854842978595064, 0.00490508097547826, 0.004804610004534915, 0.004759778203307308, 0.004810006694822899, 0.004754382052544193, 0.004804610004534915, 0.004854842978595064, 0.004597417377300461, 0.004759778203307308, 0.0050109708899248595, 0.00484852887903342], [0.004854842978595064, 0.004754382052544415, 0.0048368178225579594, 0.004692451430262867, 0.0049104787450593435, 0.0, 0.004860240208489186, 0.004553520450220283, 0.0049104787450593435, 0.004508711051635972, 0.004810006694822899, 0.004804610004534693, 0.0044979242008516, 0.00479829653624253, 0.0049104787450593435, 0.004709554733189458, 0.004810006694822899, 0.0050109708899248595, 0.0045033175972852835, 0.004798296536242752, 0.0046593362837159535, 0.00474806921542692, 0.004898766244552544, 0.004854842978595064, 0.004804610004534915, 0.00490508097547826, 0.004949008633553076, 0.004697846915833415, 0.004860240208489186, 0.004742673190431201, 0.00470415912187061, 0.004949008633553076, 0.004860240208489186, 0.004860240208489186, 0.00470415912187061, 0.004854842978595064, 0.004960722305286769, 0.004759778203307308, 0.004854842978595064, 0.004860240208489186, 0.004860240208489186, 0.0049104787450593435, 0.0050109708899248595, 0.004754382052544415, 0.0049104787450593435, 0.004804610004534693, 0.004960722305286769, 0.005061224499727679, 0.004798296536242752, 0.004810006694822899, 0.004759778203307308, 0.00490508097547826, 0.004955323995937677, 0.004810006694822899, 0.004804610004534915, 0.004709554733189458, 0.0050109708899248595, 0.004860240208489186, 0.004960722305286769, 0.004949008633553076, 0.004810006694822899, 0.004810006694822899, 0.004860240208489186, 0.004898766244552322, 0.004759778203307308, 0.004642234690482638, 0.004804610004534915, 0.005061224499727679, 0.004759778203307308, 0.00474806921542692, 0.004898766244552544, 0.004810006694822899, 0.004960722305286769, 0.004860240208489186, 0.004709554733189458, 0.004804610004534915, 0.004709554733189458, 0.004898766244552544, 0.004854842978595064, 0.0050109708899248595, 0.0049104787450593435, 0.00484852887903342, 0.004609122854134506, 0.004860240208489186, 0.004960722305286769, 0.0049104787450593435, 0.004960722305286769, 0.004960722305286769, 0.0049104787450593435, 0.00474806921542692, 0.004798296536242752, 0.0050109708899248595, 0.004647629636708617, 0.004860240208489186, 0.00444681070984787, 0.004804610004534693, 0.0049104787450593435, 0.0050109708899248595, 0.00490508097547826, 0.004697846915833415, 0.0050109708899248595, 0.004754382052544415, 0.004709554733189236, 0.004860240208489186], [0.004898766244552544, 0.004960722305286769, 0.004759778203307308, 0.004697846915833415, 0.004810006694822899, 0.004860240208489186, 0.0, 0.004854842978594842, 0.004692451430262867, 0.004804610004534915, 0.004955323995937677, 0.004474518702197505, 0.004810006694822899, 0.004860240208489186, 0.004798296536242752, 0.004648546197748127, 0.004759778203307308, 0.004748985959741825, 0.0049104787450593435, 0.004810006694822899, 0.004854842978595064, 0.004553520450220505, 0.004849445806678787, 0.004854842978595064, 0.004860240208489186, 0.004810006694822899, 0.004792899971740594, 0.00470415912187061, 0.004810006694822899, 0.004854842978595064, 0.004854842978595064, 0.004960722305286769, 0.004597417377300461, 0.0045418162690760155, 0.004524718676491846, 0.0050109708899248595, 0.0049104787450593435, 0.00490508097547826, 0.004709554733189458, 0.004786586650601832, 0.0044468107098480925, 0.004759778203307308, 0.0049104787450593435, 0.004860240208489186, 0.00470415912187061, 0.004709554733189458, 0.004810006694822899, 0.004798296536242752, 0.004860240208489186, 0.004759778203307308, 0.0043966185217803044, 0.004754382052544415, 0.004955323995937677, 0.004754382052544415, 0.004804610004534915, 0.00474806921542692, 0.00484852887903342, 0.004491614585944603, 0.004742673190431201, 0.004603728321461276, 0.004754382052544415, 0.0048368178225579594, 0.004960722305286769, 0.0049104787450593435, 0.004742673190431201, 0.004709554733189458, 0.004547210136855773, 0.004860240208489186, 0.004597417377300461, 0.004647629636708617, 0.004810006694822899, 0.0046593362837159535, 0.004860240208489186, 0.00490508097547826, 0.0045589144436919415, 0.004524718676491846, 0.004585712173242218, 0.0050109708899248595, 0.004647629636708839, 0.004603728321461054, 0.004860240208489186, 0.004759778203307308, 0.004960722305286769, 0.004754382052544415, 0.0046593362837159535, 0.004893368600795034, 0.004860240208489186, 0.004704159121870388, 0.004899683263883681, 0.0049104787450593435, 0.004692451430262867, 0.0046593362837159535, 0.0046593362837159535, 0.00484852887903342, 0.004810006694822899, 0.004609122854134506, 0.0049104787450593435, 0.003956804737474062, 0.004697846915833415, 0.004642234690482638, 0.004709554733189458, 0.004810006694822899, 0.0049104787450593435, 0.004810006694822899], [0.004799213372215894, 0.004810006694822899, 0.004810006694822899, 0.005061224499727679, 0.004854842978595064, 0.004553520450220283, 0.004854842978594842, 0.0, 0.0049104787450593435, 0.003845750437522444, 0.005061224499727679, 0.004759778203307308, 0.004860240208489186, 0.004531028707287277, 0.0050109708899248595, 0.004898766244552322, 0.0046593362837159535, 0.0050109708899248595, 0.0050109708899248595, 0.004798296536242752, 0.004754382052544193, 0.004759778203307308, 0.004754382052544415, 0.004898766244552544, 0.004799213372216116, 0.005061224499727679, 0.0050055720407271576, 0.004810006694822899, 0.004698763568503628, 0.005061224499727679, 0.0049104787450593435, 0.0050109708899248595, 0.004804610004534915, 0.004960722305286769, 0.004810006694822899, 0.005061224499727679, 0.0050109708899248595, 0.0050109708899248595, 0.004798296536242752, 0.004860240208489186, 0.005061224499727679, 0.004810006694822899, 0.005061224499727679, 0.004585712173242218, 0.004653941211760326, 0.004960722305286769, 0.0049104787450593435, 0.004960722305286769, 0.004810006694822899, 0.0050109708899248595, 0.004960722305286769, 0.004949008633553076, 0.0050109708899248595, 0.004597417377300239, 0.0049104787450593435, 0.00490508097547826, 0.0049104787450593435, 0.004854842978594842, 0.004860240208489186, 0.004799213372215894, 0.004737277223393788, 0.004860240208489186, 0.004759778203307308, 0.00490508097547826, 0.004810006694822899, 0.004692451430262867, 0.00470415912187061, 0.004642234690482638, 0.005061224499727679, 0.004960722305286769, 0.004848528879033198, 0.004810006694822899, 0.004704159121870388, 0.0045033175972852835, 0.004709554733189458, 0.0050109708899248595, 0.004759778203307308, 0.004860240208489186, 0.004810006694822899, 0.0050109708899248595, 0.0050055720407271576, 0.004759778203307308, 0.005061224499727679, 0.004810006694822899, 0.004860240208489186, 0.004955323995937677, 0.00484852887903342, 0.00484852887903342, 0.003895887582827884, 0.004759778203307308, 0.004653941211760326, 0.004955323995937677, 0.004960722305286769, 0.004810006694822899, 0.0049104787450593435, 0.004709554733189458, 0.004810006694822899, 0.00499925604678908, 0.004748985959741825, 0.004799213372215894, 0.004709554733189458, 0.004709554733189458, 0.004955323995937677, 0.005061224499727679], [0.0049104787450593435, 0.005061224499727679, 0.004960722305286769, 0.004792899971740594, 0.004597417377300239, 0.0049104787450593435, 0.004692451430262867, 0.0049104787450593435, 0.0, 0.0049104787450593435, 0.00484852887903342, 0.004898766244552544, 0.004860240208489186, 0.0049104787450593435, 0.004787503465205845, 0.004709554733189458, 0.004653941211760548, 0.0049104787450593435, 0.004754382052544415, 0.004754382052544193, 0.0049104787450593435, 0.00470415912187061, 0.004804610004534915, 0.0049104787450593435, 0.004759778203307308, 0.0050109708899248595, 0.004898766244552544, 0.0049104787450593435, 0.0049104787450593435, 0.004854842978595064, 0.004709554733189458, 0.0050055720407271576, 0.004798296536242752, 0.004697846915833193, 0.00474806921542692, 0.004453119761903546, 0.004860240208489186, 0.004860240208489186, 0.004860240208489186, 0.00474806921542692, 0.00484852887903342, 0.004960722305286769, 0.004704159121870388, 0.004810006694822899, 0.004748985959741825, 0.004458512677214532, 0.00479829653624253, 0.004843131774943998, 0.004810006694822899, 0.004960722305286769, 0.00484852887903342, 0.0049104787450593435, 0.004955323995937677, 0.004759778203307308, 0.0050109708899248595, 0.004742673190431201, 0.004898766244552544, 0.004697846915833193, 0.004949008633553076, 0.004860240208489186, 0.004810006694822899, 0.0045920229703377835, 0.0049104787450593435, 0.0049104787450593435, 0.004692451430262867, 0.004860240208489186, 0.004647629636708617, 0.004860240208489186, 0.004754382052544193, 0.0045920229703377835, 0.004609122854134506, 0.004960722305286769, 0.0045033175972852835, 0.004854842978595064, 0.004810006694822899, 0.00474806921542692, 0.004642234690482638, 0.004603728321461054, 0.004848528879033198, 0.004603728321461054, 0.0050055720407271576, 0.004810006694822899, 0.004960722305286769, 0.004860240208489186, 0.0049104787450593435, 0.00484852887903342, 0.004854842978595064, 0.004854842978594842, 0.0050109708899248595, 0.004860240208489186, 0.004792899971740594, 0.004810006694822899, 0.004860240208489186, 0.0045866286213080976, 0.004860240208489186, 0.004960722305286769, 0.004759778203307308, 0.0049104787450593435, 0.004848528879033198, 0.00474806921542692, 0.004804610004534915, 0.004860240208489186, 0.004653941211760326, 0.004898766244552544], [0.004804610004534915, 0.004810006694822899, 0.004804610004534693, 0.004960722305286769, 0.0050055720407271576, 0.004508711051635972, 0.004804610004534915, 0.003845750437522444, 0.0049104787450593435, 0.0, 0.0050109708899248595, 0.004709554733189458, 0.00470415912187061, 0.004854842978595064, 0.004898766244552322, 0.0050109708899248595, 0.004704159121870388, 0.004960722305286769, 0.0048368178225579594, 0.004709554733189458, 0.004653941211760548, 0.004709554733189458, 0.004653941211760548, 0.0049104787450593435, 0.0050109708899248595, 0.0050109708899248595, 0.0045589144436917195, 0.004810006694822899, 0.004748985959742047, 0.004960722305286769, 0.004810006694822899, 0.004792899971740594, 0.004508711051635972, 0.004759778203307308, 0.0046593362837159535, 0.0050109708899248595, 0.0050109708899248595, 0.0049104787450593435, 0.00484852887903342, 0.004609122854134506, 0.004949008633553076, 0.004709554733189458, 0.004960722305286769, 0.0049104787450593435, 0.004804610004534915, 0.004810006694822899, 0.0049104787450593435, 0.00479829653624253, 0.004860240208489186, 0.0050109708899248595, 0.004491614585944381, 0.004860240208489186, 0.004810006694822899, 0.004754382052544415, 0.004810006694822899, 0.004352739140792039, 0.004960722305286769, 0.004748985959741825, 0.00484852887903342, 0.004603728321461054, 0.004754382052544193, 0.004860240208489186, 0.004810006694822899, 0.004698763568503628, 0.004810006694822899, 0.00470415912187061, 0.004804610004534915, 0.004810006694822899, 0.004955323995937677, 0.004860240208489186, 0.004955323995937677, 0.004759778203307308, 0.0049104787450593435, 0.0046593362837159535, 0.005061224499727679, 0.0049104787450593435, 0.0046593362837159535, 0.0050109708899248595, 0.004759778203307308, 0.0049104787450593435, 0.004960722305286769, 0.004960722305286769, 0.0050109708899248595, 0.004960722305286769, 0.0050055720407271576, 0.004898766244552544, 0.004759778203307308, 0.004860240208489186, 0.004246987878784747, 0.004804610004534915, 0.0044979242008516, 0.004960722305286769, 0.00474806921542692, 0.0049104787450593435, 0.004860240208489186, 0.004955323995937677, 0.004854842978595064, 0.004759778203307308, 0.004709554733189458, 0.004899683263883903, 0.004759778203307308, 0.004860240208489186, 0.00499925604678908, 0.004960722305286769], [0.0049104787450593435, 0.0045589144436919415, 0.0049104787450593435, 0.0050109708899248595, 0.00474806921542692, 0.004810006694822899, 0.004955323995937677, 0.005061224499727679, 0.00484852887903342, 0.0050109708899248595, 0.0, 0.004754382052544415, 0.004849445806678787, 0.004960722305286769, 0.005061224499727679, 0.004458512677214532, 0.004960722305286769, 0.00490508097547826, 0.0040571062264431745, 0.0050109708899248595, 0.004860240208489186, 0.004960722305286769, 0.004860240208489186, 0.004754382052544415, 0.004860240208489186, 0.00450871105163575, 0.0050109708899248595, 0.004960722305286769, 0.004609122854134506, 0.0049104787450593435, 0.004810006694822899, 0.005061224499727679, 0.005061224499727679, 0.0049104787450593435, 0.004849445806679009, 0.004960722305286769, 0.004960722305286769, 0.0017890661727149038, 0.0046593362837159535, 0.004960722305286769, 0.005061224499727679, 0.00490508097547826, 0.005061224499727679, 0.004849445806678787, 0.00470415912187061, 0.004860240208489186, 0.004636839802197867, 0.004709554733189458, 0.0049104787450593435, 0.004960722305286769, 0.004955323995937677, 0.004804610004534915, 0.0050109708899248595, 0.004592939429917786, 0.0050109708899248595, 0.0050109708899248595, 0.00490508097547826, 0.004854842978595064, 0.00470415912187061, 0.0049104787450593435, 0.004804610004534915, 0.004759778203307308, 0.004804610004534915, 0.0049104787450593435, 0.0050109708899248595, 0.0049104787450593435, 0.0044083193196748915, 0.004960722305286769, 0.0049104787450593435, 0.0049104787450593435, 0.0050109708899248595, 0.004960722305286769, 0.0049104787450593435, 0.004810006694822899, 0.0050109708899248595, 0.004402926943323449, 0.004759778203307308, 0.004709554733189458, 0.004810006694822899, 0.0049104787450593435, 0.0050109708899248595, 0.004704159121870388, 0.0030388589112759767, 0.004860240208489186, 0.004860240208489186, 0.0050109708899248595, 0.004810006694822899, 0.005061224499727679, 0.00490508097547826, 0.00490508097547826, 0.004810006694822899, 0.0049104787450593435, 0.004653941211760548, 0.004653941211760548, 0.004860240208489186, 0.004960722305286769, 0.0049104787450593435, 0.004810006694822899, 0.004759778203307308, 0.004709554733189236, 0.004804610004534915, 0.004804610004534915, 0.005061224499727679, 0.004848528879033198], [0.004692451430262867, 0.004693368073087845, 0.004960722305286769, 0.004898766244552544, 0.004960722305286769, 0.004804610004534693, 0.004474518702197505, 0.004759778203307308, 0.004898766244552544, 0.004709554733189458, 0.004754382052544415, 0.0, 0.004653941211760548, 0.004810006694822899, 0.00484852887903342, 0.004849445806678787, 0.004804610004534915, 0.004804610004534915, 0.0046593362837159535, 0.0046593362837159535, 0.0046593362837159535, 0.004860240208489186, 0.0049104787450593435, 0.004810006694822899, 0.00470415912187061, 0.005061224499727679, 0.004787503465205845, 0.00490508097547826, 0.004759778203307308, 0.004508711051635972, 0.0049104787450593435, 0.004759778203307308, 0.004697846915833193, 0.004697846915833415, 0.004318557408566237, 0.00490508097547826, 0.004960722305286769, 0.004709554733189458, 0.00470415912187061, 0.0048368178225579594, 0.00499925604678908, 0.0046593362837159535, 0.004960722305286769, 0.0050109708899248595, 0.004748985959742047, 0.004754382052544193, 0.004860240208489186, 0.0043410396378102956, 0.004810006694822899, 0.004960722305286769, 0.004898766244552544, 0.004849445806678787, 0.0049104787450593435, 0.004804610004534915, 0.004759778203307308, 0.004647629636708617, 0.00484852887903342, 0.004692451430262867, 0.004837734728831089, 0.004759778203307308, 0.004759778203307308, 0.004686139371334885, 0.004609122854134506, 0.004960722305286769, 0.004642234690482638, 0.0046593362837159535, 0.004898766244552544, 0.004609122854134506, 0.00474806921542692, 0.004949008633553076, 0.0045589144436917195, 0.00490508097547826, 0.004960722305286769, 0.004754382052544415, 0.004754382052544415, 0.004574923668660524, 0.00463592326251816, 0.004759778203307308, 0.004647629636708617, 0.004653941211760548, 0.004960722305286769, 0.004653941211760326, 0.004759778203307308, 0.004653941211760326, 0.004759778203307308, 0.004848528879033198, 0.004860240208489186, 0.0049104787450593435, 0.004748985959742047, 0.004860240208489186, 0.00484852887903342, 0.004960722305286769, 0.004860240208489186, 0.004547210136855773, 0.004810006694822899, 0.004754382052544415, 0.0049104787450593435, 0.0050109708899248595, 0.00474806921542692, 0.004798296536242752, 0.004553520450220283, 0.004854842978595064, 0.0049104787450593435, 0.004860240208489186], [0.0049104787450593435, 0.004804610004534915, 0.004804610004534915, 0.004754382052544415, 0.0049104787450593435, 0.0044979242008516, 0.004810006694822899, 0.004860240208489186, 0.004860240208489186, 0.00470415912187061, 0.004849445806678787, 0.004653941211760548, 0.0, 0.004810006694822899, 0.0046593362837159535, 0.004854842978595064, 0.004960722305286769, 0.0050109708899248595, 0.004849445806679009, 0.0046593362837159535, 0.004860240208489186, 0.0049104787450593435, 0.004759778203307308, 0.004810006694822899, 0.004860240208489186, 0.004653941211760326, 0.004603728321461276, 0.0050109708899248595, 0.004854842978595064, 0.0050109708899248595, 0.004960722305286769, 0.004860240208489186, 0.004810006694822899, 0.004860240208489186, 0.004899683263883903, 0.004804610004534915, 0.004860240208489186, 0.00490508097547826, 0.004653941211760548, 0.004408319319675114, 0.0049104787450593435, 0.004810006694822899, 0.0045589144436919415, 0.004603728321461054, 0.004960722305286769, 0.004704159121870388, 0.004603728321461276, 0.004709554733189458, 0.0049104787450593435, 0.0050109708899248595, 0.0049104787450593435, 0.004955323995937677, 0.004709554733189458, 0.0049104787450593435, 0.004854842978595064, 0.004704159121870388, 0.004854842978595064, 0.004759778203307308, 0.0046593362837159535, 0.004860240208489186, 0.004759778203307308, 0.004759778203307308, 0.004754382052544415, 0.004860240208489186, 0.0049104787450593435, 0.004960722305286769, 0.004854842978595064, 0.004860240208489186, 0.00474806921542692, 0.004709554733189458, 0.004960722305286769, 0.004960722305286769, 0.0049104787450593435, 0.004810006694822899, 0.004759778203307308, 0.004804610004534915, 0.004860240208489186, 0.004955323995937677, 0.00470415912187061, 0.004960722305286769, 0.004860240208489186, 0.004955323995937677, 0.0050055720407271576, 0.004754382052544415, 0.004804610004534915, 0.004759778203307308, 0.004810006694822899, 0.004960722305286769, 0.004810006694822899, 0.004754382052544415, 0.004810006694822899, 0.004798296536242752, 0.004860240208489186, 0.0049104787450593435, 0.004860240208489186, 0.0046593362837159535, 0.004709554733189458, 0.0050109708899248595, 0.004960722305286769, 0.004709554733189236, 0.0050109708899248595, 0.004653941211760548, 0.0046593362837159535, 0.0050109708899248595], [0.004603728321461054, 0.004960722305286769, 0.004697846915833193, 0.004759778203307308, 0.004955323995937677, 0.00479829653624253, 0.004860240208489186, 0.004531028707287277, 0.0049104787450593435, 0.004854842978595064, 0.004960722305286769, 0.004810006694822899, 0.004810006694822899, 0.0, 0.004860240208489186, 0.00484852887903342, 0.004960722305286769, 0.004860240208489186, 0.004709554733189458, 0.004960722305286769, 0.004804610004534915, 0.0049104787450593435, 0.004810006694822899, 0.004491614585944603, 0.004804610004534915, 0.004810006694822899, 0.004810006694822899, 0.004609122854134506, 0.004648546197748127, 0.004497007914622264, 0.004810006694822899, 0.0045920229703377835, 0.004603728321461276, 0.00470415912187061, 0.004709554733189458, 0.004854842978595064, 0.004860240208489186, 0.004960722305286769, 0.00484852887903342, 0.00490508097547826, 0.004860240208489186, 0.00490508097547826, 0.004810006694822899, 0.00484852887903342, 0.004743589924899316, 0.004960722305286769, 0.004709554733189236, 0.004653941211760548, 0.004647629636708617, 0.004609122854134284, 0.004960722305286769, 0.0046593362837159535, 0.0050055720407271576, 0.0049104787450593435, 0.004810006694822899, 0.004799213372215894, 0.0049104787450593435, 0.004860240208489186, 0.004960722305286769, 0.004653941211760548, 0.004642234690482638, 0.004810006694822899, 0.0050109708899248595, 0.00474806921542692, 0.004860240208489186, 0.004424323745025216, 0.004810006694822899, 0.004748985959742047, 0.0045589144436917195, 0.004854842978595064, 0.004485305050302868, 0.004854842978595064, 0.004860240208489186, 0.004854842978595064, 0.004754382052544193, 0.004860240208489186, 0.00490508097547826, 0.00484852887903342, 0.004804610004534693, 0.004709554733189458, 0.004754382052544415, 0.004742673190431201, 0.00490508097547826, 0.004810006694822899, 0.0050109708899248595, 0.004810006694822899, 0.004804610004534915, 0.004860240208489186, 0.004804610004534693, 0.00474806921542692, 0.004960722305286769, 0.004698763568503628, 0.004742673190431201, 0.004759778203307308, 0.00474806921542692, 0.004698763568503628, 0.004960722305286769, 0.004597417377300239, 0.004810006694822899, 0.004709554733189458, 0.004860240208489186, 0.004759778203307308, 0.004653941211760548, 0.004810006694822899], [0.004759778203307308, 0.004854842978595064, 0.0046593362837159535, 0.004893368600795256, 0.004754382052544193, 0.0049104787450593435, 0.004798296536242752, 0.0050109708899248595, 0.004787503465205845, 0.004898766244552322, 0.005061224499727679, 0.00484852887903342, 0.0046593362837159535, 0.004860240208489186, 0.0, 0.005061224499727679, 0.0045033175972852835, 0.0050109708899248595, 0.004898766244552544, 0.004704159121870388, 0.004960722305286769, 0.004960722305286769, 0.004810006694822899, 0.0046593362837159535, 0.004860240208489186, 0.004302556353558362, 0.004848528879033198, 0.004754382052544193, 0.004860240208489186, 0.0050109708899248595, 0.004860240208489186, 0.004636839802197867, 0.004737277223393788, 0.00474806921542692, 0.004697846915833193, 0.004704159121870388, 0.004960722305286769, 0.005061224499727679, 0.004754382052544415, 0.00484852887903342, 0.004887054017067127, 0.004759778203307308, 0.0035450327012691574, 0.004603728321461054, 0.004960722305286769, 0.0049104787450593435, 0.004609122854134506, 0.004479911847293572, 0.0049104787450593435, 0.0039514172081207555, 0.00468074401150842, 0.0049104787450593435, 0.004709554733189458, 0.004860240208489186, 0.004960722305286769, 0.004898766244552544, 0.004843131774943998, 0.004597417377300461, 0.004887054017067127, 0.004810006694822899, 0.00470415912187061, 0.004597417377300239, 0.0049104787450593435, 0.0049104787450593435, 0.004943610450046654, 0.004759778203307308, 0.004949008633553076, 0.0050109708899248595, 0.004754382052544415, 0.004597417377300239, 0.0049104787450593435, 0.004854842978594842, 0.004759778203307308, 0.004754382052544193, 0.0049104787450593435, 0.004742673190431201, 0.004742673190431201, 0.004759778203307308, 0.00479829653624253, 0.004653941211760326, 0.003956804737474062, 0.0049104787450593435, 0.004960722305286769, 0.0049104787450593435, 0.004860240208489186, 0.00473096460121214, 0.00490508097547826, 0.0049104787450593435, 0.0049104787450593435, 0.004759778203307308, 0.00484852887903342, 0.0049104787450593435, 0.00474806921542692, 0.004893368600795034, 0.004860240208489186, 0.004810006694822899, 0.004955323995937677, 0.004799213372216116, 0.0045418162690760155, 0.00484852887903342, 0.0049104787450593435, 0.004810006694822899, 0.004955323995937677, 0.004810006694822899], [0.004960722305286769, 0.004704159121870388, 0.0045033175972852835, 0.004960722305286769, 0.00484852887903342, 0.004709554733189458, 0.004648546197748127, 0.004898766244552322, 0.004709554733189458, 0.0050109708899248595, 0.004458512677214532, 0.004849445806678787, 0.004854842978595064, 0.00484852887903342, 0.005061224499727679, 0.0, 0.0046593362837159535, 0.0038010041572671405, 0.004854842978595064, 0.004955323995937677, 0.004759778203307308, 0.004893368600795034, 0.004960722305286769, 0.004742673190431201, 0.004854842978594842, 0.004955323995937677, 0.0050109708899248595, 0.004955323995937677, 0.004804610004534915, 0.0050109708899248595, 0.004960722305286769, 0.004860240208489186, 0.0049104787450593435, 0.004804610004534915, 0.004810006694822899, 0.004860240208489186, 0.004960722305286769, 0.003845750437522444, 0.004798296536242752, 0.004759778203307308, 0.0050109708899248595, 0.004860240208489186, 0.005061224499727679, 0.00484852887903342, 0.004960722305286769, 0.004960722305286769, 0.0049104787450593435, 0.004748985959741825, 0.004759778203307308, 0.004848528879033198, 0.004960722305286769, 0.004860240208489186, 0.004860240208489186, 0.0049104787450593435, 0.0050055720407271576, 0.004709554733189458, 0.004860240208489186, 0.00490508097547826, 0.004754382052544415, 0.004759778203307308, 0.004742673190431201, 0.004603728321461276, 0.0049104787450593435, 0.004960722305286769, 0.004854842978595064, 0.004848528879033198, 0.0045589144436919415, 0.004960722305286769, 0.004960722305286769, 0.004754382052544415, 0.004898766244552544, 0.004804610004534915, 0.0050109708899248595, 0.0046593362837159535, 0.00479829653624253, 0.004960722305286769, 0.004854842978595064, 0.004860240208489186, 0.004960722305286769, 0.004860240208489186, 0.0049104787450593435, 0.004810006694822899, 0.0042577693408292205, 0.004698763568503628, 0.004687056002642187, 0.004754382052544415, 0.0049104787450593435, 0.00470415912187061, 0.004759778203307308, 0.004754382052544193, 0.0046593362837159535, 0.004759778203307308, 0.0046593362837159535, 0.004810006694822899, 0.0046593362837159535, 0.00490508097547826, 0.004759778203307308, 0.00499925604678908, 0.004810006694822899, 0.004759778203307308, 0.00474806921542692, 0.004854842978594842, 0.0050109708899248595, 0.004553520450220283], [0.004759778203307308, 0.004754382052544193, 0.004810006694822899, 0.004955323995937677, 0.0050109708899248595, 0.004810006694822899, 0.004759778203307308, 0.0046593362837159535, 0.004653941211760548, 0.004704159121870388, 0.004960722305286769, 0.004804610004534915, 0.004960722305286769, 0.004960722305286769, 0.0045033175972852835, 0.0046593362837159535, 0.0, 0.0045589144436919415, 0.004860240208489186, 0.004653941211760548, 0.0043966185217803044, 0.004810006694822899, 0.004759778203307308, 0.0049104787450593435, 0.004647629636708617, 0.0050109708899248595, 0.004960722305286769, 0.004709554733189458, 0.004804610004534915, 0.0049104787450593435, 0.004949008633553076, 0.004698763568503628, 0.0049104787450593435, 0.004949008633553076, 0.004810006694822899, 0.0046593362837159535, 0.005061224499727679, 0.004960722305286769, 0.004754382052544193, 0.004860240208489186, 0.0049104787450593435, 0.004609122854134506, 0.004742673190431201, 0.004709554733189458, 0.0050109708899248595, 0.004647629636708839, 0.004697846915833415, 0.004810006694822899, 0.00490508097547826, 0.00484852887903342, 0.004960722305286769, 0.004754382052544415, 0.0049104787450593435, 0.004742673190431201, 0.0050109708899248595, 0.0050109708899248595, 0.004860240208489186, 0.004810006694822899, 0.00470415912187061, 0.0046593362837159535, 0.00470415912187061, 0.004810006694822899, 0.00474806921542692, 0.004955323995937677, 0.004542732637053959, 0.005061224499727679, 0.004709554733189458, 0.004848528879033198, 0.0049104787450593435, 0.004960722305286769, 0.0049104787450593435, 0.0049104787450593435, 0.0049104787450593435, 0.0045418162690760155, 0.0050109708899248595, 0.004759778203307308, 0.004709554733189236, 0.004860240208489186, 0.0049104787450593435, 0.004742673190431201, 0.0049104787450593435, 0.004854842978595064, 0.004754382052544415, 0.004642234690482416, 0.004860240208489186, 0.004860240208489186, 0.004804610004534915, 0.0046593362837159535, 0.004709554733189236, 0.004653941211760548, 0.0045033175972852835, 0.004709554733189236, 0.0049104787450593435, 0.004754382052544415, 0.0046593362837159535, 0.00490508097547826, 0.004548126514674733, 0.0049104787450593435, 0.0049104787450593435, 0.004860240208489186, 0.004754382052544193, 0.004860240208489186, 0.005061224499727679, 0.0049104787450593435], [0.0050109708899248595, 0.004804610004534915, 0.004810006694822899, 0.0050109708899248595, 0.004854842978595064, 0.0050109708899248595, 0.004748985959741825, 0.0050109708899248595, 0.0049104787450593435, 0.004960722305286769, 0.00490508097547826, 0.004804610004534915, 0.0050109708899248595, 0.004860240208489186, 0.0050109708899248595, 0.0038010041572671405, 0.0045589144436919415, 0.0, 0.0049104787450593435, 0.004810006694822899, 0.004697846915833193, 0.0050055720407271576, 0.004759778203307308, 0.0050109708899248595, 0.004759778203307308, 0.00479829653624253, 0.005061224499727679, 0.004849445806678787, 0.004553520450220505, 0.0049104787450593435, 0.004810006694822899, 0.00490508097547826, 0.004860240208489186, 0.004849445806678787, 0.00470415912187061, 0.004960722305286769, 0.004854842978595064, 0.00490508097547826, 0.004653941211760548, 0.004804610004534915, 0.0050109708899248595, 0.004898766244552544, 0.00499925604678908, 0.004458512677214532, 0.004704159121870388, 0.004854842978595064, 0.004960722305286769, 0.004860240208489186, 0.00490508097547826, 0.0050109708899248595, 0.0050055720407271576, 0.004759778203307308, 0.0050109708899248595, 0.00