[[1.0000000000000002, 0.816763852459679, 0.8085117227029324, 0.8875047528865287, 0.8460555289356531, 0.8646819091967484, 0.7352168599687339, 0.7622248092220322, 0.7953099549147993, 0.732918983067424, 0.753677836744097, 0.8670752945935425, 0.7317901802942031, 0.7842643138775831, 0.7715690317375893, 0.7911941109918212, 0.7228287445738864, 0.8299443639363792, 0.7466701144108164, 0.8168033358530825, 0.839819363693431, 0.8470256170946366, 0.8387406524292005, 0.7992389508846741, 0.7814187730148322, 0.8170073527791495, 0.8205469529127266, 0.7783586055041797, 0.7795054103766571, 0.7406354140908225, 0.772468689467469, 0.8182107333489061, 0.7572861560167524, 0.7840091617779681, 0.7834982867914659, 0.8337355341729138, 0.7581207743787146, 0.8711643447150735, 0.7632891757530179, 0.7002350155030224, 0.824281034718331, 0.8605492882244795, 0.8243282422875264, 0.842759671807449, 0.74827044384788, 0.8031546284030635, 0.7398438953236447, 0.7877966679401678, 0.7766225697592477, 0.8413361901738861, 0.8138312737975907, 0.783907056794752, 0.777273205751882, 0.7608572467413134, 0.7837901205188454, 0.7607392693092351, 0.8289062079419269, 0.7589910836381623, 0.7850392390571654, 0.8018160904366124, 0.7929970630668255, 0.7630735399726104, 0.8881771102308487, 0.8080938377646617, 0.7627505034217096, 0.7168829334433972, 0.7846141484767143, 0.7325750020017152, 0.8481582581210986, 0.7957858128867038, 0.7923399205864685, 0.8030365958232359, 0.8027117656760189, 0.7827898906779356, 0.8069672511292103, 0.7707778285640212, 0.8047680039384916, 0.7573528443253578, 0.7606276555561262, 0.8213094905123094, 0.8038770459112949, 0.8199706403168651, 0.8248691417007552, 0.8281624687149436, 0.7515659101921186, 0.6637652191510552, 0.7846608905472704, 0.8451047784469773, 0.7751597262913068, 0.834084026147905, 0.711766471388597, 0.8465783640417687, 0.7699266242132362, 0.7773595560240375, 0.7435014664784264, 0.8640866071932244, 0.7663096140062579, 0.7155014596671969, 0.8361143326642706, 0.7947436468418465, 0.7909875074259398, 0.7259521074660714, 0.8365196747709802], [0.816763852459679, 1.0, 0.8469394953752183, 0.8791954469859737, 0.8330610845854172, 0.8107158767151779, 0.744728587467055, 0.7774307256945885, 0.7889096156833634, 0.7328445668532559, 0.753625248892166, 0.8423115408253883, 0.7639322061905451, 0.8335114487232594, 0.735980844609837, 0.7877076802434216, 0.7282606029810834, 0.7756036302369187, 0.7438794148512998, 0.7972557909963908, 0.8058509451516274, 0.8377044068499916, 0.8028511259194402, 0.7103504568936344, 0.7830431534120753, 0.8144031418581862, 0.7879028590417056, 0.8139795023070866, 0.8024615996022707, 0.7673753492785768, 0.7157204874208383, 0.7842244929964437, 0.7910493512495321, 0.7848709793560699, 0.7744286906288199, 0.8158263442642522, 0.7852967976392797, 0.8340198211011148, 0.7350801713668066, 0.7545172259183405, 0.7552608764270374, 0.8180537710710001, 0.8449020818305708, 0.7919699768244076, 0.7872833598679694, 0.7480092914393198, 0.7604060968010434, 0.7968538467567085, 0.7597208156188551, 0.8203700070718105, 0.8240630909792697, 0.7869916950915558, 0.7931812998116093, 0.7069089864546042, 0.8003035908839082, 0.8227214696994309, 0.7799298558174301, 0.7795072412852686, 0.8281197035007128, 0.754563308010499, 0.7929720110583256, 0.7188245169466736, 0.8795167070930731, 0.7600729114097781, 0.7400658460949359, 0.7569199005858128, 0.7496277576243484, 0.7238875575191382, 0.8464363152271969, 0.7879857150007726, 0.7973499902842002, 0.7936536040027082, 0.8028301736502224, 0.8141728347474307, 0.7323701731540212, 0.7798622178825731, 0.7498462918403749, 0.766148239835797, 0.8308139038111639, 0.7550011296967426, 0.816408892338952, 0.7987621953871594, 0.7902106139246265, 0.798217875071996, 0.7727835316035562, 0.7250855905738054, 0.7466389998026822, 0.8443124293036627, 0.7413765218867212, 0.8375980918318441, 0.7493257877916986, 0.7879068308843205, 0.7858364482048692, 0.7560952446697446, 0.7707707711927717, 0.8598135112578952, 0.7525099004917644, 0.767554498834425, 0.8302853649042444, 0.7492235400087297, 0.7907176380843349, 0.7957841491923097, 0.8501245709852492], [0.8085117227029324, 0.8469394953752183, 0.9999999999999993, 0.9370340440522804, 0.871930355821602, 0.8850257305275306, 0.7991539238864724, 0.8567041539800581, 0.8647392691615272, 0.8518327060233605, 0.7509941944672771, 0.903140288414222, 0.7990818593020158, 0.8503411728986722, 0.8503616003694797, 0.8123487301265186, 0.8214578016456658, 0.8189742060470148, 0.7882226323459809, 0.8331042448418988, 0.7992402569287503, 0.8321913032523657, 0.8493303657877347, 0.7754344974439682, 0.8274833934024132, 0.8246876298687076, 0.8167890959554509, 0.8292125268278789, 0.8225961747765972, 0.8546936047866731, 0.8168722600196099, 0.7849186721071292, 0.826063094624895, 0.8244248666126314, 0.8033447944242643, 0.8524483205227406, 0.8108990174138162, 0.8819939861768992, 0.7777712937920646, 0.9069036782394784, 0.8559328291758093, 0.9301786094818327, 0.868919521107708, 0.8857565929286448, 0.77014540620868, 0.8325130633561829, 0.8014073559040338, 0.8828327012712829, 0.7811606033131336, 0.9226699698614541, 0.8421968473574669, 0.8494305472122541, 0.8112790189670642, 0.7812496282512794, 0.821508077631391, 0.840834126810411, 0.8831534369722389, 0.8133905906032819, 0.8592690587721035, 0.7916716408505834, 0.864658204771676, 0.7707641293494705, 0.9359879669230615, 0.824080829724867, 0.8780732964687976, 0.7787296839064809, 0.7820741172942077, 0.7989927914559952, 0.905438151101937, 0.8319667504986362, 0.8544382370221084, 0.8465774137419948, 0.8925462903582505, 0.8128866348772898, 0.7900327637537452, 0.8250431907462452, 0.8440444037114134, 0.7996874290372744, 0.8459727616148653, 0.8182726766852135, 0.8286499027518264, 0.8431905836145294, 0.8589023021108407, 0.8374926000305497, 0.8333664615765621, 0.7559212495826403, 0.7869868107946479, 0.8770047167913891, 0.8028682800993701, 0.8601751750799514, 0.8035124914888072, 0.8571625587701354, 0.8026041649078429, 0.8145295982612208, 0.7839128257938569, 0.879639550582868, 0.8330515263991665, 0.8275880453117102, 0.891590681980658, 0.84778441130397, 0.8235146955385304, 0.8459481435761402, 0.9104705633769661], [0.8875047528865287, 0.8791954469859737, 0.9370340440522804, 0.9999999999999972, 0.9575923399419806, 0.9530130749441935, 0.8614609568051375, 0.8915801985809003, 0.90539082331508, 0.8777792433148767, 0.7961068665662159, 0.9730900926925217, 0.8382916299627886, 0.9135143269758043, 0.8976581190229781, 0.8731025362653502, 0.7620051192765587, 0.9042503088309463, 0.8560856149461874, 0.9202007801716319, 0.8819750383044951, 0.9367417489507065, 0.8816978652733256, 0.8618500687905888, 0.9157062077915525, 0.8909792436207937, 0.9088989573480979, 0.9001755771469562, 0.864281437305228, 0.871149762652686, 0.8602123518678931, 0.8644848044799648, 0.8957166766914174, 0.8674322176868154, 0.8631437362067386, 0.9217977105412, 0.8894184957838389, 0.903504472630697, 0.8144072670750759, 0.8731384460094624, 0.9111606864780267, 0.9520203302950813, 0.93519808060663, 0.9163449218799485, 0.847255998246307, 0.8988787923905357, 0.845582625231734, 0.9452315795312969, 0.8746580716279819, 0.94028922119636, 0.8771666828346896, 0.8928832583719684, 0.8631322648772619, 0.8470744422573486, 0.9173373463419074, 0.879255512896467, 0.8916398421463434, 0.8664878262971192, 0.9152034293134749, 0.9124317956295177, 0.898787469317588, 0.8391057857504236, 0.9979674454560896, 0.8804090525102459, 0.8837886957617931, 0.8543652770604804, 0.8739926101316804, 0.8555569371129975, 0.975660746628543, 0.8773285453605082, 0.9067134822399985, 0.9181217617757769, 0.9484708428314884, 0.883304848227572, 0.8623819143306839, 0.87431577782507, 0.8844613279334368, 0.8616179815709998, 0.8930624784857499, 0.879057228122239, 0.8895846485968594, 0.9092435124152455, 0.8780621563260779, 0.9216267929234507, 0.868785150628824, 0.8429007271464449, 0.8114300924666874, 0.9596618740796122, 0.8747166406191053, 0.9233499490247729, 0.8713102541849129, 0.9044308627698091, 0.8567946813945121, 0.8806132059371509, 0.8702602326070629, 0.9595221371952092, 0.867385232370404, 0.896071780638432, 0.9519750506460987, 0.8946684667832973, 0.8883227427546153, 0.8711452070073428, 0.9681710203830224], [0.8460555289356531, 0.8330610845854172, 0.871930355821602, 0.9575923399419806, 1.0000000000000004, 0.9215692383727607, 0.8020704232195991, 0.854283332989404, 0.9141867328721311, 0.8326143650676603, 0.7317416068290488, 0.9832076812345201, 0.7960292896015233, 0.8768097246678637, 0.8508747050859762, 0.8426679997532169, 0.7074466156740012, 0.8778627568630135, 0.8091757029334468, 0.8923196990044494, 0.8589490853351159, 0.9289454936729223, 0.8557849055526658, 0.8532473046680827, 0.9242840377956347, 0.8513449688948318, 0.8600571414911069, 0.8570002160206851, 0.8329094917728502, 0.8542566303708697, 0.8228224031898799, 0.8600641480619702, 0.8276561377216439, 0.8268427331289342, 0.8298490630884562, 0.8567990217598086, 0.8640259348823357, 0.8266804250215205, 0.7797419437980584, 0.8129350416272297, 0.8661010347129166, 0.9204245927777078, 0.9624043523273509, 0.8578343562405248, 0.8134960328375342, 0.847804617726639, 0.7847460561867213, 0.9344636728956335, 0.8391150985363874, 0.9082796097748838, 0.8288916516519735, 0.8491473695215316, 0.8280746661337183, 0.8140841196100507, 0.9691256128962397, 0.7889109338153503, 0.8489792486857836, 0.8287181306218128, 0.8322331770669065, 0.9024257853720438, 0.8441864303369596, 0.8566674541175479, 0.9568164967174916, 0.8377614631076687, 0.8138898140062018, 0.8149012263088854, 0.8326020690634302, 0.8248699375200972, 0.9737285695043277, 0.8399443592336509, 0.8575999174193741, 0.8818832363461258, 0.9062478741480781, 0.8124295628659616, 0.8459565443255099, 0.8433796287700969, 0.851602026726267, 0.8426604686645687, 0.8350660383308064, 0.8382602763862415, 0.8472982829602421, 0.8620140480377546, 0.7704435188849087, 0.8738629407233317, 0.8194621107377992, 0.7977741239034604, 0.7813118290909404, 0.9532069014758154, 0.8409077377426223, 0.8884882669504656, 0.821285688056541, 0.8848899447760948, 0.8326073233340479, 0.8537886580587424, 0.7976249830184021, 0.9199834807399997, 0.8436016629274272, 0.8583692697963403, 0.9437270493936085, 0.853070335473197, 0.8428141880952236, 0.8214407552809034, 0.9385112710284748], [0.8646819091967484, 0.8107158767151779, 0.8850257305275306, 0.9530130749441935, 0.9215692383727607, 0.9999999999999994, 0.8117692581769426, 0.8329653349470255, 0.896699666250407, 0.8465057155672284, 0.7504433098415384, 0.9448078182377871, 0.7889416088073816, 0.8845657708139146, 0.8475908777305161, 0.8093114783947405, 0.7335318834289667, 0.8549969557593001, 0.8208585273332013, 0.8614982904046412, 0.8762510626778783, 0.8885904233767026, 0.8487915109175707, 0.8212385041582709, 0.8842365031784011, 0.8350652746768187, 0.8926212135670102, 0.8556477902166107, 0.8356636908310543, 0.8369503472793856, 0.8306896126660976, 0.8390837669152554, 0.8351277677618394, 0.8184705737898094, 0.8383548817511549, 0.8854793304423221, 0.8882198626832835, 0.8773567550393394, 0.8062422531761674, 0.8263356147041234, 0.9004302918372328, 0.9117113566171579, 0.8997543103811348, 0.8771781898142301, 0.7901480537262994, 0.849037759847823, 0.7901691911438834, 0.9035662284408128, 0.8428527020254228, 0.8964439628710332, 0.8378545215552327, 0.8191330425013921, 0.7855786139732057, 0.8128650003975629, 0.8832631090890228, 0.8470958660135546, 0.8461780947445756, 0.8026251284353563, 0.8560131543716262, 0.8829273235341422, 0.8854694362729916, 0.804490416122765, 0.9502429209287149, 0.8400919347353792, 0.8418048820377892, 0.8482565578732135, 0.8626130382736856, 0.7961378570476995, 0.9371460938657715, 0.8304263014259207, 0.8567988270736688, 0.8520291850864373, 0.9185403694082773, 0.8131290485018726, 0.862767491611879, 0.8676908565775141, 0.8629626058270174, 0.8228755812703247, 0.8097652172595692, 0.842985572994152, 0.8328641023984792, 0.858261007155217, 0.8406267387633096, 0.8801267153065752, 0.809662072883837, 0.7703049391631379, 0.7716749457497054, 0.9140929441344504, 0.851051519313865, 0.8756515139520222, 0.8200788622591076, 0.8444825521694992, 0.7934082677960929, 0.8714892066605764, 0.8162287583138451, 0.9109708487508534, 0.8379230600134502, 0.8278030705325172, 0.9221644218939804, 0.8482643667376563, 0.8544443942505694, 0.8336033791626289, 0.9223453681268384], [0.7352168599687339, 0.744728587467055, 0.7991539238864724, 0.8614609568051375, 0.8020704232195991, 0.8117692581769426, 0.9999999999999996, 0.7774900128207467, 0.7975330399510548, 0.7839563256888772, 0.7604620052551727, 0.8271992537682533, 0.7336628854777003, 0.8172784534076791, 0.7752932527700068, 0.7986876767015998, 0.6250255141944085, 0.8176016819649432, 0.7400043698489652, 0.8000170765227004, 0.8063750652632, 0.8088745559648075, 0.7014002811556584, 0.7292423992412715, 0.7922878116704374, 0.8179552450505068, 0.765558205821685, 0.7372275678329435, 0.7323157178372296, 0.7350772680808775, 0.7480674274943273, 0.7127444966411836, 0.8166550542510825, 0.7852790574796855, 0.753204886724493, 0.814662230438565, 0.7979451951944041, 0.7631499174627202, 0.6572852696547613, 0.8176518470148731, 0.7673195392040315, 0.8011879901713703, 0.7702199020196328, 0.7929476828100471, 0.7870923334112916, 0.7772229986450793, 0.7410670232009794, 0.8117448079520442, 0.7476263628225739, 0.7676349158467856, 0.7275279685292659, 0.7725403932507425, 0.7787935881835262, 0.747164412359764, 0.787873737903534, 0.7892842192354285, 0.8040318340201448, 0.7910736904231429, 0.7869402759007837, 0.7891553168738535, 0.8010777994644132, 0.6868463019513111, 0.8641281668764405, 0.7511665294433447, 0.8014262588752807, 0.7578818860164278, 0.7576588343176117, 0.763397368601225, 0.8432804819493487, 0.7674438076844255, 0.7717340537131986, 0.8072624033814391, 0.8567132018000917, 0.765499536967058, 0.7346600759484548, 0.8019290163101005, 0.7464962851946381, 0.7369895186289555, 0.809854894728461, 0.6646824465698248, 0.8118552938684183, 0.7395536678139222, 0.8308325141873968, 0.8213697343808543, 0.7580913075239325, 0.7713431180521297, 0.6867393668984826, 0.8310296385270364, 0.7627492184540741, 0.8077205674493751, 0.7223949907414463, 0.7458199122026941, 0.7129482382272728, 0.786917835003143, 0.7807348681411511, 0.8213262917378744, 0.7306611013320624, 0.8226120118404054, 0.8226900144175332, 0.7965481010148501, 0.7591947165486707, 0.7075856099803693, 0.8118430856801551], [0.7622248092220322, 0.7774307256945885, 0.8567041539800581, 0.8915801985809003, 0.854283332989404, 0.8329653349470255, 0.7774900128207467, 1.0000000000000007, 0.8254033214942315, 0.7816199603140629, 0.6813029505222867, 0.8709931911662024, 0.8056528197198082, 0.8257343104955285, 0.8011357303062585, 0.7810482418914045, 0.6826697375601212, 0.8151491325509712, 0.7321264094284317, 0.8099660297228809, 0.7577556734074815, 0.8283992148236599, 0.8213258462354626, 0.7539907561210201, 0.7847469656549243, 0.8361326008497357, 0.8064187075725426, 0.7543946481668322, 0.7711355135073874, 0.7970682343069904, 0.7378360438227393, 0.7946859760646408, 0.8136004190066525, 0.7627990068125593, 0.7709866530926058, 0.8334184748199504, 0.7942597191294479, 0.8163705687305557, 0.7033148119537171, 0.8049231933388673, 0.8209187347268905, 0.8251207397002582, 0.8468679896020185, 0.8758103995302178, 0.6953756832021772, 0.7887122330196604, 0.7691557735450489, 0.8310566915392226, 0.7988446780390299, 0.8427957646477943, 0.7210095739532875, 0.8352907387279868, 0.7881493081573917, 0.8187948364177154, 0.8207988003839823, 0.803169875917197, 0.7762779228078479, 0.7853362149021904, 0.8018714594366693, 0.8299358167102056, 0.7443724870407544, 0.7281092461954538, 0.8891863497204282, 0.7713819842735427, 0.8152500062894954, 0.7470870335021637, 0.7787652650805201, 0.831049216466529, 0.8861855490050612, 0.77096440659865, 0.8241377859079162, 0.8108858168545438, 0.8368783003056937, 0.794237810669315, 0.7357379910315012, 0.7650224090458533, 0.8205952017288325, 0.7549355328523812, 0.7844445200165966, 0.7604854402629655, 0.8003399494361152, 0.8154530224113403, 0.8049074301149133, 0.8558201248078281, 0.8238937987031411, 0.7300105662481527, 0.721864030125762, 0.8463533406547393, 0.7950701528177405, 0.8350951912301205, 0.7848333043445977, 0.7995965739326656, 0.762284566485685, 0.7676257088377323, 0.8277371797249427, 0.855977050756355, 0.8219392435623503, 0.8417139284935573, 0.8296983097434931, 0.8011956419320526, 0.8033894814132494, 0.7784003629005404, 0.8734103579078886], [0.7953099549147993, 0.7889096156833634, 0.8647392691615272, 0.90539082331508, 0.9141867328721311, 0.896699666250407, 0.7975330399510548, 0.8254033214942315, 1.0000000000000007, 0.7855013018573411, 0.7297648841428076, 0.9271817639171445, 0.7428085910061277, 0.8327151552885679, 0.8099193360907608, 0.7939491196568154, 0.6137223935819928, 0.8416072178184701, 0.7854332840937487, 0.869093648838983, 0.8004542380689897, 0.8444675485666356, 0.755485910289476, 0.7399589417435809, 0.8287621570324011, 0.8191263754637274, 0.8152436308744981, 0.797494069240417, 0.7979395312493907, 0.7993641042012004, 0.782694649136005, 0.8062904349634775, 0.7583653486779867, 0.7512081970149251, 0.7491355780783409, 0.8380736876470819, 0.8468747232558387, 0.8268327244269268, 0.6924583198560565, 0.8157282715862704, 0.8147025112360999, 0.865834489873622, 0.8719447580975556, 0.841643931788755, 0.8061029026926531, 0.8139762264291717, 0.7191494088648114, 0.8971585227477193, 0.8166164025505214, 0.8806627495404284, 0.8085072706292422, 0.8261419561363086, 0.77609110829759, 0.745016097541284, 0.8782325758873275, 0.7592410686003902, 0.8316132349227211, 0.7366032027283106, 0.7902632324509742, 0.7999198637887729, 0.8343138222630867, 0.7855373087938853, 0.905953771262882, 0.8022886319703265, 0.8332280383693061, 0.7723025040613478, 0.7938559864634703, 0.7881550398037028, 0.9147326998835515, 0.799321281150144, 0.775572984697298, 0.8276356152297052, 0.8569476089182022, 0.6915180263826218, 0.7778971809106839, 0.7935091121267022, 0.8499904031297173, 0.7840419253766039, 0.7544449271287185, 0.7796556016602216, 0.8220330429372255, 0.7834157329838336, 0.802110176562753, 0.7898070413270206, 0.7700241518697912, 0.7311826045190971, 0.7323253073722189, 0.8648697798693261, 0.8007194517078603, 0.8606799836540154, 0.7816435152274293, 0.8244510842237927, 0.7491563404581492, 0.7861364288922267, 0.7622253876633527, 0.8621213044298643, 0.8238930670428977, 0.7848945064281336, 0.9241336904519571, 0.7782472408445595, 0.7935025082401092, 0.8139857745944188, 0.894082771794907], [0.732918983067424, 0.7328445668532559, 0.8518327060233605, 0.8777792433148767, 0.8326143650676603, 0.8465057155672284, 0.7839563256888772, 0.7816199603140629, 0.7855013018573411, 1.0000000000000002, 0.7061336247428825, 0.8596064919970021, 0.7362429298870362, 0.8083937951522573, 0.8425108038977367, 0.7570379098383877, 0.6791447166569172, 0.7961130028269631, 0.738206976081305, 0.7840697431551401, 0.791507892841295, 0.812683721205565, 0.7770790509429459, 0.7787877138627792, 0.8492113953218186, 0.7421530832214484, 0.8049121129016977, 0.7693645388929476, 0.7404770777583067, 0.8214676760486386, 0.7781258026499507, 0.6988777451568369, 0.8316685921015889, 0.7768977009570058, 0.7844863803218403, 0.8164877207896037, 0.7853176891712025, 0.782417495586851, 0.7093840212133768, 0.8198336787494473, 0.83819074220463, 0.8612706322445474, 0.8167143431156955, 0.8511784055289754, 0.730101287793937, 0.7646438197715161, 0.7531219385144782, 0.8632071947373974, 0.8121979959899439, 0.8619139671364968, 0.7715085122583449, 0.7881826253755243, 0.7878939832790148, 0.7316518036109205, 0.7927242207196452, 0.7685959813264012, 0.7546345099014709, 0.756815274181269, 0.8235119018208594, 0.7949462499782158, 0.8211194931577231, 0.7251448608026662, 0.8744758757122181, 0.7378998834511789, 0.8373232756409094, 0.7087183259606025, 0.7553633581537859, 0.7497446316438788, 0.8690408070286438, 0.7617967244250833, 0.7845456227106979, 0.8207489255579672, 0.8654943377936182, 0.780693353028424, 0.8234238362786129, 0.779543425744678, 0.7515258864502828, 0.7625242102907287, 0.7979099811732927, 0.7731223906386643, 0.7201860620321952, 0.8089188956340594, 0.8113364596060906, 0.8394643939855124, 0.8167803705456305, 0.7757742022563106, 0.7113686705981661, 0.8413792806211426, 0.7633434829330271, 0.7904947340793514, 0.7894666220940614, 0.7934916589137357, 0.7566926086751138, 0.7632162453672657, 0.7811271014792233, 0.8453464093027251, 0.7678415594906062, 0.7749612615968502, 0.8348613732201455, 0.7959138451887412, 0.7477536509484248, 0.7737882074961698, 0.8292523394815029], [0.753677836744097, 0.753625248892166, 0.7509941944672771, 0.7961068665662159, 0.7317416068290488, 0.7504433098415384, 0.7604620052551727, 0.6813029505222867, 0.7297648841428076, 0.7061336247428825, 0.9999999999999996, 0.7614303597769903, 0.7005538143923741, 0.7281727655701563, 0.7059528931723789, 0.71158063788608, 0.6403788639883361, 0.7601906012410797, 0.7135717838914286, 0.7628117343714708, 0.7540810028292272, 0.7546422288112553, 0.7226765147277668, 0.6836477668053741, 0.6888298976734477, 0.7582257287885188, 0.725264577252238, 0.686311188247446, 0.7243487334405222, 0.6386148829541254, 0.7716570823712174, 0.7004170889462978, 0.669958259612613, 0.7089356465629961, 0.6858380172205495, 0.755951817355527, 0.7476191368631459, 0.7861960819741671, 0.6546358556974742, 0.6998512158179223, 0.7026806728060933, 0.7429589964870605, 0.7183731406812677, 0.7284664158967685, 0.7155714724477938, 0.6895930923818344, 0.6558123780541621, 0.7465488450157224, 0.6729356460167512, 0.7371027075206197, 0.6732905071024637, 0.6611770553004769, 0.7481015990154686, 0.6957276046246846, 0.7148434697191209, 0.722876514887532, 0.7552566606219564, 0.6935988902244021, 0.7157824118325865, 0.7098649683722498, 0.7413125063160757, 0.6893414165939422, 0.8057544713749065, 0.7297011176596312, 0.7185955181734728, 0.7004855385149155, 0.6767006778914119, 0.7225596997040713, 0.7628468815750646, 0.7421548204094738, 0.7731228483373812, 0.7699376173530534, 0.7532010627416972, 0.7080850812594792, 0.6632617507854638, 0.6883968748667936, 0.7494847209010372, 0.7323275531959009, 0.7016269371002062, 0.7046394250580418, 0.7515981797463318, 0.6870395042220243, 0.7468909245173065, 0.7319146543890839, 0.6270269370751297, 0.6632731099797973, 0.6813103783785281, 0.7606563246082135, 0.7255483126660595, 0.7658131991055377, 0.6619941581647673, 0.7135333703668721, 0.7610153772399102, 0.6749494546280906, 0.7383818393268337, 0.7554751443920327, 0.7152310150383298, 0.7108939460108178, 0.7543843301408379, 0.6898656909111831, 0.71577478976341, 0.6986830615436348, 0.7415355859166695], [0.8670752945935425, 0.8423115408253883, 0.903140288414222, 0.9730900926925217, 0.9832076812345201, 0.9448078182377871, 0.8271992537682533, 0.8709931911662024, 0.9271817639171445, 0.8596064919970021, 0.7614303597769903, 0.9999999999999984, 0.8103325932707935, 0.9043672050350476, 0.8747750918817159, 0.8487555067641126, 0.7165862162938357, 0.8990817296558687, 0.8228946819558082, 0.9095209814541284, 0.8763957132059029, 0.922751222803179, 0.8596634293478342, 0.8648170582948231, 0.9082453536820536, 0.8599763578622402, 0.882807167859391, 0.8693153181172096, 0.8498131892109674, 0.8613280882438735, 0.8491839307596135, 0.8753434654344057, 0.8387750283300648, 0.8493463492590639, 0.8483091397132361, 0.8925929063458847, 0.8660699626108892, 0.8578744107529706, 0.7897718853488155, 0.8534126600648246, 0.8911668517657757, 0.93906316385907, 0.9548414233014908, 0.8988948864331748, 0.8264977497978303, 0.8755257129379745, 0.8128162268821411, 0.9498231576964292, 0.8453739677032602, 0.9391430855330967, 0.847847600710587, 0.8653904706867764, 0.8289275189365201, 0.8307699951531891, 0.9534772621958841, 0.8252911766214808, 0.8629496994271847, 0.842640250027869, 0.8600917551261715, 0.8941709342577658, 0.8592596754095441, 0.849394189522004, 0.9705353746338253, 0.8568895537337184, 0.8461597251017741, 0.8248071964143974, 0.8591431086276556, 0.8348152645541583, 0.9775739069715372, 0.8570439244883871, 0.8595573613985118, 0.8759434059735208, 0.9170063519260973, 0.8243712096681638, 0.8510156743114109, 0.8525861867440493, 0.8620211843002725, 0.8511086479489588, 0.8531987378088204, 0.8523673921152476, 0.8627266603159501, 0.8916916402767144, 0.8268879420388346, 0.889545979390677, 0.8405646632206923, 0.8188830361930204, 0.8107270643048206, 0.9569485048307458, 0.8677501711275234, 0.907880461731338, 0.8436636034013401, 0.8831763960295458, 0.835302336676828, 0.8754354685582346, 0.8140917163817688, 0.9449910990071496, 0.8522131340531415, 0.8574740831564263, 0.9669224240220282, 0.8758215059272765, 0.8568445462951964, 0.8241128276792744, 0.958683843118679], [0.7317901802942031, 0.7639322061905451, 0.7990818593020158, 0.8382916299627886, 0.7960292896015233, 0.7889416088073816, 0.7336628854777003, 0.8056528197198082, 0.7428085910061277, 0.7362429298870362, 0.7005538143923741, 0.8103325932707935, 1.0000000000000004, 0.7716988645585835, 0.753111438045356, 0.7194474210853424, 0.6857557088888673, 0.7715992094252525, 0.6750198055874392, 0.791345902890118, 0.7433867837769657, 0.7943143710716238, 0.7366586719353715, 0.7085808435516628, 0.7598552926364665, 0.7466633369684871, 0.7889993289265554, 0.7090704666305894, 0.7318926902468573, 0.7433895590576038, 0.6782452244918287, 0.7086587690521313, 0.7572749113753461, 0.7842307222404562, 0.735275460028465, 0.7848139472296072, 0.7307154950069009, 0.7725189689023783, 0.7242947524669756, 0.6970524193290478, 0.7939531496509936, 0.7971839457261132, 0.7891186520845916, 0.7848267687851569, 0.7322643110228793, 0.7131531039044866, 0.7695738848978969, 0.7851602312747987, 0.7107469018624866, 0.7792726148523054, 0.7132415729699505, 0.7147267655853198, 0.7791396676246567, 0.7590211793642009, 0.7601660595554401, 0.7329819365250703, 0.7456391349821083, 0.7599203091130335, 0.7599567526436459, 0.7597650282623849, 0.7323906775916342, 0.6448377226409807, 0.8384124889657852, 0.7746394789412269, 0.7661132091996228, 0.7334359796669027, 0.7371911439594689, 0.7763204682651378, 0.8063777445952917, 0.7534141830784625, 0.7889653330126957, 0.745066659909441, 0.8100865961218772, 0.7301256514131585, 0.6972032086081735, 0.7311122371032521, 0.7532177626840387, 0.6968126092745716, 0.7885046877627472, 0.6964864271720247, 0.7486971660184137, 0.7434301017066159, 0.7557714832837722, 0.7782851660749542, 0.7045580371654503, 0.6620233390798103, 0.7125786705297337, 0.7961195079443886, 0.7395453730613556, 0.7352844094025285, 0.7269286471709857, 0.7683022920282737, 0.7601404637505582, 0.7268037538747223, 0.7121451758962093, 0.7696028987969786, 0.7088719996234426, 0.7399500536458385, 0.8004990123117837, 0.7545426824860504, 0.7836921136241153, 0.7024502499613553, 0.8080351525102158], [0.7842643138775831, 0.8335114487232594, 0.8503411728986722, 0.9135143269758043, 0.8768097246678637, 0.8845657708139146, 0.8172784534076791, 0.8257343104955285, 0.8327151552885679, 0.8083937951522573, 0.7281727655701563, 0.9043672050350476, 0.7716988645585835, 1.0000000000000009, 0.7949783958270985, 0.7955124125063513, 0.6890939309996571, 0.7529612536068543, 0.8286957148652596, 0.8419554809362487, 0.8214996135332896, 0.8480778251229133, 0.784070970960639, 0.7493580531846153, 0.8315563099455098, 0.8167681281646971, 0.8364989564301122, 0.8221281748114841, 0.7915234315705602, 0.803037493049407, 0.7557814831190905, 0.8695675034768985, 0.8092308899999227, 0.8217339517734659, 0.7689586920660715, 0.8983744752277686, 0.8245569509981985, 0.8380349317044306, 0.7165936830389579, 0.8128324114672476, 0.8464706232888974, 0.8345954417472052, 0.8706952954927545, 0.7930063062087329, 0.822195870482737, 0.8248437936923804, 0.7926111116412385, 0.8947653705392103, 0.804629939755056, 0.874125455774812, 0.7777767722705743, 0.8078592541064642, 0.7919696666979565, 0.7794970150323614, 0.8493924414568328, 0.9047640132652613, 0.7905938252575699, 0.821243937373899, 0.8362248942544728, 0.8072224496688001, 0.8209579864917402, 0.7784291090529739, 0.9120618396571606, 0.7868053872030589, 0.8027292836834359, 0.7682632309280537, 0.8262671303038158, 0.7940361413646646, 0.8871951650458667, 0.8093711996909975, 0.8249097860502234, 0.8261005335572149, 0.865779444067022, 0.7995436960947603, 0.7612785811720517, 0.7997383992562266, 0.8062939824335864, 0.7924315053481509, 0.838292875450225, 0.7941959113804946, 0.8205927513552301, 0.8559388504255399, 0.7976310047969971, 0.8499669332618147, 0.7979765916151654, 0.7960610025847726, 0.7332208875074704, 0.8901805516879508, 0.7786462516497213, 0.8037735706769853, 0.7901781709159761, 0.7416012734816971, 0.8002703818797816, 0.8440050629526366, 0.8287165973265594, 0.8750568566161456, 0.7844323387098273, 0.8782685991924375, 0.8903643204834104, 0.8505393984112861, 0.8085243942245519, 0.7745989216031861, 0.8929459898467669], [0.7715690317375893, 0.735980844609837, 0.8503616003694797, 0.8976581190229781, 0.8508747050859762, 0.8475908777305161, 0.7752932527700068, 0.8011357303062585, 0.8099193360907608, 0.8425108038977367, 0.7059528931723789, 0.8747750918817159, 0.753111438045356, 0.7949783958270985, 0.9999999999999999, 0.7951577884144313, 0.6636840924228602, 0.8289069493921308, 0.7329585630568055, 0.8236009433592947, 0.7725084968182283, 0.8077062379435681, 0.8154025242045888, 0.8398863503248688, 0.8554126128810208, 0.7890170356631834, 0.8136419016340337, 0.8216582168610053, 0.7976529723781507, 0.811845556015916, 0.7817258864016797, 0.7483545377472287, 0.846563630204315, 0.8144053664790921, 0.791924127609329, 0.8615702219095133, 0.7616674707316777, 0.7988867551777937, 0.7612566706974181, 0.7734400512681917, 0.8707335818792603, 0.8991244363787355, 0.848755662817541, 0.8576156190409587, 0.7081642927394126, 0.7673480381760426, 0.7331362370395229, 0.8613673233527277, 0.8297354502917365, 0.8425172127820255, 0.7770368618228567, 0.8340917552488314, 0.7634631703279022, 0.7488767224586906, 0.7987854800155202, 0.7674904726881251, 0.7661149205227128, 0.773249602233953, 0.8014335545763513, 0.8486376219016395, 0.7956997394000352, 0.7271001042350536, 0.8989355850209274, 0.8147900867796539, 0.8746378506554178, 0.7615931980967731, 0.7363408635141213, 0.7641815410702787, 0.8747069830698105, 0.8222273765586964, 0.802797056986944, 0.8488088065707465, 0.8946280905678906, 0.7666059665274053, 0.8248216249950452, 0.7939187711786257, 0.7762372094250325, 0.7971555871092263, 0.8181946823260585, 0.8307990230198442, 0.7556280552741041, 0.8131562369721238, 0.7905408782810499, 0.821671071294094, 0.8153997760676028, 0.7963358263189999, 0.7298527747566472, 0.8649069899849208, 0.7929852037474274, 0.7758368056529142, 0.7900829285703633, 0.8376414131274308, 0.7472440349852206, 0.7992475639657691, 0.7771411195083151, 0.8693700277872867, 0.8336969421725993, 0.7907715818844776, 0.8418328067711784, 0.8168385293384365, 0.7766950988767821, 0.7660293810884502, 0.8548039985222472], [0.7911941109918212, 0.7877076802434216, 0.8123487301265186, 0.8731025362653502, 0.8426679997532169, 0.8093114783947405, 0.7986876767015998, 0.7810482418914045, 0.7939491196568154, 0.7570379098383877, 0.71158063788608, 0.8487555067641126, 0.7194474210853424, 0.7955124125063513, 0.7951577884144313, 1.0000000000000007, 0.6671031342241853, 0.8081385059535744, 0.7392487936025516, 0.7988710806258215, 0.7732353683254316, 0.8434638185145674, 0.7971577057273201, 0.7365842906571353, 0.79805354053816, 0.804373306568931, 0.7978731583513886, 0.7691212468743066, 0.7760169411531201, 0.7477149986956243, 0.7850768289236583, 0.7987602363670846, 0.8026905954009351, 0.7961493913708013, 0.7465378135107321, 0.8265819505342382, 0.7612121860713587, 0.7769509532722062, 0.6740564330131279, 0.7355897880306155, 0.7759578025911891, 0.8183420437952316, 0.8254745379484262, 0.8092074204938876, 0.7613679679729202, 0.7806730771835524, 0.7008058739660005, 0.7958933374510633, 0.7263349217969889, 0.7984395426242978, 0.7426732051230142, 0.8022191303932782, 0.7630592271410866, 0.6847655188368786, 0.7865565732361562, 0.7787292813566667, 0.7806001180379878, 0.763004371278668, 0.7608009456833167, 0.7859839325958236, 0.7721844274315627, 0.7832644805599983, 0.8730176122609127, 0.7130929265440836, 0.77018082170585, 0.7129773812851594, 0.7492345545668158, 0.7858935865548874, 0.8549448164126063, 0.8097787877261812, 0.791737527288984, 0.809130949469139, 0.8388040039150911, 0.8013360966419169, 0.7398517425079801, 0.7650136047262039, 0.753723120147574, 0.7379763424184248, 0.7657171045849591, 0.7321297611215899, 0.8192103243646748, 0.8024879914760101, 0.7825205649468323, 0.8077901881433789, 0.7699607749652161, 0.751018169696514, 0.7078202694715278, 0.8297335027650544, 0.8127644452088512, 0.8285159398913142, 0.7486929784695576, 0.7872606140166052, 0.7580435556296908, 0.7647822945604361, 0.7782101381339301, 0.84237036057818, 0.7380430143815226, 0.7847756025557326, 0.8456777525108603, 0.7941811427745813, 0.7576578769532821, 0.7494349582296005, 0.8335631343168275], [0.7228287445738864, 0.7282606029810834, 0.8214578016456658, 0.7620051192765587, 0.7074466156740012, 0.7335318834289667, 0.6250255141944085, 0.6826697375601212, 0.6137223935819928, 0.6791447166569172, 0.6403788639883361, 0.7165862162938357, 0.6857557088888673, 0.6890939309996571, 0.6636840924228602, 0.6671031342241853, 1.0000000000000002, 0.6723192849394662, 0.682222575240846, 0.6236156794306039, 0.7187820174821967, 0.675431331703391, 0.7933167012643859, 0.6563390503618257, 0.6631108317356783, 0.6746768136828979, 0.6483485526339556, 0.6530240334578594, 0.6905391677800831, 0.6686957971769993, 0.683160071813838, 0.699792275944613, 0.646441151512912, 0.7404885348049707, 0.7199936793807019, 0.6593117764194851, 0.6393764929009277, 0.7371297106629218, 0.7679115106883184, 0.7282024435965749, 0.7084619143617346, 0.7558108535711848, 0.7459664772177526, 0.7196676330672107, 0.5729282631749452, 0.6302565079117184, 0.684207159240086, 0.6691211158805125, 0.6044180397524801, 0.7299257341862463, 0.6620872343738178, 0.627556105044969, 0.6480964308068248, 0.6453112692686673, 0.630906932398223, 0.7075341974223702, 0.7700940781222905, 0.6410368897272435, 0.6788657978139339, 0.6556594722401304, 0.6997528604855736, 0.611806150672722, 0.7651483497969002, 0.6708822190991748, 0.6864269117301031, 0.6076450844161654, 0.6547516468402055, 0.6488283588194882, 0.7374353100162943, 0.7012975501376139, 0.7377551742262054, 0.7160619264589482, 0.7076292864117931, 0.7163741147025298, 0.6858883115583198, 0.7135414851112699, 0.701137931988403, 0.668567989473397, 0.7475828873651127, 0.6710024330260314, 0.676268755786127, 0.7269191502795095, 0.6953990726262865, 0.6757994411333377, 0.5837030896370078, 0.5796739748218247, 0.6697936831559665, 0.7317863276110521, 0.6595683035252966, 0.675989577908722, 0.6272431479021925, 0.688596991156384, 0.6486392934514486, 0.6952233285822002, 0.6476734950132594, 0.7112860858293024, 0.6391869780719627, 0.6814938563716166, 0.689238760525378, 0.7510834165454523, 0.7228700758148375, 0.6948515610489848, 0.7053466035852642], [0.8299443639363792, 0.7756036302369187, 0.8189742060470148, 0.9042503088309463, 0.8778627568630135, 0.8549969557593001, 0.8176016819649432, 0.8151491325509712, 0.8416072178184701, 0.7961130028269631, 0.7601906012410797, 0.8990817296558687, 0.7715992094252525, 0.7529612536068543, 0.8289069493921308, 0.8081385059535744, 0.6723192849394662, 1.0000000000000004, 0.7617551486833467, 0.8964297855328819, 0.7951795238616131, 0.8739991475065125, 0.7707042591951482, 0.8446972870107583, 0.8291753174755624, 0.7934367963111147, 0.8321497403947888, 0.7957506946997467, 0.7949663275291814, 0.7553050604137266, 0.8254938147432925, 0.7438217273549348, 0.8070694496819274, 0.7832015124946473, 0.7772941808337385, 0.8133525028935171, 0.8081893370305924, 0.8190025767271931, 0.7695582735804523, 0.798049188349977, 0.806098622853819, 0.8649714342177679, 0.8212666358884909, 0.9100026725106805, 0.7502425318344916, 0.7791021524026862, 0.7694057508561016, 0.8615489753012764, 0.7679750673339807, 0.8333325589034918, 0.8000498578850167, 0.8042952637736847, 0.7897171454853469, 0.7848929225754252, 0.8434462093129413, 0.7078334806270451, 0.8268148123149855, 0.7685922289467866, 0.8310720825004727, 0.8673392552494448, 0.7950791126063266, 0.7436609536924281, 0.9022427549310409, 0.8099535179487239, 0.7859963961710248, 0.7648834749670363, 0.7941621444025421, 0.7710613561365023, 0.9053310695021953, 0.7938641082451257, 0.7938604190345472, 0.8090302187962927, 0.8505711759028731, 0.7905071276594631, 0.8002384863763923, 0.7899555831457822, 0.8192001152921152, 0.7561366465365298, 0.8236045836858692, 0.7945879851751877, 0.8232136334902839, 0.8201779979759234, 0.8616399630664086, 0.8314544227425832, 0.7349733557495437, 0.780484214306638, 0.7666912795010288, 0.8645767307648882, 0.8438258088030853, 0.9013494333252069, 0.7807210957377165, 0.867446377674667, 0.7644062199286451, 0.7722515106727978, 0.7504106353779089, 0.8847392188967963, 0.7862276752484404, 0.7443392689467077, 0.8947307129189039, 0.769983711811472, 0.810561783331034, 0.7874201449946804, 0.8598989494175584], [0.7466701144108164, 0.7438794148512998, 0.7882226323459809, 0.8560856149461874, 0.8091757029334468, 0.8208585273332013, 0.7400043698489652, 0.7321264094284317, 0.7854332840937487, 0.738206976081305, 0.7135717838914286, 0.8228946819558082, 0.6750198055874392, 0.8286957148652596, 0.7329585630568055, 0.7392487936025516, 0.682222575240846, 0.7617551486833467, 1.0000000000000002, 0.8133863606429593, 0.7792960701188466, 0.8072105713855084, 0.7017690512357485, 0.7113263822915525, 0.8216955988972915, 0.7743375806665245, 0.7960042575651455, 0.7772244173212709, 0.7358237879871947, 0.7660614479492311, 0.7669703941918344, 0.7425270198072549, 0.7859408352256145, 0.7019996255761917, 0.6936893081663119, 0.7852145126488217, 0.7974093932956795, 0.7585610541524569, 0.6737883950239064, 0.7765007354938271, 0.7703364243874723, 0.7828482496664669, 0.7788518548196246, 0.769556551323145, 0.7720117598362968, 0.7762741266945548, 0.722756172610165, 0.8319295968985572, 0.7757045888727985, 0.7886431302252435, 0.741734098064736, 0.7634549082037029, 0.7422725382423915, 0.7218636192589322, 0.7535730303576885, 0.7488926501928715, 0.7824341806496836, 0.7479741658982499, 0.8014196405954658, 0.7854743091182093, 0.8183151990995569, 0.7274205504244877, 0.8574767001096254, 0.7620727935073299, 0.7962462298807206, 0.7014142003036596, 0.7530027558260339, 0.7535263111642796, 0.8491792658672213, 0.7848892387593689, 0.7938352545728314, 0.8328394713508422, 0.8563013659981954, 0.7947373166634055, 0.7497442566409367, 0.765084299337248, 0.8021548502351757, 0.8012198262226264, 0.7698406053744715, 0.7582443578042776, 0.7400677570148841, 0.7887770539316233, 0.7351902224675362, 0.8015306983236142, 0.6943200815895476, 0.7508655851501275, 0.7453014930520747, 0.8158761724452958, 0.7433726880063547, 0.7729230808820216, 0.7623120038750602, 0.7207175213096123, 0.7137326798497413, 0.7811874882107925, 0.7432317959557866, 0.8343864751365535, 0.7550796707712388, 0.7956083622998156, 0.8061795104730267, 0.7490165862990581, 0.810149494914925, 0.7678425848728219, 0.8310041738451686], [0.8168033358530825, 0.7972557909963908, 0.8331042448418988, 0.9202007801716319, 0.8923196990044494, 0.8614982904046412, 0.8000170765227004, 0.8099660297228809, 0.869093648838983, 0.7840697431551401, 0.7628117343714708, 0.9095209814541284, 0.791345902890118, 0.8419554809362487, 0.8236009433592947, 0.7988710806258215, 0.6236156794306039, 0.8964297855328819, 0.8133863606429593, 1.0000000000000007, 0.7996188321661014, 0.8875985666328158, 0.7432290225606369, 0.8375657692862827, 0.8198055826047784, 0.7728381321249538, 0.8388470397782085, 0.840259993267091, 0.8069352838080788, 0.7823378541772753, 0.7888529621222047, 0.780815933316607, 0.8022312921459395, 0.7934452704251849, 0.7527974554178306, 0.8183697048694769, 0.823573908648516, 0.8566563546193088, 0.7242014390018189, 0.7998576030488155, 0.8371076218987195, 0.861553716717824, 0.8179998947625752, 0.8536657536984861, 0.8161629366859234, 0.826045917836848, 0.7903687981016542, 0.9048780722431852, 0.8142601513179746, 0.8520459686406169, 0.8155269798788147, 0.8411265952574486, 0.81216732877