[[0.0, 0.32794651764229066, 0.32130682449196346, 0.318033756280494, 0.33586283476306344, 0.2993859399587182, 0.3326239671662312, 0.3290151273738615, 0.3121918532597294, 0.3153511880321591, 0.3338569621266212, 0.3296892068244268, 0.32095843751868336, 0.3221707675277845, 0.31044634025361506, 0.3342381201179132, 0.312400654155919, 0.3066110460755125, 0.31633307140518596, 0.3161590804636496, 0.3031905953931311, 0.32628643503811805, 0.3100939287798745, 0.3014571659000367, 0.3080360307196506, 0.3283367382819671, 0.33038008600764335, 0.34464743666235886, 0.3092723072043302, 0.32153625604059455, 0.30088999835275065, 0.32829590440851164, 0.3173722149387195, 0.33114353679157804, 0.29194030271460725, 0.32710842582286825, 0.32195876389475653, 0.3101754400987282, 0.3298623296189589, 0.3397877690317923, 0.32227554757643073, 0.32139683676574227, 0.32724587582035003, 0.31383495828726105, 0.3281289290775722, 0.30478048313514683, 0.31646466153462316, 0.3344027951637265, 0.3148468594368652, 0.3245508616989661, 0.32380544832039737, 0.3088998317040028, 0.3185119239748244, 0.31839733806991455, 0.3148396737128647, 0.30892854636216716, 0.30865921710071786, 0.3287283603289759, 0.30420052907348505, 0.3170826458223801, 0.3053889222983852, 0.32702228755302953, 0.32635687284246506, 0.3090207637494682, 0.33075487103968126, 0.33855813796237766, 0.31691847767175685, 0.33539318101029814, 0.3181572550756342, 0.3313848082325903, 0.32571425300590806, 0.31139170577069786, 0.3048658570726692, 0.32072397273084285, 0.3084764363157104, 0.3297963445555985, 0.3169199139353007, 0.3054522246287026, 0.31713935099571544, 0.32463373920024563, 0.3237057627905766, 0.3167535558371344, 0.3159910072999965, 0.32365089455047413, 0.31367278006147403, 0.34864142321470415, 0.29120574377530484, 0.3385819964268091, 0.333388814037308, 0.3343665150229591, 0.31940866029376713, 0.31208633431171906, 0.3289862988309713, 0.3293902588113069, 0.327992141913348, 0.33030457482680786, 0.32573001383561806, 0.31179801888904035, 0.306116203269972, 0.31829089048619696, 0.3195007918015973, 0.2914403199021274, 0.3206362295514442], [0.32794651764229066, 0.0, 0.3208248465864836, 0.3176940501610752, 0.31900998020403315, 0.3188605396313027, 0.3247973032610969, 0.31161625077455923, 0.33433813040495175, 0.3209038451331576, 0.3155761704901552, 0.30959660509207, 0.3085955980153634, 0.3304213233540907, 0.3518713319628375, 0.32183626861831205, 0.3213580649190264, 0.3218360691984776, 0.3026237494516102, 0.32354687281618477, 0.3153564767611605, 0.31489005271342685, 0.3181801163138458, 0.3231604018920109, 0.32503451338955713, 0.32870962568817474, 0.3241861662882237, 0.31761915107491356, 0.32094504954561365, 0.3037578563092538, 0.3280311500742381, 0.30675555829409995, 0.32981542030828304, 0.3180759340782673, 0.3336471999359656, 0.3189998775429017, 0.31071894918471066, 0.3312471039323972, 0.3085164619968779, 0.3393839826489311, 0.33858246052242236, 0.32130110361494757, 0.3022206534584839, 0.31592720147012754, 0.31717448855319486, 0.3395284538230454, 0.32685228385525145, 0.30946802880915514, 0.3111518464129548, 0.3410054745303597, 0.3079139555842252, 0.3342940790969342, 0.3039003282538364, 0.3161374099391232, 0.31950570109630005, 0.3010437983293459, 0.3276814383809621, 0.30213280488334315, 0.31159076423845344, 0.3263117608798505, 0.31988216692193117, 0.32572309939922417, 0.32244601441113985, 0.31156022960206164, 0.331431960364982, 0.29702796244019325, 0.3097053748054046, 0.32405437142795623, 0.31888478161874123, 0.3295126834206601, 0.29267839166150456, 0.32035994746737795, 0.32697368315854636, 0.3145881063476137, 0.3195944862656448, 0.3207432827127925, 0.3179515035988856, 0.3229556109404512, 0.32819756831726843, 0.33508106057327725, 0.3126021710379445, 0.32923331870211414, 0.3098873376165774, 0.3256583394565542, 0.30108412785072347, 0.3356944799140593, 0.3147777766498496, 0.3177484008370881, 0.3396259262196297, 0.30308473835206096, 0.33205293408839864, 0.32062395270736244, 0.3123734497331767, 0.3024570738435788, 0.31405439515846734, 0.33338457081500295, 0.3266064770668047, 0.3225903974587656, 0.3303597443923132, 0.33024578089558654, 0.3320818094621778, 0.30245510781728213, 0.32328785010031624], [0.32130682449196346, 0.3208248465864836, 0.0, 0.2911792060628646, 0.3338837700179873, 0.3222505473413477, 0.3186557761626494, 0.3236678991465334, 0.31598637384795425, 0.308398051494021, 0.31860087515379454, 0.31259965261257205, 0.32470534228068226, 0.32049600799015354, 0.3282524623714589, 0.31487157440445546, 0.3196031760185629, 0.3151705427202163, 0.3254602566241005, 0.33426742690435085, 0.32302829737293437, 0.31754435753601706, 0.3142227870951988, 0.3115432185417437, 0.3414772855309034, 0.3150304372672714, 0.3271908882305772, 0.3298893715480993, 0.3252120231051303, 0.3187290810009593, 0.3273836755543147, 0.3315057209986225, 0.3246076116284047, 0.32101374501385127, 0.3249653981453726, 0.3252328216430287, 0.3234563490797555, 0.30168160109827213, 0.32495390618346853, 0.3344513285590669, 0.31822000761830305, 0.2977988780182106, 0.32034529505143516, 0.32159989951796364, 0.29096417494363425, 0.32317140838405467, 0.3251371813905455, 0.3083359969994319, 0.3169031011413783, 0.2930343835442948, 0.31965936498862524, 0.30870816025100734, 0.32738344899523386, 0.3183725439318832, 0.3251294973826173, 0.32058048626226077, 0.3091905167253033, 0.3071516560230292, 0.33447841857937144, 0.3235656267548983, 0.3264087772927644, 0.3255433628288915, 0.3114277765033473, 0.3261965627356944, 0.32198736949740003, 0.33689397836051027, 0.34747279252883145, 0.31443087896443833, 0.31183957757986014, 0.33505497979525223, 0.33226113373411903, 0.31312116350446506, 0.3017643176513056, 0.34162779915355457, 0.32129087285016134, 0.32181846296559913, 0.3065619321402615, 0.3184385540290091, 0.31380619764174544, 0.31819033313397505, 0.32703577193892874, 0.3104565091099485, 0.30576087660701856, 0.31477360513213926, 0.3310788506776312, 0.3397489912582716, 0.31440576411329046, 0.30703438131680394, 0.32575578019196305, 0.32344556872508834, 0.33139637565004976, 0.33469954670282487, 0.3088739084786596, 0.31824582561433123, 0.33556469585665893, 0.31551274402965657, 0.2874075415232795, 0.3166893274393965, 0.34257463066031923, 0.3145824491511233, 0.3334166506206715, 0.3093416557542956, 0.3157500863182727], [0.318033756280494, 0.3176940501610752, 0.2911792060628646, 0.0, 0.3266923130106323, 0.32010263754559865, 0.3244909638317375, 0.3055408970936029, 0.344618645478898, 0.3161406403677476, 0.33199178724343414, 0.33046504658770437, 0.31401957618237586, 0.3179232287681373, 0.3232285849329488, 0.3034101879241933, 0.3291752947192035, 0.32550920284272933, 0.3191482981806124, 0.3220742475912648, 0.31454134423566993, 0.3211766271119554, 0.30347125558445187, 0.3158629039879888, 0.3014042643011112, 0.3343634091088219, 0.3215721814457575, 0.2892797981106012, 0.3175931777627059, 0.30492603922841366, 0.3164904037430958, 0.31721826692905886, 0.316160753359102, 0.3070824839521067, 0.3121620925538926, 0.3419415251420532, 0.3111029403690493, 0.3335202011396874, 0.3153903518340495, 0.3308213588554041, 0.3084272819418872, 0.2370860566479256, 0.33488638496142853, 0.3164135893980915, 0.31545440880598097, 0.2979147880601527, 0.3302541034915727, 0.32101997020436657, 0.29926344451649123, 0.33402752591057383, 0.30973333685348914, 0.3134565577818824, 0.31027495098036995, 0.3153155703115036, 0.3350080195012828, 0.32863094371030144, 0.30855450748880364, 0.32266597813546793, 0.33503148823933815, 0.3164010550863996, 0.33382282743622316, 0.3306864929387858, 0.3241085310258478, 0.29495370204826155, 0.3280130131361618, 0.3196224915655519, 0.3351252964358966, 0.30755965501600646, 0.3257337439306973, 0.3299035725188293, 0.32714746089518654, 0.30399458947352875, 0.32446002249141515, 0.3297515668005391, 0.3140789882984081, 0.31804725579364734, 0.3094171369732366, 0.3054061499270011, 0.3203806043069797, 0.31467188574051064, 0.30425636328269756, 0.3048771849139418, 0.32250398501490185, 0.32063239640495644, 0.32543270987638717, 0.33188592198177447, 0.31877002458963366, 0.3432642255097744, 0.3179163043369755, 0.32476080967843823, 0.3134621005655571, 0.24222788073370416, 0.31165508444480294, 0.30252280549078137, 0.3271299744770473, 0.33229345386646947, 0.32195110525390347, 0.3060427114625035, 0.33252344206823503, 0.3084354738078223, 0.30436078628710295, 0.2994621436423961, 0.33686188812626994], [0.33586283476306344, 0.31900998020403315, 0.3338837700179873, 0.3266923130106323, 0.0, 0.338397258952718, 0.34054999020073207, 0.29349811452376495, 0.32825160764785566, 0.31429649779800806, 0.32432189486525465, 0.32486558196124116, 0.30403948996068264, 0.3152804066664776, 0.33345640389771525, 0.29135988142365243, 0.3423177773113324, 0.3383569897243983, 0.34587894252078466, 0.3257918420832415, 0.32427426862109465, 0.296977780581847, 0.31015810391954846, 0.32886683212695855, 0.33071471038940325, 0.32165559701043267, 0.3241217573751176, 0.3095827202073407, 0.31426734244268206, 0.3203614489919244, 0.32281264505895146, 0.1958265581953278, 0.321985816123431, 0.3103232382425798, 0.3206948648918484, 0.31431418008751777, 0.31646703352092587, 0.33644135675569786, 0.31796533949697614, 0.3229379268169006, 0.32096207933223586, 0.3306275517398398, 0.3178113156265523, 0.32426713189241463, 0.32443180209663214, 0.3237137382492026, 0.3342288177051769, 0.2357044386712881, 0.2957481687184518, 0.3251123673764227, 0.31465643013183886, 0.30796144865316766, 0.31644964924992136, 0.31083927779041276, 0.3152588225801234, 0.34229807310037685, 0.31954217630413284, 0.3165849074731504, 0.32976849482565473, 0.3255967058481981, 0.3265734785426342, 0.3201084884748615, 0.3341329727458655, 0.3077313278708671, 0.31933148727058813, 0.3300418299028085, 0.32703764345718156, 0.3231982928328312, 0.32778143614258526, 0.3166163511025979, 0.32772842039391836, 0.3217314221214933, 0.33976137295729103, 0.32441056648487265, 0.3145706809769333, 0.30708976194138793, 0.33496478726458845, 0.31145901195450243, 0.3288277361437799, 0.32138073357764574, 0.32107218658973147, 0.30696349580796256, 0.3302287068866472, 0.3326847573400662, 0.33462815355940956, 0.33163788717530496, 0.3220198412078912, 0.23999176920174192, 0.32736919517842344, 0.24781098041742644, 0.3204706693761863, 0.2925116698749346, 0.31960736800511813, 0.3107723929411461, 0.31805732387192553, 0.3401790340608999, 0.31341440529503095, 0.3121911984807142, 0.32375628001003776, 0.33311941947676216, 0.3196365899423659, 0.3119028553625949, 0.3403224014409387], [0.2993859399587182, 0.3188605396313027, 0.3222505473413477, 0.32010263754559865, 0.338397258952718, 0.0, 0.3128940554601152, 0.3351059338332423, 0.3245711213898794, 0.3313352412561714, 0.32952175268883876, 0.33621299733696075, 0.3397284131753402, 0.32468618586586806, 0.3292188786180241, 0.3365051181443248, 0.3201795702481114, 0.3069501547959508, 0.32773402708565547, 0.3238688892658117, 0.28649016083678713, 0.33580235854515506, 0.33076536230457054, 0.3201817219223406, 0.3155874592113226, 0.3166981282116572, 0.31911574482014626, 0.30611506743854955, 0.32518365744501665, 0.3260116046442294, 0.28961309728910445, 0.3376820443279678, 0.3097692970845254, 0.33577823073158797, 0.33561262331232644, 0.3392287976675381, 0.32096085339013425, 0.3201183169322537, 0.3211572310941473, 0.3127962156594224, 0.31588244765286033, 0.3172898484591624, 0.3364255501369493, 0.3335560241216984, 0.33297106693640655, 0.3393228839822007, 0.33389264918520656, 0.33109151665433245, 0.32007651029063666, 0.31558957902642715, 0.3195630352652339, 0.3205562294187343, 0.31122758977933307, 0.3189465663599458, 0.32772474682208474, 0.3395298745899169, 0.3070595005021661, 0.3219055586496362, 0.316019984070947, 0.3037658490172488, 0.32575628648263666, 0.3252808798882909, 0.3455997902311283, 0.33941024604854353, 0.33015842597575573, 0.3150717723333627, 0.3139271199825626, 0.3187849459658745, 0.31964616453025974, 0.3202725774656128, 0.32326874978096587, 0.3037470088895611, 0.327740678608083, 0.3316022947375905, 0.3241637564946851, 0.3123904770167918, 0.3312111185670439, 0.33181269489406096, 0.31917732337990246, 0.3114257206346829, 0.32934658843355846, 0.30627096650018615, 0.33097312329882556, 0.3158782254741783, 0.3191781252934942, 0.3501969226072197, 0.33062258778715803, 0.33821555253239777, 0.31914623109207274, 0.3111221907070729, 0.34021972566631886, 0.3379220696427423, 0.3343762793234599, 0.32534909755694885, 0.33226667295516, 0.3283134656248632, 0.3177749471293858, 0.3337157811919962, 0.2957976492204528, 0.32577853538562174, 0.33167858282750573, 0.3136050394626029, 0.30023730131082105], [0.3326239671662312, 0.3247973032610969, 0.3186557761626494, 0.3244909638317375, 0.34054999020073207, 0.3128940554601152, 0.0, 0.320951229316059, 0.3005460657360648, 0.314128153552659, 0.31742947857504644, 0.3198315784278125, 0.31709928875615057, 0.3334257341415625, 0.3176117811723611, 0.3257781812155274, 0.33660857541563627, 0.30504312561142766, 0.3167747361202464, 0.31523217967186823, 0.3280284597521048, 0.33402629211006496, 0.32451765424455936, 0.3373792689498962, 0.31417108139562533, 0.3077866720205489, 0.32855436384744374, 0.3255143335521584, 0.32366364704210127, 0.3048868741535966, 0.3249971107696419, 0.34517570613603477, 0.3067042756094869, 0.33291954652403044, 0.3265441497560724, 0.32522283050572476, 0.3124165035538442, 0.3124055405113362, 0.32991895050299314, 0.33742227506774625, 0.3248946339737333, 0.33158671556751584, 0.32100938410430513, 0.325551003457512, 0.31672730140492567, 0.29708033004984813, 0.31087125946132854, 0.316087296986423, 0.32771496498489383, 0.3421915279894945, 0.3127308102481785, 0.3214934670201899, 0.3136149130981847, 0.3202720815659308, 0.3172935129507657, 0.3218837847339946, 0.3165662034888337, 0.32386788174218384, 0.3012515320239979, 0.33780738841911884, 0.3147760616758928, 0.33198738210778655, 0.3190641136426924, 0.29548765405326405, 0.3268189860432984, 0.3236836771393994, 0.32100502967924527, 0.3041068902975297, 0.30633768241945525, 0.3267764998244753, 0.3104684952836003, 0.3092983674665253, 0.3205020677987478, 0.33789905927593233, 0.32045073471081076, 0.30587014310632843, 0.3200898479630385, 0.3403677568387611, 0.3210909160835693, 0.3220668043068271, 0.3197007290108771, 0.32612258115831594, 0.30497531000737754, 0.32177370308157327, 0.3286642439718823, 0.29927446895897103, 0.3081297162653829, 0.3311982847040187, 0.32625255860150526, 0.31682818964003645, 0.323202309653003, 0.3342792171629718, 0.3119752386893371, 0.32829008619684164, 0.3212990691853854, 0.32489275514240257, 0.3342421812858507, 0.3167044063490321, 0.324590571521445, 0.3174355226358092, 0.324960505455413, 0.31426580127817405, 0.334197906650445], [0.3290151273738615, 0.31161625077455923, 0.3236678991465334, 0.3055408970936029, 0.29349811452376495, 0.3351059338332423, 0.320951229316059, 0.0, 0.3256064656868842, 0.33496811999457576, 0.3208564457873482, 0.2935770104412996, 0.299281859082126, 0.33828178004325604, 0.3286325580308509, 0.3259841825290124, 0.333417340566432, 0.3255544187635522, 0.32749665105309145, 0.3295001521716008, 0.3138000647255679, 0.31393721617125014, 0.32464511509675753, 0.3263913975023973, 0.32797802317721003, 0.32259428903106113, 0.3304111734593347, 0.3311400096981365, 0.30335579802292845, 0.3181833784939214, 0.3318444982214357, 0.3065286454879457, 0.3289115935774414, 0.29780811679051267, 0.3399140616720182, 0.32707700753812596, 0.3330513974457372, 0.33564806979643547, 0.30925740510730115, 0.3331308875587782, 0.32782523626787485, 0.31315742025093507, 0.2986808874166773, 0.32114860948057444, 0.31291688544401985, 0.309129906092692, 0.3293738582884793, 0.3216867687545233, 0.3156987321029676, 0.3106293247150511, 0.3304474082969233, 0.315482891558188, 0.31142956452579695, 0.3240103149254274, 0.31010963041036477, 0.33357994398563706, 0.31736065771974764, 0.316791695688569, 0.33049555607476777, 0.33531012446324393, 0.3300767645413425, 0.3280056855929063, 0.3146319074888335, 0.30378625289975836, 0.32114067760383014, 0.3278466583017632, 0.32798661485841807, 0.32383366609526787, 0.3245808313200589, 0.3480350702861843, 0.31451875068333734, 0.3181468890623451, 0.32429243975252864, 0.3184721520191638, 0.31596478864369604, 0.31742196682707924, 0.32447163745806495, 0.33579025547244234, 0.32462349557048453, 0.3115909998803035, 0.32237178821445633, 0.3238527438709704, 0.2980597482024594, 0.311372941405216, 0.3239976420575057, 0.3414965398623093, 0.3145858602198992, 0.2995590037820228, 0.3184070991474659, 0.32136609760674006, 0.3161252700545485, 0.30981661366790103, 0.3184897605740886, 0.3157042427605359, 0.3016273361983144, 0.3353145932979613, 0.3159746062753275, 0.31394389215279905, 0.32643320103051376, 0.3297844567425394, 0.30934395039409246, 0.3108291417491196, 0.3285974700651182], [0.3121918532597294, 0.33433813040495175, 0.31598637384795425, 0.344618645478898, 0.32825160764785566, 0.3245711213898794, 0.3005460657360648, 0.3256064656868842, 0.0, 0.32526651861474964, 0.31199184961588955, 0.33814658380090235, 0.3376072870142348, 0.34103584724670766, 0.3290417614389962, 0.3228592204096348, 0.33101382772087895, 0.3297269887890526, 0.3146386227868523, 0.3315622486290861, 0.32475528335921466, 0.33227552635704094, 0.32682996742911885, 0.3044453741757671, 0.33364413842406604, 0.33224964735974827, 0.30843059755320823, 0.3295166682151798, 0.3096651769950949, 0.3135698348180851, 0.3248652615235983, 0.3210020478995148, 0.3084918163164079, 0.3374399816004805, 0.31418688683496576, 0.32254593357601946, 0.32633601539182533, 0.2704874587629804, 0.3254595576198003, 0.33225029003516027, 0.322412343251786, 0.3372216709216529, 0.32895462633580186, 0.29829071709257904, 0.3352328809527525, 0.3034057626763844, 0.33661121438952857, 0.3366829678220211, 0.3267584572690194, 0.30968936712619577, 0.31399545117608674, 0.3066667193353907, 0.3227724955248501, 0.31889784568989676, 0.32913024664442614, 0.334425801565128, 0.3354058755894782, 0.3197203275545244, 0.2701425941296607, 0.3217242581253985, 0.3045878620733171, 0.3212586698469999, 0.30091080143231164, 0.31757062493372823, 0.3020042230498592, 0.3107281540620348, 0.3099155098557018, 0.31293537859198683, 0.34017130772767823, 0.30280108800996475, 0.31510371096500833, 0.31626168941563715, 0.3109907830781615, 0.30105091312005827, 0.3124023047089275, 0.29496445026960383, 0.31658529064263763, 0.3172437499781926, 0.3287188266505108, 0.3112858834368486, 0.29200194409161484, 0.31577177001605117, 0.31866004713912965, 0.3336341675798078, 0.3418492825962125, 0.3229750498424506, 0.32027824243133773, 0.33172470909663043, 0.3156966138113797, 0.33036743883797026, 0.3233471929858902, 0.33213361290150556, 0.3240972807434135, 0.3161524790059598, 0.3285090280253187, 0.32349440758823156, 0.3208601612542312, 0.32953807881332775, 0.2855687058199836, 0.3358520283993993, 0.33170639630957277, 0.31491287931756085, 0.29687364515065795], [0.3153511880321591, 0.3209038451331576, 0.308398051494021, 0.3161406403677476, 0.31429649779800806, 0.3313352412561714, 0.314128153552659, 0.33496811999457576, 0.32526651861474964, 0.0, 0.3207051895913118, 0.3211848805990791, 0.31370153078510143, 0.32231815793431995, 0.3375771859504575, 0.3273102140872941, 0.31157838768260526, 0.3009959644467226, 0.3245322403074782, 0.3326623502867181, 0.31439647069770915, 0.32236022464049774, 0.33341406602200063, 0.33359391402028415, 0.3200296315315283, 0.33590156942034666, 0.33262988768414425, 0.31826934979062704, 0.32765505541466, 0.313210009157296, 0.3187880447511158, 0.33304325433062587, 0.30449543267738743, 0.3260140492436505, 0.333945008672375, 0.3079399316822493, 0.3175158003126759, 0.3115393827607842, 0.3224327445769952, 0.30729692277575715, 0.31509618521423954, 0.31485885743877007, 0.32657329743740604, 0.28482144729331793, 0.3320524162753966, 0.31733522090241406, 0.3134783534755363, 0.3223038862605765, 0.32238343720174445, 0.33124785815137114, 0.33068281116196685, 0.32235692787934034, 0.3182117908411266, 0.311054481487018, 0.32207049030920953, 0.31139891573945677, 0.32147656802655455, 0.3344995745983834, 0.32925743647348327, 0.31973134906775424, 0.3048155424459653, 0.33320469582194834, 0.31562418172450246, 0.32757016630369096, 0.3198830518595661, 0.3309783605935641, 0.3289385396005169, 0.3271524278404796, 0.3101566817056547, 0.3080856561324419, 0.32796143093671337, 0.3125809772418706, 0.30380045771427633, 0.31622220921665867, 0.30424804645381, 0.32525353580742844, 0.32668156545612814, 0.33740815203696406, 0.30157166567467497, 0.32660637948236704, 0.33651515213610517, 0.3169284618228836, 0.2776301023867689, 0.32762032629450855, 0.32237108737739373, 0.3338864194538511, 0.3172526253487271, 0.32974027394562877, 0.33222279409283884, 0.31567045720774356, 0.3239348433306086, 0.33549873271889896, 0.28937466339727513, 0.32228975059588816, 0.3405697325835657, 0.32948468590542834, 0.31530419205725124, 0.33756794075562113, 0.3342356145193375, 0.32120894322816507, 0.3270119332771897, 0.32403592747313015, 0.33346194127708695], [0.3338569621266212, 0.3155761704901552, 0.31860087515379454, 0.33199178724343414, 0.32432189486525465, 0.32952175268883876, 0.31742947857504644, 0.3208564457873482, 0.31199184961588955, 0.3207051895913118, 0.0, 0.3317654373936325, 0.31698420473994227, 0.32927614356713497, 0.31081105086272376, 0.3260668861834355, 0.3339004721198511, 0.31369550958055714, 0.340824338437852, 0.3319290141320259, 0.31303378737265275, 0.3151928969782083, 0.3058193060917278, 0.3164061793957651, 0.33597093438752523, 0.33736325127910693, 0.32143141291313637, 0.31527606372601635, 0.3251553049466269, 0.32075924092055796, 0.3118875698223713, 0.32133357024147347, 0.31270006335032385, 0.3236999942340435, 0.3313744829694445, 0.32505566155815124, 0.316158053793282, 0.3243273380263598, 0.30502231921678136, 0.34741380668966704, 0.2832195895550569, 0.33416395589638936, 0.32502493828641676, 0.33106196357951334, 0.30664217301333174, 0.32646459500885894, 0.31230920644766447, 0.3185674010903472, 0.30064476667249895, 0.33521657393974236, 0.32528719828140806, 0.3306239329158285, 0.3143982286641187, 0.30667357606641366, 0.3228169315290357, 0.3256207802959239, 0.3252100325046068, 0.31868137273539854, 0.32506202231921333, 0.3241424667138031, 0.3229502030063709, 0.2943456596789742, 0.28979928327633964, 0.31600377209174524, 0.3177565094326722, 0.3117095221495254, 0.30264930433891846, 0.31996145214733773, 0.3294238973735437, 0.3155363325126772, 0.3107033438257638, 0.32772300675440214, 0.324110480932821, 0.3392118032537703, 0.3126304918237517, 0.3181385864774484, 0.3256641862480625, 0.3118493133139746, 0.3168645627135107, 0.3134104368880941, 0.31942909367871786, 0.2967653862889341, 0.3142024985658485, 0.34153113346261676, 0.3408896109137969, 0.33030748605593985, 0.3227277332255096, 0.3175093883945397, 0.3135328854447419, 0.3320097455020148, 0.3086147000574968, 0.32584437967099045, 0.3104173307349145, 0.3156920475438607, 0.31369744407244604, 0.3500659352117781, 0.31128926730973494, 0.31408788165633417, 0.32353106422981237, 0.3132760225964666, 0.32454930215883726, 0.2905932134438014, 0.3366522786652588], [0.3296892068244268, 0.30959660509207, 0.31259965261257205, 0.33046504658770437, 0.32486558196124116, 0.33621299733696075, 0.3198315784278125, 0.2935770104412996, 0.33814658380090235, 0.3211848805990791, 0.3317654373936325, 0.0, 0.3117359090650609, 0.3367877971614348, 0.3431730076057209, 0.3291857324576879, 0.33803539076178835, 0.32682405420931104, 0.3205744692740633, 0.3188558155812171, 0.30858478346997376, 0.32826768441618004, 0.31965042642007724, 0.32860704430521737, 0.3458448992808727, 0.3333671267457943, 0.34409423412778084, 0.32071440548783836, 0.3173030756336874, 0.329398822149348, 0.3246013755946646, 0.3318140699988543, 0.30335834934737305, 0.31425756317410536, 0.31197712854309545, 0.30765798062222216, 0.31326919022541766, 0.33217171512134747, 0.29806145185526733, 0.33996257495767157, 0.31991921372497, 0.32752320818365144, 0.09948725736057873, 0.3160933928435734, 0.3273683567284984, 0.337092879247747, 0.34112014559767, 0.23908032031267568, 0.32915867102285845, 0.26397845629936634, 0.32470312055076733, 0.3288617693570881, 0.32622023988155036, 0.3297992190025951, 0.29355451780322706, 0.33767391637415156, 0.32322053268661466, 0.3208291660613998, 0.33966216038973895, 0.3454710958041929, 0.3342974940233574, 0.3383399869203274, 0.33806781525048457, 0.32935051862002407, 0.332786170580498, 0.31512536369197863, 0.31454812682152133, 0.33228111426578955, 0.32819682948689555, 0.3293015966743982, 0.33676818829023647, 0.32108307435293204, 0.33139089037449443, 0.34039253748811693, 0.316415452264194, 0.33238900278772054, 0.3303962556554252, 0.3026705285558493, 0.3262116495946621, 0.32654762228542644, 0.3245297119986912, 0.3413364807478505, 0.33439347924767504, 0.3094737624377284, 0.3407744448269747, 0.33380360969125844, 0.3228890281354675, 0.15768609839028813, 0.3073003073848386, 0.34016643284879033, 0.33055022722690075, 0.3319821216529968, 0.3367788788827155, 0.3140489459508733, 0.3207821962186843, 0.3125088874652242, 0.322371519171998, 0.33260512445241397, 0.3193737942038921, 0.3244354988740856, 0.32492308099358125, 0.3149635365480745, 0.34853463390280304], [0.32095843751868336, 0.3085955980153634, 0.32470534228068226, 0.31401957618237586, 0.30403948996068264, 0.3397284131753402, 0.31709928875615057, 0.299281859082126, 0.3376072870142348, 0.31370153078510143, 0.31698420473994227, 0.3117359090650609, 0.0, 0.31928022925675115, 0.31349941352931987, 0.3234997534540942, 0.30444275530114684, 0.3145474398088641, 0.3343010664845507, 0.3324063204636012, 0.3233871148302381, 0.33171694855190337, 0.30561832218349183, 0.31432877986556673, 0.3252850540098218, 0.3369255196857459, 0.3263649367818555, 0.32977411360017617, 0.3232816024520213, 0.3377399516465338, 0.31627498127793174, 0.3059930929472181, 0.32979636371196186, 0.31328035457767944, 0.3266812798646843, 0.3049345485404311, 0.3073977007602742, 0.3243326246700178, 0.2865123518449062, 0.3232633749099991, 0.318686743376259, 0.3274008274269977, 0.30938829020595393, 0.3164765677631467, 0.30394752284343407, 0.3297338228438689, 0.3194918732896308, 0.31883502326578705, 0.3145295608462366, 0.3151123819465158, 0.31155985242236883, 0.3259951423079195, 0.3108677933277155, 0.32539446000946537, 0.3190751947333752, 0.33303334528407236, 0.30424714898138716, 0.31716408849764766, 0.33404394706199336, 0.33016880777641977, 0.32694177878333797, 0.32729814288618453, 0.2906937584411249, 0.3164055744362786, 0.3156199828994768, 0.3294229753422224, 0.3309529080447453, 0.3144316544126209, 0.3175117620191523, 0.3240292930560429, 0.3299439673387241, 0.3326690027469954, 0.3377453678438018, 0.3216179288186207, 0.33220930029757256, 0.32426866938269683, 0.3164421226390939, 0.3341040172770411, 0.3104144832398017, 0.32990741261435463, 0.3166824198404994, 0.33291078693268106, 0.32662604898445413, 0.32506145240427053, 0.3449955785838683, 0.3247558892123983, 0.29393038165877283, 0.30541926236989303, 0.3184363882186736, 0.32945081681212995, 0.33524790729565845, 0.3152396788917886, 0.3097243618282759, 0.33314391188816805, 0.3411105449770222, 0.3290863286329291, 0.33041590550667577, 0.3178006751162781, 0.33121811678337076, 0.32604274955564594, 0.314572729202516, 0.3030333838268846, 0.32771230450369426], [0.3221707675277845, 0.3304213233540907, 0.32049600799015354, 0.3179232287681373, 0.3152804066664776, 0.32468618586586806, 0.3334257341415625, 0.33828178004325604, 0.34103584724670766, 0.32231815793431995, 0.32927614356713497, 0.3367877971614348, 0.31928022925675115, 0.0, 0.32727363106429697, 0.3156164014798435, 0.3111315938038699, 0.33500763253113996, 0.3150928741212282, 0.32627537960868347, 0.3241863651013186, 0.30478448825063187, 0.3133511299712648, 0.32879064074415676, 0.337871722376472, 0.32680584214711383, 0.3070886380368909, 0.32891166783273773, 0.33273821255681657, 0.32935130776172317, 0.3089984236009915, 0.31391029007027726, 0.31118078989619, 0.32178859382951885, 0.32079427825545603, 0.3131033872119393, 0.3200786670745246, 0.3303739447498186, 0.32554505614696105, 0.3262185005349729, 0.3078532583191458, 0.30640304561007436, 0.336417388669064, 0.3241233072336107, 0.2806546768259437, 0.32960996607828164, 0.3241363934301291, 0.3125407467213821, 0.32390374290814705, 0.33153778284000746, 0.3131338768998251, 0.32353078603107144, 0.31841379151227267, 0.33386890967404526, 0.3317679800171429, 0.28397026837307804, 0.3231885120160367, 0.32276787712478616, 0.3276930407082066, 0.3242435995176218, 0.31113067784842974, 0.3113541864148268, 0.3286867553639714, 0.3249066190478116, 0.3197447215441864, 0.33335822758603895, 0.32783616782011027, 0.321422003485766, 0.327208219184451, 0.3217729309625943, 0.3080202748309986, 0.32952127231093775, 0.2986539732528184, 0.3086601790055077, 0.30715791233029033, 0.3096114634469276, 0.3183936775745726, 0.31951602135678536, 0.3224027186347824, 0.32725339964572475, 0.33869975243556794, 0.3093685893915865, 0.3115154891763561, 0.31230409552203886, 0.3259822466607647, 0.3417008222570419, 0.3092067618806087, 0.3247443088782751, 0.31508499159370573, 0.2937704212542316, 0.32147280002302225, 0.3334595897930124, 0.3177653777761691, 0.31438185034056, 0.2726797767343381, 0.3232231633392284, 0.3099990991970114, 0.3194007783588382, 0.3109535332256823, 0.30233690468890284, 0.3265096679339161, 0.3249231364327769, 0.34066848899377256], [0.31044634025361506, 0.3518713319628375, 0.3282524623714589, 0.3232285849329488, 0.33345640389771525, 0.3292188786180241, 0.3176117811723611, 0.3286325580308509, 0.3290417614389962, 0.3375771859504575, 0.31081105086272376, 0.3431730076057209, 0.31349941352931987, 0.32727363106429697, 0.0, 0.32029010144970216, 0.33807860077839025, 0.3202282043553677, 0.32543460056126206, 0.3299334439302464, 0.3335403994477837, 0.343819992238257, 0.32807935681076317, 0.3153001548415604, 0.316066599741208, 0.320988851072898, 0.32155677477892586, 0.34642130164078067, 0.3278667978161436, 0.3409208669231336, 0.32644181111548787, 0.3376262501574936, 0.3238406141024752, 0.3162563058001626, 0.31410346087634844, 0.3203504185243371, 0.3426289280813264, 0.3106858864061819, 0.3143384492127248, 0.33717348313313167, 0.33578754340710804, 0.31934807448699165, 0.33305373769292834, 0.3116397712189838, 0.3221289859231755, 0.34205096968646775, 0.3306459566200326, 0.32805196701408024, 0.3059677565244827, 0.333378353111041, 0.32900835816174645, 0.31025826853388905, 0.32425350302838796, 0.3192370440185106, 0.32264042262462667, 0.31970117775516416, 0.32224105425572946, 0.3188334631521599, 0.33510414321784276, 0.3361260328229452, 0.31174026341465866, 0.3304465559012224, 0.3338586780660111, 0.31157595371122015, 0.3173115200249028, 0.3211247526029497, 0.30754046818349723, 0.327213216862998, 0.32569919652582113, 0.3158290916322697, 0.3121628035809805, 0.3144432849604053, 0.3213823060318246, 0.3504177505488215, 0.3397866162076175, 0.33493449891480287, 0.32898052837152125, 0.3496920827478509, 0.3318266485852195, 0.3094600671331982, 0.3237907442343695, 0.3211686963015725, 0.3154974740874561, 0.3163702431386122, 0.2895149554676799, 0.33489208454597374, 0.30700711891137744, 0.33677938215364245, 0.32171705680252205, 0.32768038219271345, 0.3345797258896299, 0.3152584319946836, 0.3409329518508373, 0.3191039131277469, 0.33506645162442616, 0.3103499761290449, 0.3353870537359862, 0.3258732720270703, 0.3309824305832936, 0.3472987525554547, 0.3012381750552706, 0.32419540909130995, 0.3351699451053858], [0.3342381201179132, 0.32183626861831205, 0.31487157440445546, 0.3034101879241933, 0.29135988142365243, 0.3365051181443248, 0.3257781812155274, 0.3259841825290124, 0.3228592204096348, 0.3273102140872941, 0.3260668861834355, 0.3291857324576879, 0.3234997534540942, 0.3156164014798435, 0.32029010144970216, 0.0, 0.3208155209675978, 0.3315922900146562, 0.31089287245920016, 0.3384815039925255, 0.32976578439561943, 0.3203602764236342, 0.32445134915259954, 0.3466124665174286, 0.33013187402438837, 0.32735706976789847, 0.3120853965014436, 0.32193709910017687, 0.32198833007438465, 0.33456068065030453, 0.3130451613253189, 0.28499789426637157, 0.34382096724964883, 0.31488408065750817, 0.3326060300581948, 0.3227150193232946, 0.324897817585595, 0.3219021957382904, 0.3148125104168711, 0.3365532694024016, 0.3178210573248492, 0.33389902161195684, 0.33217247247887993, 0.34821517070314556, 0.29970820425291445, 0.33127773242833713, 0.3085858919116571, 0.3248046144334149, 0.3103017837121871, 0.32571577765532234, 0.3064584021336352, 0.3275212178903746, 0.30806873143698965, 0.32725935421499863, 0.32543781403248095, 0.33325309893211763, 0.32367098942944583, 0.33407513640015085, 0.33626293672946606, 0.3362073265137595, 0.3381417624857723, 0.2880262771411526, 0.32000134524459, 0.3295537755054554, 0.32018278678886736, 0.32379374049113663, 0.3226618844673119, 0.3215053295995631, 0.33322093601143776, 0.29368603395972204, 0.3140321271429489, 0.30924769370829, 0.31663743558339696, 0.3126844574734817, 0.3110476884006055, 0.3155723180943131, 0.31794146953238434, 0.32524199183459124, 0.3386503685355662, 0.32777535624719545, 0.2983738281423063, 0.33201260268580346, 0.31079189015630226, 0.323485367311215, 0.33650583504485376, 0.32852298797371327, 0.32895518841067584, 0.31138785817543346, 0.330186394378718, 0.3138375385082741, 0.3205998012315845, 0.31955130838537626, 0.3263633821176575, 0.3320053976562467, 0.33658393112125995, 0.32503474303673996, 0.297992537953121, 0.3189213102945332, 0.32742799334307615, 0.33659961278258743, 0.3160020990202641, 0.32977973295493634, 0.30953290857531535], [0.312400654155919, 0.3213580649190264, 0.3196031760185629, 0.3291752947192035, 0.3423177773113324, 0.3201795702481114, 0.33660857541563627, 0.333417340566432, 0.33101382772087895, 0.31157838768260526, 0.3339004721198511, 0.33803539076178835, 0.30444275530114684, 0.3111315938038699, 0.33807860077839025, 0.3208155209675978, 0.0, 0.3153156660822807, 0.30143748820947924, 0.3397587506995894, 0.30385566816807774, 0.3241306075646746, 0.30275121531507243, 0.3133745631889784, 0.34192242554213004, 0.339243238464086, 0.34288754042127345, 0.33293987051023466, 0.3111386895899968, 0.33680435323851254, 0.32352722805075596, 0.30990712010008736, 0.32803393268753966, 0.32546328988945894, 0.3228276160345702, 0.32114376430197833, 0.338216764220834, 0.31615568242671, 0.30688923084767206, 0.2964556103035598, 0.32206179963315273, 0.30087341157368086, 0.3377523926667272, 0.3353312003131548, 0.33658997601823026, 0.3437270758779416, 0.31476341365291804, 0.3374264145881609, 0.334666612916555, 0.33796696554626515, 0.3093604076885097, 0.34432145483490695, 0.3179759488565532, 0.319511298311159, 0.3375265885807004, 0.3138796527822487, 0.3047688518357963, 0.3303927470272081, 0.3364461805778849, 0.31011182612767385, 0.31842391589349894, 0.32647374270618146, 0.2189343644020889, 0.3373483752281441, 0.3216620318302519, 0.313961611513744, 0.32020263784984837, 0.30883918342090544, 0.3307796534180252, 0.3335141780429005, 0.32904680937187636, 0.32343844997731774, 0.332496715150707, 0.32158950500620453, 0.31544221158376895, 0.318830829011431, 0.3154662076820096, 0.31856594098663504, 0.321711648110542, 0.3139856119366917, 0.32394203859949644, 0.31939546668106855, 0.3248611235702177, 0.3285114471538193, 0.33546221650672226, 0.3228223148247127, 0.32047165481507367, 0.33614284370371816, 0.3259330332258017, 0.30881401643962847, 0.32119041650890345, 0.31102339492975517, 0.32511901460312664, 0.3348102450801711, 0.32559695381507137, 0.3257027256410039, 0.3292988384825757, 0.32799198908368155, 0.3320769935400365, 0.29677875976406054, 0.3209045685264593, 0.33852841886377916, 0.3392301378472915], [0.3066110460755125, 0.3218360691984776, 0.3151705427202163, 0.32550920284272933, 0.3383569897243983, 0.3069501547959508, 0.30504312561142766, 0.3255544187635522, 0.3297269887890526, 0.3009959644467226, 0.31369550958055714, 0.32682405420931104, 0.3145474398088641, 0.33500763253113996, 0.3202282043553677, 0.3315922900146562, 0.3153156660822807, 0.0, 0.32986735257011346, 0.32328674603952456, 0.32598587990814454, 0.29122879114059597, 0.327997268273692, 0.32996175685724594, 0.2554901881499638, 0.3243384504880704, 0.3243003778395894, 0.3180106124687232, 0.31174699585207355, 0.31613524872662047, 0.30469853720390705, 0.33974981187782616, 0.33566191454395167, 0.30197422499914195, 0.32965796311581275, 0.3298405925382941, 0.31953986517098754, 0.31114772549626535, 0.32471701732303737, 0.33039502506247787, 0.33379906508451773, 0.3219704455201715, 0.3362004460122807, 0.32321399241809323, 0.3163549574006974, 0.3251229776146036, 0.33765235415863115, 0.33610171785757004, 0.3339218656523595, 0.28168880896674775, 0.3230797008790762, 0.32107719197534146, 0.31660153488790277, 0.31367617587093233, 0.3405508591001749, 0.3289647097058861, 0.3130510393591148, 0.29479147153195795, 0.3437024618144924, 0.3101167920110943, 0.3237102620689303, 0.26807906700206896, 0.33031504349811525, 0.3067698568745363, 0.33642244930022236, 0.3207284325744417, 0.3272716043195314, 0.3143814189777514, 0.32375786933553363, 0.3227024475150835, 0.313614345968267, 0.32178141197592547, 0.30991277252535454, 0.3187459325949351, 0.28051543404623147, 0.32968628249454013, 0.325984906703344, 0.32418607449480286, 0.32164668853519096, 0.31757371217043273, 0.3051996871931184, 0.3252269746499974, 0.31992965334125967, 0.330685743988236, 0.33141467798633384, 0.3374644218672185, 0.33309788938212703, 0.33980941837804246, 0.32295919167388076, 0.3284858415283918, 0.31795411249286487, 0.33108736770161595, 0.31302553118538623, 0.33406291077676875, 0.3320453403348784, 0.3084949167355835, 0.31490047102621266, 0.3328511188231389, 0.33792863096129433, 0.3354696516308986, 0.3202269916513174, 0.3099003897319803, 0.22925305107151073], [0.31633307140518596, 0.3026237494516102, 0.3254602566241005, 0.3191482981806124, 0.34587894252078466, 0.32773402708565547, 0.3167747361202464, 0.32749665105309145, 0.3146386227868523, 0.3245322403074782, 0.340824338437852, 0.3205744692740633, 0.3343010664845507, 0.3150928741212282, 0.32543460056126206, 0.31089287245920016, 0.30143748820947924, 0.32986735257011346, 0.0, 0.3029151892754498, 0.3318002577481105, 0.3250919420123277, 0.32124999125368725, 0.3173217612321819, 0.32363314370683116, 0.34457212130869586, 0.31792026269711027, 0.332499294672264, 0.3205514202033435, 0.3288498522343677, 0.3092213546812541, 0.32806332208055755, 0.3253563650983611, 0.3203321721771202, 0.33212900776636967, 0.3238773341761729, 0.3120041261260089, 0.31957894941863274, 0.31768328349122177, 0.3022785709726241, 0.3037501979236985, 0.3193814798010417, 0.32753161270805276, 0.31770594233178984, 0.318373828108637, 0.3294022023478578, 0.30604517085749783, 0.3306210510508003, 0.3165681510750824, 0.3260818938961898, 0.3176685599387328, 0.310152294447017, 0.3308910033817225, 0.3282534602693692, 0.31654760782683544, 0.31754274400441584, 0.3217099473623999, 0.3288227559691361, 0.29807481656814927, 0.31251100469450166, 0.32221380741975447, 0.3348629969740613, 0.3172496997645837, 0.3161031982034068, 0.3094783935712373, 0.30370594741334744, 0.30401561108315245, 0.32014990784561426, 0.31379712538808713, 0.33660928905096443, 0.3220690690200625, 0.32961766176101137, 0.3278183200438347, 0.316829587224718, 0.3088269361608664, 0.3284652215875936, 0.3080100540170261, 0.3286716721064191, 0.31434459790690306, 0.29940906943929346, 0.3260816951759422, 0.3266793170211486, 0.3171641414217463, 0.3155277095718705, 0.32891649659994293, 0.30120747547142224, 0.26889277572621784, 0.3461835193261942, 0.34476608036716727, 0.32213019179528546, 0.3346659932059519, 0.3303029356579308, 0.3432832420629992, 0.3094796107095157, 0.3312944138840146, 0.32971381742518324, 0.3208532124866237, 0.31469072529025843, 0.318812465276616, 0.3244387372715716, 0.3005318508562025, 0.3059602108894586, 0.33619273856739884], [0.3161590804636496, 0.32354687281618477, 0.33426742690435085, 0.3220742475912648, 0.3257918420832415, 0.3238688892658117, 0.31523217967186823, 0.3295001521716008, 0.3315622486290861, 0.3326623502867181, 0.3319290141320259, 0.3188558155812171, 0.3324063204636012, 0.32627537960868347, 0.3299334439302464, 0.3384815039925255, 0.3397587