[[1.0, 0.753042375362718, 0.7568264853127474, 0.7587059096437797, 0.7485798496500323, 0.7695942900781043, 0.7503992308696488, 0.7524368830744639, 0.7620836827448771, 0.7602532381455156, 0.7497055744310546, 0.7520554388707171, 0.7570260892374642, 0.7563319539047256, 0.763098777326866, 0.7494914025628536, 0.7619624364201175, 0.7653387004522595, 0.759686147619538, 0.7597865750755032, 0.7673474651636293, 0.7539849413986199, 0.7633040486885752, 0.7683695062744836, 0.7645049345084352, 0.752821156850161, 0.7516648892429789, 0.7436893662491696, 0.7637830529962749, 0.7566950928732464, 0.7687045032756405, 0.7528442997385425, 0.7590869069957705, 0.7512337868613891, 0.7740295723407759, 0.7535179345877139, 0.7564532474929844, 0.7632565604531901, 0.7519575355492074, 0.7463868704538611, 0.756272020482325, 0.7567749310249638, 0.7534399000350372, 0.7611306075335506, 0.7529389490028893, 0.7664124447946864, 0.7596102115147433, 0.7493989098526308, 0.7605448443085526, 0.754972896033095, 0.7553980090267558, 0.7640004038339139, 0.7584307595682342, 0.7584966770821636, 0.7605490007585369, 0.7639836435527705, 0.7641408755867398, 0.7525992745066515, 0.7667532543560678, 0.7592537971492327, 0.7660552214885584, 0.7535668461484214, 0.7539449001059104, 0.7639298227292205, 0.7514531952971385, 0.7470725190332425, 0.7593484463578549, 0.7488431229246245, 0.7586348261176329, 0.7510976494673222, 0.7543103634381334, 0.7625486691730335, 0.7663623004462665, 0.7571604821651823, 0.7642476182572379, 0.7519948480037277, 0.7593476181947456, 0.7660180749122554, 0.7592211099334568, 0.7549256601328569, 0.755454896480805, 0.7594435538579151, 0.7598836120101523, 0.7554862117474038, 0.761224572190043, 0.741486938474972, 0.7744699129637853, 0.7470592034476671, 0.7499687934025372, 0.7494192852874414, 0.7579152919743224, 0.762144970075136, 0.7524532050327678, 0.7522245581174667, 0.7530165039675742, 0.7517075554898319, 0.7543013958828525, 0.7623124792084214, 0.7656286611378189, 0.7585579231539645, 0.7578623720525679, 0.7743292389041916, 0.7572107879697131], [0.753042375362718, 1.0, 0.7571026564077609, 0.7589015066720228, 0.7581443772285282, 0.7582302828467046, 0.754832454397679, 0.7624181229909754, 0.749435227258712, 0.7570573767988328, 0.7601232239007656, 0.7635939159522301, 0.7641780252941518, 0.7516415908600487, 0.7397153681394064, 0.7565233484214192, 0.7567971366347853, 0.756523462554907, 0.7676813818425994, 0.7555455877979176, 0.7602501813518479, 0.7605198609088152, 0.7586216690905614, 0.7557662688288449, 0.7546973228960733, 0.7526098860630086, 0.7551808238588251, 0.7589446458669032, 0.7570337618086277, 0.7670135947106409, 0.7529943856694168, 0.7652540627456347, 0.7519840608918312, 0.758681631418528, 0.7498234915860915, 0.7581501841098345, 0.7629400647804908, 0.7511753430644695, 0.7642242409957438, 0.7466118849818381, 0.747058944437177, 0.7568297621670792, 0.7679190138354544, 0.7599204567568936, 0.7592008565990491, 0.7465313612010083, 0.7536633973259164, 0.7636688930155944, 0.7626881682207877, 0.745709110807482, 0.7645762901530593, 0.7494599696318908, 0.7669297862200747, 0.759799085147389, 0.7578595523832587, 0.76861363259568, 0.7531927246188269, 0.7679708216010955, 0.7624329381280969, 0.7539705441024052, 0.7576433904945307, 0.7543053300143661, 0.7561745349924783, 0.7624506884471546, 0.7510710496433273, 0.7709934010355699, 0.7635305002459652, 0.7552559936957328, 0.7582163460652294, 0.7521552915366948, 0.7735876196666989, 0.7573692324718952, 0.7535944477962344, 0.760694543919426, 0.757808561954458, 0.7571494120689456, 0.7587532600929047, 0.7558832599750861, 0.7529000382578088, 0.7490181903790957, 0.7618454563496925, 0.7523133718739589, 0.763424434516302, 0.7543421787019, 0.7685898079872145, 0.7486742028493983, 0.7605848058582747, 0.7588702056968984, 0.7464770429025359, 0.7674098011957723, 0.750720916871339, 0.7572178271868664, 0.7619782312750334, 0.7677796221329418, 0.761003504637573, 0.749971180024058, 0.7538030435454013, 0.756091985788954, 0.7516763824335227, 0.7517407793067767, 0.7507046435862266, 0.7677807810787803, 0.7556934796342245], [0.7568264853127474, 0.7571026564077609, 1.0, 0.7744858307076177, 0.7496905071320532, 0.7562863195713568, 0.7583480223398765, 0.7554765063387682, 0.7598862874818318, 0.7642934035694486, 0.7583795967702246, 0.7618469180679882, 0.7548848548299409, 0.757291195088154, 0.7528689223843804, 0.760530548736617, 0.7578035716897463, 0.7603576627649086, 0.7544549110412136, 0.749474940207535, 0.7558417321728083, 0.7589877291646809, 0.760905996927873, 0.7624605776330138, 0.7454468374425287, 0.7604386724904044, 0.7534711162259478, 0.7519422452680548, 0.7545962325763392, 0.7583058676775116, 0.7533616831489212, 0.7510294430053256, 0.7549405508629468, 0.7569943944750663, 0.7547366907843445, 0.754584389752886, 0.7555972667291476, 0.7682370244430486, 0.7547432369783348, 0.749371654550934, 0.7585987120668516, 0.7705354172651458, 0.7573776373104311, 0.7566586531708552, 0.7746148339427481, 0.7557599821638127, 0.7546388510136289, 0.764329654074659, 0.7593573127235299, 0.7733746393185092, 0.7577713056343289, 0.7641122981980966, 0.7533618117334162, 0.7585109418447259, 0.7546432269262665, 0.7572427507469658, 0.7638307696433015, 0.7650221727465586, 0.7493564422454708, 0.755534882279912, 0.7539153970626058, 0.7544076097713338, 0.7625276953232564, 0.7540360366620072, 0.7564368791058761, 0.7480024715395475, 0.7421300122307318, 0.7607855354005685, 0.7622883293739654, 0.7490328227181796, 0.7506035976574328, 0.7615443477669603, 0.7681882092176557, 0.7453632077621747, 0.7568356223054022, 0.7565335392247622, 0.7653674696934676, 0.7584729655728782, 0.7611472695097489, 0.758615789286299, 0.7535591889425124, 0.7630928558469994, 0.7658370057758743, 0.76058721904407, 0.7512702943863286, 0.746408473919294, 0.7608000720193194, 0.7650908149734557, 0.7542867358686566, 0.7556034215773056, 0.7510911237923067, 0.7492322916197507, 0.7640155354325366, 0.7585838548238741, 0.748746955577902, 0.7601598726720175, 0.776754809760385, 0.759480599683092, 0.7448375510478471, 0.760697817505276, 0.7499531369542487, 0.7637425996531916, 0.7600227508235979], [0.7587059096437797, 0.7589015066720228, 0.7744858307076177, 1.0, 0.7537542730844072, 0.7575168563099385, 0.755007038407428, 0.7659660468899914, 0.7437052902414878, 0.759797220242805, 0.7507553797080886, 0.7516168895716119, 0.7610236697578755, 0.7587695384462567, 0.7557273258653737, 0.7672181860052795, 0.7523462134550554, 0.7544270517740413, 0.7580648827574684, 0.756387171009447, 0.760721604067495, 0.7569010679412064, 0.7671822418144686, 0.7599575890233684, 0.7684007402089056, 0.7494210296637762, 0.7566745229958095, 0.7756268278347869, 0.7589596067110911, 0.7663269564237429, 0.7595953583533627, 0.759175624197335, 0.7597856093549383, 0.7650626584608423, 0.7621009673078392, 0.7451889529196464, 0.7627166175971811, 0.7498949015885581, 0.7602306027299801, 0.7514156527064363, 0.7642763291482746, 0.808351201297712, 0.7491274248249187, 0.7596396816727132, 0.7601935827693835, 0.7704666047411229, 0.7517360761190354, 0.7569908272055088, 0.7696668479517952, 0.7496097198724779, 0.7635141993120567, 0.7613498855940569, 0.7631985937392629, 0.7602738252107606, 0.7490591707258573, 0.7526544558772845, 0.7642020216024943, 0.7560487806677217, 0.7490460028915249, 0.7596469146968032, 0.7497247606131671, 0.7514918091574873, 0.7552251016955944, 0.7722283803801435, 0.7530046694636339, 0.7577924795853067, 0.7489933736327893, 0.7647834622029223, 0.7542992735744041, 0.7519342158815365, 0.7534957715440911, 0.7668743475413784, 0.7550246764858332, 0.7520201705090366, 0.7609892623691467, 0.7586981389357403, 0.7636985737879793, 0.7660451117500254, 0.7573573837256297, 0.760646067544628, 0.7667204302404849, 0.7663556475362477, 0.7561413888584481, 0.7572129857803077, 0.7544705910368413, 0.7508150536737065, 0.7582823247072009, 0.7444551719677458, 0.7587735250783512, 0.7548532479932977, 0.7613466727128365, 0.8050052776221415, 0.7623955503693105, 0.7677408762322646, 0.7535056996915829, 0.7505853887504172, 0.7564576299574505, 0.7656717435222332, 0.7504558407226825, 0.764271544159369, 0.7666590490247152, 0.7695491591598022, 0.7480204267036054], [0.7485798496500323, 0.7581443772285282, 0.7496905071320532, 0.7537542730844072, 1.0, 0.7471623191925016, 0.7459624835402531, 0.7730973773921395, 0.7528694068519575, 0.7608633224507673, 0.7551034260456342, 0.7547935531087371, 0.766847942641791, 0.7602941509137642, 0.7499307791968176, 0.7743774716754834, 0.7449800761806223, 0.7471848002272737, 0.7430088757663706, 0.7542662190685088, 0.7551305826105446, 0.7710232318331487, 0.7632666599613737, 0.7525208514681786, 0.7514758739740488, 0.7566267659002743, 0.7552175579248522, 0.7636020119765128, 0.7608802012392788, 0.757368371186151, 0.755964953718321, 0.8362416716259774, 0.7564377679424603, 0.7631704687930371, 0.7571771698240759, 0.760853086081299, 0.7596088428629113, 0.7482558025797464, 0.7587452947599267, 0.7558933641021871, 0.7570240021617528, 0.7515250970810478, 0.7588339758067344, 0.7551346521535819, 0.7550407642107032, 0.7554503448174834, 0.7494966281120822, 0.8092550036279442, 0.7717549012544939, 0.7546529823579342, 0.7606550099935359, 0.7645485278099892, 0.7596188738169924, 0.7628700306307787, 0.7603066277391054, 0.7449910120858977, 0.7578386033865706, 0.7595408350223651, 0.7520105972514483, 0.7543772518355337, 0.753821794401162, 0.7575134988756212, 0.7495504724254249, 0.7646830650054945, 0.7579596254985046, 0.7518560525822515, 0.7535581261996553, 0.7557446268004949, 0.7531360002329585, 0.7595226955540632, 0.7531660726998026, 0.7565833597228955, 0.7464015758214265, 0.7550528705415775, 0.7607046273516783, 0.7650583985255343, 0.7490834286715917, 0.7625095339500342, 0.7525429916912868, 0.7567841535667729, 0.7569609065659311, 0.7651323110457662, 0.7517504281955125, 0.7503650015446423, 0.7492723702351346, 0.7509549027034809, 0.7564182993549696, 0.806456965955315, 0.75336990163131, 0.8014034302418729, 0.7573057268075615, 0.7736874051564745, 0.7578011643809809, 0.7629089576384602, 0.7586923435639352, 0.7461689629406323, 0.7613743202210205, 0.7620840630220836, 0.7554260667926102, 0.7501203458520553, 0.7577843836867801, 0.7622515614722185, 0.7460891490919881], [0.7695942900781043, 0.7582302828467046, 0.7562863195713568, 0.7575168563099385, 0.7471623191925016, 1.0, 0.7616760818141882, 0.7490042360375744, 0.7549613485085608, 0.7511256136031204, 0.7521501607458393, 0.7483836798421921, 0.7464199386723931, 0.7548957712927005, 0.75232154469525, 0.7482201051264611, 0.7574727124523389, 0.7651401213201786, 0.7531628922661386, 0.7553618096989785, 0.7773087042885413, 0.7486137403508681, 0.7514472711164023, 0.7574714778991802, 0.7601167014768344, 0.7594755233366988, 0.7580835904102897, 0.7656293269482922, 0.754612384767876, 0.7541412130162325, 0.7754263678789397, 0.7475618023282847, 0.7634932367295104, 0.748627262365485, 0.7487200873558642, 0.7466983996622873, 0.7570247047318508, 0.7575078590863294, 0.7569121800679444, 0.7617328478492729, 0.759946302030018, 0.7591343705940669, 0.748264652600757, 0.7498747573493332, 0.7502038302289032, 0.7466459447229827, 0.7496855167549195, 0.7512631456877411, 0.7575318492560962, 0.7601154766975486, 0.7578266238709837, 0.7572566602788033, 0.7626441113615451, 0.7581808281739717, 0.7531681565727418, 0.7465305693955796, 0.7650761113903419, 0.7564836939043725, 0.759866880521542, 0.7670088925505902, 0.7542864478154575, 0.7545570264956142, 0.7431630171614653, 0.7465972452802616, 0.751790148054309, 0.760414770538095, 0.7610772201834689, 0.7582737451310553, 0.7577788856423944, 0.757419351933821, 0.7557043874613717, 0.7670199764076382, 0.7531591191800608, 0.750974974999621, 0.7551936043372698, 0.7619683451781136, 0.7511956488738093, 0.7508563357548901, 0.7580482034347521, 0.7625288907068529, 0.7522492694537656, 0.7655379516542731, 0.7513299724050727, 0.7599487404236428, 0.7580477426257484, 0.7406327056863734, 0.7515279006822005, 0.7472637708533808, 0.7580660706373218, 0.7627054191346664, 0.7461463078398048, 0.7474276885701006, 0.749413801410655, 0.7545181883349275, 0.7506004768413636, 0.7528343466198181, 0.7588549184201594, 0.7497849347679303, 0.7717254315144008, 0.7542737895580242, 0.7509319537727607, 0.7612638273747039, 0.7690903798805496], [0.7503992308696488, 0.754832454397679, 0.7583480223398765, 0.755007038407428, 0.7459624835402531, 0.7616760818141882, 1.0, 0.7570302201980341, 0.7689077890786084, 0.7609607916066373, 0.7590539123821767, 0.7576724305923965, 0.7592442031795382, 0.749948028147052, 0.7589488909322273, 0.7542739910556978, 0.7481621907812739, 0.7662582027942475, 0.7594313382305666, 0.7603220294149782, 0.7529959110866223, 0.7496104131638015, 0.7549918242277801, 0.7477310462462867, 0.7609359345649416, 0.7646507044264229, 0.7526978400071168, 0.7544241315898607, 0.7554789332128522, 0.7663499570785715, 0.7547186268346932, 0.7433973089452094, 0.7652840957710721, 0.7502328273358932, 0.7538384607733425, 0.7545900787253907, 0.7619532345807424, 0.761959599477447, 0.7519255211919392, 0.7477070022251168, 0.7547770021535354, 0.7509837611843437, 0.7569968934611606, 0.7544032612790015, 0.7594586965220642, 0.7709622733709708, 0.7628514186899835, 0.75982801618844, 0.7531737054808127, 0.7450501505533472, 0.7617708003752459, 0.7567195941232163, 0.761258105422602, 0.7574196364236782, 0.7591322588084249, 0.7564961546156133, 0.7595516255468587, 0.7553623845636468, 0.7684909299930475, 0.7474917605154623, 0.7605857979535616, 0.7507578625989404, 0.7581132635307821, 0.7719100964576888, 0.7536823112413367, 0.7554675012394886, 0.7569993887478318, 0.7668083095334707, 0.7654988548963158, 0.7537064457595488, 0.7630858762335897, 0.7637678506656863, 0.7572877198647491, 0.747440543490028, 0.7573171597492487, 0.765772925645775, 0.7575241954500654, 0.7460639029086213, 0.7569501749088874, 0.7563914294968703, 0.7577475544394868, 0.7540781027395969, 0.7662980229061549, 0.7565591580984002, 0.7526355921271878, 0.7696603172701751, 0.7644501822456329, 0.7512028910271185, 0.7540042004175064, 0.7594005109150621, 0.7557423326008555, 0.7494683175282177, 0.7622095070932892, 0.7528475973672277, 0.7568309274724045, 0.7547780725033232, 0.7494891212600315, 0.75947190210505, 0.7549502627452532, 0.7590504300349271, 0.7547394778052511, 0.7608810934800719, 0.7495139926508642], [0.7524368830744639, 0.7624181229909754, 0.7554765063387682, 0.7659660468899914, 0.7730973773921395, 0.7490042360375744, 0.7570302201980341, 1.0, 0.7543716976982562, 0.7490815585948698, 0.7570845440390843, 0.7730502257912371, 0.7696559395560615, 0.7472267910332591, 0.7526535413839979, 0.7541568090900813, 0.7499527489084571, 0.7544013175504163, 0.7532975689292389, 0.7521623810020658, 0.7611508226016751, 0.76107137212686, 0.7549191769200432, 0.7539252756637338, 0.7530245098540734, 0.7560897610805538, 0.7516473252399108, 0.7512357773896156, 0.7672502025286637, 0.758619791688271, 0.7508384059365898, 0.7653869690905497, 0.7524955044661711, 0.7705299320156866, 0.7463165202939547, 0.7535357739752497, 0.7501586224777996, 0.7487002172304331, 0.7637917464503814, 0.7501138930410609, 0.7531111570154406, 0.7615233212548935, 0.770012102040856, 0.756917119560957, 0.761662837218981, 0.7638661337931392, 0.7522338383330809, 0.7566089209944492, 0.7600524159521187, 0.7629922367389527, 0.7516268540671428, 0.7601771231061022, 0.7625266556817274, 0.7552811248727493, 0.7632949005090289, 0.7498613071604279, 0.7590935664732276, 0.7594215571636681, 0.7515996543048992, 0.7488897011111715, 0.7518363049856264, 0.7530088243210618, 0.7606691989624434, 0.7669968890804718, 0.7569216639470316, 0.7530990071390777, 0.7530196380078831, 0.7553819075696753, 0.7549558142128736, 0.7418204630148848, 0.7607346791212842, 0.7586407920830002, 0.7551202211702354, 0.7584536377719908, 0.7598987515696781, 0.7590582403969107, 0.7550180552897356, 0.7486205232469824, 0.7549314981532343, 0.7624328011485749, 0.7562169799086975, 0.7553710219128913, 0.770380563286698, 0.7625595804412734, 0.755288354174098, 0.745436138137665, 0.7606958436573504, 0.7694918022881335, 0.7584910614078455, 0.7567925360058815, 0.7598060935024473, 0.7634656558521452, 0.7584435085522289, 0.760049232570579, 0.7682690522778335, 0.748887194837135, 0.7598930824587512, 0.7610675052201618, 0.7539015151483649, 0.7520015705775471, 0.763741261185814, 0.7628759295552727, 0.7526734187977847], [0.7620836827448771, 0.749435227258712, 0.7598862874818318, 0.7437052902414878, 0.7528694068519575, 0.7549613485085608, 0.7689077890786084, 0.7543716976982562, 1.0, 0.7545652032658772, 0.7621998568762214, 0.7473022851947781, 0.74760358268694, 0.7456922214667928, 0.7524218042006956, 0.755938337633797, 0.7513069955947187, 0.7520340704753791, 0.7606653133924653, 0.750997560218873, 0.7548563969220604, 0.750595488858366, 0.7536760734592177, 0.766609334355503, 0.7498252128800079, 0.75061006920272, 0.7642743924439097, 0.7521530371954328, 0.7635539354374582, 0.7612842298091361, 0.7547937356663708, 0.7570010974548219, 0.7642386352978068, 0.7476971032399715, 0.7609267829542564, 0.756117405537749, 0.7539567563537666, 0.7870994657229103, 0.7544553089162179, 0.7506097071096215, 0.756193788649174, 0.7478191699591364, 0.7524711379779785, 0.7702435108212298, 0.748933024542095, 0.7672207908200607, 0.7481607136273585, 0.7481205521974973, 0.7537166953948691, 0.7635398324980404, 0.7610376421812981, 0.7653060916012536, 0.7559878991914023, 0.7582088357092692, 0.7523717126479056, 0.7493859897096676, 0.7488360043036185, 0.7577363014882295, 0.7873131761912368, 0.7565874605481631, 0.7665256048072909, 0.7568540686403207, 0.768692210794924, 0.7589725978068906, 0.7680466639789891, 0.7629347068657468, 0.7634080156132805, 0.7616521089350309, 0.7461732647414648, 0.7675768843020426, 0.7603963030917245, 0.7597273460446581, 0.7627818691844913, 0.7686094294356965, 0.7619614781321083, 0.7722219708748036, 0.7595406139710786, 0.7591609373865356, 0.752604674474916, 0.7626102077595956, 0.7739926434112941, 0.7600102257763145, 0.7583455661446089, 0.7498308189079579, 0.7452401793331053, 0.7558721535368994, 0.7574161020471455, 0.750905944125904, 0.7600536396480849, 0.7516720349631116, 0.7556595920558712, 0.7506754505067333, 0.7552315185169406, 0.7597903859553281, 0.7527235260767396, 0.7555755387151755, 0.7570824144248878, 0.7521409246830635, 0.7778658546002508, 0.7485859052803828, 0.7509162701111911, 0.7605066584479723, 0.7710851429044422], [0.7602532381455156, 0.7570573767988328, 0.7642934035694486, 0.759797220242805, 0.7608633224507673, 0.7511256136031204, 0.7609607916066373, 0.7490815585948698, 0.7545652032658772, 1.0, 0.7571712505418767, 0.7568963395543545, 0.7612079125784185, 0.7562476503855666, 0.7476204068847201, 0.7534033787931299, 0.7624401327372241, 0.7686418923099982, 0.7549835100788932, 0.7503776179951758, 0.7608054512419522, 0.7562235927595781, 0.7499545906121411, 0.7498534520042732, 0.7575587517984557, 0.7485581444701082, 0.7503958970467102, 0.7585703180907787, 0.7532076919540481, 0.761492825234947, 0.7582719633985777, 0.7501632049457688, 0.7665799166100326, 0.7541398227042868, 0.7496560903925584, 0.7645611054276916, 0.7590041802630965, 0.7624628075559613, 0.7561821227588165, 0.7649371635303174, 0.7604006545248188, 0.7605379043861121, 0.7538218973137326, 0.7783182652396254, 0.7507212087014855, 0.7591082240365289, 0.7613372518503596, 0.7562558125938514, 0.7562103183295079, 0.7511749174857968, 0.7514938884096571, 0.7562254780966716, 0.7586034406215699, 0.7627448089462955, 0.7563893206375987, 0.7625444767400401, 0.7567292710254893, 0.7493445625870275, 0.7522997220560959, 0.7577299733816208, 0.7663918519283056, 0.7500723655818503, 0.7600954846308872, 0.7532558544790642, 0.7576428825198664, 0.7513270159809655, 0.7524802466038822, 0.7534929515422606, 0.7632674885099462, 0.7644759311532053, 0.7530339185337808, 0.7618577576076885, 0.7669885327031745, 0.7597501341320959, 0.7667253194045056, 0.7545725953417183, 0.7537603793086465, 0.7477148980114497, 0.7683019125048685, 0.7538030989947397, 0.7482144878056453, 0.7593426894394907, 0.7826991537941052, 0.7532273950573487, 0.7562173806924806, 0.749689018057056, 0.7591558223201581, 0.752026557060487, 0.75062519905384, 0.7600687501354305, 0.7553241800663776, 0.7487839377908897, 0.7755697613641455, 0.7562638971899701, 0.7459514978551585, 0.7521711311168379, 0.7602804020839561, 0.7476255743951805, 0.7494928100538323, 0.7568825545160618, 0.7535727260043542, 0.7552665144883646, 0.7499276650087795], [0.7497055744310546, 0.7601232239007656, 0.7583795967702246, 0.7507553797080886, 0.7551034260456342, 0.7521501607458393, 0.7590539123821767, 0.7570845440390843, 0.7621998568762214, 0.7571712505418767, 1.0, 0.7508829797813923, 0.7593105493603581, 0.7522891348343039, 0.7628864582289261, 0.7541097741141162, 0.7496811200694664, 0.7612114015060344, 0.7458098509496519, 0.7507907624128655, 0.7615950249086694, 0.7603447390094665, 0.765802738047246, 0.7596439576567495, 0.748519278571318, 0.7477400018607963, 0.7567551294966336, 0.760296661346609, 0.7546285301557744, 0.7571402637342204, 0.7622604428940503, 0.7568111660231641, 0.7617886430566335, 0.7554581886801686, 0.7511034744857359, 0.7546852777671892, 0.7597871677477587, 0.7551003224703466, 0.76627041949762, 0.7421625005140811, 0.7792898488611288, 0.7495330656929092, 0.7547027766083, 0.7512798257045704, 0.7653204684904938, 0.7538836722538541, 0.7620155334480467, 0.7583988495188656, 0.7688494396193569, 0.7489421712684113, 0.7545534290957986, 0.7515271409621167, 0.760804433688521, 0.7653020756801264, 0.7559625040814275, 0.7543635516763443, 0.754597366056783, 0.7583333022484849, 0.7546816550139535, 0.7552057464645437, 0.7558863498622437, 0.7725911486797288, 0.7753144330021696, 0.7598762413959745, 0.7588655361152612, 0.7623639099312777, 0.7676663217561, 0.7575978816450901, 0.7522055244949597, 0.7601462424758713, 0.762949148417625, 0.7531691436487827, 0.7552239895386307, 0.7467078751623784, 0.761829019079553, 0.7586455705483656, 0.7543388517043915, 0.7622826721415241, 0.7593795355381237, 0.7613766206771833, 0.7579035544925621, 0.7711495159982537, 0.760917743720067, 0.7454169158332591, 0.7457735460553792, 0.7517059104619289, 0.7560134825036678, 0.7590078741059728, 0.7613056445567523, 0.7507452579658979, 0.7641668704746041, 0.7542363306982913, 0.7631156705163349, 0.7600562775056702, 0.7612102805802927, 0.7407045640649654, 0.7626082397910708, 0.7609841122190062, 0.7555546122235663, 0.7614545478588033, 0.7549737849471775, 0.7748374852612262, 0.7481377288329394], [0.7520554388707171, 0.7635939159522301, 0.7618469180679882, 0.7516168895716119, 0.7547935531087371, 0.7483836798421921, 0.7576724305923965, 0.7730502257912371, 0.7473022851947781, 0.7568963395543545, 0.7508829797813923, 1.0, 0.7623485741979493, 0.7480618854566315, 0.7445057295951432, 0.7523403054823514, 0.7473643872982063, 0.7536794323463829, 0.7572462010035018, 0.758232998775004, 0.7641843406953736, 0.752860294451517, 0.757776438350254, 0.7526679948644565, 0.7430276702273282, 0.7499809916872575, 0.7439954540456214, 0.7571659670287502, 0.7591267480484329, 0.7522197126541891, 0.7549441050150363, 0.7508555604919088, 0.7672487006361123, 0.7608858628782535, 0.7622084091591329, 0.7647259564952684, 0.7614585093771626, 0.7506539800005513, 0.7703795521935729, 0.7462894999374062, 0.7576221253555968, 0.7532824991950413, 0.9095148609549081, 0.7598244968310215, 0.7533703775074557, 0.747891201516684, 0.745645349734382, 0.8070501835971821, 0.7523556229975513, 0.7911527249663467, 0.754886120887398, 0.7525237184630621, 0.7540225747793697, 0.7519932225182397, 0.7730636677750895, 0.7475663446518882, 0.7557319247228121, 0.7571001804736905, 0.7464568527553818, 0.7432341007684721, 0.7494580515059369, 0.747194292760477, 0.7473462769245378, 0.7522470454504977, 0.7503079054042463, 0.7603837836361693, 0.7607176790232283, 0.7505923406796116, 0.7529004570702947, 0.7522747302055202, 0.7480728586749418, 0.7569546680399347, 0.751094218256758, 0.7460501099730014, 0.7596386067027935, 0.7505315624098726, 0.75165575350131, 0.7676538142830388, 0.7540274588189871, 0.7538364874358315, 0.7549849512179068, 0.7455250896050025, 0.7494041416957429, 0.7636655492343664, 0.7458376044220091, 0.7497355628175835, 0.7559213046081725, 0.8637920083781401, 0.7649351831029773, 0.7461759789597932, 0.7515687717285012, 0.7507608275995438, 0.7480668761282371, 0.7610066604302773, 0.757127104577073, 0.7618996027762103, 0.7562171337644578, 0.7504098413330911, 0.7579353208264973, 0.7550386567334603, 0.7547607965664571, 0.7604773609351262, 0.7415456561956391], [0.7570260892374642, 0.7641780252941518, 0.7548848548299409, 0.7610236697578755, 0.766847942641791, 0.7464199386723931, 0.7592442031795382, 0.7696559395560615, 0.74760358268694, 0.7612079125784185, 0.7593105493603581, 0.7623485741979493, 1.0, 0.7579890745148016, 0.7613250449142116, 0.7555724868026469, 0.7666108734446822, 0.7607180765917436, 0.7494560449049739, 0.7505218075309469, 0.7556367965153403, 0.7509103200101123, 0.7659206239750209, 0.760844634401358, 0.7545546499406828, 0.7479848243416412, 0.7539403163252256, 0.7520074197358534, 0.7556970475120448, 0.7475294423024202, 0.7597196742500797, 0.7657008336417099, 0.7519948371708762, 0.7614520361279423, 0.7537605415688051, 0.7663219593032461, 0.7648781999681373, 0.7550973081624178, 0.7772952965169461, 0.7557074570041767, 0.7583302137698608, 0.7533519486637479, 0.7637153986177085, 0.7596033415916557, 0.7669020282498521, 0.7520302054597098, 0.7578674944824751, 0.7582449528249056, 0.7607284231449644, 0.7603912895412682, 0.7624509077134853, 0.7541505757400296, 0.7628534357850388, 0.7544923644790688, 0.7581068948856476, 0.7501687812519782, 0.7667258469999315, 0.7592068510921796, 0.7496004926991583, 0.7517842804265217, 0.7536125668730483, 0.7534102306701937, 0.7747771254490149, 0.7596443067541915, 0.7600979104894057, 0.7522060461927689, 0.7513413840231686, 0.7607850865755886, 0.759006506680024, 0.7552702989613331, 0.7519113771394772, 0.7503738722358864, 0.7475264157421939, 0.7566483309543846, 0.7506328020504227, 0.7551337754340639, 0.759623216853076, 0.7495667407111474, 0.763117328745979, 0.7519320446783456, 0.7594845840815116, 0.7502377576981116, 0.7537919225734413, 0.7546819796059574, 0.7434968678877661, 0.7548560517021184, 0.7728391064734376, 0.7660374171165311, 0.7584742115249793, 0.752190293431001, 0.748924596351061, 0.7603176942187394, 0.7635194313741526, 0.7501065647021354, 0.7456506875927468, 0.7523965738392475, 0.7516446517671178, 0.7588401029706283, 0.7511916998367669, 0.7541235004188951, 0.7607034421036931, 0.7674400459818578, 0.7531752146966847], [0.7563319539047256, 0.7516415908600487, 0.757291195088154, 0.7587695384462567, 0.7602941509137642, 0.7548957712927005, 0.749948028147052, 0.7472267910332591, 0.7456922214667928, 0.7562476503855666, 0.7522891348343039, 0.7480618854566315, 0.7579890745148016, 1.0, 0.7534241444984732, 0.760099979656054, 0.7626999492085982, 0.7490593878508588, 0.7604025690339326, 0.7539912263884814, 0.7551807104761166, 0.7664100922449909, 0.7614110021147804, 0.7525640001798737, 0.747455816035705, 0.7536897775350025, 0.7650590563635336, 0.7524954624191501, 0.750334904918447, 0.7522465988947167, 0.7639428604115872, 0.7610869688420759, 0.7626713323638404, 0.7565506350019068, 0.7571201787161203, 0.7615546572637061, 0.757530611577973, 0.7516683590703165, 0.7544066460530268, 0.7540235636862386, 0.7646117740190523, 0.7654605547348614, 0.7482692222344536, 0.7552166739585782, 0.780850621245115, 0.7521002591079589, 0.7552092102910448, 0.7618811092134984, 0.7553419237288012, 0.7510113591122605, 0.7615369747073298, 0.7555547710369042, 0.7584872112517577, 0.7496988592712367, 0.7508815461887947, 0.7788342336517671, 0.7557502131547226, 0.7559905386980175, 0.7531861426844481, 0.7551480712191223, 0.7627004820305202, 0.7625704865700298, 0.7526228405325428, 0.7547701744585467, 0.7577222955890557, 0.7499859972442942, 0.7531049569478784, 0.7567605181101192, 0.7534612772474274, 0.7565596000454784, 0.7645141434288577, 0.7521504325100622, 0.7700280602809373, 0.7641403139200977, 0.7650185112044227, 0.7635852525053324, 0.7584987830339749, 0.7578536249766451, 0.7561992923247893, 0.7534356289966359, 0.7469934898999171, 0.7637268895114261, 0.7624766983331698, 0.762018501208896, 0.7541579101215802, 0.7453226407939257, 0.7638212917290093, 0.7548626503228749, 0.7604071268337834, 0.772934659481982, 0.7567314287381309, 0.7499289874657739, 0.7588604290754529, 0.7608139139633564, 0.785743608314397, 0.7557304222792197, 0.7633593035391923, 0.7579198196653097, 0.7628035431121941, 0.7678504666493161, 0.7538580563513977, 0.7547607649847523, 0.7458965495269764], [0.763098777326866, 0.7397153681394064, 0.7528689223843804, 0.7557273258653737, 0.7499307791968176, 0.75232154469525, 0.7589488909322273, 0.7526535413839979, 0.7524218042006956, 0.7476204068847201, 0.7628864582289261, 0.7445057295951432, 0.7613250449142116, 0.7534241444984732, 1.0, 0.7574092988366588, 0.7473402529703992, 0.7574448089360986, 0.7544695148116285, 0.7519173268135733, 0.749883543396284, 0.7441472859280857, 0.7529670534156861, 0.7602827357079258, 0.7598399656952319, 0.7570086599805947, 0.7566833442833231, 0.7427095804124433, 0.7530875850233134, 0.7457561625501377, 0.7538966214877059, 0.7475929841256173, 0.7553779430448812, 0.7597304534029123, 0.7609750904492106, 0.7573746983907724, 0.7448074289811722, 0.7629593103668316, 0.7608390370067845, 0.7478461191564311, 0.7486220431801331, 0.7579500962161443, 0.750157305534184, 0.7624044512394141, 0.7563558553265897, 0.7451281826007113, 0.7515147023330647, 0.7529825826381972, 0.7657156886179626, 0.7499746772300585, 0.752440715559665, 0.7632083109225085, 0.755142423798114, 0.7580138872949725, 0.7560633887293539, 0.757747296778971, 0.7562917493610011, 0.7582458497905322, 0.749005240587314, 0.7484323899349647, 0.7623460435657045, 0.7516273356223743, 0.7497046099740644, 0.7624415476438186, 0.7591218818014251, 0.7569307879742221, 0.7647946846259005, 0.7534584400565274, 0.7543189304335696, 0.759977117362189, 0.7621005543450347, 0.7607783549444834, 0.7567832529883411, 0.7405115932411221, 0.7463875126851072, 0.749100424637255, 0.7524564721993026, 0.7409097325103149, 0.7508484689522362, 0.7636735362150453, 0.7554063996559836, 0.7569056115236158, 0.7601686964041396, 0.7596646955614152, 0.7754853836784864, 0.7491242262779032, 0.7651067737357946, 0.7480665944958935, 0.756591582784885, 0.7531933237941371, 0.7492995589554612, 0.760306853523401, 0.7457494415509285, 0.758090390035221, 0.749026386501782, 0.7631548961859322, 0.7488465589076363, 0.7542198949912786, 0.7513247185101888, 0.7422258783386204, 0.7684988184100305, 0.7551755527427938, 0.7489683269653508], [0.7494914025628536, 0.7565233484214192, 0.760530548736617, 0.7672181860052795, 0.7743774716754834, 0.7482201051264611, 0.7542739910556978, 0.7541568090900813, 0.755938337633797, 0.7534033787931299, 0.7541097741141162, 0.7523403054823514, 0.7555724868026469, 0.760099979656054, 0.7574092988366588, 1.0, 0.7571080019315823, 0.7509806173397066, 0.7628388413799417, 0.7471152922301303, 0.7520121300567991, 0.7573690437799513, 0.755029620861357, 0.742604145486765, 0.7518051552094936, 0.7533767836674572, 0.7621455148166492, 0.7564656447577462, 0.7564363294672448, 0.7493102520544215, 0.7615884277663781, 0.7782113919890258, 0.7441467460108655, 0.7605233151046666, 0.7504093313733018, 0.7560207492855138, 0.754775188491391, 0.7564856183944032, 0.7605647132783537, 0.7481931494186678, 0.7588283662957854, 0.7496819352873841, 0.7506535532439129, 0.7417213674271755, 0.7694034681998566, 0.7511580608923241, 0.7641836933906897, 0.754828288719144, 0.7631829647418491, 0.754309495937819, 0.7654281210690334, 0.7532836285578518, 0.764485822470079, 0.7534322488097629, 0.7544676856303227, 0.7500451345666925, 0.7554747425801326, 0.7495829677917434, 0.7483557109258173, 0.7483868559597383, 0.747304977719528, 0.7763816761716669, 0.7575749855123858, 0.7521320449184771, 0.7574708669186178, 0.7554046898794016, 0.7560511206556311, 0.7567128013800866, 0.7500632288236291, 0.7729850781021373, 0.761016400850307, 0.7637974119073051, 0.7595105326447776, 0.7617976995969739, 0.7627487610461646, 0.7601254497727356, 0.7587590368142886, 0.754579168303938, 0.7470210470968329, 0.7531394488495291, 0.7701942062639886, 0.7507436476078756, 0.7628976098416029, 0.7555806997939041, 0.7482197037818691, 0.7527156165549064, 0.7524708197241173, 0.7625509064811115, 0.7517743409690067, 0.7611291127633604, 0.7572316753852342, 0.7578333586919146, 0.7539412000378137, 0.7507477084999561, 0.7481759855971785, 0.7546971920963981, 0.77042045370843, 0.7581953466023582, 0.7533365312581202, 0.7481672076188615, 0.7598772074485891, 0.7520042419189795, 0.7636310576478246], [0.7619624364201175, 0.7567971366347853, 0.7578035716897463, 0.7523462134550554, 0.7449800761806223, 0.7574727124523389, 0.7481621907812739, 0.7499527489084571, 0.7513069955947187, 0.7624401327372241, 0.7496811200694664, 0.7473643872982063, 0.7666108734446822, 0.7626999492085982, 0.7473402529703992, 0.7571080019315823, 1.0, 0.7602737698536954, 0.7683811239952849, 0.7464030367242045, 0.7669560553469879, 0.7552125102214714, 0.7676062691356986, 0.7613974170261986, 0.7451995592040315, 0.7466903481602433, 0.7446639944892874, 0.7502213881690035, 0.7626958215325853, 0.7480526208471885, 0.755556802161724, 0.7634129051253589, 0.7529928079294645, 0.7544531845038108, 0.7559563981569208, 0.7569198954879423, 0.747263094243362, 0.7597885366845156, 0.7651757902629451, 0.7713337749881417, 0.7563942928216224, 0.7687143046380578, 0.7475224903216666, 0.7488778812069136, 0.7481726018767932, 0.7441987424020886, 0.760593114788322, 0.7477046879681482, 0.74925077942481, 0.7474026083982723, 0.7637316617548856, 0.7438697019998151, 0.7587391870599596, 0.7578563376303779, 0.7476486886598176, 0.761104716008363, 0.766419276941667, 0.7516577358336641, 0.7482531017953868, 0.7632936212443192, 0.7584813867111153, 0.7538784732820026, 0.8203887175586517, 0.7477483193781916, 0.7566230820864159, 0.7610572418839194, 0.7574594773031607, 0.7640358056719434, 0.7514392013971373, 0.7498982886463387, 0.7524189463820407, 0.7556074859523229, 0.7504708931960847, 0.7566646044115682, 0.7602006315397298, 0.7582473642579161, 0.760186764327535, 0.7583996893259174, 0.7565946788995571, 0.7610433408978456, 0.7553200750826135, 0.7579228709308014, 0.7547960931219823, 0.7527221554186705, 0.7488044121650868, 0.7559594276518612, 0.7573051616469917, 0.7484229734210545, 0.7541859015060103, 0.7640504971976871, 0.7568931680888112, 0.7627628949013379, 0.7546491967738461, 0.7491701563467834, 0.7543771107213225, 0.7543169223827914, 0.7522762911171443, 0.7530165906271792, 0.7507073576448975, 0.7711415632547396, 0.7570569621964093, 0.7470891061460303, 0.7466976524344221], [0.7653387004522595, 0.756523462554907, 0.7603576627649086, 0.7544270517740413, 0.7471848002272737, 0.7651401213201786, 0.7662582027942475, 0.7544013175504163, 0.7520340704753791, 0.7686418923099982, 0.7612114015060344, 0.7536794323463829, 0.7607180765917436, 0.7490593878508588, 0.7574448089360986, 0.7509806173397066, 0.7602737698536954, 1.0, 0.7519546953817545, 0.7556941101336562, 0.7541558437027047, 0.7744560893167961, 0.7530135971589259, 0.7519013196011297, 0.7965016448862551, 0.755093986459021, 0.7551156948481431, 0.7587192322578741, 0.7623421308851014, 0.7598003328058527, 0.7664605818774772, 0.7464080167314041, 0.7486924566097551, 0.7680643601071742, 0.7520731103333379, 0.7519698267679432, 0.7578399307173784, 0.7626905653377106, 0.7548782018523328, 0.7516564487701974, 0.7497381173652523, 0.7564465630746519, 0.7483907096307085, 0.7557356600896887, 0.7596735169172161, 0.7546469398637492, 0.7475783950075647, 0.7484460102360269, 0.7496690966310431, 0.7802205909921026, 0.7558123666590782, 0.7569580385418276, 0.7595312427500256, 0.7612226044497051, 0.7459620000327591, 0.7524654286879525, 0.7615850184225044, 0.7723251365077578, 0.7442123747020842, 0.7632907280464288, 0.7554523286969324, 0.7885943597855861, 0.7517016400644926, 0.7652456893915105, 0.7482663887632388, 0.7571579253811785, 0.753425294977724, 0.7608141636525425, 0.7554251598156351, 0.7560279349892082, 0.761258434082416, 0.7565547456936198, 0.7634096109102899, 0.7582961776665128, 0.7809355306559282, 0.7520570928384426, 0.75415639721435, 0.7551808762084401, 0.7566318658947507, 0.7589708194410656, 0.7661662884324911, 0.7545877190313816, 0.7576161331542236, 0.7514922321200133, 0.7510807988931187, 0.7476834401351116, 0.7501324606128411, 0.7463748099416917, 0.7558812140945519, 0.7527366636060822, 0.7587517581386308, 0.7512654873486604, 0.7615998137501637, 0.7495898371222554, 0.7507251965977362, 0.7642368244691292, 0.7605138351038471, 0.7502713437964212, 0.7474240231196081, 0.7488002432543358, 0.7574455046925053, 0.76341682759909, 0.8135021500482132], [0.759686147619538, 0.7676813818425994, 0.7544549110412136, 0.7580648827574684, 0.7430088757663706, 0.7531628922661386, 0.7594313382305666, 0.7532975689292389, 0.7606653133924653, 0.7549835100788932, 0.7458098509496519, 0.7572462010035018, 0.7494560449049739, 0.7604025690339326, 0.7544695148116285, 0.7628388413799417, 0.7683811239952849, 0.7519546953817545, 1.0, 0.7675096646590629, 0.7508633476996478, 0.7546646148050432, 0.7568590400149297, 0.7591159801874304, 0.7554963433444275, 0.7437310235368276, 0.7587712461097686, 0.7504694403954306, 0.7572594180740165, 0.7525304670942095, 0.7638127780488748, 0.7529761445662017, 0.7545140509630293, 0.7573851649400328, 0.7506780455721306, 0.7553569913048505, 0.7621927249213216, 0.7578174844639423, 0.7589077075869741, 0.7678848614188105, 0.7670181002407983, 0.7579309057383439, 0.753277730207934, 0.7588946576581549, 0.7585102030086702, 0.7522178000261317, 0.7656703016967165, 0.7515287686229625, 0.7595505019496489, 0.7541012396013329, 0.7589161875779268, 0.7632700444356169, 0.7513763316898632, 0.7528683567646799, 0.7595623538830122, 0.7589886586606623, 0.7565956524694368, 0.7525458120791141, 0.7703716205232303, 0.7618983737456424, 0.7563073342513784, 0.7491405502039186, 0.7591575083894253, 0.7598188359127805, 0.7636628484359935, 0.7670441344415715, 0.7668619850105718, 0.7574897320804461, 0.7611525255123438, 0.7481617913264932, 0.756390133793248, 0.7520959060332807, 0.7531150797550281, 0.7593997049440151, 0.764042955085615, 0.7527483473033201, 0.7645201173560576, 0.7526313844071372, 0.760835477691697, 0.7695805913002507, 0.7541013526073307, 0.753761656769734, 0.7592068205869926, 0.760151225036106, 0.7524927281424516, 0.7685169497183406, 0.7880886542424169, 0.7428407684715457, 0.7436237533050847, 0.7563551654789205, 0.7492511273160837, 0.7517084817267037, 0.7444446328863683, 0.7636621386248005, 0.7511486486918605, 0.7520415196830617, 0.7570863972972524, 0.7606351674681657, 0.7582579224334627, 0.7550368105814119, 0.7689161932801969, 0.7657201128041441, 0.7483950265080407], [0.7597865750755032, 0.7555455877979176, 0.749474940207535, 0.756387171009447, 0.7542662190685088, 0.7553618096989785, 0.7603220294149782, 0.7521623810020658, 0.750997560218873, 0.7503776179951758, 0.7507907624128655, 0.758232998775004, 0.7505218075309469, 0.7539912263884814, 0.7519173268135733, 0.7471152922301303, 0.7464030367242045, 0.7556941101336562, 0.7675096646590629, 1.0, 0.7647565474705755, 0.7569276224754391, 0.7506995421660477, 0.7543826540307089, 0.7548122490518754, 0.7559844605599261, 0.7652715074396838, 0.7519071419396026, 0.7609530999615548, 0.7470768887188931, 0.7419858740070391, 0.7605051982418021, 0.758276162724141, 0.7585211753309021, 0.7570279901144408, 0.7525717211407463, 0.7774946445523092, 0.7600586250785564, 0.7459129074326429, 0.7598654796068569, 0.7535621872035922, 0.7621133905350285, 0.750795752071887, 0.7553838061477389, 0.754103877238206, 0.7614355676265773, 0.7535230877696616, 0.7571558876683864, 0.763817951790805, 0.7560702247501089, 0.7542541086591718, 0.7497961010318758, 0.7563005656370843, 0.7515504729994027, 0.7617456667062323, 0.7581466837773023, 0.7505738793174165, 0.7460028301059908, 0.7669224101454554, 0.7580170973536877, 0.7613962659370394, 0.7565185553528199, 0.7520550369924892, 0.7628545308005317, 0.7506039466322945, 0.7555906551269937, 0.7551211499038322, 0.75