[[1.0, 0.973145993770422, 0.9149032898049927, 0.4363118381739417, 0.7073737055994067, 0.920803360897003, 0.9833613275907496, 0.9819005339641084, 0.8091930348861968, 0.9338967921837689, 0.8672188979706963, 0.5803207768344464, 0.9582689163479583, 0.8852411979878625, 0.9872797736225656, 0.9681341982422762, 0.9216945584430375, 0.8656842210560732, 0.9699593661420399, 0.9398211744301412, 0.9757563437729213, 0.9631023851720296, 0.9589967289013854, 0.9754450027059068, 0.8875728316911918, 0.95913653976334, 0.9882306307069039, 0.9799762566875023, 0.9633926714344625, 0.9556923978107248, 0.9862980907879891, 0.8391364242608191, 0.9692220808787476, 0.9869191630428812, 0.9602417378627965, 0.9105567179641412, 0.9485305303237032, 0.8106140768044617, 0.9837174233812751, 0.9732523837139979, 0.9609157696793785, 0.7290293179384296, 0.4187356637344573, 0.9723918581414985, 0.9283258280807705, 0.9665241902203838, 0.7383173578822084, 0.7938239764419391, 0.8586165457673216, 0.842545464402155, 0.9672980930509809, 0.9767957247575659, 0.98795520349718, 0.9874165911970743, 0.7406339022714837, 0.7736055919878404, 0.9731980882113143, 0.9816992862624314, 0.7057281049983422, 0.8156331315902668, 0.9847809517414772, 0.7852503474709309, 0.34952769301315023, 0.9600350112931838, 0.9360212289640198, 0.9769050510452891, 0.989435846621736, 0.9769672755771756, 0.6875499701701735, 0.985382059573233, 0.6808011698669189, 0.9873201252364172, 0.7150583881066893, 0.9886201626103324, 0.9762957568737356, 0.9894136622870701, 0.9826931985089016, 0.9905268687277112, 0.9913091418152484, 0.9882985170806454, 0.9805969324113846, 0.8884953995788752, 0.7506608100063212, 0.9652388056901019, 0.96447398410825, 0.8731569336969935, 0.8241311716817281, 0.6619230751803545, 0.9787471876569126, 0.8012022954342654, 0.9709407789349729, 0.9079496087126462, 0.985136569420825, 0.9835910028296477, 0.9183870843686072, 0.8828388182334314, 0.976865655713582, 0.9721135868632742, 0.7924921693338717, 0.9612108363466355, 0.9746108862386264, 0.9796334107840314, 0.6237036570858498], [0.973145993770422, 1.0, 0.8785388046568982, 0.4214639381038814, 0.6947580201011405, 0.8884348667121276, 0.9830772435139066, 0.9577729255004428, 0.7692200387155955, 0.9771061849841093, 0.8301071740384773, 0.5636236431768467, 0.9302407762096484, 0.8426155131480865, 0.9709026556017898, 0.9362525827841858, 0.9054354585826367, 0.8515743983806671, 0.9884696526544619, 0.9111881417050388, 0.990030872480195, 0.9450991995066197, 0.9900482508803057, 0.9550997433695542, 0.8577605935909444, 0.9282012641072138, 0.9759567869203747, 0.9816647657659138, 0.9894904991818642, 0.9890094633501517, 0.9736248366520173, 0.8059269799260645, 0.9885250711581178, 0.9811742719826511, 0.9923116151722011, 0.8740451179692358, 0.9836209929670391, 0.7801783161080573, 0.9738073536426751, 0.9607754582066509, 0.9607589188447783, 0.6896526073230766, 0.4043938307328457, 0.9771879986337347, 0.8921541444565915, 0.9897157437545909, 0.7117421237132502, 0.7637846995644392, 0.8217886203070688, 0.8149392966837614, 0.9911994754012344, 0.9896275683464751, 0.9861487376594411, 0.9822876991982266, 0.7063498410272891, 0.740758670150443, 0.98929210098377, 0.9879069777066986, 0.6734498370274201, 0.7847074839102539, 0.9609092274473593, 0.7563277984839799, 0.3394779861077405, 0.9927698355267119, 0.8953982158816954, 0.9605256932699491, 0.971923792871382, 0.9901880014117711, 0.6677326346250485, 0.963388634429719, 0.6580272126098177, 0.9784360945960293, 0.6761789958939256, 0.9805708751647741, 0.9859384773314641, 0.9825855966792533, 0.9861129730121102, 0.9724836415197353, 0.9703132594621955, 0.9769123010824474, 0.9860937189085239, 0.8527682353546787, 0.7373860664657775, 0.9460466801480192, 0.990142259649135, 0.8333567155829359, 0.8052852188650476, 0.6387697481537238, 0.9753993619191377, 0.7611443494765432, 0.9879360471750311, 0.8833313832793754, 0.990925034711982, 0.9797316460564846, 0.8868958449036308, 0.8486874794338428, 0.9860861371196562, 0.9388566786619187, 0.7625477345658662, 0.9929473111057272, 0.9884095696614628, 0.9897619901253106, 0.6013142680534512], [0.9149032898049927, 0.8785388046568982, 1.0, 0.5199351553561585, 0.7492167890010896, 0.956239875251804, 0.8871484577262797, 0.9296007074029367, 0.9221321953308868, 0.832085585611054, 0.940380885496382, 0.6548735433106064, 0.9425163677729108, 0.9475644518619887, 0.9136036086849073, 0.9494608380768819, 0.9307980140106344, 0.8772867877580193, 0.8708764745089096, 0.9540327079026842, 0.8774809605923324, 0.9183636413525783, 0.8658088725968887, 0.9185712246604724, 0.941613355730432, 0.9497403327034333, 0.8992134519232441, 0.8761880218994454, 0.8663288665980092, 0.8625108992998447, 0.9180624596144423, 0.9138300829217724, 0.8679800655465568, 0.9080889399023194, 0.8541311229971553, 0.9572796531967778, 0.8525093359627841, 0.8681952015055449, 0.8816481026056846, 0.911157176945886, 0.8806312092494347, 0.8466116867213312, 0.536013506772765, 0.8637716733964119, 0.9567540486051697, 0.8829958227958485, 0.8314351236851527, 0.8869263028714942, 0.9425761732656432, 0.9043781026737974, 0.8675269722628036, 0.8886177139635892, 0.8981394931828759, 0.9182152830224152, 0.8459253397246403, 0.8603533903486121, 0.8863348574282511, 0.8856971607267812, 0.8326635729768488, 0.8906164721194555, 0.9364011142686882, 0.869026560434487, 0.4285346974518691, 0.8560774464746969, 0.9495680741846847, 0.9241831856636081, 0.9099238671397217, 0.8990278839065493, 0.7344049519282241, 0.9088700830847861, 0.7822998748791451, 0.8982201252520422, 0.8523538604094403, 0.9054795926413961, 0.8957393779322514, 0.9153788616804175, 0.8891934941860519, 0.9320748247574004, 0.9104264742006404, 0.9015406452685063, 0.8835840163707658, 0.9462429750969611, 0.7889309196355918, 0.9205515167240899, 0.8741939180758597, 0.9509873555401267, 0.8655410872555231, 0.7488816459955671, 0.8779810964774114, 0.9003711352792405, 0.8913443313220873, 0.9456944589126944, 0.8926209238531336, 0.9134341517780463, 0.9200987147407962, 0.9448726155843099, 0.8925268692146963, 0.9476266138635283, 0.8623879777415469, 0.8616126609112916, 0.8971219266365925, 0.8962538539178251, 0.7009277978312151], [0.4363118381739417, 0.4214639381038814, 0.5199351553561585, 1.0, 0.590620850978702, 0.4511201374882095, 0.42073178101557285, 0.4390567458736327, 0.4964881311715944, 0.4078787370120379, 0.4658416237988951, 0.7866311584177624, 0.43507963302796915, 0.47612827027697857, 0.4307754933488891, 0.45180991473442994, 0.4409102629605671, 0.4442355540837502, 0.42207371725588155, 0.488053346724666, 0.42049189073708, 0.43395965958157606, 0.41633861753918655, 0.44451541429392905, 0.4613059879896939, 0.4431139886189193, 0.4265752664297854, 0.4196815499632166, 0.41769863342043273, 0.41686995331877896, 0.4393890773311275, 0.4910656697078826, 0.41976293661669006, 0.4345191852986535, 0.4133844095355319, 0.4884021263170646, 0.41716971926963525, 0.4822601192712551, 0.4194368716478013, 0.4264176903382016, 0.41881098010886353, 0.5546626912694658, 0.8105981807794466, 0.4153474238824904, 0.4661986983374331, 0.42310846145116304, 0.5076350263744829, 0.4924029774769144, 0.48290486550865414, 0.46062287301380517, 0.41924937403649165, 0.4254218844616027, 0.429335928804205, 0.43280777070185017, 0.5561018381867713, 0.5304330560609805, 0.42519146474640807, 0.42372220909233577, 0.5307170495428497, 0.48822287749903237, 0.43980891564956826, 0.5005362059288719, 0.6357210916450173, 0.4141620577101563, 0.4635130234125777, 0.4410510578453656, 0.43283925347218294, 0.4267766713502919, 0.6204273377892864, 0.42758788052122715, 0.5519151551108868, 0.42653757324390346, 0.5588757966251373, 0.4286421303509533, 0.44081875210477306, 0.43136652319933505, 0.4287923972710532, 0.43781440194871246, 0.43286320237114084, 0.42713552299611524, 0.42582554296967123, 0.4589099756530883, 0.5371619065338391, 0.43051412179321374, 0.42075611334903934, 0.5145038254722926, 0.46640608647246273, 0.5925242532145872, 0.41932788587003716, 0.49025627154888557, 0.4336247264448019, 0.44514965213197527, 0.4230090632554972, 0.4373674577128097, 0.457035325056804, 0.4563174213467244, 0.43049274472316457, 0.45712474086873833, 0.5140355316940578, 0.4151289916676348, 0.4328168042981549, 0.42774602055831085, 0.7259119819259028], [0.7073737055994067, 0.6947580201011405, 0.7492167890010896, 0.590620850978702, 1.0, 0.773853349963746, 0.6999519401313498, 0.715101950354235, 0.7885906013930906, 0.6763451608286054, 0.7872528679954371, 0.8942589585711861, 0.7309676561244173, 0.7673717152896647, 0.7139516163157961, 0.7305433916991018, 0.7912956106550803, 0.8548974014765267, 0.6992153799016303, 0.739441440327435, 0.6949953168943157, 0.7426087260778566, 0.6852870660145514, 0.7215033370245727, 0.8083176282488674, 0.7368030179989385, 0.7106934395385598, 0.6971214620396734, 0.6879909168291126, 0.684473121115099, 0.7099568681918762, 0.849320333432675, 0.6931124067136817, 0.7035867754840238, 0.6899672678412269, 0.7578188269886822, 0.6812775800580433, 0.9155438987475605, 0.707950433047295, 0.7365501108934323, 0.7589352095195426, 0.8614905577248074, 0.48906300791863433, 0.7069195207794607, 0.7577978776306435, 0.6908909075070534, 0.900247182146034, 0.8436258836903457, 0.7749435527724163, 0.815844576703572, 0.6883686970869126, 0.6955968937151995, 0.7038260769010141, 0.7119619274375762, 0.884895507022405, 0.8597644202456572, 0.6954549339151634, 0.6990283826775363, 0.8561471468435696, 0.8303285101653262, 0.7204553967307398, 0.8717986937795963, 0.39720550299706475, 0.6878531285770765, 0.7399327094502879, 0.7289809129932882, 0.7152661023318935, 0.7008090378692929, 0.975435317559779, 0.7178357983323334, 0.9086785085474129, 0.7051406176495327, 0.8404696807892967, 0.7062447535870499, 0.6959398182489079, 0.7096329104442124, 0.6971168300631496, 0.718037345748077, 0.7080412516898061, 0.701478198180653, 0.6982736977870306, 0.773153906077864, 0.9829200719496752, 0.7411437386652929, 0.6891115200620896, 0.7562708428259682, 0.9004918380609732, 0.9428578803360985, 0.7058223025294073, 0.8182379651900792, 0.694462948556903, 0.7812478393192436, 0.7023047918113408, 0.7094415089256432, 0.7805154255525388, 0.7867804915705083, 0.6953574345798692, 0.7272788189012431, 0.9139249943023189, 0.6871588324585035, 0.6974165985100127, 0.700080434691563, 0.9162036946397372], [0.920803360897003, 0.8884348667121276, 0.956239875251804, 0.4511201374882095, 0.773853349963746, 1.0, 0.8999300387231723, 0.9286691875120829, 0.8636868368345668, 0.8468394593934652, 0.9231194651997036, 0.6123838193500837, 0.9536766152904768, 0.943915258446103, 0.9225545195648936, 0.9537390738151575, 0.9687157792284343, 0.919341190926367, 0.8846956325787352, 0.9457860440717345, 0.8878686034113934, 0.9494120838915475, 0.8771943007590417, 0.9269218471884256, 0.9634598948901094, 0.9657702089898493, 0.9089156249156655, 0.8921794164522593, 0.881258251164414, 0.8716996977227532, 0.9221366625286511, 0.9148989884626686, 0.8817056381869117, 0.9115025034132309, 0.8684040399660646, 0.9561637915540354, 0.8671704957712836, 0.8940220759814357, 0.8982294394142493, 0.9394486179466263, 0.9254049902977369, 0.7710058545720823, 0.43318197768572736, 0.8796813488564308, 0.9550829711801799, 0.8874130285986104, 0.8123352926547951, 0.8485920393688694, 0.9189489654041237, 0.9380452789397159, 0.8792884212956827, 0.8956755002707234, 0.9091862547785, 0.9256015592846208, 0.7838649039437103, 0.8189623522807092, 0.8964231579472401, 0.9024563578401628, 0.7475478087485737, 0.8819559247021068, 0.9433621613479132, 0.8444212626026595, 0.3595362387716721, 0.8695691831562987, 0.9675622154825825, 0.9421463543980805, 0.9205032419742019, 0.9065021558026811, 0.7480365241920304, 0.9200532756115368, 0.7239209411674771, 0.9107683522760175, 0.7552482698779273, 0.91414202012408, 0.8997709394932855, 0.9222859863438718, 0.8983350217963884, 0.936162443670909, 0.9203559572939332, 0.9128432814026624, 0.8991025837360491, 0.9646755524332922, 0.8189855945957606, 0.9475549598561733, 0.882175776625984, 0.9287445075583926, 0.9024106967561134, 0.6988995925985143, 0.8918454161257843, 0.8508506556117713, 0.8947422440193479, 0.9816791274373317, 0.9065524619135239, 0.9190138557795546, 0.9458208490388802, 0.9682977586905243, 0.8984137634527637, 0.9564529166007333, 0.8520844985500934, 0.875992512041584, 0.902741107409329, 0.9027839743113102, 0.6532226532171197], [0.9833613275907496, 0.9830772435139066, 0.8871484577262797, 0.42073178101557285, 0.6999519401313498, 0.8999300387231723, 1.0, 0.9700382155972561, 0.7664418984250516, 0.951982377996965, 0.8268693588649364, 0.5633333025581618, 0.9449357497771612, 0.8415296273757594, 0.9853921900270356, 0.9510423484307517, 0.9216599614118477, 0.8640567612280906, 0.9809854756534809, 0.922605479552329, 0.9881579057589839, 0.956611514826705, 0.9746076302216697, 0.9644630431705526, 0.8664549298687287, 0.9414721310131844, 0.9857257181242501, 0.9903946837446872, 0.9749439763680432, 0.9659107877582833, 0.9835828312085015, 0.8085834765718675, 0.9803638203054257, 0.9894593252550072, 0.9762761891301444, 0.8765659330495288, 0.9641412902241954, 0.7863509296189319, 0.983770225641771, 0.9773186376994358, 0.9688018720181626, 0.6876943742295653, 0.40371973274567136, 0.9835487521283648, 0.8981902617293583, 0.9781711351663706, 0.7140234745581455, 0.76241636495324, 0.8201550084198094, 0.8273997087985214, 0.9762376307192643, 0.986655964460645, 0.987842028992419, 0.9866055970487986, 0.7043148764674791, 0.7388514530942055, 0.9837173065911676, 0.9887676383287842, 0.6717550583454057, 0.7841054016585393, 0.9746745921848808, 0.7560711214364844, 0.3390028112552615, 0.9766997610726698, 0.9074884148627297, 0.9746999152929205, 0.9809530350623767, 0.9867705219703241, 0.6697171965998162, 0.9760324634200577, 0.6572237818213903, 0.9889166921197249, 0.6742964261880161, 0.9887718255953473, 0.9817504027072764, 0.9883457434331946, 0.9879824491032889, 0.9837739175836236, 0.9828843605062823, 0.9878096113531215, 0.9877164604870401, 0.8517277481897448, 0.7443730138987305, 0.9584690068150132, 0.975158197458525, 0.8326381306386393, 0.8146810306860492, 0.6381998028322599, 0.9884561252373913, 0.7592211695352378, 0.982664779499286, 0.8927635177166631, 0.9910195364728103, 0.9857207654034709, 0.891671762041132, 0.8539124598354113, 0.9870452118651709, 0.9516567378037538, 0.7636576133910279, 0.9759925523405765, 0.9808460067627284, 0.9847333554242094, 0.6001909919284875], [0.9819005339641084, 0.9577729255004428, 0.9296007074029367, 0.4390567458736327, 0.715101950354235, 0.9286691875120829, 0.9700382155972561, 1.0, 0.8191704463508269, 0.9185997348421575, 0.8753178199864338, 0.5867148735284123, 0.9712551966163128, 0.8899919145997301, 0.9794734372765869, 0.9767693918848331, 0.9377334835441682, 0.8755117568130338, 0.9542553137728942, 0.9582745238692277, 0.9613994526940582, 0.9694827560846099, 0.9464687498217816, 0.9848985626930494, 0.89638368411787, 0.9689673740055401, 0.9833669017465312, 0.9686585100417366, 0.9483355210648946, 0.9406428120244513, 0.9778108912186723, 0.8548666688235241, 0.9542425469542969, 0.9778376791832903, 0.9440525239238662, 0.9204792869500226, 0.9379009700822236, 0.820608029408529, 0.9719408866142484, 0.9768317670451294, 0.957001256440429, 0.7348477386265302, 0.42973968505843596, 0.9597285234752697, 0.9463318779668934, 0.9571006790775742, 0.7462249895635227, 0.8007130276676095, 0.8673316473813238, 0.8513401078266929, 0.952351735536162, 0.9660244105057905, 0.9734036570722778, 0.981759640131264, 0.7458235494396964, 0.7797537017445302, 0.9619645155619704, 0.9726972995789404, 0.7105348571563772, 0.8238770063657854, 0.9838914822892376, 0.7962886416157149, 0.3576173950918195, 0.9444221030544528, 0.9453795246036305, 0.9724231973922232, 0.9875567861542912, 0.9673894112597936, 0.6934597488559311, 0.9862873564351581, 0.6860621384115582, 0.9766346152163785, 0.718512449475896, 0.9774318170046344, 0.9650401709892752, 0.9785885622310599, 0.9689853971459272, 0.9827623891379775, 0.9843369276387733, 0.9770688510766201, 0.9666239656056087, 0.9001918085411805, 0.7623070517401209, 0.9766986015891902, 0.9530455162752582, 0.8819659614335033, 0.8362101072520839, 0.6676130414917804, 0.9657252635744562, 0.8072901082425622, 0.9616730970208518, 0.9234199756520024, 0.9728116430100684, 0.9721592811642111, 0.9306310703743399, 0.8935036199727915, 0.964722735499017, 0.9759764526255122, 0.8054112630639482, 0.9478359504224713, 0.9651887984212355, 0.9699821879220067, 0.6283706908473986], [0.8091930348861968, 0.7692200387155955, 0.9221321953308868, 0.4964881311715944, 0.7885906013930906, 0.8636868368345668, 0.7664418984250516, 0.8191704463508269, 1.0, 0.7248329468094565, 0.9310878941320365, 0.6770380864914478, 0.8154285754940808, 0.9239314483868567, 0.7955684006025228, 0.853312941547642, 0.8355055743591641, 0.8443616765277795, 0.7658754081148769, 0.9155067094862899, 0.762702381572504, 0.8045212952700366, 0.7523169773190403, 0.8207743300891174, 0.900088263381244, 0.833363183485981, 0.783888737231367, 0.7628022992424739, 0.7555682416906601, 0.7520881325206744, 0.8134356996356759, 0.9480777365355232, 0.7580662980232077, 0.8074654271093192, 0.7424042342222605, 0.9076362579287289, 0.7526786721790623, 0.9004023267555135, 0.7621555222042175, 0.7858828018641545, 0.7600914548422197, 0.8765789486587887, 0.4889141011824381, 0.7487596022393058, 0.9040142372210117, 0.7711428181519256, 0.8871496811964898, 0.9588708453915179, 0.9336850199079403, 0.8916924959188685, 0.7566047173587847, 0.7790783841066508, 0.7911676457042942, 0.8044132536024324, 0.8951799665260687, 0.9203261904419514, 0.7798679140138112, 0.775873000073687, 0.8554692379889117, 0.9583833204560278, 0.8213523647470706, 0.9360777517570135, 0.397107273919512, 0.7449161587634862, 0.8788204323983424, 0.8304288116848487, 0.8026060482660938, 0.7842531398348307, 0.7856813584833658, 0.7857415695846097, 0.8128733601380271, 0.7847570239535038, 0.8578166372287885, 0.7905350886418078, 0.8091239677866849, 0.7976519557861625, 0.7825970953193927, 0.8165798733659595, 0.7991295239313904, 0.784884535781159, 0.779136051712921, 0.8950776655324008, 0.8110238813584698, 0.7961018733287486, 0.7617048791581863, 0.9434682918342492, 0.8794107496438717, 0.7860572627018507, 0.7601265444445128, 0.9695250756056124, 0.7868779326817604, 0.8481232830526203, 0.7743825344681717, 0.8021997410872057, 0.8935724073797007, 0.8892428037329431, 0.787946535144392, 0.8653020755004255, 0.9101876977972366, 0.748050032387892, 0.7959296035820366, 0.7840148351269717, 0.7328088052230646], [0.9338967921837689, 0.9771061849841093, 0.832085585611054, 0.4078787370120379, 0.6763451608286054, 0.8468394593934652, 0.951982377996965, 0.9185997348421575, 0.7248329468094565, 1.0, 0.7786471388121967, 0.5405271236118419, 0.8808081737390929, 0.7916338950380409, 0.9312231499520116, 0.8920497500028863, 0.8776947857085131, 0.8330096940752475, 0.9669621403576539, 0.8655834938399025, 0.9650955592763792, 0.9185803804253361, 0.9891465390429829, 0.9193551273001714, 0.8150991388757283, 0.8831835193778999, 0.9362311733716734, 0.9529061000364815, 0.9793065623157541, 0.9901306820413907, 0.9319190147093059, 0.7624109542804491, 0.975088183151768, 0.9451200656817407, 0.9800824844237461, 0.8225622975235023, 0.9893091983902192, 0.7426139186902804, 0.9439931403117392, 0.9273797221230791, 0.9398522038092991, 0.6540084519568778, 0.391870448945476, 0.959200790779766, 0.8417149551955504, 0.9785494536085193, 0.6777767500571624, 0.7212316023030203, 0.7726902800089855, 0.7828894689684277, 0.9765436945677769, 0.9651615855540346, 0.9546639412572714, 0.9486514554880641, 0.6690227862268039, 0.7001085531497432, 0.9752210076726294, 0.9606979529386467, 0.6395760435629234, 0.7406109193208203, 0.9207189018035241, 0.7155508132629222, 0.33060846501193036, 0.9805956915619453, 0.8486841640743715, 0.922156729346285, 0.9343882626571819, 0.9712814755976125, 0.6377284760435156, 0.9225655729201013, 0.6263899390545753, 0.9419221068018324, 0.6418793478598857, 0.9468297027237782, 0.9654945504081749, 0.94735262604749, 0.9592344482827809, 0.9313125911624262, 0.9328503547275645, 0.9394617861766938, 0.9579666393964357, 0.8006520595139175, 0.7162112590603035, 0.908070266858229, 0.9861244177412628, 0.7837605919302848, 0.7808016784401872, 0.6090856189262787, 0.9459613557664278, 0.7183716365627926, 0.9697531361097069, 0.8455135132056273, 0.9636455837878307, 0.945373492691772, 0.8366943129839386, 0.8025823087283411, 0.9625552798824166, 0.8942028613289913, 0.7223422737295914, 0.9865805217937155, 0.973823538121336, 0.9660170272424806, 0.5743712568905945], [0.8672188979706963, 0.8301071740384773, 0.940380885496382, 0.4658416237988951, 0.7872528679954371, 0.9231194651997036, 0.8268693588649364, 0.8753178199864338, 0.9310878941320365, 0.7786471388121967, 1.0, 0.653216940800506, 0.885779812925584, 0.961883887179281, 0.854572034776271, 0.9111097376359875, 0.8951705682926768, 0.8769549341805702, 0.8178417064722904, 0.939224858200055, 0.8211175755269813, 0.8665883479153829, 0.809161229688234, 0.8722274153565039, 0.9613221280686882, 0.8978556392545989, 0.8456832988487584, 0.8183878384926747, 0.810881330132096, 0.8102922833103089, 0.866876875401497, 0.9512542860104531, 0.8117945148336063, 0.8604392660084423, 0.7993501862210393, 0.9490277004350061, 0.8010555602877221, 0.915204422892291, 0.8218826483369224, 0.8481224261777388, 0.8194829086838655, 0.8170098379218103, 0.44507605500957065, 0.8063263169941538, 0.9547629563750474, 0.8289721763206261, 0.8575367287725549, 0.9319880713089808, 0.9772328887467203, 0.9353205048094264, 0.8118869071559436, 0.8394318197647449, 0.8500569139709981, 0.8637335761299463, 0.8402086112680301, 0.8943747205782401, 0.8369270337222673, 0.8323729187214938, 0.7937464636603967, 0.943835941834209, 0.8840044508163918, 0.9103382604417187, 0.36769177908104106, 0.8034761666840001, 0.9288414684473685, 0.8922329715112267, 0.8609918705843229, 0.841905414917691, 0.7800959789665666, 0.8466720813909558, 0.7887254862759042, 0.8420506208905891, 0.7981684113646225, 0.8508609480319541, 0.8554136968002964, 0.8620177566351584, 0.84067151912608, 0.8792169062097195, 0.8566621200876191, 0.8422963458838274, 0.8328581135747318, 0.967704586459854, 0.818224697274385, 0.8596061287332827, 0.8197126878094607, 0.9606276951188121, 0.8909515317391143, 0.7578827189881892, 0.8196307498986836, 0.929468477129034, 0.8407753093690543, 0.9136089864360246, 0.836167111018568, 0.8635774138642991, 0.9435256355040702, 0.9588636999670863, 0.8376998826624725, 0.9203002682289493, 0.9058511149089057, 0.8058991416654433, 0.854125827877107, 0.8444786271275955, 0.7043580207637964], [0.5803207768344464, 0.5636236431768467, 0.6548735433106064, 0.7866311584177624, 0.8942589585711861, 0.6123838193500837, 0.5633333025581618, 0.5867148735284123, 0.6770380864914478, 0.5405271236118419, 0.653216940800506, 1.0, 0.5881072647747804, 0.652675982187352, 0.5757569659539422, 0.6001010256785372, 0.6131016407504017, 0.6554823473747382, 0.5598501158182836, 0.6316888138799691, 0.5608881856838922, 0.5781226529480505, 0.5548147763996384, 0.5849002090087164, 0.6544609551785551, 0.5939586300066195, 0.5714883142535839, 0.5606928292730371, 0.5563382584783444, 0.5555556112448042, 0.5812711662624259, 0.7123180073744698, 0.5564808086532903, 0.5787095199191178, 0.5500593391035703, 0.6298150463209323, 0.5519888746681341, 0.7752867381645525, 0.5610142703365162, 0.5728588383660006, 0.5598951030854783, 0.7801020407017131, 0.6094207178487481, 0.5537221745835144, 0.6289438214315036, 0.5638202084582542, 0.7629571967091914, 0.7090136315960492, 0.656760659413524, 0.6661795753223642, 0.5570219182341253, 0.5675563971577315, 0.5712879003980446, 0.5815761662961236, 0.8067576493272245, 0.7482107618922387, 0.5677092746900086, 0.5670567068326847, 0.7556607500009523, 0.6980709551835507, 0.5883913136798467, 0.7407977876814744, 0.4730895529478309, 0.5511842698709475, 0.6204463703740986, 0.5924401914161515, 0.580287752222598, 0.56962644677203, 0.9275644017895596, 0.5729460851331877, 0.7930471059556284, 0.5722417069967529, 0.784782230348437, 0.5740724111571723, 0.5784641395944762, 0.5772031675670637, 0.5676720271604022, 0.5860204369253961, 0.5758100209818943, 0.5714903879065331, 0.5660058410266389, 0.6316938680980615, 0.8336489369347947, 0.5780452525141199, 0.5601728507851453, 0.6656038653506894, 0.7238675250729947, 0.8588542360121807, 0.5599295890951436, 0.7016430241766918, 0.5694110804483804, 0.6145883722505241, 0.5663663939492618, 0.5790326396149521, 0.6413311740057993, 0.6398163161343954, 0.5686572705145798, 0.6124317549070929, 0.7958127381949872, 0.5531525442137085, 0.5753709277195422, 0.5707077051721413, 0.9727579171076152], [0.9582689163479583, 0.9302407762096484, 0.9425163677729108, 0.43507963302796915, 0.7309676561244173, 0.9536766152904768, 0.9449357497771612, 0.9712551966163128, 0.8154285754940808, 0.8808081737390929, 0.885779812925584, 0.5881072647747804, 1.0, 0.8979538946715527, 0.9678544402599129, 0.986343350372201, 0.9461585522094145, 0.8814929894268931, 0.9247195304281385, 0.965448654285186, 0.9273079355611272, 0.963025682639901, 0.9204301138324458, 0.9656080138110859, 0.9204247602793129, 0.9890588646997781, 0.9498468019020224, 0.9335958353536252, 0.9191785453146375, 0.9132574390031796, 0.9637293003489409, 0.8584546196359812, 0.9196489547065393, 0.9552262146011135, 0.909849950481112, 0.9350745228737808, 0.898199536979586, 0.8317053958585539, 0.9365392454890318, 0.9682608288928725, 0.9304584997747783, 0.7268746807370043, 0.4169125567525825, 0.9163929926866144, 0.9617251865213746, 0.9316348692666805, 0.7515917399821334, 0.8092672283101453, 0.8751344636576913, 0.8763293204471954, 0.9173452514983372, 0.9367243073374868, 0.9445133814948072, 0.9652686371256427, 0.7454685897083193, 0.7842702570036963, 0.9380486512094006, 0.9443730115319621, 0.7090908752832585, 0.8337989793496793, 0.9768466102157293, 0.8014001174495311, 0.34825651005662106, 0.9083787575005088, 0.9662676719165907, 0.9650427605929733, 0.9592414139291181, 0.9496052709999628, 0.703076732055177, 0.9621708440868951, 0.6921843856488439, 0.9523648098879195, 0.7119231851193768, 0.9573911599077425, 0.9386048562592874, 0.9646821900427724, 0.9381462303800525, 0.9748879533067247, 0.9615554748982887, 0.9523814544925719, 0.9368688273951163, 0.9150607800927608, 0.7758307793853284, 0.9738413955481766, 0.9197179595231524, 0.8884190737522915, 0.8517260421460363, 0.6707382370787195, 0.9310466547564443, 0.8072602509024238, 0.9371073568726577, 0.9429439519228059, 0.9490087417668368, 0.9593294563082146, 0.9553292784918949, 0.9081358182445857, 0.9388909497745644, 0.9802403336118523, 0.8096571467698405, 0.9182915480860403, 0.9463918875111865, 0.9459041536107239, 0.6298201163026123], [0.8852411979878625, 0.8426155131480865, 0.9475644518619887, 0.47612827027697857, 0.7673717152896647, 0.943915258446103, 0.8415296273757594, 0.8899919145997301, 0.9239314483868567, 0.7916338950380409, 0.961883887179281, 0.652675982187352, 0.8979538946715527, 1.0, 0.8715882135412344, 0.924294343700458, 0.9010046408114444, 0.857229559719641, 0.8338733535624224, 0.9457372630922065, 0.8369652826174055, 0.8790352231658511, 0.8236533501629293, 0.8878324512985166, 0.9459687262848613, 0.9115173599700281, 0.8610298963957864, 0.8335888244249189, 0.8258558050271362, 0.8251181217236044, 0.8836833669058369, 0.9182963966497947, 0.8285540511551017, 0.8747436303369794, 0.8122801851675074, 0.9576508340281373, 0.8169222363333591, 0.8794498180862281, 0.8363650742663595, 0.8640574817671862, 0.8338801455309907, 0.8524273838615074, 0.45529484052195346, 0.8202610463366593, 0.9535156628254592, 0.8423876634307128, 0.8508008375323799, 0.901782987354494, 0.9675557886963941, 0.9500233275678054, 0.8287795120074709, 0.8524421739118324, 0.8619074240049069, 0.8819841063870398, 0.8455382982230152, 0.8724334704686194, 0.8519244014126997, 0.8491897044919144, 0.8229368400039904, 0.929686318448532, 0.901331138602179, 0.8870701254026335, 0.3746383174529801, 0.8148675960005214, 0.9542146716720802, 0.9113469884417426, 0.8778515388265251, 0.8577810617530771, 0.761340171862935, 0.8634079990107691, 0.7842773412186551, 0.8594169018887522, 0.8260906993354838, 0.8663759211749964, 0.8687480620725861, 0.8758964137574027, 0.8547619286272508, 0.8981081256474748, 0.8746154972545089, 0.8604079865038544, 0.8471194869836858, 0.9610623067371449, 0.7907997553930851, 0.8745054688438743, 0.8341807176947826, 0.9566280241660041, 0.8610663215764625, 0.7532549312943295, 0.8347903289554656, 0.9362802395406521, 0.853528396327579, 0.928525964633641, 0.8500988369610195, 0.877748660246951, 0.9495141075374287, 0.9549752893361436, 0.8519249578490736, 0.9389417337921104, 0.866683448217039, 0.8190436175353512, 0.8650589039706723, 0.8579310713583117, 0.7014122680267474], [0.9872797736225656, 0.9709026556017898, 0.9136036086849073, 0.4307754933488891, 0.7139516163157961, 0.9225545195648936, 0.9853921900270356, 0.9794734372765869, 0.7955684006025228, 0.9312231499520116, 0.854572034776271, 0.5757569659539422, 0.9678544402599129, 0.8715882135412344, 1.0, 0.9712579386336654, 0.9284962699503785, 0.8649108203708327, 0.9665200352962321, 0.9448710127157001, 0.974054199118848, 0.9579429474517047, 0.9572427096713548, 0.9726015645093099, 0.8882831344252905, 0.9622879916301791, 0.9847735541225763, 0.9784275908106148, 0.9596011612382646, 0.9525235306089651, 0.986187816753954, 0.832059608642061, 0.964278575456306, 0.987290520517331, 0.9583438497010281, 0.9034806560035973, 0.9458874000783773, 0.8072047894758266, 0.9800766341195454, 0.9813152245566418, 0.9566068613392112, 0.7138793401912115, 0.4129587245330992, 0.9677296690190588, 0.925277764740131, 0.9661434202102703, 0.7310216186990355, 0.7851834914987366, 0.8492001276022617, 0.8496874151814605, 0.9601954131586414, 0.9761622979454765, 0.9821402135353094, 0.986797407106482, 0.7297926485237931, 0.763769115963737, 0.9719210156190874, 0.9824512435492162, 0.6937756807055395, 0.8086590138868399, 0.9862582284237644, 0.7783990224834153, 0.345493353101872, 0.9579833177535462, 0.9337644196935915, 0.9806169795489617, 0.9840748531252492, 0.9788469661415371, 0.6841486133597942, 0.9820932839182642, 0.6733881823374619, 0.9853740066840545, 0.7003544641440188, 0.9864278464896128, 0.9751819627781858, 0.9881743802828596, 0.9754704325039153, 0.9880065931439135, 0.9886461994411696, 0.9844522927962751, 0.9768830297472562, 0.8787324503572459, 0.7578148423001424, 0.9683931211119254, 0.9619720394093336, 0.8621564038401774, 0.8290615538633497, 0.655496616669806, 0.9781201049265336, 0.786608928751279, 0.97189351237027, 0.9153531856837304, 0.9859357719629409, 0.9815352722422428, 0.9150193679048455, 0.8777938900523717, 0.9781946990057079, 0.9682459721868655, 0.7861152353074076, 0.9629499936332582, 0.9735100692112737, 0.9820035647356189, 0.6163661029555659], [0.9681341982422762, 0.9362525827841858, 0.9494608380768819, 0.45180991473442994, 0.7305433916991018, 0.9537390738151575, 0.9510423484307517, 0.9767693918848331, 0.853312941547642, 0.8920497500028863, 0.9111097376359875, 0.6001010256785372, 0.986343350372201, 0.924294343700458, 0.9712579386336654, 1.0, 0.936504541128163, 0.8697449892891761, 0.9337569480355461, 0.970858940059067, 0.935461328558984, 0.9614882663599308, 0.926307434994672, 0.9752164438306986, 0.929473116254372, 0.9823458196730108, 0.9579989828404943, 0.9424035403670625, 0.9273770658327104, 0.9215655650157337, 0.9737818952963091, 0.8796981314337377, 0.9310822631599207, 0.9609342351251193, 0.9188065730071425, 0.9551822907635253, 0.9108627143447051, 0.8485882666461643, 0.9492074316759558, 0.9651584855348969, 0.9312705462543039, 0.7653598278902196, 0.43410834095178824, 0.9285675182668303, 0.9705268650392085, 0.9382434558481136, 0.7700045321086703, 0.8316247076108233, 0.9033360767411743, 0.8760393104047806, 0.9266003840774324, 0.9460714780902894, 0.955883679110141, 0.9728379272458253, 0.777873768789343, 0.8137893029363532, 0.9448420371614975, 0.9524954070329238, 0.7388390208366707, 0.8549802381455521, 0.9820141477529746, 0.8219701198335809, 0.36017416144690256, 0.9157872775929999, 0.9738240992936933, 0.9694944083425251, 0.9679267234043035, 0.9548759465656546, 0.7145141394232387, 0.9716526466799466, 0.7087303241511171, 0.9614162266558279, 0.7529441950327884, 0.9646273880449934, 0.9528861291011024, 0.9714192989715084, 0.9494123563816874, 0.977565946509365, 0.9703085194309604, 0.9605213766922108, 0.95009392516266, 0.9304377258556467, 0.7690239113725471, 0.9656813317536725, 0.930323317074124, 0.918893786653549, 0.8464815091279593, 0.6887564245671489, 0.9395092850334306, 0.8382788663142687, 0.9459549750317304, 0.9355877651097063, 0.9551923892079132, 0.9677855403792738, 0.9509160104052431, 0.927187716280405, 0.9504237017622553, 0.9827808804938042, 0.8300539988738578, 0.9271365533442153, 0.9546200240456763, 0.9546274959385769, 0.648315740189343], [0.9216945584430375, 0.9054354585826367, 0.9307980140106344, 0.4409102629605671, 0.7912956106550803, 0.9687157792284343, 0.9216599614118477, 0.9377334835441682, 0.8355055743591641, 0.8776947857085131, 0.8951705682926768, 0.6131016407504017, 0.9461585522094145, 0.9010046408114444, 0.9284962699503785, 0.936504541128163, 1.0, 0.9515545046779574, 0.9113661438010807, 0.9256849875091318, 0.9102090215946019, 0.9576699766538327, 0.8994483160805562, 0.9373140600822584, 0.9556633203793083, 0.9491453358569305, 0.9284000657324649, 0.9179800116568683, 0.9007299878241453, 0.8938075269037018, 0.9225873672174133, 0.9064948410559506, 0.9021725782048742, 0.9201190212786632, 0.8997279404821105, 0.9284536522121407, 0.8931633646407181, 0.8837276035579802, 0.9239791008062105, 0.9585916961390197, 0.9605399857376836, 0.7406874432094277, 0.42850822799700544, 0.9199051796391018, 0.9274788178310429, 0.9037328523716066, 0.8157493070905717, 0.8456299100819011, 0.895168428801671, 0.954871631126319, 0.8985280725155215, 0.9098988070059737, 0.9156325595527246, 0.9218798767138467, 0.7578554697067398, 0.7965171116468105, 0.9101913518578558, 0.9169672628221546, 0.7215977754905433, 0.8706780153203659, 0.9290002644187154, 0.8425501861886008, 0.3568557208580535, 0.8988353471003085, 0.9366585235400574, 0.9198641143585884, 0.9354185556829747, 0.9130796411782147, 0.747566658305439, 0.9322913348675154, 0.7252769457035069, 0.9182336788143916, 0.7238690842363705, 0.9213791523938015, 0.9105107734563901, 0.9235119507455034, 0.9127748681050846, 0.9248123920599209, 0.9269935060961507, 0.919003673672764, 0.9132358133885952, 0.9544904520811661, 0.8392250660539826, 0.9539446843666551, 0.8980059022336518, 0.8989725538218105, 0.9234298696470195, 0.6973681063175471, 0.9148688767310891, 0.8217968798710099, 0.9083680845697405, 0.9811679325202344, 0.9180982643432348, 0.9180509799666101, 0.9492245691698429, 0.9458626621448427, 0.915307759344888, 0.9284119393280177, 0.8446585622943844, 0.8988198535789613, 0.9086582206656458, 0.9109409365625064, 0.6401204112971084], [0.8656842210560732, 0.8515743983806671, 0.8772867877580193, 0.4442355540837502, 0.8548974014765267, 0.919341190926367, 0.8640567612280906, 0.8755117568130338, 0.8443616765277795, 0.8330096940752475, 0.8769549341805702, 0.6554823473747382, 0.8814929894268931, 0.857229559719641, 0.8649108203708327, 0.8697449892891761, 0.9515545046779574, 1.0, 0.8648891029221535, 0.8584567134645477, 0.8578855301189119, 0.9134509803983251, 0.8429792072485222, 0.8855743923241387, 0.9338029627717312, 0.8879879397219377, 0.8746098657355396, 0.8613895360526579, 0.8462515862503172, 0.8412739657638154, 0.8631706220307376, 0.9075272749286543, 0.8519369739649962, 0.8615896654516401, 0.8529521069662929, 0.8743978162653092, 0.8376466496110341, 0.9103215375197916, 0.8753671248085342, 0.905002907368269, 0.9364013662540298, 0.770779040612569, 0.42531243572485533, 0.8790936385088102, 0.8639255007423364, 0.846720561307949, 0.8810260347289212, 0.8924986742605997, 0.8636709514718138, 0.9451755026256504, 0.8459942170018022, 0.8540625923419761, 0.8607292836272107, 0.8609936586339834, 0.7881368840098452, 0.8345425053062232, 0.8552204417965514, 0.856870682055762, 0.7745896342810539, 0.9044794895456034, 0.8668501165420573, 0.8845686152350736, 0.35409826061624894, 0.8501662819793318, 0.8769521925591417, 0.865806279393766, 0.8794294187389737, 0.8529785025887329, 0.7922212877631013, 0.8785092132810896, 0.7898983829859022, 0.8591038995262132, 0.736770847771937, 0.8624098086873984, 0.852917628370092, 0.8654768501164439, 0.8584167021527542, 0.8608070403609823, 0.8690864449313335, 0.861269123176746, 0.8575698731983676, 0.8931844395991942, 0.9015114454131573, 0.9061908977567289, 0.8441839012202476, 0.8566944689179204, 0.9735962970732632, 0.7514560665760626, 0.8695694535908102, 0.861644426329657, 0.8516513864294912, 0.9314760248136909, 0.8594705336099338, 0.8572154062315033, 0.894619842849247, 0.9053695465726177, 0.8547849567455504, 0.8642087800920402, 0.8698020136865645, 0.8448765882810546, 0.850925384281543, 0.8556987960905996, 0.6851675748933415], [0.9699593661420399, 0.9884696526544619, 0.8708764745089096, 0.42207371725588155, 0.6992153799016303, 0.8846956325787352, 0.9809854756534809, 0.9542553137728942, 0.7658754081148769, 0.9669621403576539, 0.8178417064722904, 0.5598501158182836, 0.9247195304281385, 0.8338733535624224, 0.9665200352962321, 0.9337569480355461, 0.9113661438010807, 0.8648891029221535, 1.0, 0.908613043710377, 0.9863419948688928, 0.9569330721390629, 0.9823998408854419, 0.9599043832144241, 0.8504374789805884, 0.9219799237016411, 0.9726760908666273, 0.9860105792379148, 0.9840586179648023, 0.9788401691278488, 0.9723270053223074, 0.8012464556937944, 0.9849328201962146, 0.9785195108456973, 0.9869190061052896, 0.8699728347489909, 0.9767869017257779, 0.7770638488838738, 0.9785422504273058, 0.9622963227531731, 0.9678573678982908, 0.6921686549508441, 0.4070696933073363, 0.9861091495372062, 0.8856951135647281, 0.9849165002015695, 0.7067417283958767, 0.7565488157523818, 0.8118052220366222, 0.8106830231935273, 0.9846063860957692, 0.9866625000255578, 0.9836372449207981, 0.9819916403241459, 0.7020526568475565, 0.7352265616560267, 0.9853418709185552, 0.9864502369869591, 0.670443145754934, 0.7769274149212729, 0.9544864975882932, 0.7494447408941303, 0.341361708648827, 0.9846500394364259, 0.889899562742932, 0.9562104611018243, 0.972289067883462, 0.9842159664140568, 0.6621073761205808, 0.9565351680239819, 0.6509388862979241, 0.9784986886968938, 0.6735976662222742, 0.9782216329646478, 0.9868751400415079, 0.9779583902964424, 0.9844427776705437, 0.9695375515912539, 0.9715272366729583, 0.9768762321941571, 0.9889832019810485, 0.8398763923071167, 0.7434809969649941, 0.9412420409238812, 0.9800222523037209, 0.826635322383794, 0.8103319787634196, 0.6344271553321751, 0.9838825586237318, 0.7563904151824918, 0.9831129763687521, 0.8814192586901872, 0.9879972079877916, 0.9766598588529986, 0.877001507212911, 0.8450098458959818, 0.9853382597271011, 0.9334523575127184, 0.757821751517197, 0.9830569378813968, 0.9854043236187301, 0.985953533453104, 0.5980510391034688], [0.9398211744301412, 0.9111881417050388, 0.9540327079026842, 0.488053346724666, 0.739441440327435, 0.9457860440717345, 0.922605479552329, 0.9582745238692277, 0.9155067094862899, 0.8655834938399025, 0.939224858200055, 0.6316888138799691, 0.965448654285186, 0.9457372630922065, 0.9448710127157001, 0.970858940059067, 0.9256849875091318, 0.8584567134645477, 0.908613043710377, 1.0, 0.9112049433202186, 0.9429319804887489, 0.897125228824726, 0.9544381765723139, 0.9334898245604495, 0.9658843744302166, 0.9338387509615894, 0.9159218866594004, 0.902291888748368, 0.8935881093175259, 0.9505488318138013, 0.9075922899391858, 0.8986599294787387, 0.9377039344016695, 0.8885251265713089, 0.9630044893980848, 0.8889983829273274, 0.8620472721802617, 0.9193458066281789, 0.9396319740098324, 0.9073203119787014, 0.8261614753524295, 0.48304599026169986, 0.8999248034235957, 0.9676083223936758, 0.9127840522846831, 0.8070887362027689, 0.8759523166351836, 0.935393699252367, 0.8941562196357985, 0.8975181143211894, 0.921190188044429, 0.9293338891729208, 0.9501904057959674, 0.8300093003779782, 0.8584730023649652, 0.9202086703988821, 0.927399865920018, 0.7963993156745136, 0.8864931856616541, 0.9614915569294152, 0.8585799434810552, 0.39267082402822995, 0.8907155802477692, 0.