[[0.9999999999999993, 0.8604948748330767, 0.8402022543393253, 0.8567264558283662, 0.81975558529747, 0.8636902710773937, 0.8658628565846826, 0.8680015531283569, 0.8606882341784411, 0.8391532869631307, 0.878017234855633, 0.8485374713873793, 0.8315822267928052, 0.8601454541849359, 0.844074721975963, 0.8525088525768548, 0.8530150717098506, 0.8454787397687896, 0.8495482076828986, 0.8349361056790974, 0.8348467195296303, 0.8509629433967635, 0.8581441925977844, 0.862142375956033, 0.852187804093866, 0.8250980944470632, 0.8457100861555326, 0.8327812727163206, 0.8343127830982543, 0.8457395584406487, 0.8508156542665556, 0.8437592396375132, 0.8449506510066109, 0.8915974411486165, 0.8364208858224509, 0.8367639391014841, 0.8373521739292134, 0.8560020403180724, 0.8762276146474071, 0.8594556859370955, 0.8358013604731829, 0.820094618966466, 0.8133990288707514, 0.8774697735596454, 0.8555090379128707, 0.8545026179111972, 0.8321215328264372, 0.8397626396667843, 0.8773236972061926, 0.8398097656526301, 0.8415131887269711, 0.8735767218729891, 0.8493583894450873, 0.8574614019757649, 0.8503854987052583, 0.8699380257246774, 0.8654039198835808, 0.8876664071343516, 0.8149633009202109, 0.8551218888556305, 0.8310320317298349, 0.8465107329034158, 0.8362672866747755, 0.852314496701699, 0.882117152937381, 0.8369476339425735, 0.8450025814483755, 0.8375897436447628, 0.8480014534773307, 0.8753728887323684, 0.8495736881283069, 0.8623628140903948, 0.8536943924275984, 0.8422576565634732, 0.8276467361786762, 0.8306773131329358, 0.8300869762181854, 0.8261055387462365, 0.8317701553231645, 0.8258894357376161, 0.8419069788434889, 0.8268251281563012, 0.849543604393979, 0.8397377576598537, 0.8226327839368205, 0.8521621353975788, 0.8854419213375169, 0.8618419062723474, 0.8224494388156354, 0.8641118145101495, 0.8441750765173857, 0.865533361646983, 0.8884238346569533, 0.8459605572272968, 0.8519821217010555, 0.839385216275718], [0.8604948748330767, 0.9999999999999989, 0.8471371486072604, 0.8755764031393272, 0.817306195981297, 0.8851102410936671, 0.8718642597927918, 0.8824914849942149, 0.894030999782126, 0.8562595959809727, 0.8662312253393543, 0.8398371571413377, 0.8508880972781974, 0.8653227502882156, 0.8692054367607751, 0.8512992905789367, 0.87610625275099, 0.8983057429735217, 0.8591339001441164, 0.8717076114581999, 0.816254601292903, 0.8685327894496604, 0.88523698306549, 0.8674962413476277, 0.8306288568668115, 0.8461215210034062, 0.8631440749783525, 0.8471155765490958, 0.8695967531911207, 0.8686875390896904, 0.8648183593331994, 0.8644458042372337, 0.8471844657377412, 0.8994995727495982, 0.8761897471784212, 0.8615203524227764, 0.8561493807190931, 0.8770330699273245, 0.8544036751781473, 0.8897320027116103, 0.8299544088013072, 0.8548104161934562, 0.8437203507178832, 0.906650565336505, 0.8693015191493308, 0.8624216160156485, 0.8559849767220397, 0.8567207499236573, 0.8413801490151395, 0.8829206488583514, 0.8941950685602404, 0.9057424624966025, 0.8995101672762985, 0.8978474614130647, 0.8585678866125894, 0.8675568380553729, 0.9053820823538838, 0.8715639979549931, 0.8177709315015246, 0.867979807840945, 0.8491958467737777, 0.8354472212451574, 0.8707446834563787, 0.8715084175611055, 0.8613906625758255, 0.8856423409331413, 0.8564192243780314, 0.8911571983658659, 0.8321722293318744, 0.869382593745768, 0.9014978717104176, 0.8520245062194398, 0.8377912219488196, 0.8524569709180814, 0.8580102674216676, 0.8667483682861338, 0.874639237777863, 0.8596697262164941, 0.8602914512551738, 0.8569473237898264, 0.877621109683755, 0.8633855126502566, 0.8629609246964565, 0.868592766273432, 0.8411582796456684, 0.8754665654238935, 0.8476930065615431, 0.886519655596625, 0.8614579486740357, 0.8621610748180849, 0.8495482150547128, 0.8769802817027057, 0.8871202200686359, 0.8698690994279461, 0.8709554797608541, 0.8082022025023032], [0.8402022543393253, 0.8471371486072604, 0.9999999999999999, 0.828451662714552, 0.7877789638808773, 0.8516003841507555, 0.8617287832774737, 0.8437726357659358, 0.8505189470781018, 0.8530007085675276, 0.8536233029649944, 0.8357300706020381, 0.800362987058652, 0.8586907719179313, 0.8382628866361331, 0.8493723517810575, 0.8232946128638085, 0.8332191704759848, 0.8658814016706087, 0.8390559965691219, 0.8251930782515032, 0.8578369877317374, 0.8514099553559319, 0.8476301245945044, 0.8609070506553399, 0.8337554000065536, 0.8543731968744902, 0.8499852649503016, 0.8751840712572255, 0.8437903902428016, 0.8439963001344931, 0.828753165538351, 0.8462145636720563, 0.8711838787997175, 0.84681027973575, 0.8288600649903877, 0.8690852275550848, 0.8433372690335217, 0.8371186977113676, 0.8442777204535123, 0.8201482959457795, 0.8243478280397224, 0.8160835214125182, 0.8567066707780624, 0.8706530700723322, 0.8292357489287034, 0.8616073545683374, 0.8410242232460581, 0.8436126948051037, 0.8439718209662493, 0.8361722899547346, 0.8482660087719331, 0.8344608748432136, 0.8516884021332908, 0.8470759870275835, 0.8556339814587592, 0.8375122199391132, 0.8930095465163259, 0.7977475470466473, 0.8440502497086884, 0.857195357337334, 0.8460752105965985, 0.8565069866409986, 0.8335242043603635, 0.872987235338324, 0.8382866078389835, 0.8739347228370743, 0.855360396491529, 0.805767245786582, 0.8441402537432903, 0.8322539841988594, 0.8524852433735068, 0.8327198768480669, 0.8326103718839699, 0.8272623851272553, 0.8349204854195124, 0.8731246032552817, 0.8530418355323384, 0.8225509020529979, 0.8570790300842484, 0.8548624917096241, 0.8281236659783024, 0.8568099380488429, 0.8503391878736547, 0.8328509123733308, 0.8600941674714915, 0.8600298626664662, 0.8719525479649689, 0.8356468254706423, 0.8394701137587365, 0.8369801169089756, 0.8795589172849764, 0.8610119026791341, 0.84010647805642, 0.8398452496739937, 0.8116636359885601], [0.8567264558283662, 0.8755764031393272, 0.828451662714552, 0.9999999999999994, 0.8348307050418479, 0.8643033094605823, 0.8596396869942989, 0.8850075776735088, 0.85959862403201, 0.8503898277111946, 0.8779534074330217, 0.8507337937051646, 0.8563323212744355, 0.8617536608048348, 0.8775307168824944, 0.8715203168243716, 0.8445252604067207, 0.895217016120753, 0.8783045770390621, 0.8460163746768353, 0.843773715203195, 0.875130745879407, 0.8860226322762637, 0.8412839669544743, 0.8487541591392632, 0.8653895595666158, 0.8764052810513286, 0.8889716144996964, 0.8398433973016339, 0.8271221908251528, 0.8563756711170951, 0.8534014750060576, 0.8672295950397307, 0.9049490594350594, 0.8495697872094254, 0.8392534124045818, 0.8594049671145602, 0.8346669257935719, 0.8596934283646291, 0.8792830495365341, 0.8288955405266172, 0.8254538761423583, 0.8419961969103917, 0.8893139777294257, 0.8723067345372685, 0.8499631030512569, 0.8462147002854022, 0.8510668146090182, 0.8354071364675724, 0.8586207612885374, 0.8693362872247833, 0.8985282263277817, 0.8889120497830958, 0.8609071861712425, 0.8396002638573463, 0.8480200559467157, 0.8691195651838997, 0.8814692877203317, 0.8460289119015116, 0.8615588731040313, 0.856032843876921, 0.8507135073545512, 0.889563035555622, 0.8715224691755936, 0.8805640162412457, 0.8642920426555761, 0.8816519088147986, 0.861235127897056, 0.8308712941849493, 0.8907675525157829, 0.8237151513382133, 0.8899637243047164, 0.8438299683228346, 0.8410187330718859, 0.8901232639285009, 0.850262934591697, 0.8629626284614121, 0.8611679426473275, 0.8250584957759506, 0.8602083048710402, 0.8517937324537415, 0.8538802871421458, 0.8702480243910512, 0.8344596543187309, 0.8406989698548006, 0.894383376614858, 0.8624702768843315, 0.8555892800520899, 0.8441097484730371, 0.8888894521123, 0.8475918595759894, 0.8609631899644583, 0.8964818604260181, 0.8553624515545303, 0.8438637831155821, 0.8233846043302459], [0.81975558529747, 0.817306195981297, 0.7877789638808773, 0.8348307050418479, 0.9999999999999992, 0.8291839618267371, 0.8243412908728399, 0.8727256339037456, 0.8189440194120066, 0.8218574569465917, 0.8241345899941348, 0.8052680069853093, 0.7982268833163734, 0.8222327391315065, 0.8332757293089043, 0.8234043399820234, 0.807067339351832, 0.8174938988769778, 0.8232601718866172, 0.8383634203086631, 0.7981647585601305, 0.8341096494011183, 0.852072682946115, 0.842594649525965, 0.8188834015537654, 0.8345495249581476, 0.8213987411813055, 0.8001754281459921, 0.8333284594139683, 0.8130961828532137, 0.8465061085654513, 0.8073303326350106, 0.8135235782944406, 0.8833000550465615, 0.8369641536896472, 0.864713076953747, 0.8104766735068212, 0.7910508838761714, 0.8234037594957684, 0.8771800706951881, 0.8629534785599696, 0.8128499968470548, 0.7657484000491667, 0.8559995252421483, 0.8302675921433472, 0.811178429139688, 0.8312100892774218, 0.8297693219050868, 0.8179780035728778, 0.8363289334701831, 0.8241260266758166, 0.8500154425804644, 0.8767239871255624, 0.8323611392230537, 0.8326269874192088, 0.833086502187001, 0.7914687353316101, 0.8476588139583567, 0.7863796176911622, 0.8207947112323761, 0.7987645863665628, 0.809883919729298, 0.8237802778160066, 0.8526227992144266, 0.8506103759629945, 0.8105754838546547, 0.7892505340920642, 0.8111719472825722, 0.7970671952671256, 0.8212085911666319, 0.7927892856775686, 0.8418935705667365, 0.789242286138442, 0.8319231159914726, 0.7814367813194778, 0.8312304906097124, 0.7963481808409971, 0.809649682563744, 0.7964686346778672, 0.8342512781524132, 0.8251039136942951, 0.7888548232491917, 0.8174591822926225, 0.7995665918657343, 0.7946786174856991, 0.8465957700759873, 0.8593199740909688, 0.8337214051260109, 0.7825852044149392, 0.8094749355653913, 0.8063708992100016, 0.813269184020007, 0.8767239871255625, 0.8394130347042019, 0.8310049149365532, 0.8138952573875702], [0.8636902710773937, 0.8851102410936671, 0.8516003841507555, 0.8643033094605823, 0.8291839618267371, 1.0000000000000007, 0.8560391406345785, 0.9053765497726056, 0.8859710169396869, 0.8681942400172162, 0.883339772727942, 0.852298636312555, 0.8481810555515885, 0.8808278658421933, 0.8619044759387798, 0.860514818311658, 0.8357663124572532, 0.882541832521897, 0.8649315059852309, 0.8755693415687353, 0.8335763317991608, 0.8741669787552212, 0.8759291158425034, 0.8617284989351537, 0.8481810555515886, 0.8826013611140031, 0.8697282522287654, 0.8469295447044785, 0.8682492751494053, 0.849170207320827, 0.8728436778096639, 0.8881055890653021, 0.849456000795522, 0.9029928440679913, 0.8638454353162385, 0.8425992390385891, 0.8682492751494052, 0.8740119503764933, 0.8782926497516015, 0.8842227732534172, 0.8334750686569089, 0.8489525828370665, 0.7799418341183294, 0.8809891185043525, 0.8627939011847545, 0.8649375303637042, 0.863027232868638, 0.870991875559491, 0.8695928200307078, 0.8945913609059266, 0.8858910296316722, 0.8833834243128238, 0.8789336440536065, 0.8824696713038612, 0.8707019616037364, 0.8673169705184758, 0.8650629193626197, 0.8924637270447607, 0.8757107404342223, 0.8505541651794238, 0.8583358776284918, 0.8571047150519113, 0.8665943087438236, 0.865399765542885, 0.9003989125684165, 0.8595838649927541, 0.8301452541620861, 0.8483721503953137, 0.8537448247569296, 0.8813822984605306, 0.8823108166809148, 0.8770819874230373, 0.8367550429826796, 0.8705326896287122, 0.8385206053776867, 0.8366112527502929, 0.8437863213990908, 0.8800047804825927, 0.8921962564715565, 0.8602075596051814, 0.8470106164510032, 0.857952363350874, 0.8715157179775739, 0.8634527302155337, 0.8533045466185425, 0.8855488095183465, 0.8600964517788379, 0.8886597211246259, 0.8638719315337658, 0.8871125812728038, 0.8389068578922165, 0.8718899291295428, 0.8778947153963328, 0.857290532265539, 0.8855389431709404, 0.8328051198878229], [0.8658628565846826, 0.8718642597927918, 0.8617287832774737, 0.8596396869942989, 0.8243412908728399, 0.8560391406345785, 0.9999999999999996, 0.8718215530015243, 0.8615868951062653, 0.8742226728374912, 0.8481889187772111, 0.8522718115177582, 0.8510660510794431, 0.8914149119658326, 0.8410008028384115, 0.857309366886128, 0.8661436135933692, 0.8464023914090198, 0.8784678328798203, 0.8440161380239972, 0.846394242658873, 0.8598671607846955, 0.86856875831357, 0.8611845239253771, 0.8401349274875968, 0.8283527559238273, 0.867791702714123, 0.8927420117343963, 0.8658463944072129, 0.8739247955355248, 0.8840393095513791, 0.8607257417168866, 0.859396886813863, 0.8928702543176058, 0.8632289068882207, 0.8426807235755505, 0.8980939323739617, 0.8372248294426128, 0.8454293805059693, 0.8674206609256627, 0.8460640818460081, 0.8357631987517505, 0.8426597879545616, 0.8611930442560578, 0.8599110304391091, 0.8712566260529429, 0.8498802240278278, 0.8734130779546271, 0.8586852914857049, 0.8866161180971934, 0.8653626237683756, 0.8775940973848599, 0.8650583026133409, 0.8521374625727725, 0.869909224693726, 0.8305284340121811, 0.8608925905788701, 0.894584676203091, 0.7966579817628128, 0.8595218893196214, 0.8619002834082674, 0.8537421881186342, 0.86570306310782, 0.8586038297182237, 0.8773404714351453, 0.8307978535079986, 0.8827134006341161, 0.8854979017305947, 0.8367891514200512, 0.8440412550890511, 0.8618653736901084, 0.8596396869942989, 0.8252466792630677, 0.8722693306722751, 0.8583522201428009, 0.8336978538844078, 0.8680847049106618, 0.8584152388388337, 0.8603557151016925, 0.8160569347321879, 0.8963271379309921, 0.8303630807353828, 0.8809050375343704, 0.8561738562468121, 0.8299559186471344, 0.8973653843834326, 0.8742276960404229, 0.8990348388068201, 0.8393507698874032, 0.8547860098718032, 0.8519312370899991, 0.8769803980881032, 0.889124839625768, 0.8640281509267843, 0.8809481021899955, 0.846047867129227], [0.8680015531283569, 0.8824914849942149, 0.8437726357659358, 0.8850075776735088, 0.8727256339037456, 0.9053765497726056, 0.8718215530015243, 1.0000000000000009, 0.9012467586850353, 0.883067292359353, 0.8722247750879374, 0.8561173354063241, 0.8529478771892552, 0.8746823648171339, 0.8858345544702201, 0.8580439100057573, 0.8943764824768304, 0.9066772405895903, 0.8648990146992687, 0.8860173353617086, 0.8559855256787211, 0.8948999505252809, 0.8896512453876444, 0.8772691331481202, 0.8471847158568955, 0.8742836543621048, 0.8800126474080651, 0.8699444305164383, 0.8521255703578114, 0.8473310439536975, 0.872952553770347, 0.8818027051438418, 0.8711674825445779, 0.9452633556293462, 0.8646350209285968, 0.8741233430472558, 0.8747378410795968, 0.859781805156879, 0.8761207565544463, 0.9205440064781384, 0.8622700576454845, 0.8655766010562138, 0.8509985145276244, 0.9262744270541585, 0.8911629733180411, 0.8842453821978572, 0.8557380216300342, 0.8627152073014956, 0.8714866332750447, 0.89861291319078, 0.8985408799409657, 0.9195014551027625, 0.9247081753829934, 0.8953386620355797, 0.8688544867874667, 0.8823666701188106, 0.8822983906638603, 0.8939097154209644, 0.8641101660794976, 0.8757247307651944, 0.8701792851724184, 0.8683603174151976, 0.86979735380033, 0.8838751687108948, 0.9032258069604707, 0.8798435972617165, 0.8730980681904194, 0.9007487862669766, 0.8561686498720532, 0.8708096795765601, 0.8706469911984891, 0.8783865733517615, 0.8468349871785311, 0.8802716408760738, 0.8439394534393583, 0.8638550497231635, 0.8434551402996056, 0.8970571376253088, 0.8720146041247906, 0.8590805482410051, 0.8556444645368806, 0.8484637412346178, 0.8801045788692344, 0.8629788031794212, 0.8585810927616296, 0.8791489561545713, 0.8794549321025497, 0.8819522275699639, 0.8802106278522701, 0.8727154396931929, 0.9003857739828728, 0.8881474196247549, 0.9286557022789724, 0.8795805046755043, 0.8995176935400008, 0.8556857429668024], [0.8606882341784411, 0.894030999782126, 0.8505189470781018, 0.85959862403201, 0.8189440194120066, 0.8859710169396869, 0.8615868951062653, 0.9012467586850353, 0.9999999999999991, 0.8937379467167056, 0.8980324653163545, 0.8529618811924473, 0.8571906005047356, 0.8546964793838386, 0.8797244063091013, 0.8561612279195845, 0.8559434707862418, 0.9005457009260547, 0.8492524235162839, 0.8698182475573758, 0.833247972338435, 0.8653333333333338, 0.8887708772886211, 0.8652667694292199, 0.8470205425326456, 0.8845301625846188, 0.8680340898982911, 0.8775197780159163, 0.8625673907099526, 0.8488357051754276, 0.8572200232287488, 0.8635207496675347, 0.8655676251124218, 0.9053883436433682, 0.8841910442980646, 0.8649595691012228, 0.8730682111185949, 0.8483608483612726, 0.8734888328517733, 0.8779231402233433, 0.8596159962546932, 0.8764829071586305, 0.8565531853034573, 0.8833171320212949, 0.8687311883149021, 0.8777075610763323, 0.8491711186710519, 0.8883664978390159, 0.8398276923058796, 0.8878132673376855, 0.8722055857033113, 0.9141823967597793, 0.9142965079495494, 0.8957889321404195, 0.8725258007557376, 0.8664115803408176, 0.9032341372062875, 0.892852874502069, 0.8436328064132744, 0.8902406793408646, 0.8848458692842388, 0.8451367649200681, 0.8426914519464216, 0.8856148855400946, 0.8683834547948299, 0.8947789736938978, 0.8726989031317897, 0.887332591571726, 0.8196705319258878, 0.853878127247528, 0.8513565645486029, 0.881853604589473, 0.8473779056999854, 0.8543316848491725, 0.8568370617375909, 0.8510018171363916, 0.8399512243572181, 0.8645026940244078, 0.8622543383354765, 0.8805939406735576, 0.8525166595037643, 0.8612033947498763, 0.883968173783639, 0.8581935343692787, 0.8415633563991415, 0.8751836845285765, 0.8691152653922353, 0.875760539039714, 0.8869982002952447, 0.8583894922033951, 0.879594002285196, 0.8832284261900701, 0.8844419280981359, 0.8804304566203541, 0.8958252024229331, 0.8385714285714291], [0.8391532869631307, 0.8562595959809727, 0.8530007085675276, 0.8503898277111946, 0.8218574569465917, 0.8681942400172162, 0.8742226728374912, 0.883067292359353, 0.8937379467167056, 1.0000000000000002, 0.8802684906768595, 0.8725108744383697, 0.8870149098139913, 0.8752506860413307, 0.870334969356718, 0.8536436963548545, 0.83549808809965, 0.8642459661696699, 0.8602887978572552, 0.8720962562621456, 0.8628515387407265, 0.867398108856152, 0.8770078917329289, 0.8458400484309884, 0.8548497945348229, 0.850124437128148, 0.8473598984115301, 0.8695259941087399, 0.8737107282868549, 0.8670790085728978, 0.8737601016105607, 0.8594953694305554, 0.8519956955662756, 0.9049754333375275, 0.8640997682727958, 0.8462913436258803, 0.8622145344936069, 0.8146624809059931, 0.8335660064389523, 0.8894188373125936, 0.8749937500830145, 0.8175921305219606, 0.8300979774872075, 0.879417977355662, 0.8784981356144315, 0.8829509922846621, 0.840057920775378, 0.8715585861831273, 0.8559089597908889, 0.8712943696071448, 0.8515044655597142, 0.8790706680358361, 0.8749155694432345, 0.8876929711612931, 0.8864265483671101, 0.8554788333140709, 0.8709185218060412, 0.8785534990555214, 0.8427857389322297, 0.8598913272346754, 0.8567869049246433, 0.8400271799230706, 0.8591130130829451, 0.8807935509917358, 0.8625018914535901, 0.8680258665289742, 0.8463586971492413, 0.8850565006399292, 0.8003544850390768, 0.8700103888738357, 0.8441495466305515, 0.8776307274846731, 0.8530975807682005, 0.8484938074757564, 0.8327094434365776, 0.8529509821902592, 0.8565150253384154, 0.8602067129970362, 0.8507342590194298, 0.8558115735103804, 0.8221418641177922, 0.841158424370047, 0.893521942023986, 0.8527658014206119, 0.83854074705516, 0.8728210041473445, 0.8671205612899577, 0.8907973675850481, 0.8832533276280409, 0.8691210065433146, 0.8720149977527564, 0.8444727470729682, 0.8971591856155207, 0.8788630635571567, 0.8720946435961405, 0.8442047787203203], [0.878017234855633, 0.8662312253393543, 0.8536233029649944, 0.8779534074330217, 0.8241345899941348, 0.883339772727942, 0.8481889187772111, 0.8722247750879374, 0.8980324653163545, 0.8802684906768595, 0.9999999999999991, 0.8408073398925475, 0.8452507050079869, 0.8651356370602656, 0.8688385339454058, 0.8664609193850489, 0.8460443448287674, 0.868482951300547, 0.8364723239339857, 0.8873098591257843, 0.8337863909448244, 0.8751589916704225, 0.8825444305528893, 0.8478575021622545, 0.8615055262581406, 0.8668720862149012, 0.8537429506069969, 0.871189600637966, 0.8517615808029015, 0.8059003635199955, 0.8360194404973715, 0.8390962854602517, 0.8489643342321203, 0.9073349818830426, 0.8635580649205664, 0.8469703011711398, 0.8713423067983705, 0.8288534676269707, 0.8648751812624826, 0.8813192028959593, 0.8290931152716272, 0.8271134552816025, 0.8147790113461635, 0.8760972485716703, 0.865207915796843, 0.8698528773314178, 0.8257855329202791, 0.8393424257357199, 0.8700079976033515, 0.863457897611616, 0.8697904430987717, 0.8984336125312385, 0.867514781233649, 0.8785854219742508, 0.8836217500931257, 0.8550569454154839, 0.8931615343037047, 0.8767238188455895, 0.8160506756657582, 0.8905474890247105, 0.8693795073152407, 0.8486830878198668, 0.8244265890396705, 0.8719355590172854, 0.891367230228922, 0.8616569810583724, 0.8462006077207752, 0.8424399370304764, 0.8247017832083776, 0.8750372863990287, 0.8438602603998243, 0.8662819441141186, 0.8497001934750471, 0.8421273066810313, 0.8345932078171748, 0.8237297502598238, 0.8899117864162585, 0.8412839776351007, 0.8299820696104774, 0.8688836947805467, 0.8335126504543243, 0.8475442706484675, 0.8664609193850491, 0.9107409501171256, 0.8328041861167291, 0.8676297001397423, 0.8852290055977915, 0.8631665771334449, 0.8503397085084746, 0.8759730132142707, 0.8580135005679052, 0.8567690042958624, 0.8918701427388717, 0.872414663328576, 0.8439422042685935, 0.8271211452323447], [0.8485374713873793, 0.8398371571413377, 0.8357300706020381, 0.8507337937051646, 0.8052680069853093, 0.852298636312555, 0.8522718115177582, 0.8561173354063241, 0.8529618811924473, 0.8725108744383697, 0.8408073398925475, 1.0000000000000013, 0.8277648866247875, 0.8661253923423037, 0.8327586451433386, 0.8389450000729191, 0.7966035494121381, 0.8608986846979138, 0.8617642063397432, 0.8397327557991673, 0.8588350646059674, 0.8387691166663315, 0.8693106376570452, 0.8220019830003027, 0.8264972528014723, 0.8456225045010856, 0.8165931741010535, 0.869877700306415, 0.8651573078692819, 0.815218259799283, 0.848480019138012, 0.8628776000169336, 0.8232737468226606, 0.8892026152840563, 0.8395707053662339, 0.8383907037917077, 0.8481421111940917, 0.8037300787962707, 0.844180054775791, 0.8670259746782087, 0.816113855905856, 0.8058943088357875, 0.8189170262598652, 0.8615586774120759, 0.8132053428358873, 0.838137545602801, 0.8237966671409037, 0.8295439344296727, 0.8170286478551362, 0.8486233256381956, 0.8292999071415705, 0.8754984976065132, 0.8530818421613254, 0.832045532352844, 0.8439752044454453, 0.8457518058186747, 0.8496653903061886, 0.8960796160536076, 0.8280840362041437, 0.8512835679811286, 0.8015207288107243, 0.842727899077764, 0.8602964500882795, 0.842247703838708, 0.8755065631996696, 0.8564487109276417, 0.8367770368330487, 0.8643764214670009, 0.8311405734780514, 0.8507166159739837, 0.8415265115675996, 0.8701513981263956, 0.8469077778173149, 0.8280846529803448, 0.8358625794440181, 0.8443407192679637, 0.8404856601565396, 0.8239664215621689, 0.8255001854562392, 0.8266943782783533, 0.8411722585790292, 0.822616741383406, 0.8695913927696469, 0.8106171454516482, 0.8321716367625666, 0.8800662257260318, 0.8613237644533861, 0.860789181717598, 0.8034793042921248, 0.8622365499885866, 0.8531314000561814, 0.8521186998202852, 0.8834715261060028, 0.841164237710305, 0.8282763337774679, 0.8301271523178766], [0.8315822267928052, 0.8508880972781974, 0.800362987058652, 0.8563323212744355, 0.7982268833163734, 0.8481810555515885, 0.8510660510794431, 0.8529478771892552, 0.8571906005047356, 0.8870149098139913, 0.8452507050079869, 0.8277648866247875, 0.9999999999999989, 0.8566500262409098, 0.850032510948906, 0.830586969760951, 0.8138816200436809, 0.8434010476196846, 0.8315913442549043, 0.8544308730146402, 0.8425401543294582, 0.855979879317581, 0.8339009440877748, 0.8322191765938338, 0.8126649076517148, 0.8323482531547662, 0.8183749075935974, 0.8446074420014273, 0.8309223330273832, 0.8413615523493551, 0.8586668674876015, 0.8662320039636937, 0.8118519844005252, 0.8836850293425019, 0.8246916502308796, 0.8262549825905249, 0.835008836304567, 0.8380015076902769, 0.8332746230250562, 0.858347359268484, 0.7985105314988827, 0.7917370989926152, 0.8092977976443257, 0.8588238473333675, 0.8720083317058277, 0.8328411778145212, 0.8215143185490821, 0.8498395594833696, 0.8443578926894143, 0.8546155251601226, 0.8471190999782726, 0.8563983219693461, 0.853939146997326, 0.8454371125720364, 0.8564918428025726, 0.836954407271684, 0.8646486498146638, 0.8409343044146533, 0.812563450532167, 0.8688866907878547, 0.8509036473928787, 0.7991541019475505, 0.8198553174948846, 0.8379498594123228, 0.8713607438348383, 0.8290255464184525, 0.8508370682114937, 0.8526572376947295, 0.817574306219216, 0.8654831358440482, 0.8359905962658039, 0.8108633484634034, 0.8388888443403664, 0.8285036814941792, 0.8323251643756323, 0.837139818379496, 0.8200466528699719, 0.8638858630265996, 0.8350706027126594, 0.8250447679657447, 0.8377640794006433, 0.8280083619044452, 0.8531789353384492, 0.8478286203930357, 0.8137782127055041, 0.8713141869998534, 0.8427977073016489, 0.8623067000737462, 0.8562717720115985, 0.831852944244725, 0.8598523790615223, 0.8207168778318279, 0.8833074245395623, 0.8432379879321785, 0.858367554469735, 0.8185340026006167], [0.8601454541849359, 0.8653227502882156, 0.8586907719179313, 0.8617536608048348, 0.8222327391315065, 0.8808278658421933, 0.8914149119658326, 0.8746823648171339, 0.8546964793838386, 0.8752506860413307, 0.8651356370602656, 0.8661253923423037, 0.8566500262409098, 1.000000000000002, 0.8610428463348534, 0.8513426505534507, 0.8132822396660169, 0.8470107506895309, 0.836406827497311, 0.842260200954718, 0.8407351350120198, 0.8565739016339948, 0.849603008357151, 0.8441304827227336, 0.8297998015378363, 0.8426497640472103, 0.8477960417672153, 0.8811455454552422, 0.8779101649725682, 0.8482540217777774, 0.8613653710561882, 0.8485076688197822, 0.8343446981393431, 0.8837376452412868, 0.8692805288280284, 0.8535471498436694, 0.8647085083564396, 0.888162419155745, 0.8589951176264051, 0.8682752051740784, 0.8275101607710953, 0.8356199473891153, 0.8370955983635867, 0.9024228600938534, 0.8605290991746086, 0.8673793224212746, 0.845060288013086, 0.8824660415987997, 0.8745099560220366, 0.8848456381200456, 0.8814486217939489, 0.8756304154923558, 0.825418710381286, 0.8628196214231922, 0.8631795077730466, 0.8462968393301404, 0.8519327557927179, 0.914267653622569, 0.840539122007825, 0.8420947899993352, 0.8408891917944848, 0.8528024487200703, 0.8513306642882816, 0.8760208849170193, 0.9070475604144718, 0.8379672893529962, 0.8682571082913964, 0.8653452853344735, 0.8285710770292186, 0.8554950348406126, 0.8799087834328793, 0.8642018246139394, 0.8501023111412273, 0.8675163357780837, 0.8376860377902442, 0.8724363768269041, 0.85937541513356, 0.8680746770129742, 0.868887468379757, 0.8420494929393456, 0.8635430074412235, 0.8668732311961808, 0.8745259602508207, 0.870499071936703, 0.8406582576747811, 0.9087229615282959, 0.8572178280917576, 0.8965352902685194, 0.8363521994279671, 0.8839666419087403, 0.8518576945172566, 0.8594782823695479, 0.8921966166588171, 0.8571630388025376, 0.850726600007044, 0.8310107861742715], [0.844074721975963, 0.8692054367607751, 0.8382628866361331, 0.8775307168824944, 0.8332757293089043, 0.8619044759387798, 0.8410008028384115, 0.8858345544702201, 0.8797244063091013, 0.870334969356718, 0.8688385339454058, 0.8327586451433386, 0.850032510948906, 0.8610428463348534, 0.9999999999999993, 0.8485308811742714, 0.8400451091584441, 0.8646677006108286, 0.858557261445589, 0.8504023806726874, 0.8390894892098126, 0.8599869997572944, 0.8506577611014249, 0.8652420246971291, 0.8449118331721053, 0.8681321983094006, 0.8603022798022265, 0.8621885604143412, 0.8459549450322222, 0.8356085981921734, 0.8318322038183548, 0.8431347299547209, 0.8393459220241577, 0.8898967587948451, 0.8558096241869567, 0.8757408157734078, 0.8406677266257709, 0.8653921550390666, 0.8362058090696695, 0.8755999877063606, 0.825635428265018, 0.8473837168090591, 0.8492543569056688, 0.8830326485649933, 0.8722783759886474, 0.8800510189292251, 0.834518861385733, 0.8325113673081974, 0.8568431699322127, 0.8582207211965287, 0.8797277808668867, 0.8692786653773236, 0.8845356172401649, 0.8527037072588106, 0.8708788078734659, 0.875772882530706, 0.8732996960958863, 0.8913406718451481, 0.8296358657834675, 0.8506682592426666, 0.8541154387586947, 0.8202666354867232, 0.8410223943661955, 0.8646229052238498, 0.8726817856268129, 0.8858933153968174, 0.8660972726418167, 0.866419581571038, 0.8282054341156947, 0.8565571023319416, 0.8373872409491017, 0.8714027090830357, 0.8167813637303165, 0.8510867951205568, 0.8535826561828901, 0.8839340156202719, 0.8345643360735321, 0.8740907273863382, 0.8621870310072044, 0.8677708156191073, 0.8167209371799706, 0.8443907970930065, 0.8678742903195809, 0.8430701478932564, 0.8391000452151951, 0.8610298305949249, 0.8741761461189275, 0.8693015191493311, 0.8334956622083167, 0.843750473412986, 0.8479708101655247, 0.8472316546377269, 0.8856316960719371, 0.8507317432022712, 0.8706327116382374, 0.8421125627014484], [0.8525088525768548, 0.8512992905789367, 0.8493723517810575, 0.8715203168243716, 0.8234043399820234, 0.860514818311658, 0.857309366886128, 0.8580439100057573, 0.8561612279195845, 0.8536436963548545, 0.8664609193850489, 0.8389450000729191, 0.830586969760951, 0.8513426505534507, 0.8485308811742714, 1.0000000000000007, 0.8453134025040963, 0.8655948668619685, 0.8510851241430186, 0.8471928989889216, 0.8529086929299601, 0.8671376539185538, 0.8584667649633057, 0.8695661309699257, 0.8159686390931582, 0.8478000852105306, 0.8574063861724643, 0.8534052234402183, 0.8438786792680772, 0.8475336771477272, 0.8447497095819313, 0.8432335101088945, 0.8397621979057937, 0.8954224606059266, 0.8307414866789411, 0.8213467152948435, 0.8301570747271328, 0.822464422567583, 0.8641519588800369, 0.8884218023269401, 0.832988152592925, 0.8309502188315114, 0.8339923194045654, 0.8696065815308096, 0.8734773376599833, 0.8281178610580071, 0.840909842387381, 0.8492796407724741, 0.8460596461682003, 0.8771515995781143, 0.851872274003478, 0.8847442010697316, 0.859065704112376, 0.8542198598306634, 0.8187417896682467, 0.8220168467512663, 0.8406847875346084, 0.8862003701274408, 0.8433280831514142, 0.8252458373790874, 0.8430942017961702, 0.8529688503168767, 0.8166933454767624, 0.8764999106335849, 0.881003875820977, 0.8338263365688751, 0.8503565183125277, 0.8521597716417013, 0.8090979073207911, 0.8624863858992171, 0.8291874782962653, 0.8473467605912866, 0.812211773775162, 0.8429692361277359, 0.8804927551639027, 0.8311182667148813, 0.8542694234540628, 0.812550108443341, 0.8398506633541416, 0.8367896413820625, 0.8543769120432283, 0.8366568581354041, 0.8821954484605089, 0.842773623284448, 0.8454073170328125, 0.8972874090003587, 0.8789796738300613, 0.8653628429900004, 0.8517713603920236, 0.856100016768451, 0.8584609489530142, 0.8480970367646836, 0.8749953992879699, 0.8338619138533768, 0.8414273409422725, 0.8114714934952112], [0.8530150717098506, 0.87610625275099, 0.8232946128638085, 0.8445252604067207, 0.807067339351832, 0.8357663124572532, 0.8661436135933692, 0.8943764824768304, 0.8559434707862418, 0.83549808809965, 0.8460443448287674, 0.7966035494121381, 0.8138816200436809, 0.8132822396660169, 0.8400451091584441, 0.8453134025040963, 1.0000000000000002, 0.8758530011020916, 0.8406258133452179, 0.8465283362212275, 0.8363193732046889, 0.8733406958022231, 0.865505955785326, 0.8875965108799236, 0.7999799153534938, 0.8329018893045063, 0.8593466654172769, 0.81775497338337, 0.8364369418321467, 0.843850615116309, 0.8747458578070355, 0.8348855600051333, 0.854705455382303, 0.9094944615799935, 0.8487780866383143, 0.8188976470643298, 0.8351320480071354, 0.8292801531923164, 0.8279866415234711, 0.8798151422021991, 0.8279646766662419, 0.8391898270215847, 0.839761407344569, 0.8674726256368565, 0.849402804038605, 0.8756598270448575, 0.8479981433796046, 0.8477051320964839, 0.8487290562638842, 0.8436710642133315, 0.8392921179619106, 0.889630135820737, 0.859152403511436, 0.8663365813547939, 0.8401083427322016, 0.8177989555336866, 0.8633800499335681, 0.8572157421554742, 0.7967443586190365, 0.8709983115438782, 0.8632322308411136, 0.852610175481336, 0.8477155705627181, 0.8551018999889795, 0.8563643399615269, 0.8282735820458678, 0.8390350604438035, 0.8707463050748432, 0.8355034322886158, 0.8405198943896087, 0.8500471785796003, 0.845735181983235, 0.799544400951236, 0.8548219463170494, 0.8373288675912804, 0.8417813295688567, 0.8545434338097286, 0.820249994590232, 0.8165982330484354, 0.8147150478826258, 0.8771941299880557, 0.807882557220045, 0.8567709636826157, 0.8577485687429488, 0.8386391404334405, 0.8741124069832182, 0.8444485614543954, 0.8550705853861903, 0.8933240177472057, 0.8282498148875963, 0.8542062477132143, 0.8459511943254138, 0.8829576338354307, 0.8410809898194275, 0.8408852914456741, 0.8213975525402236], [0.8454787397687896, 0.8983057429735217, 0.8332191704759848, 0.895217016120753, 0.8174938988769778, 0.882541832521897, 0.8464023914090198, 0.9066772405895903, 0.9005457009260547, 0.8642459661696699, 0.868482951300547, 0.8608986846979138, 0.8434010476196846, 0.8470107506895309, 0.8646677006108286, 0.8655948668619685, 0.8758530011020916, 0.9999999999999997, 0.8914332741794364, 0.8706979929629161, 0.8384061608194443, 0.8873089803593786, 0.9038467321557582, 0.871640662026162, 0.8580688919261138, 0.8804786617473689, 0.8761071626804638, 0.8627136531971558, 0.8733552641520322, 0.8527824403693366, 0.8765891073229422, 0.8835746031998504, 0.8632586715028762, 0.9154156171611879, 0.8651293487889888, 0.8424732378095838, 0.8266585231496838, 0.8091907030874945, 0.8715472769542318, 0.897666648099608, 0.8215771192627846, 0.866700991131211, 0.8772343341652634, 0.9080650366052031, 0.8691219525270287, 0.8657458445156774, 0.8681273534086185, 0.8436346672063809, 0.8566883624546715, 0.8723801928423267, 0.8870126496633586, 0.9233464801096594, 0.9104972353865229, 0.8699526161563733, 0.8505095889475034, 0.8672160789010148, 0.8944350737770563, 0.880030300845632, 0.868191763139823, 0.8740433003582397, 0.8814327359321796, 0.8687371143370597, 0.8705387689545514, 0.8866485861739631, 0.8920521778892376, 0.8611760550610402, 0.8578739107999158, 0.8868901468884774, 0.8679941833411663, 0.8915306951584235, 0.8768839934329072, 0.8671317763993179, 0.8442050317231098, 0.8794891056956802, 0.8717516703553282, 0.8415042807367425, 0.835149819359976, 0.8758498453072371, 0.8492226026953286, 0.8756792044336401, 0.8484092378785032, 0.8571415222728508, 0.8729825897654846, 0.8490455692160719, 0.8508679980652762, 0.892043753820835, 0.8526084655363493, 0.8460580009140529, 0.868968277173257, 0.8617582157552746, 0.8863684976178244, 0.8933079849440897, 0.8958455557366242, 0.8731205206253331, 0.8560374947020004, 0.8557395620587104], [0.8495482076828986, 0.8591339001441164, 0.8658814016706087, 0.8783045770390621, 0.8232601718866172, 0.8649315059852309, 0.8784678328798203, 0.8648990146992687, 0.8492524235162839, 0.8602887978572552, 0.8364723239339857, 0.8617642063397432, 0.8315913442549043, 0.836406827497311, 0.858557261445589, 0.8510851241430186, 0.8406258133452179, 0.8914332741794364, 0.9999999999999986, 0.8397837806602688, 0.8595406589661201, 0.8552424484470426, 0.8870695604646175, 0.8477261916977606, 0.8388435943501503, 0.8670304859471564, 0.8423187357427309, 0.8531062974027992, 0.8898378078841256, 0.8665665736159472, 0.8707673554120059, 0.868880852621578, 0.8523972269072341, 0.8927948803073712, 0.8579928872012036, 0.8630227067796574, 0.8411650526141661, 0.8494862184169015, 0.8547286880234267, 0.868992605717891, 0.8302382600459749, 0.8165387804047645, 0.8228452741773156, 0.8704330911460063, 0.8639253355078415, 0.8736209307562356, 0.8754829898999716, 0.8330038681209264, 0.8239945399458287, 0.8546986234190896, 0.8638447756462931, 0.8709224937581397, 0.8734505086836062, 0.8543965377004639, 0.847295864366935, 0.8971775341090491, 0.8676958134254996, 0.898875589126581, 0.8372169817966382, 0.8699960238161869, 0.8498903991203953, 0.8445246962305847, 0.8751519320847388, 0.8590918352562977, 0.8959165977345048, 0.8853696647447147, 0.8636055045451262, 0.8585889021599232, 0.8491128443269913, 0.8597445154770124, 0.8318222734296327, 0.8887192558181812, 0.8374003820571961, 0.8480797100358263, 0.8582180277841572, 0.8419662999193037, 0.874716249649461, 0.8532737819684137, 0.8336447463063925, 0.8387458820950048, 0.861571480257989, 0.8218405326600714, 0.8803069309805474, 0.8318995193547213, 0.8635021433740001, 0.8873479535676785, 0.8744916590262838, 0.8723220269756112, 0.8458073827936554, 0.8731654805393292, 0.8438187072265906, 0.8593617893358035, 0.8858692362952209, 0.8516022271284837, 0.8709763633618275, 0.8473983681805748], [0.8349361056790974, 0.8717076114581999, 0.8390559965691219, 0.8460163746768353, 0.8383634203086631, 0.8755693415687353, 0.8440161380239972, 0.8860173353617086, 0.8698182475573758, 0.8720962562621456, 0.8873098591257843, 0.8397327557991673, 0.8544308730146402, 0.842260200954718, 0.8504023806726874, 0.8471928989889216, 0.8465283362212275, 0.8706979929629161, 0.8397837806602688, 1.0, 0.820678730735277, 0.8904003665839388, 0.8843780285481632, 0.875152919859991, 0.8398043816078273, 0.8596282132754829, 0.8760605670034401, 0.834031495334741, 0.8419471564503099, 0.8373355893531303, 0.8502781738778038, 0.8688462790520421, 0.8595663794552492, 0.9147626409096815, 0.8626902986894317, 0.8665083302574229, 0.8583078635263249, 0.8111712054375347, 0.8726764745332732, 0.9020749036537703, 0.8814307349301258, 0.8285127386497141, 0.8482933455148846, 0.8839208251978592, 0.8745812960862315, 0.8368097604895487, 0.8534180968016892, 0.8699212434849599, 0.8652605454369683, 0.8733636584317798, 0.8898725824104504, 0.8924127360142792, 0.8995814958954546, 0.8592155207004266, 0.861994537906777, 0.8441506712919018, 0.8725765264225959, 0.8596197442445129, 0.8392030198450359, 0.8558104180778988, 0.8621935864034845, 0.8223071229546022, 0.8368238086161862, 0.8633453643585149, 0.8776104684567457, 0.8364277470779918, 0.8200040145017509, 0.8596169247598779, 0.8429791117203802, 0.8645263797328936, 0.8744118035869889, 0.8565186469142032, 0.8444434024861984, 0.8654699716619234, 0.8204283137706412, 0.8279764650092097, 0.8352591816245366, 0.8604503068503023, 0.8406561796715699, 0.8784314002426112, 0.8424172528820097, 0.8110442950552148, 0.890166451836186, 0.8725038292589546, 0.8261736150069718, 0.8831901390132224, 0.8887253174252941, 0.8936533297490435, 0.8380877003248336, 0.844199643977982, 0.8603310976838646, 0.8366276462441156, 0.8995814958954551, 0.8920685871914223, 0.8525023635350839, 0.8269601394601368], [0.8348467195296303, 0.816254601292903, 0.8251930782515032, 0.843773715203195, 0.7981647585601305, 0.8335763317991608, 0.846394242658873, 0.8559855256787211, 0.833247972338435, 0.8628515387407265, 0.8337863909448244, 0.8588350646059674, 0.8425401543294582, 0.8407351350120198, 0.8390894892098126, 0.8529086929299601, 0.8363193732046889, 0.8384061608194443, 0.8595406589661201, 0.820678730735277, 1.000000000000001, 0.8558850509520248, 0.8605428812351503, 0.8320866616855757, 0.7857241241855307, 0.8339278644096384, 0.844470385488288, 0.8369866938171199, 0.8298790950037964, 0.8303872337112448, 0.8356936468363803, 0.8695463341402223, 0.8284482689779279, 0.8635679962450672, 0.8361906444452483, 0.8278662890894665, 0.8212941388485845, 0.8237107011280917, 0.8181915952927552, 0.8508955928830404, 0.8089149365256704, 0.7997130934371058, 0.8305298054988105, 0.8530331116791241, 0.855581859931969, 0.8497170145231281, 0.821099934352398, 0.8359968476662067, 0.8478798132663725, 0.8520238570579508, 0.8410599224248007, 0.8627531473436011, 0.8459620714087903, 0.8328834954377661, 0.8365279946488514, 0.843974389209171, 0.8505210985624438, 0.8697309414021414, 0.8219077996133592, 0.8328221213771528, 0.832252522692377, 0.839434408970453, 0.8242713687199743, 0.8531549630557574, 0.8655615888352536, 0.8414282745593029, 0.8481600691255188, 0.8477544785621416, 0.8180323693250503, 0.8659484668827966, 0.8282186563035143, 0.8504071563604528, 0.8112140220822706, 0.8294469454132488, 0.8494233747639639, 0.8116936110178812, 0.8277651912275902, 0.8232344559745762, 0.8350574943108234, 0.7998520586297934, 0.7981308926132348, 0.8120286003450885, 0.8738475315452618, 0.8259010129602231, 0.8266310280996297, 0.8731934296766283, 0.8633804815560123, 0.8512193571728115, 0.8446219419893393, 0.8342204246355344, 0.8389651086139979