[[0.0, 0.457140025948346, 0.5632293781344018, 0.7304054929833439, 0.6738127154164963, 0.6304139098892139, 0.5330943553265697, 0.7739668249320886, 0.5794603335818258, 0.6980889509072463, 0.5301579713270577, 0.8166501478889419, 0.6084681962722447, 0.5377098378090548, 0.6091107063990526, 0.6787210076841339, 0.5894916149531113, 0.7740984817907699, 0.6945832744780269, 0.8218162845672361, 0.5731548350348201, 0.6389243863130265, 0.6719575415981223, 0.6686842513544464, 0.6443409712975501, 0.599458159665516, 0.7268148279080411, 0.6843850041919701, 0.5555293623062671, 0.6516870076457921, 0.6194578653290452, 0.6970561311197025, 0.7312315819120168, 0.7501895818900277, 0.7442444873095204, 0.6346993417028406, 0.6154681542676821, 0.7127324797518717, 0.5707543696967439, 0.7555266493537258, 0.6322103018965546, 0.6560441872173852, 0.6667179983158713, 0.6526247296989351, 0.687754683660815, 0.6638884148266615, 0.7225717531971008, 0.5398995209893815, 0.5858253433403273, 0.6915103226145007, 0.5508056939165971, 0.7619953486748228, 0.7341597141835707, 0.68647093413745, 0.5648829641947952, 0.5847813421311221, 0.692227005913747, 0.6133269148382223, 0.582769751945085, 0.6426658907674012, 0.5143606466427026, 0.6453603467692353, 0.7310090947109054, 0.6761497786607533, 0.7146650448665783, 0.6208031756039203, 0.5185266356790956, 0.7685640779155465, 0.6127136449550574, 0.5030028783150009, 0.6149434648576069, 0.6395832084106319, 0.6361482210462519, 0.667388701780409, 0.6727814328438242, 0.7070317263354082, 0.624850172857109, 0.6679174566426167, 0.6967152201952655, 0.6058035665300796, 0.6956651617234484, 0.7191098976768286, 0.6655511767113222, 0.6665074195982554, 0.6231224415831984, 0.7649967724434406, 0.46031137924002974, 0.759249996336431, 0.606052302163167, 0.555509071735591, 0.6914283798362426, 0.6825211472872277, 0.7641250071065318, 0.6921108743644075, 0.7495254852161735, 0.6327536550328983], [0.457140025948346, 0.0, 0.7079324076728977, 0.6234471313986654, 0.7710771349577037, 0.5962311946564076, 0.6027892087910731, 0.7091047549253942, 0.4848868700907121, 0.7694307891082877, 0.6878932102808086, 0.8275704117809575, 0.634043966083438, 0.6016130326250813, 0.5612525366253325, 0.7625313069948969, 0.6506359228212713, 0.6878984328741347, 0.6600991027987682, 0.6732133717752109, 0.6714572217562007, 0.591707874692593, 0.6466094780752629, 0.6059773931984216, 0.7318230018873837, 0.7179438747722064, 0.769336080949764, 0.6223893870750423, 0.5474884381816816, 0.6850416423461889, 0.5754052743485263, 0.6766386406982658, 0.6297072594488187, 0.7202926408661212, 0.5783180861336521, 0.6184939180647888, 0.6899900136516044, 0.519512857881554, 0.6619466710944977, 0.7913262259011349, 0.7373175637293239, 0.6874620193734151, 0.6351548372664071, 0.6855769514362846, 0.614823389896002, 0.6685228059587667, 0.7483479342267609, 0.5938899101330981, 0.5977799331784845, 0.5854195977377554, 0.6049440304183025, 0.7290845854618377, 0.6861191493176513, 0.6164045190442213, 0.6017653943750305, 0.6180949767594242, 0.5817861365375001, 0.7309696982318568, 0.6903244226954053, 0.5921920499701934, 0.4829303594298686, 0.6551162235678738, 0.6460791688265892, 0.49191549754146924, 0.8048301462508731, 0.6509487402022478, 0.5932337538498749, 0.567752560968001, 0.8008932197190661, 0.5957633690964452, 0.5220351579645046, 0.7940667122786407, 0.6630118701414702, 0.6206628550480477, 0.7275524438794874, 0.6195893272746993, 0.7211359358685374, 0.6427847441120607, 0.6947191651402511, 0.6522384993678967, 0.7205967142734118, 0.6326997685635156, 0.5641285672832395, 0.5923087788650743, 0.71316724158953, 0.7429323247564845, 0.5145233227339321, 0.7549123552040384, 0.5948897473057229, 0.5744712419846145, 0.6531807887401502, 0.7331376933602796, 0.7224859895241778, 0.6820392398425459, 0.7414475468852093, 0.7739831436400919], [0.5632293781344018, 0.7079324076728977, 0.0, 0.6600251264620318, 0.6648085869984612, 0.703531415979527, 0.45120740992920094, 0.7789034879059578, 0.5732754658203032, 0.6400932350461919, 0.5280112454854156, 0.6790757986172609, 0.7556949349248383, 0.5861505714858453, 0.7594640664270211, 0.6912222863421063, 0.6164152461216881, 0.6984173610801923, 0.5323705156520078, 0.7725409103725094, 0.5841309849993028, 0.6897129639638859, 0.7079333497141647, 0.7140205117549834, 0.6051763815274187, 0.6485604581034334, 0.5784719175324371, 0.6456519044026179, 0.6540987904441535, 0.5311243529942851, 0.5624438037552975, 0.6511172439415405, 0.655872536984176, 0.8552317251647668, 0.6536981993768818, 0.60556770895051, 0.5594799801062045, 0.5547295971112141, 0.6869364549025139, 0.7200477739138242, 0.7363724692900655, 0.7240212711976584, 0.6471249333089708, 0.759566233850528, 0.6278206705327034, 0.6679064445298699, 0.6780599008809258, 0.6438684755766804, 0.5133800519136362, 0.7209968312379607, 0.6307003751814455, 0.7822804840484705, 0.8697294898195258, 0.6208426877579276, 0.5205510075402588, 0.5253242160720029, 0.6049015822460804, 0.6345693674234192, 0.688930847822073, 0.5762753004242367, 0.5863271547162825, 0.5721509819492314, 0.6498196215480123, 0.6375592599838376, 0.7013760989790536, 0.754959578253481, 0.4705529043381407, 0.6837661881417147, 0.6181711020372227, 0.6229830931289364, 0.6701141288489048, 0.6653785087298016, 0.6753683444312046, 0.7069459042640625, 0.6488144138095953, 0.6833299187823716, 0.6077478312094766, 0.5574091291511638, 0.7185371405797252, 0.5531084617790172, 0.553496565968592, 0.6536948295702523, 0.7402971197568438, 0.6573141335482982, 0.659707197315774, 0.6167313762284183, 0.5518086840529186, 0.6640747581888851, 0.5515094518929751, 0.6808091353927528, 0.7582577544645754, 0.6992642274401495, 0.8521740916552618, 0.6933427497328055, 0.7317113687720267, 0.6965835603980131], [0.7304054929833439, 0.6234471313986654, 0.6600251264620318, 0.0, 0.6027301121754491, 0.6964309522536645, 0.6533811754236369, 0.5700937762564058, 0.7336108163526012, 0.7216578703088543, 0.6782545621970446, 0.6737279850852571, 0.614508846366371, 0.6829839150529744, 0.6144916179852531, 0.6304699198134749, 0.657163746056673, 0.5755266640884276, 0.5375536475294123, 0.6937802038848437, 0.6409604664667001, 0.6644032369856616, 0.5551407696763995, 0.7721688284576591, 0.6052166926177183, 0.6078853939013782, 0.49204532000960777, 0.5771779125490648, 0.6745881448840645, 0.6280240419376102, 0.6370608220178369, 0.6780384745128509, 0.636612123689422, 0.5533928402783082, 0.6622274397211605, 0.6819994208294646, 0.7225225747006045, 0.7135625617620709, 0.596071625557661, 0.5932524153145355, 0.6225515401662827, 0.6453120649533532, 0.6840448044599612, 0.6722940193402298, 0.5391530602370322, 0.6655978556306812, 0.6414725893466715, 0.7354090470349939, 0.7129244791112384, 0.6769456205296367, 0.7605373737923518, 0.5067861165073058, 0.6116419538620261, 0.6480359987768067, 0.6796608118114087, 0.6099198253179308, 0.7184967329904177, 0.6272599693393204, 0.63254929863708, 0.559967383206468, 0.7296204893970126, 0.691644992085334, 0.5740856733715338, 0.6742654729294844, 0.6647792699018755, 0.6870526311996066, 0.6389619398545479, 0.6727904688194493, 0.7566003836545021, 0.593156650233382, 0.7908495538874776, 0.5652362650623628, 0.7299480646968759, 0.7124102812827238, 0.5849561973321076, 0.7180531090200224, 0.67120370224126, 0.6870668212399749, 0.6385228093748878, 0.6289796989870848, 0.7397626620956905, 0.606897922420581, 0.6338507319625093, 0.6725336844126495, 0.5863010492198326, 0.5730121498457548, 0.6144204424495088, 0.625908579656417, 0.6454849487086431, 0.6504886141640243, 0.6241026030072285, 0.6502241712218351, 0.6748273247730201, 0.6137589383917477, 0.7245761668826272, 0.6828875314530838], [0.6738127154164963, 0.7710771349577037, 0.6648085869984612, 0.6027301121754491, 0.0, 0.7269831879365072, 0.7045922899622432, 0.640316525680779, 0.7508604555973817, 0.7656637909244235, 0.7396554679262741, 0.5949304694671016, 0.646006436641164, 0.6551704685865001, 0.6329671704855104, 0.551040240548875, 0.6278906021826802, 0.6915350000076237, 0.6378681077171946, 0.7039021213890959, 0.7101129375331259, 0.6983240160208506, 0.4850305760879863, 0.6192586338101944, 0.5271215030898078, 0.6282335944704083, 0.7009473274593283, 0.633811878740222, 0.6078944093922143, 0.5759208939102674, 0.6201675589613727, 0.6228089318801333, 0.5786095238364339, 0.7187193962950482, 0.5870369222965637, 0.5769897790472553, 0.5942859247607526, 0.6305780302305279, 0.6087116321667323, 0.5926329056306208, 0.5322460999619363, 0.5296837284584548, 0.6844931859091121, 0.7084167923121425, 0.6649554472585939, 0.7178373802747713, 0.6207119158291878, 0.6268625289678376, 0.5898304334272075, 0.6305702543640856, 0.6665700881356289, 0.573017790756104, 0.6563305557187866, 0.634348133276277, 0.6532794865203309, 0.6343854742234156, 0.7358373011685351, 0.6908474588868714, 0.6053146797078124, 0.6681202757976801, 0.774058094806118, 0.6365444038210315, 0.7406030820669698, 0.6218326391546307, 0.624397622086232, 0.6630770317620549, 0.5916817754993273, 0.7144975108787361, 0.5982290322509232, 0.7150966815462569, 0.6699775687857199, 0.5795538066985382, 0.5718739867796969, 0.6402506060868112, 0.6391606176642088, 0.6251471269916558, 0.6515078777867416, 0.6794899874579443, 0.7043628068485643, 0.6489891603779241, 0.5510108243585767, 0.6921456409651354, 0.7433910985731493, 0.7283815884445186, 0.7495257889451516, 0.6101473139232276, 0.6159928113387085, 0.6621419368927965, 0.7514483932141962, 0.6821151211010978, 0.7018255645119811, 0.7330590895197919, 0.554587321516103, 0.6750955710095448, 0.748570363545981, 0.5074764893359467], [0.6304139098892139, 0.5962311946564076, 0.703531415979527, 0.6964309522536645, 0.7269831879365072, 0.0, 0.7314747642655202, 0.5484264738292948, 0.570499559500609, 0.6112982287298852, 0.6068484708835988, 0.6306353499294737, 0.659958324432975, 0.6056410169480073, 0.6681098516779831, 0.6367539113339697, 0.7998082949847833, 0.7043763663876901, 0.5756615313775613, 0.6002474311684023, 0.6793245722474022, 0.66758893886199, 0.6564875647706523, 0.6838199341713338, 0.697097422730599, 0.5389718723627797, 0.6651040883224306, 0.6101654121910032, 0.6878419804380005, 0.6494985819231065, 0.6002890322801184, 0.6535536313208754, 0.6389652653184634, 0.5297374415838272, 0.6890399008642116, 0.7520259501421078, 0.747492066967856, 0.741331177417144, 0.6464669086590051, 0.6285776340026861, 0.6084644755306077, 0.6538358531079933, 0.9668571184134991, 0.6228669004213856, 0.668980963225823, 0.6385620411744912, 0.6452357614732154, 0.6005629595203887, 0.7430274935275711, 0.5681712869202813, 0.6573436273798232, 0.6037984071195179, 0.6706941708044252, 0.5511031111201381, 0.6288716480936787, 0.6037815412596064, 0.7784329774476837, 0.4699504573774109, 0.6012664948926296, 0.7832353576280211, 0.6890213521331887, 0.6229746509187513, 0.6232304385867875, 0.8192385511185307, 0.49263267422748247, 0.5525751112270358, 0.6582485550180577, 0.7205423229159238, 0.725471570528925, 0.6068353474098598, 0.5550410133751467, 0.6663042253843388, 0.6420060818014657, 0.6924792596224532, 0.6441567673733519, 0.6977353755533251, 0.7224349748189667, 0.555529051961158, 0.6263588095549011, 0.6767185737554111, 0.7424007517057938, 0.6133200191700465, 0.6711208884507007, 0.6427504366481445, 0.634642374837499, 0.6268150503060546, 0.6647351880966095, 0.5661298083156574, 0.5752577791052296, 0.6212160674657179, 0.6842818658095589, 0.6180343023195993, 0.6640886630681979, 0.5863564761576181, 0.5567709526953413, 0.7894562787066568], [0.5330943553265697, 0.6027892087910731, 0.45120740992920094, 0.6533811754236369, 0.7045922899622432, 0.7314747642655202, 0.0, 0.758383909287182, 0.5411117981723244, 0.6466550761787109, 0.6317010728493797, 0.7516814726988752, 0.6737045858459727, 0.5404789479959597, 0.7411809880749793, 0.7471306683563079, 0.6601260125962647, 0.7518605796857367, 0.6535323915578439, 0.6729175409679855, 0.6948816120946368, 0.7592304878209788, 0.691893208122043, 0.6164984851836146, 0.6820492417103785, 0.612366553833867, 0.6272126145403656, 0.6315203334075175, 0.6437746173257493, 0.5465375956147955, 0.5574559248564945, 0.5579189519846557, 0.6085829866786363, 0.8508734985452426, 0.6658830721984725, 0.617346684016622, 0.5559656283183996, 0.5826816401697665, 0.7526974842468008, 0.829197700065774, 0.6927361742218288, 0.6151696221564631, 0.5650496370369507, 0.8867835763125989, 0.6497732733830224, 0.6943187709887537, 0.6532795290369926, 0.5949580403514851, 0.5581896060065286, 0.502130819795443, 0.6084403332041266, 0.7928480654551213, 0.8197710059219647, 0.6630196801599681, 0.6218947607260057, 0.6030672733414695, 0.6369833314375644, 0.6132629932313935, 0.6955749478783559, 0.47804616265737954, 0.5244460302246083, 0.6307021029302387, 0.6849768776534622, 0.49506938887174146, 0.7942148622861143, 0.6880464897817236, 0.4482020499331312, 0.6364117558151527, 0.6435396677624403, 0.7246120617964076, 0.6664249899997883, 0.8442058882104488, 0.6575572838435495, 0.6274021903114739, 0.6670972157713424, 0.7103130251882457, 0.5714294393921258, 0.6652951802940468, 0.6397931678129456, 0.6403161297590991, 0.6341261400223654, 0.774499073515533, 0.6290956927930142, 0.6098778007089389, 0.6700464115690454, 0.7510416109577898, 0.4615621738579929, 0.7002334483521979, 0.6733960287502616, 0.5355107116093953, 0.6835603924215945, 0.604921535392049, 0.7963353408793634, 0.7000607419307503, 0.6704000984475504, 0.7650414849996099], [0.7739668249320886, 0.7091047549253942, 0.7789034879059578, 0.5700937762564058, 0.640316525680779, 0.5484264738292948, 0.758383909287182, 0.0, 0.5552494036000146, 0.6604342450648619, 0.7487367340077482, 0.6031969574146836, 0.7422538225643329, 0.6202126336641787, 0.6525299407165974, 0.6245453402524708, 0.5523171023283879, 0.5385740126238756, 0.6848153507116626, 0.6189053689004833, 0.7009633546717569, 0.577838212273925, 0.6715368542708684, 0.6383690345225512, 0.6263371403285485, 0.6660536797630285, 0.6133717994109282, 0.7315614701779096, 0.7422600149406688, 0.691252132881855, 0.7726223865741113, 0.6123877631329735, 0.6149184059639723, 0.4464015918737234, 0.6145175155332525, 0.8106090153862517, 0.6870519600731884, 0.6869248622576931, 0.642602750179672, 0.4250081061505264, 0.644263360607134, 0.558239222111433, 0.8113856249661475, 0.46452039898945907, 0.6252700306135162, 0.5236558557270581, 0.6918342280251053, 0.709278428822933, 0.7307953677384598, 0.5464394313871568, 0.7050424110444764, 0.5205453866050023, 0.5105396400723645, 0.4792106689421103, 0.8255194656457465, 0.7355667125393766, 0.6858314569393571, 0.6077155472595617, 0.6034746282600512, 0.6856929766116968, 0.7611964767476942, 0.6337686822962951, 0.6597943933956687, 0.7359859533775417, 0.5234924450488294, 0.6595118377579596, 0.9088290582839007, 0.6080169571828269, 0.6015910620189582, 0.6732262317472779, 0.6314292259944763, 0.7271878247106067, 0.6699586052544519, 0.6634390472574563, 0.7102308718954908, 0.7036106569922711, 0.7786783151947683, 0.7010922007143701, 0.5383758888878976, 0.7397811557015024, 0.6809659837525259, 0.6586486664902786, 0.676018662706074, 0.6843079362135169, 0.6924061077599735, 0.6711221651943902, 0.8142706292115112, 0.6322585684684112, 0.6974327706133678, 0.748342639275692, 0.5399090818402668, 0.6071219094549158, 0.5353038576330467, 0.5534050617211459, 0.6047428746266956, 0.5624103398125211], [0.5794603335818258, 0.4848868700907121, 0.5732754658203032, 0.7336108163526012, 0.7508604555973817, 0.570499559500609, 0.5411117981723244, 0.5552494036000146, 0.0, 0.6046980279386309, 0.5906164839027956, 0.6834933932393017, 0.668378837869819, 0.6192919467247822, 0.7042093897848127, 0.7016742118001018, 0.6922298764474459, 0.5981703903531637, 0.7583458839885644, 0.6659044088865453, 0.7247160200629637, 0.6935855924306595, 0.7136651346259122, 0.6280693571299945, 0.7159831162304673, 0.566408832055965, 0.6292952631745488, 0.5994722812742141, 0.7047674561183896, 0.6389489285460481, 0.5736134108042619, 0.6263817974962316, 0.6958127200004078, 0.8139811157530492, 0.679589236183245, 0.6654127567018986, 0.6299752833431174, 0.6132790644833432, 0.7784302996019601, 0.7386206424714745, 0.6747885824508673, 0.6128005129604623, 0.5812304820856731, 0.7800068639924032, 0.6586896454118476, 0.7034714626988916, 0.6660186757454083, 0.5515137053989936, 0.6034331697186173, 0.5684836179998658, 0.7065479433621653, 0.6467873643994233, 0.58665675635949, 0.5251480571726004, 0.5721724599963054, 0.6197394556164206, 0.5855390341467874, 0.7343854057547734, 0.6460510570511924, 0.5368181627984967, 0.4979395789196608, 0.7160970850430441, 0.6344415127062817, 0.489080943512491, 0.8670143387364484, 0.6114732454640792, 0.6471526494242612, 0.6391503218737655, 0.7796700431241239, 0.6536215851609417, 0.6899900713231959, 0.7613434274984381, 0.596070408003673, 0.7439926039871287, 0.616529215468907, 0.6899134520099297, 0.6600554379001271, 0.7052760505867846, 0.7698855556104784, 0.5974679550534083, 0.6683049159506309, 0.692664018276798, 0.5564048061162732, 0.6781441202213483, 0.6834844019389725, 0.8172590065940237, 0.5124739852276612, 0.8415148246696322, 0.595065467148109, 0.5814178589490393, 0.5886729264678612, 0.6473067474989853, 0.6536794619169535, 0.5869586760277601, 0.661016734433264, 0.7488225694990456], [0.6980889509072463, 0.7694307891082877, 0.6400932350461919, 0.7216578703088543, 0.7656637909244235, 0.6112982287298852, 0.6466550761787109, 0.6604342450648619, 0.6046980279386309, 0.0, 0.6756906509292235, 0.5829389571807277, 0.5870983868189876, 0.658073053187721, 0.5711775044082523, 0.6406138992584574, 0.765082054428804, 0.5943976522237131, 0.6556058321436122, 0.5889917388050236, 0.6645689239914216, 0.5969734470670198, 0.621088468076548, 0.7079645626726683, 0.6570265526133214, 0.7031848292597973, 0.6270635714972901, 0.6678059446805902, 0.5871880064141262, 0.586557659266048, 0.7163182803783501, 0.656375140573106, 0.6979703629263774, 0.5840165658183885, 0.6901228550739378, 0.6680549973241738, 0.6065663306070999, 0.7408263923544505, 0.7763397553127609, 0.5964910895218873, 0.5628079745824557, 0.6649228757759149, 0.6549867334329607, 0.6002825355023418, 0.6401137555361636, 0.5498875270951344, 0.6826664569727401, 0.6764249344701294, 0.6347256106505668, 0.769242615254653, 0.7871330552126914, 0.6320436338574869, 0.6524295573193886, 0.632042581784275, 0.5962007833746803, 0.6859613514177683, 0.5888487846105899, 0.723745672814581, 0.6658673749827719, 0.6549475569804464, 0.6483944259102268, 0.6598534115123054, 0.5546627549264771, 0.6665377184149042, 0.6789742418958149, 0.7092788665716909, 0.7730676871805231, 0.647379484245862, 0.7304843074490057, 0.6750357310601853, 0.6684345743916691, 0.5786679968367601, 0.5854253553234361, 0.6914521715244759, 0.6237850053568337, 0.6514380606680157, 0.6730800599137494, 0.6129302487023507, 0.6014102718729475, 0.6202342229882776, 0.7201207601090602, 0.6680411540242821, 0.6613708721406455, 0.6204312543961759, 0.6849096245035908, 0.6073501597776338, 0.7033741890067879, 0.5555276226190355, 0.5187011447242151, 0.6776909195440506, 0.5733767653372053, 0.6035614497031887, 0.513992995091495, 0.5925487881723919, 0.6243496316306518, 0.6369034713805695], [0.5301579713270577, 0.6878932102808086, 0.5280112454854156, 0.6782545621970446, 0.7396554679262741, 0.6068484708835988, 0.6317010728493797, 0.7487367340077482, 0.5906164839027956, 0.6756906509292235, 0.0, 0.6191202169026102, 0.7117097876859455, 0.6999364868671198, 0.644866676151161, 0.6163210602051541, 0.6466173050339465, 0.6560090808113581, 0.8234895386499836, 0.7074230182059666, 0.670855166542683, 0.7343313824215973, 0.6093216959255903, 0.6567744452353168, 0.6277304314792598, 0.6153605702331497, 0.6038246841010058, 0.572664529059068, 0.6165737992348768, 0.7490777348508062, 0.7438789035972784, 0.6325923712164878, 0.660957456706526, 0.6208154192123616, 0.6751167484286578, 0.6989743962035018, 0.6345835836707541, 0.7921654743558333, 0.5362993549193094, 0.7087817037493593, 0.6956359518777637, 0.7353489750115316, 0.7062123710681456, 0.6561176754715374, 0.6205603403451851, 0.7119374089715189, 0.6997474754116759, 0.6786469930529968, 0.6249754419178117, 0.6992249809852527, 0.47715742148774876, 0.7262164356369931, 0.7692835145328447, 0.6025733985298254, 0.4549965844124979, 0.6282103524452389, 0.613492258051207, 0.6723145760043299, 0.6344285755218211, 0.5820221448321887, 0.6574524542280291, 0.6722412134171614, 0.7287615965967049, 0.6412673359710301, 0.689864102250628, 0.6017158919611019, 0.5838273520566553, 0.6549864985615002, 0.6245524483321947, 0.569268681777882, 0.7579548046409617, 0.6517282837704865, 0.6827742612319958, 0.6651942340402399, 0.6859224611238695, 0.6018201585888718, 0.6399214486870712, 0.613827769982314, 0.7093532884364595, 0.60216894538928, 0.6259157720618491, 0.7212761332631312, 0.6670437264573046, 0.4678206355070804, 0.7032023351779444, 0.6380849694640702, 0.5502874627019982, 0.7240270462182226, 0.66717574395626, 0.45417821369340317, 0.6224118151004712, 0.6646606948735689, 0.6380760259781684, 0.6256183077188116, 0.7046345118865172, 0.6286972435900626], [0.8166501478889419, 0.8275704117809575, 0.6790757986172609, 0.6737279850852571, 0.5949304694671016, 0.6306353499294737, 0.7516814726988752, 0.6031969574146836, 0.6834933932393017, 0.5829389571807277, 0.6191202169026102, 0.0, 0.666088669833951, 0.6647487096306914, 0.7410764116174335, 0.6104962449274458, 0.7121733373895047, 0.5836077460925884, 0.5987254497343226, 0.703510830151832, 0.634754470796177, 0.7608815590203966, 0.56506355085184, 0.6395381246535643, 0.5532941760526124, 0.7031465352098005, 0.6461177428830316, 0.5343254614933635, 0.6348776183401355, 0.672182633249556, 0.6270600252998029, 0.5424935009704888, 0.5458721440651011, 0.5386587645190317, 0.7199374638792888, 0.6198136395893781, 0.6140685326162743, 0.6613473007539921, 0.6738299518325876, 0.6153358351418885, 0.6284680841762851, 0.6258054847287573, 0.6139345893877388, 0.6185724347455335, 0.8454947949981253, 0.7626348674999748, 0.7084218295550313, 0.7899849892815445, 0.719890180933354, 0.7083618800073181, 0.6641055670994807, 0.6308396476004423, 0.6133562607792094, 0.6365734249520101, 0.6678905097067585, 0.6474875490604881, 0.6444704795949212, 0.5845322889025006, 0.6792101196858491, 0.737747727375905, 0.72670153331531, 0.6752326329037626, 0.6233073466850749, 0.7302387916480311, 0.5759811044423206, 0.52906725345317, 0.7460613199923907, 0.674993961971069, 0.5018072608344819, 0.6504671992577391, 0.6216536809937054, 0.6025108763166851, 0.6244015383602997, 0.7018609547212786, 0.6166744440425813, 0.5697420222900709, 0.698862989114085, 0.7570303036975212, 0.5934973820128724, 0.6897398851369523, 0.5368385137248011, 0.6127146254890601, 0.6888632678466378, 0.6638209663579038, 0.6022525465979629, 0.6062014736816823, 0.6778278671349194, 0.5576330752716876, 0.7174490577652983, 0.65063435671939, 0.6243725178411488, 0.6869311551797528, 0.582943434703233, 0.6005022487418727, 0.7114395457407667, 0.5678072048368352], [0.6084681962722447, 0.634043966083438, 0.7556949349248383, 0.614508846366371, 0.646006436641164, 0.659958324432975, 0.6737045858459727, 0.7422538225643329, 0.668378837869819, 0.5870983868189876, 0.7117097876859455, 0.666088669833951, 0.0, 0.6330466285830267, 0.5124743113248877, 0.677765583996925, 0.7554063681509549, 0.6538901671342703, 0.7383320117005927, 0.6208102128564459, 0.5913707694302575, 0.6298915536254022, 0.6308096627675486, 0.668492031949325, 0.5588509381847167, 0.649885314825086, 0.6740353704327284, 0.5942707229484014, 0.6322103895779769, 0.5810641541263601, 0.6092195135884428, 0.6345947968759678, 0.7678283831746591, 0.6661167185846084, 0.7680964284110787, 0.6375314542889974, 0.565560190010352, 0.4874302343032897, 0.6683670587943311, 0.6221515969471887, 0.7351074761246483, 0.6867075374104208, 0.6626466381933085, 0.5917212594753583, 0.6343839811346244, 0.6805827621780942, 0.5652161929112576, 0.6379989903424221, 0.7095340433885049, 0.6481671283138419, 0.7430979888590763, 0.623020807204067, 0.6801888333317221, 0.6847793337671737, 0.6376843587838088, 0.6892842975981395, 0.6747086002013498, 0.7635788090622533, 0.5874191468003547, 0.6442225066589975, 0.6266978150952303, 0.7456339875216742, 0.7043460227364522, 0.7683035060280452, 0.6301020519276237, 0.7213335427322776, 0.6591472835576251, 0.593858156845775, 0.7234640804853358, 0.6024698841971972, 0.660050183327652, 0.6939239951422851, 0.4936257063423384, 0.6645443796331816, 0.6116128420146947, 0.5427724776903584, 0.6252910259955853, 0.5876212165546331, 0.610297783387691, 0.6275506595815474, 0.7785728782075882, 0.6596497979704445, 0.6910025796642725, 0.5902878845298949, 0.5847333848438645, 0.62334350468167, 0.6829893557164, 0.6159137827926939, 0.5603740105870934, 0.6561200899776181, 0.6080994340258861, 0.7191346644955199, 0.6106932254476913, 0.6997305387085364, 0.6474828948680751, 0.624358081819848], [0.5377098378090548, 0.6016130326250813, 0.5861505714858453, 0.6829839150529744, 0.6551704685865001, 0.6056410169480073, 0.5404789479959597, 0.6202126336641787, 0.6192919467247822, 0.658073053187721, 0.6999364868671198, 0.6647487096306914, 0.6330466285830267, 0.0, 0.5664729104548689, 0.6963074198610204, 0.6926682160019606, 0.7174297726379515, 0.6789125812377899, 0.798578825127604, 0.673359009518472, 0.566223129170087, 0.8018352617332445, 0.6286524924682886, 0.6684480145794414, 0.5980503448021766, 0.6993072380427661, 0.534158430171032, 0.5718254241067511, 0.6656443616431695, 0.6816260728009178, 0.7527010745089249, 0.804782164645427, 0.8146269202336067, 0.617434513070511, 0.7127998315252881, 0.5700817587812868, 0.6382093737867602, 0.6819625502349032, 0.7428382631841906, 0.7623001261005786, 0.5874252457285221, 0.6520305718049026, 0.7007327919451316, 0.615785444156586, 0.5594127213555089, 0.6932827595375275, 0.5408166858010446, 0.5417105680545597, 0.560145872171208, 0.6197604575997167, 0.612555332654398, 0.6901880140754415, 0.5776738134815254, 0.5893593597880908, 0.6272053614373072, 0.7655344640577086, 0.4909589469431923, 0.5560766306026061, 0.6685959799347359, 0.680837405263004, 0.6015524782752815, 0.7033855380617395, 0.6595746625130425, 0.5383784818662312, 0.6726282173624933, 0.6090180718826004, 0.6683295258044009, 0.6376514759059784, 0.628527856730619, 0.563442543270573, 0.6261286526228456, 0.6350496375606773, 0.5654352043391209, 0.6752914641926728, 0.6478199815640338, 0.6354940826663051, 0.6405531544707976, 0.6238141056077149, 0.5829765868561252, 0.6832148094146302, 0.6403206103857448, 0.6812467367332289, 0.6306523922954244, 0.5828637152806744, 0.6262329815776071, 0.5807965399703123, 0.5623633997925703, 0.7488816282561503, 0.7740422474433879, 0.7440612880929567, 0.7889219487838055, 0.6955419609929314, 0.893694657257784, 0.7740326658974874, 0.7306722056507211], [0.6091107063990526, 0.5612525366253325, 0.7594640664270211, 0.6144916179852531, 0.6329671704855104, 0.6681098516779831, 0.7411809880749793, 0.6525299407165974, 0.7042093897848127, 0.5711775044082523, 0.644866676151161, 0.7410764116174335, 0.5124743113248877, 0.5664729104548689, 0.0, 0.6528915175220433, 0.7030283335079717, 0.6353913812168155, 0.6522324132600137, 0.6817848855479758, 0.6533316319843121, 0.633582902698882, 0.7033192955627718, 0.6144043185187584, 0.6487930294045314, 0.6455210016316097, 0.5801351039028604, 0.6061898767646974, 0.5605346311520414, 0.6867791413353521, 0.828238229175335, 0.7218083961683956, 0.7194325292524157, 0.7000083030257194, 0.6015809817568927, 0.5456655017104026, 0.6723880521203647, 0.5920197343443883, 0.6962000910677686, 0.6547079729816696, 0.6391726794241477, 0.6227380441118082, 0.6126459955683217, 0.6025248215258121, 0.6116218114502943, 0.5819353991339737, 0.7132678831219672, 0.8196289628541846, 0.7497392205035873, 0.7455139306378931, 0.7355329772911918, 0.6734855382299667, 0.5964783862346059, 0.6354035026371454, 0.6409495568310204, 0.6479704133063675, 0.6755113334485237, 0.6471708122022897, 0.587902555962948, 0.7845370302635597, 0.6718916002152269, 0.7437630380230711, 0.7405460497560761, 0.6582618972568584, 0.6173224777213877, 0.5837171433536714, 0.7389070634508068, 0.6278753358728808, 0.7072211787878289, 0.6652105368450785, 0.5681600728064509, 0.5998684197501241, 0.6175898591841162, 0.6228360590830879, 0.5976705526398833, 0.5544533500477296, 0.7349456757209312, 0.6040472483782631, 0.5982623477292086, 0.6587887823543381, 0.7459631949049537, 0.649435354197917, 0.5679033945167167, 0.5228826665386872, 0.5930871581558077, 0.6689363180285668, 0.5908458408865651, 0.6422426279731708, 0.6756920556536958, 0.6371513852296071, 0.6084506183667002, 0.7445794471959881, 0.6276196144421711, 0.7200692340063439, 0.588928605589309, 0.5898991141853227], [0.6787210076841339, 0.7625313069948969, 0.6912222863421063, 0.6304699198134749, 0.551040240548875, 0.6367539113339697, 0.7471306683563079, 0.6245453402524708, 0.7016742118001018, 0.6406138992584574, 0.6163210602051541, 0.6104962449274458, 0.677765583996925, 0.6963074198610204, 0.6528915175220433, 0.0, 0.6521497496385369, 0.5931484848217308, 0.7748891279890855, 0.6517606936356053, 0.6048366464579986, 0.6511968733412812, 0.6705152352260126, 0.6299652487756633, 0.6482003530573244, 0.6977619768044516, 0.6406519006796942, 0.6911542659527716, 0.5849869229560494, 0.6346319433213861, 0.6838079566141324, 0.6618204665412306, 0.6120541606141434, 0.6531203121353681, 0.6177505729291983, 0.7446975736911459, 0.6362090937083098, 0.6752337786381819, 0.4424940881797075, 0.6129810591661866, 0.5948682264570555, 0.5187274580197256, 0.6385232428755732, 0.6316720594369607, 0.7065576633361248, 0.7224107412102971, 0.6503483044879901, 0.6531946576741596, 0.6665488377175455, 0.6779521332875633, 0.5926811320271022, 0.6384573574362935, 0.7293289806207863, 0.6381730123790674, 0.7913786800195828, 0.7955564226160299, 0.6384960901575307, 0.7001822618427389, 0.51892907858974, 0.6472425959509196, 0.7810862031867516, 0.5900987217561324, 0.7519674437863326, 0.5904727994483263, 0.641009000680222, 0.7345068139738913, 0.6844119867050733, 0.7132640000492514, 0.6708349840988865, 0.6316891369645574, 0.7542315598262737, 0.5994614164107406, 0.607002228820213, 0.6378276095202782, 0.5390636638478172, 0.6631796709434639, 0.6408212528814559, 0.7739999903420947, 0.5459137177308913, 0.6976337853585772, 0.5439288114561394, 0.5594371762595864, 0.5861229664939582, 0.687841488333157, 0.655605761941066, 0.545892183867192, 0.6155754872492063, 0.6416020350651119, 0.6879110489562503, 0.6799867092766969, 0.6823939701659405, 0.6689558610242343, 0.5616129778149117, 0.6141330575912465, 0.6633741911407769, 0.6313528111200499], [0.5894916149531113, 0.6506359228212713, 0.6164152461216881, 0.657163746056673, 0.6278906021826802, 0.7998082949847833, 0.6601260125962647, 0.5523171023283879, 0.6922298764474459, 0.765082054428804, 0.6466173050339465, 0.7121733373895047, 0.7554063681509549, 0.6926682160019606, 0.7030283335079717, 0.6521497496385369, 0.0, 0.6981885626336353, 0.7017158591086159, 0.6764043941592457, 0.6622041316017526, 0.6199943456423971, 0.6948399166175765, 0.5197072341649502, 0.6489371261504262, 0.587181997076611, 0.6307182546733481, 0.6991206594078723, 0.6368659997845119, 0.5628195185565807, 0.5900257951956998, 0.6561157809819014, 0.6266049545965757, 0.5949429052541624, 0.5899561947511589, 0.6344820026115878, 0.7486854504069138, 0.6817743633055879, 0.6600113035858124, 0.595232294788808, 0.5906356885546944, 0.638995837166584, 0.6644382008223408, 0.658738143138029, 0.632462987395684, 0.4668480279843543, 0.6619477759496553, 0.6700061609109842, 0.5476317519839575, 0.7053201529733022, 0.7864927169614861, 0.5638540239291525, 0.6165032741617678, 0.5932035123218571, 0.6273486332031486, 0.7108990577527767, 0.6224641784217355, 0.5927385238891607, 0.6781713567484864, 0.7240096956876552, 0.6649981049230971, 0.6420370702898766, 0.6246529332893931, 0.704540961191997, 0.5746237792449262, 0.591290992615136, 0.646468965535856, 0.6837428733928872, 0.5251716116791265, 0.5318576993452375, 0.6758179330803613, 0.7137803057544714, 0.6908568528700683, 0.5998147507119556, 0.6037189336384221, 0.6766398195414804, 0.6392408255198336, 0.7434096867626308, 0.6770984742032207, 0.753388658334164, 0.5769699815124494, 0.6244139030086198, 0.7363674833506875, 0.7826348114347559, 0.5861657423285651, 0.7048432873814037, 0.79458642577184, 0.632256240342965, 0.5274989087608388, 0.7085300928582166, 0.5974889950883724, 0.781216335644431, 0.6753496045116472, 0.6643785257271821, 0.6154880213528495, 0.5733691265144254], [0.7740984817907699, 0.6878984328741347, 0.6984173610801923, 0.5755266640884276, 0.6915350000076237, 0.7043763663876901, 0.7518605796857367, 0.5385740126238756, 0.5981703903531637, 0.5943976522237131, 0.6560090808113581, 0.5836077460925884, 0.6538901671342703, 0.7174297726379515, 0.6353913812168155, 0.5931484848217308, 0.6981885626336353, 0.0, 0.5420221532079261, 0.6422032104046749, 0.6879333199382156, 0.6213315363004923, 0.5404904811951283, 0.5651524582226912, 0.6120533767839369, 0.7285727021733808, 0.6200699204418729, 0.7058257414905633, 0.7012697012744049, 0.6005319274592267, 0.7175589330115861, 0.5368679197075736, 0.6674413649746633, 0.6022763936298807, 0.682169393929903, 0.7714813577397799, 0.6888885511244203, 0.7621708016676012, 0.6248500121516543, 0.5842374161241217, 0.7241503288875122, 0.609489535908563, 0.6343893922718957, 0.553624327767128, 0.6228361234932265, 0.6232971696820193, 0.6244758216051032, 0.8165256485435071, 0.6940347961449624, 0.6722530410982448, 0.6477828160425501, 0.43298119154425896, 0.5604795431242535, 0.6266784774051413, 0.7985854516198656, 0.6957397113135158, 0.6204437731816479, 0.7932819238629794, 0.6347733035222192, 0.6849086094241152, 0.6277365722976835, 0.5787815448505262, 0.5222257799623404, 0.578286761746927, 0.7051453251345705, 0.7146387186595677, 0.8227221015797355, 0.6874269110828231, 0.5594667532711155, 0.5801095965431335, 0.5728378288895286, 0.6303622194716727, 0.7394656636773786, 0.5977906445381396, 0.6504482705702965, 0.6519480807711033, 0.7006879563135975, 0.6460323274719064, 0.6165090696656965, 0.723192834901873, 0.6029488139628214, 0.6840025949025885, 0.6960384950309375, 0.6008875055372458, 0.6283980980550179, 0.515621318756669, 0.7577854914804112, 0.7901763135377262, 0.6899678427741018, 0.6758244178781316, 0.7665775919129065, 0.6224965096245716, 0.5465975946872439, 0.5851795755251714, 0.7618432050655386, 0.6253675957426927], [0.6945832744780269, 0.6600991027987682, 0.5323705156520078, 0.5375536475294123, 0.6378681077171946, 0.5756615313775613, 0.6535323915578439, 0.6848153507116626, 0.7583458839885644, 0.6556058321436122, 0.8234895386499836, 0.5987254497343226, 0.7383320117005927, 0.6789125812377899, 0.6522324132600137, 0.7748891279890855, 0.7017158591086159, 0.5420221532079261, 0.0, 0.7382959217531437, 0.5786090493008071, 0.6233206522021384, 0.6361025517082235, 0.6679280076141583, 0.6988832780625962, 0.5815969672064849, 0.7020874080758555, 0.6845346202406619, 0.6049123225318365, 0.5429553088574843, 0.6155480131442359, 0.6392071200612097, 0.6504012029549138, 0.6031405659222044, 0.6239138081707969, 0.5889789461962229, 0.7163759424777592, 0.6295903009294241, 0.6572173817266742, 0.63318917114023, 0.7025736187794418, 0.7398103799392677, 0.723251579572082, 0.5949764105421198, 0.5981377494688249, 0.5214964054176201, 0.6639809693354761, 0.7539093861028003, 0.7727460390829726, 0.6322014393440116, 0.7185247176773861, 0.579057720462633, 0.5742062531305439, 0.7550100143461471, 0.6731729284931955, 0.47033661443990304, 0.6365095780825942, 0.5149302275060923, 0.6177049281023372, 0.6556187872092865, 0.6632717027788477, 0.5600102645275511, 0.5846426424858526, 0.6756071869451761, 0.5745454803734906, 0.6229397568178832, 0.6349725656472915, 0.7699231532383928, 0.6028467701914375, 0.6387961584514854, 0.7062202208296762, 0.5445295332878701, 0.7484318877255303, 0.6480942487978703, 0.6359109265116363, 0.7028170981757111, 0.6216295709479407, 0.5837992730741941, 0.6799956378793071, 0.722481482532116, 0.6643608203030194, 0.6993634097382686, 0.6593499185685625, 0.6219308479595762, 0.6500898513016009, 0.6230249478674732, 0.6846061708646076, 0.571654534278792, 0.6623492764293717, 0.5940847290571705, 0.7689475423463188, 0.6276263629777059, 0.7208385722416086, 0.7192556078158414, 0.639929757359571, 0.6650891656792248], [0.8218162845672361, 0.6732133717752109, 0.7725409103725094, 0.6937802038848437, 0.7039021213890959, 0.6002474311684023, 0.6729175409679855, 0.6189053689004833, 0.6659044088865453, 0.5889917388050236, 0.7074230182059666, 0.703510830151832, 0.6208102128564459, 0.798578825127604, 0.6817848855479758, 0.6517606936356053, 0.6764043941592457, 0.6422032104046749, 0.7382959217531437, 0.0, 0.714919788712949, 0.5244071720295433, 0.6314193151621545, 0.5810349281377678, 0.5967187648294932, 0.7248281086866721, 0.6137313744118318, 0.7435042793724109, 0.7498302949810032, 0.8117354434697024, 0.6901055862309011, 0.7226506979218201, 0.5546945346362937, 0.45557781231403127, 0.6572617763344237, 0.6338782415105364, 0.6711890494831019, 0.7127062380476819, 0.6604165897992076, 0.5267595390856565, 0.6526543630503936, 0.6565314995480038, 0.5956780989837409, 0.6375982094080117, 0.5729000312022092, 0.688207844174076, 0.6175267535965683, 0.6058584939314802, 0.7271696879830918, 0.6169693080811502, 0.6845070600494614, 0.5413254538764871, 0.43594316112957543, 0.6242853018213732, 0.6444980329690513, 0.7839385517040758, 0.5654641316656308, 0.682046142299763, 0.6739696362091157, 0.7012766343280652, 0.709679204383618, 0.7671103569549944, 0.666181114421196, 0.6052464000445075, 0.5894193361936186, 0.6949324045558154, 0.856273052802174, 0.6230284344050321, 0.6511840838679899, 0.6153757165981015, 0.5744303184050907, 0.5850720054690131, 0.6162802343021081, 0.6954777743276794, 0.6626021686353976, 0.7020761255339665, 0.7567095811779547, 0.7105876066679582, 0.5523277328579721, 0.6382306040660544, 0.7157942807651745, 0.6405480177699006, 0.5870581659379013, 0.6503200584140105, 0.6946255532787091, 0.5972792007255652, 0.6557256851790205, 0.5683418605219961, 0.6818740740471654, 0.6514647740499853, 0.6019556156219257, 0.6467350768488727, 0.5307302892462396, 0.5023274561488229, 0.5668864875851307, 0.636821826017713], [0.5731548350348201, 0.6714572217562007, 0.5841309849993028, 0.6409604664667001, 0.7101129375331259, 0.6793245722474022, 0.6948816120946368, 0.7009633546717569, 0.7247160200629637, 0.6645689239914216, 0.670855166542683, 0.634754470796177, 0.5913707694302575, 0.673359009518472, 0.6533316319843121, 0.6048366464579986, 0.6622041316017526, 0.6879333199382156, 0.5786090493008071, 0.714919788712949, 0.0, 0.5972997553696959, 0.6093565968137402, 0.6982931268321422, 0.6162534214358493, 0.6100349719004345, 0.5766630026618074, 0.6283312300133044, 0.5891078552762585, 0.6771841220436616, 0.6708764621746144, 0.6133353700268467, 0.6825713494510643, 0.6816524232360994, 0.7064483449478558, 0.6744806221331889, 0.7264650112740911, 0.6217289670680053, 0.7326475775516661, 0.6711545125307155, 0.6188625151623699, 0.7089960857678888, 0.5867789209028678, 0.7232486386962675, 0.6574831825742742, 0.612167352771243, 0.6400007145327968, 0.6302597984123175, 0.6017856046994889, 0.6463345617322216, 0.6814400332796557, 0.6944348629605726, 0.7616775103541455, 0.6753026439835303, 0.6260144283530722, 0.7011777996063391, 0.6898963163344682, 0.6466382979399117, 0.6166036283621386, 0.6470813521168195, 0.6808240654871036, 0.5994125230513534, 0.5741402180835273, 0.6741069598894691, 0.6635697917682868, 0.619462354656781, 0.6824346064403639, 0.6157725501993625, 0.6552998429222261, 0.6549337323611402, 0.6388476060586463, 0.5318130718101928, 0.7458882883168148, 0.7045622637305882, 0.6027442007744277, 0.7980843208166841, 0.6602479814918181, 0.5804882077632012, 0.6598676598115609, 0.6245175890146442, 0.6999143471122937, 0.6338854960099594, 0.6390300717105912, 0.7811542872765438, 0.6524270171598567, 0.5500451928661134, 0.5617146314524362, 0.7072509331335275, 0.5519514968263184, 0.624216388806144, 0.6145162897969232, 0.6321298669058821, 0.7006135674011276, 0.6446243946100998, 0.5865896572266849, 0.5551721380523789], [0.6389243863130265, 0.591707874692593, 0.6897129639638859, 0.6644032369856616, 0.6983240160208506, 0.66758893886199, 0.7592304878209788, 0.577838212273925, 0.69358