[[1.0, 0.846511995784095, 0.9800489397922745, 0.9716209160936213, 0.8773508938839988, 0.9676254146862004, 0.9502834492269112, 0.8716626766797778, 0.6982199459770412, 0.9857678213679789, 0.9773751827154039, 0.9772912912105739, 0.9738499967155715, 0.7214912405722805, 0.9790119111845945, 0.9835709688474568, 0.979659356942974, 0.982886616420506, 0.9775675857516781, 0.9621505962017348, 0.9767587855158283, 0.8922662089926845, 0.9744942631452063, 0.7204531748992008, 0.9764182866387908, 0.978500727824669, 0.9754596362510745, 0.9776884425367731, 0.9954235216027606, 0.9808345028647275, 0.968199252426735, 0.9899162856559912, 0.9759487830325022, 0.9264599967157452, 0.9814434734607762, 0.9854234080493162, 0.9551613780414335, 0.9618139719553845, 0.9738187626344721, 0.9650106263467584, 0.9653071306320395, 0.9761690960977981, 0.9825541313642491, 0.7901326702657656, 0.887152697900926, 0.9766933708045008, 0.9738171918712006, 0.961694828040659, 0.9774197030973176, 0.8782258925616863, 0.9922900630377626, 0.978154064411031, 0.9280098237857161, 0.8969857841798311, 0.978453201266002, 0.963876558448356, 0.9853348553561092, 0.7314682916510761, 0.9786512240900377, 0.9461459766149953, 0.9822288164377072, 0.9687498229194927, 0.982019415858698, 0.38157565722193193, 0.8469975874605525, 0.975773013117331, 0.9684740592108976, 0.97771334458751, 0.9849530160816292, 0.9847427205307758, 0.9749981423970125, 0.978726219019069, 0.9648361345270948, 0.9828828718527911, 0.9753078840017766, 0.9779634060064041, 0.9750694975192189, 0.9781563731761667, 0.9811319884427693, 0.9743306897786808, 0.9141901269613552, 0.6301334688893091, 0.9406336679968121, 0.979902199786542, 0.9808358473838376, 0.9141531696754934, 0.9495533359931668, 0.6902632149934737, 0.9876964792620192, 0.7134868026697113, 0.9746398597050119, 0.6954241217459334, 0.9838971469227196, 0.7435797870511889, 0.9838501262907767, 0.9818082541823475], [0.846511995784095, 1.0, 0.7968902021931564, 0.8434586082415733, 0.8921289391923758, 0.8650371097466935, 0.8912051622474846, 0.8525724467746405, 0.9260152722284865, 0.8344137474953857, 0.7951332630856931, 0.8023579754198678, 0.7823374273114556, 0.8907285575947739, 0.8109480038551693, 0.7952204664045495, 0.8216780672184967, 0.8520126751150531, 0.8346755872739803, 0.8946137024052462, 0.7999716432326127, 0.9453328684096145, 0.8326274893770895, 0.8163249242765297, 0.815963129740684, 0.8225107430504044, 0.7928362937984571, 0.8599711745001243, 0.820549180482667, 0.7984413754053002, 0.8713209088673769, 0.8164120200804584, 0.8007315273719094, 0.8601262089588375, 0.8112031088578423, 0.8243895303065322, 0.8587322694335165, 0.8698738429419192, 0.781582863376054, 0.896489641424788, 0.8937123825357433, 0.8207819864356019, 0.8377745438062468, 0.8848136814835387, 0.9108936344958221, 0.857435879211986, 0.7836272808952305, 0.9027156001365587, 0.7914241498060501, 0.8744364556936152, 0.8624149214915695, 0.8106952750216221, 0.8821134039494539, 0.8552276826263866, 0.7994226537881991, 0.851151877689598, 0.8493195700613061, 0.9201895922228314, 0.8040881862853786, 0.9144807744357462, 0.8351405533296434, 0.8070209466786699, 0.7955908736167644, 0.6394514919619647, 0.9162057740480191, 0.8435996162423508, 0.8525733739538454, 0.8061972679538069, 0.8247667784625367, 0.8704724054875056, 0.8447279596872751, 0.7968318759724324, 0.8389247453003255, 0.8390336816930263, 0.7890466688844987, 0.795235730950153, 0.7864700457776281, 0.8011496211228488, 0.79922703359299, 0.846732313053327, 0.7774207181321657, 0.7311379721905662, 0.8851988929420159, 0.8138701342807338, 0.7993846876591604, 0.8366507142748623, 0.9403111433753694, 0.8761868212558118, 0.8252022483563709, 0.868616597498609, 0.8755118635304122, 0.7395877767915646, 0.8450973774359225, 0.7793372620772664, 0.8300729145261283, 0.827774245392646], [0.9800489397922745, 0.7968902021931564, 1.0, 0.9779510688821996, 0.8349653750732035, 0.9271303512486708, 0.9074296487220576, 0.8194541161730051, 0.6629584169459645, 0.9892038222992942, 0.9967764196489117, 0.9956374395352445, 0.9955487841047886, 0.6638666432462176, 0.9969639580807683, 0.9922010766918714, 0.992550071337968, 0.9811286486657126, 0.9902308404760112, 0.9358203527789524, 0.9958663173870551, 0.8456273645907948, 0.9534142496045277, 0.6634134365076287, 0.9765522674171414, 0.9469270886813745, 0.9956382031912829, 0.9602588106736423, 0.9832245744497212, 0.9868786156692084, 0.9743331607589614, 0.9765154146130163, 0.9952968992285222, 0.9225587946295466, 0.9982758118180268, 0.9677367660343618, 0.946525717270719, 0.967358452614264, 0.9954941441944857, 0.93265340930855, 0.95759118219915, 0.9933473326624953, 0.9951799783804449, 0.7464236647391836, 0.8621678938976729, 0.9871858450307585, 0.9952315094279091, 0.9275600856211997, 0.9971640432057151, 0.8261311160866885, 0.9731367467874089, 0.9939937561812114, 0.8818306073993708, 0.8529446027024884, 0.9969349505088029, 0.9563170783940732, 0.9860696076797937, 0.6809515997318805, 0.9950614191649761, 0.9448861881069257, 0.9942471691889245, 0.9672725957132595, 0.9935967765207846, 0.3384542537479992, 0.7872271210134829, 0.9891799482480128, 0.9750662242770928, 0.9960490345816982, 0.9923993447166537, 0.9604063316244859, 0.9835360937771626, 0.9986257922631581, 0.9295173880101043, 0.9828074098162515, 0.9958543410166774, 0.9981691536683139, 0.9961692837706108, 0.996646134199638, 0.9892790480318518, 0.9875876562045125, 0.8749758218180163, 0.5805121432008874, 0.9266049752675035, 0.9846243838553959, 0.9887158776329575, 0.8665809107408422, 0.9131961300989104, 0.6299347779140996, 0.9711206569555451, 0.6532445752410694, 0.9581624170903624, 0.6471989577963992, 0.9804957321701312, 0.697305980945476, 0.9841119319933935, 0.9612254387529964], [0.9716209160936213, 0.8434586082415733, 0.9779510688821996, 1.0, 0.87200266866071, 0.9458836780490092, 0.9121876060412403, 0.8857332081622441, 0.7369178155618206, 0.9751672070266632, 0.9748965862555194, 0.9809026212631236, 0.9732350937023134, 0.7313965951193215, 0.9850965503015069, 0.9776259279264202, 0.9887396525064281, 0.989521691317007, 0.9686289868977385, 0.9704025316279927, 0.9759700187257525, 0.8856281625835964, 0.9760605317403087, 0.7649137295184844, 0.9846023230697047, 0.9464451748290366, 0.9739877376584094, 0.9672286011865099, 0.9698020346180485, 0.9746505049083258, 0.9836646883811485, 0.9762265508127896, 0.9768591107864899, 0.9023430680732744, 0.9820131228152518, 0.9716973973549439, 0.9794554497121913, 0.9831747619492465, 0.9733681961288578, 0.9213451026947219, 0.9819263193526292, 0.9771687362954362, 0.9841912996179669, 0.8388189805239871, 0.9296441396910214, 0.9695473854411217, 0.9745559079212452, 0.9655678525884721, 0.9733097405191307, 0.8918116359411342, 0.9534774962288955, 0.9724190218244771, 0.9044672914888783, 0.9183606965699305, 0.9749954506396525, 0.9766656300995188, 0.9794282293225477, 0.7172729316328629, 0.9854382971808351, 0.9602905191326767, 0.9777418093975033, 0.9786208548188884, 0.976711610872601, 0.4166508189879516, 0.8199023349912754, 0.9812121146553386, 0.9569842810209929, 0.9744362209110486, 0.9761820204897046, 0.975603455215354, 0.9947305727228338, 0.9781810100368395, 0.9516449100639389, 0.9834647158971209, 0.9740301013030173, 0.9799779095686414, 0.9742375103829058, 0.9801783204882327, 0.9803728952663033, 0.9886817698433089, 0.9129048021974117, 0.6902078255599365, 0.9731069051259819, 0.9776155409491681, 0.9764145342695923, 0.9068297204094558, 0.9153129630821174, 0.6663203408332361, 0.9728426599176406, 0.7472577553822116, 0.9656204893756062, 0.7561079318390829, 0.9681622679911069, 0.7953488370210571, 0.979873420428164, 0.970811685479588], [0.8773508938839988, 0.8921289391923758, 0.8349653750732035, 0.87200266866071, 1.0, 0.9203905440598192, 0.91730797050837, 0.9288960618710269, 0.864722266869061, 0.8770703662377376, 0.8210340162053931, 0.8277590199779226, 0.8157904899855282, 0.8974341782179857, 0.8485351983536458, 0.8535501647420126, 0.8673146197550021, 0.8898260441545834, 0.837354294464341, 0.9296941461006905, 0.8253873719957393, 0.9708029799442083, 0.9054457881421837, 0.8270552845764335, 0.8881208435450023, 0.9096528412065258, 0.8203009681733779, 0.9305884542290056, 0.8611909942555761, 0.873610536571639, 0.8608102683419788, 0.8730786539215885, 0.8294688853937608, 0.7963064764917936, 0.8421823263836079, 0.9051161696527186, 0.9137446691376566, 0.8563897722807863, 0.8152533232250984, 0.870744153312607, 0.9305922732474569, 0.8408310210758844, 0.8581067983047742, 0.8895588171780823, 0.9004490983444434, 0.8672473074637072, 0.8161522267260709, 0.9306030247328915, 0.8153376652227593, 0.9175085853152982, 0.8728101229216443, 0.8230741368958312, 0.9572437447216129, 0.9088120008637008, 0.8202656718358224, 0.9006779801223234, 0.8860773343717046, 0.8264363701289466, 0.8535155618746583, 0.885115625869795, 0.8449433586942463, 0.8873248479006457, 0.8490577391906629, 0.5978858220596165, 0.890811398267728, 0.8578370061166567, 0.8401645950929184, 0.827029967033602, 0.8663684714587404, 0.919448765078553, 0.8749060275307368, 0.8374250545391487, 0.9340962216406518, 0.8865125124531562, 0.8182742763259805, 0.8379052473287951, 0.8173923263211998, 0.8240279428680298, 0.8590512790086583, 0.8781400443488655, 0.8914789028299422, 0.7624491913520233, 0.9260269879150439, 0.8905944551810353, 0.8711450578141097, 0.9238897302230354, 0.9047535658347052, 0.714386064852735, 0.8977928876377208, 0.8761436426999186, 0.9202966768218306, 0.8009027674697279, 0.8645131934215097, 0.8802154213136351, 0.8905478494496158, 0.8945786195590152], [0.9676254146862004, 0.8650371097466935, 0.9271303512486708, 0.9458836780490092, 0.9203905440598192, 1.0, 0.9599211807681284, 0.9426147436435881, 0.7445936822356202, 0.9545537967606941, 0.9184004361498687, 0.9205113292326068, 0.9147702536335873, 0.81108625096179, 0.9297043070026729, 0.9468919244516393, 0.9452559668816332, 0.9672636314368829, 0.9234347407925404, 0.953934228519726, 0.9190977154835036, 0.9275535605549368, 0.9769744701077027, 0.8146388707703176, 0.9681124585247081, 0.9867965764757363, 0.9177811726439556, 0.9541239200836714, 0.9602615710331593, 0.9573636562086097, 0.9230787430746539, 0.9659353566602101, 0.9185296746558522, 0.8785668877023677, 0.9327817630935675, 0.9734042875409765, 0.9728908579390867, 0.9245416531208038, 0.9144748279618268, 0.9382690505821034, 0.9608181207287367, 0.9216807928514811, 0.9379283918604452, 0.8335888305035574, 0.9150754805404087, 0.9336001946177873, 0.9148676891561015, 0.97660789858145, 0.9174590394904146, 0.9331352748350864, 0.9583150382648211, 0.9192409792008936, 0.9703249643929795, 0.9373047862793482, 0.9195529547611405, 0.9741172688609232, 0.9640941672084258, 0.7550248998755541, 0.9371285351878517, 0.91150968071406, 0.9368043553466286, 0.9676730616510033, 0.9441615582403221, 0.44655324524627377, 0.9066026550007951, 0.9238846078246086, 0.9236136017356795, 0.9213045546262673, 0.9491850083798812, 0.9822785808928304, 0.9497461508421656, 0.9270304299063177, 0.9873634094803594, 0.969785581482845, 0.9168691571849534, 0.9269035817739106, 0.9158854125994027, 0.9205814006218657, 0.9533320661646472, 0.9311784301684924, 0.9675077809380188, 0.7089128916377979, 0.9595022120796818, 0.9590264916529934, 0.9561917414532253, 0.9754440573021015, 0.9337329270867933, 0.7310841115591978, 0.9770074684910595, 0.8009515363265235, 0.9492428420936345, 0.7748907916022006, 0.9545395063681517, 0.8201802110675335, 0.9661666454435865, 0.9812894646744252], [0.9502834492269112, 0.8912051622474846, 0.9074296487220576, 0.9121876060412403, 0.91730797050837, 0.9599211807681284, 1.0, 0.9047548433463571, 0.777389199923585, 0.9298312691863229, 0.8946669014528719, 0.8933921515358447, 0.8832206853610822, 0.8189648449739638, 0.9032604071371084, 0.9120037292143447, 0.9147365966384896, 0.9363985326723951, 0.9202723933729502, 0.9377204180332326, 0.8925023711808105, 0.9305018112797732, 0.9334493748638, 0.7744770736411488, 0.9239768213986683, 0.9532060598338529, 0.8877212275880088, 0.9379472886217672, 0.9296540322779384, 0.9261255087265362, 0.9270453815246386, 0.9243140246152791, 0.8918846311823941, 0.9324745658948385, 0.9074177961674108, 0.9363386141002388, 0.9265734991474387, 0.9051247221666535, 0.8829492308941925, 0.9737084421229267, 0.9446436152466929, 0.8972786223545648, 0.921652876832314, 0.8290098998591646, 0.9107418776095889, 0.9293010864168768, 0.882850082375485, 0.9567802922637875, 0.8987892005239264, 0.9172843990508938, 0.9600769191414497, 0.9163423839994288, 0.9702983325659155, 0.8984590670002475, 0.9007482047249988, 0.9402650172535124, 0.9431489495476579, 0.8482539454080357, 0.9041050367716891, 0.9320145891769883, 0.9289951402710109, 0.922404247090112, 0.910550014182777, 0.48342756641072104, 0.9369203257499339, 0.9088154777748944, 0.9463184447078501, 0.8976935798564226, 0.9233539498521037, 0.9530359243307045, 0.9112029141423136, 0.8982836578820254, 0.9429319600395607, 0.9408590464940074, 0.8869439911263766, 0.8964809971624869, 0.8868833717823343, 0.897199546722136, 0.9120898382264494, 0.9146579706992432, 0.8989987829863156, 0.6768529406100621, 0.9322417389496055, 0.9281179002791341, 0.9210018135151494, 0.9333391161545227, 0.9698439697163508, 0.78582547262919, 0.9372835575258308, 0.7993970976616397, 0.9321481916595222, 0.7252781087508542, 0.9575348261439518, 0.7773534730536649, 0.9416329713642888, 0.938311979128509], [0.8716626766797778, 0.8525724467746405, 0.8194541161730051, 0.8857332081622441, 0.9288960618710269, 0.9426147436435881, 0.9047548433463571, 1.0, 0.8138610023114404, 0.852444179071145, 0.8032427974503954, 0.8133426247799381, 0.7988133826244027, 0.8792277545649956, 0.8326234646134509, 0.8442814238110896, 0.8565042305302776, 0.8911555986038829, 0.8117414650891445, 0.9202568419631462, 0.8050832738442935, 0.9299146144423367, 0.9252714847091139, 0.9360196684751797, 0.8982590234912411, 0.908474405176481, 0.80118629199398, 0.8901408835961542, 0.8541816958118988, 0.86688169786597, 0.8503181950063229, 0.8751555429975034, 0.808353145291986, 0.7757892381059968, 0.8299646368405578, 0.9012136866797125, 0.9387458088333553, 0.8604659896039019, 0.7990244005248565, 0.8445910302792492, 0.919626880708089, 0.8124968920270972, 0.839555763266289, 0.9242066488120866, 0.946507000265304, 0.8302313716753082, 0.8009359945254246, 0.9538086282770426, 0.801825298693993, 0.9801082091979806, 0.8496769847692706, 0.8090143172206372, 0.9499454334001526, 0.9691042237706502, 0.8057051624169826, 0.9191274855876147, 0.8691680343593915, 0.7679472156924497, 0.8417529807923307, 0.8536613783203327, 0.8324040316136428, 0.9053355536596567, 0.8364604434173155, 0.586146112817886, 0.8905214531908169, 0.8252813666536649, 0.8288339307781404, 0.8056375766664027, 0.8451594641542686, 0.92508307748035, 0.8766854797735135, 0.8184402048339409, 0.943976849603657, 0.8878747807017731, 0.8009967618303678, 0.821932561502053, 0.8001851833993353, 0.8112810203292653, 0.854859900840839, 0.8514383584682832, 0.9528983747232891, 0.8607980512854232, 0.946206056890569, 0.8788292991247836, 0.8610162206839492, 0.9694458831893804, 0.8595134073040593, 0.7232694265737217, 0.9005215842902388, 0.9093335783827855, 0.8813846321675033, 0.905987621811653, 0.8596380059917563, 0.9308955302716914, 0.8858244549197577, 0.9105144349860662], [0.6982199459770412, 0.9260152722284865, 0.6629584169459645, 0.7369178155618206, 0.864722266869061, 0.7445936822356202, 0.777389199923585, 0.8138610023114404, 1.0, 0.7041287160832714, 0.655502356779761, 0.6672085841701518, 0.6439421210421081, 0.9230985777294304, 0.683762840875108, 0.6638859535143143, 0.7022247137966238, 0.735694856739913, 0.6956731348542695, 0.8041875787906475, 0.6613202912451894, 0.8969786265897883, 0.7203993012374129, 0.8365874089205753, 0.7050828617657718, 0.6943850726044685, 0.6529996055084005, 0.7499965874385922, 0.6705046514197487, 0.6757273320938404, 0.7568306528284728, 0.6787134226530859, 0.6658289250159981, 0.7165406370486571, 0.6779104394151669, 0.7013377525937813, 0.7762117583421113, 0.7573566061935412, 0.6432594691896765, 0.7458635754000789, 0.8084620660452808, 0.6861605520539678, 0.7074042827216627, 0.9026041606309386, 0.8714795033648484, 0.7277306508139673, 0.6456252865011084, 0.805402873970892, 0.6505850888777218, 0.8217661482402401, 0.7079562623745934, 0.6721100603149998, 0.8028027559854316, 0.7962549811944576, 0.6588359188886073, 0.7516134940433552, 0.7240832390240326, 0.9033097757238383, 0.6793684449591925, 0.8218918129264341, 0.6974500238906164, 0.700144925469159, 0.6626567573528962, 0.816877402980703, 0.8286387707766365, 0.7180749179820419, 0.7195516056128378, 0.6664034033770904, 0.6935099577271869, 0.751794949260042, 0.7336357379019521, 0.6628456193414194, 0.7350200571335257, 0.7182683383995591, 0.6495606740414832, 0.6636592569613369, 0.6475582793585428, 0.6640015842885861, 0.6720108893572776, 0.7363672558975457, 0.6855328641809082, 0.7897063715500431, 0.8216787368546427, 0.6992333679811595, 0.6747919989726479, 0.7534706327771282, 0.8123307278655457, 0.7937440626932997, 0.6970925536711257, 0.9137099915034272, 0.7639471342529303, 0.7708664945684408, 0.7112178965873425, 0.8139741394625319, 0.7119027811339745, 0.7012217632370512], [0.9857678213679789, 0.8344137474953857, 0.9892038222992942, 0.9751672070266632, 0.8770703662377376, 0.9545537967606941, 0.9298312691863229, 0.852444179071145, 0.7041287160832714, 1.0, 0.9879813970900314, 0.9872056173937834, 0.9861906428502991, 0.7149214867013857, 0.9893915377817696, 0.9946813199627653, 0.9908351148408185, 0.9911399279108248, 0.9872273541591181, 0.9472886373908233, 0.988757137345234, 0.8864206848155897, 0.9606005256268689, 0.6974016180698235, 0.9855328017640865, 0.9691216281144431, 0.9881552949771483, 0.9709751183298798, 0.9841861313629098, 0.9905214468768393, 0.96957066863603, 0.9787677118058601, 0.9883565362714992, 0.922428156993078, 0.9913231220618123, 0.9768305790612222, 0.9616016435151075, 0.9667289553449538, 0.985887430350084, 0.9462341139552304, 0.9712075299831303, 0.9900734281601133, 0.9912744006496904, 0.7685824505872972, 0.8806865932368882, 0.9892084480463975, 0.9857128497300892, 0.9438385003610159, 0.9860612366392503, 0.8529572796504767, 0.9801514723047039, 0.9831212480640268, 0.9146509390993802, 0.8750576113317645, 0.9876306951908059, 0.968422546722099, 0.9964638848425551, 0.7135860749961598, 0.9903560256203526, 0.9508017489125702, 0.988063852088647, 0.97631399378428, 0.992958298736527, 0.37081785043333526, 0.8278762517085047, 0.9876635401284586, 0.9696078809033485, 0.9900391929734808, 0.9974054247481201, 0.9709482795380939, 0.983806442411298, 0.9904942229329684, 0.9551687002184607, 0.9891948615895404, 0.9874271790349776, 0.989531726993844, 0.9867685710307622, 0.9868743884850412, 0.9927251351406738, 0.9838278083983908, 0.8987152255115421, 0.6077886965522312, 0.941487646791517, 0.9912909246361832, 0.9922584070726828, 0.8980673783253516, 0.9356712013371702, 0.6689395233348909, 0.9769388162778202, 0.6949035636543006, 0.9695005761251859, 0.6709706253142865, 0.9866412760286564, 0.7265011747738959, 0.9913221282940499, 0.9699395315469905], [0.9773751827154039, 0.7951332630856931, 0.9967764196489117, 0.9748965862555194, 0.8210340162053931, 0.9184004361498687, 0.8946669014528719, 0.8032427974503954, 0.655502356779761, 0.9879813970900314, 1.0, 0.9987779293293746, 0.9991872065866929, 0.6501630352788779, 0.9952362680141413, 0.990610933224581, 0.9903362850761402, 0.9793313960066389, 0.9921857986151101, 0.9329913420989446, 0.9995778515844378, 0.8375172490776349, 0.9455135427350867, 0.6498144389042413, 0.9698945406009907, 0.9383867724288947, 0.9993999679499687, 0.9539835602002097, 0.9815604273932074, 0.9780722206267825, 0.9745537377629272, 0.9741189288941456, 0.9990282002559767, 0.9207163336645956, 0.9964895642308726, 0.960939160345099, 0.9391921669586789, 0.9694804803608008, 0.999128012491786, 0.9279891862239622, 0.9500704469730968, 0.9971007750520059, 0.9930947648040196, 0.7367653295100448, 0.853339794050598, 0.984794159842979, 0.9989499337435798, 0.9193310918074183, 0.9991584459028956, 0.8100182053567022, 0.9696645345007842, 0.9944463806621058, 0.8641091710374287, 0.8435878403664663, 0.9994771108729213, 0.947677133359998, 0.9839963431023875, 0.6705440223378216, 0.9935589626594022, 0.945236713808407, 0.9907550859934058, 0.95835026603384, 0.9919923567256435, 0.33041743043264843, 0.7717868106486832, 0.9923755158144307, 0.968693198690997, 0.9992555780620477, 0.9908973085465618, 0.9508746403614037, 0.9815744459601564, 0.997059360203219, 0.9214182226247553, 0.9752654951830467, 0.9995026231905692, 0.9965482312148009, 0.9995262923492058, 0.9990893847074827, 0.9878457184254028, 0.9849686788678228, 0.8594916044178087, 0.569082020934029, 0.9172804656876073, 0.9762757121685317, 0.982409076803876, 0.8501155876945721, 0.9092270409260399, 0.6247268486915755, 0.9626779890562747, 0.6402588883649297, 0.9567330689446164, 0.6341073753224695, 0.9758348092457962, 0.684360268680032, 0.9750356968831119, 0.9537238723239438], [0.9772912912105739, 0.8023579754198678, 0.9956374395352445, 0.9809026212631236, 0.8277590199779226, 0.9205113292326068, 0.8933921515358447, 0.8133426247799381, 0.6672085841701518, 0.9872056173937834, 0.9987779293293746, 1.0, 0.9985214297480387, 0.6581223351564581, 0.9966128855168012, 0.990685026642382, 0.9908098463539251, 0.9818106207555101, 0.9895982409984895, 0.9414247196560831, 0.9990754778015163, 0.8462404457901584, 0.9507368327154204, 0.6655348037717287, 0.9723742116816563, 0.9384866697285397, 0.9986506920017912, 0.9584258141775679, 0.9818130703120143, 0.9777844423052504, 0.9789757196845597, 0.977108209114341, 0.9991298123868552, 0.913730764297334, 0.9964943810022618, 0.9628726130487881, 0.9453852379890487, 0.9760217041901672, 0.9985882061308411, 0.9233751581163558, 0.9566738278436467, 0.9974768521161125, 0.9933475000486638, 0.7538627610684837, 0.8651776942370052, 0.9828454550146956, 0.9986951166842672, 0.9256637598449118, 0.9972714836063018, 0.8209165525059591, 0.9668120374044074, 0.9920984076044129, 0.8663970673592954, 0.8572124750459262, 0.9980093292395412, 0.9507726088508383, 0.9833968862274364, 0.6721953792235702, 0.9938434277069098, 0.9495084235972698, 0.9888238999672995, 0.960676818963308, 0.9922920829379998, 0.3419028026470136, 0.7713972484252616, 0.9938963069836125, 0.965239086570525, 0.9980561396732559, 0.9909871704735185, 0.9554516269480307, 0.9855816916805799, 0.9967211260485404, 0.9260547072314329, 0.976952243108204, 0.9988085079133019, 0.9970125251543883, 0.9987763771982288, 0.9995067114941757, 0.9887236340406594, 0.9885871725700089, 0.8649045164569138, 0.5884724536420104, 0.9257573904508206, 0.9774391394715629, 0.9823935700068842, 0.8541608281419076, 0.9075452904989368, 0.6249359145521264, 0.9645853351847834, 0.6532823899554241, 0.9624126187736933, 0.6527444260444806, 0.9728627695003528, 0.7016089481629512, 0.9754007804923222, 0.9558471006050142], [0.9738499967155715, 0.7823374273114556, 0.9955487841047886, 0.9732350937023134, 0.8157904899855282, 0.9147702536335873, 0.8832206853610822, 0.7988133826244027, 0.6439421210421081, 0.9861906428502991, 0.9991872065866929, 0.9985214297480387, 1.0, 0.6398743139253188, 0.9949324709657688, 0.9911636852542356, 0.9892280257347419, 0.9769622363764219, 0.9873941581118345, 0.9293670982126341, 0.9992275907242926, 0.8305186837781122, 0.9446750949522331, 0.6443637894501845, 0.9697255291106956, 0.93663763410955, 0.9996346204515503, 0.9523482348246012, 0.9806927503356007, 0.9774978735235781, 0.9686319123706195, 0.9744422667538852, 0.9989986060342496, 0.9057708660697805, 0.9954546372352508, 0.960469112609103, 0.937160360224251, 0.9664388862619372, 0.9999607137886513, 0.9155579089181864, 0.9459549568927762, 0.9963153136569244, 0.9900540300366101, 0.7299219648748847, 0.8452785006588516, 0.9798801453880621, 0.9998128563936794, 0.913447894801682, 0.9976731635389933, 0.8034593393860832, 0.9634228156122313, 0.990198570334829, 0.8562717781087577, 0.8413715810828268, 0.9978697115707397, 0.9438015795810042, 0.980656080162734, 0.651884659510012, 0.9935690125417089, 0.9364532195277067, 0.9860466073773808, 0.9578554777227319, 0.9924980499064494, 0.3217470058583886, 0.7572032278411669, 0.9900322601239068, 0.9596773174538458, 0.9982536239588368, 0.9898789610351348, 0.9478108527301214, 0.9805362266029739, 0.9970705130880305, 0.9206822392506164, 0.9724793138907692, 0.9998313853210791, 0.9969467003519085, 0.9998505116920717, 0.9982095262043089, 0.9886037886786363, 0.9830200708980298, 0.859526737923572, 0.5655089578759016, 0.912603333723369, 0.9757623131376891, 0.9825127275900098, 0.8456736075283122, 0.8968054680158495, 0.6063184127090514, 0.96207881850079, 0.6308041632786783, 0.9552231557274518, 0.6319402248221823, 0.968915118357473, 0.6820264636612139, 0.9725383642482238, 0.9524676869451897], [0.7214912405722803, 0.8907285575947739, 0.6638666432462174, 0.7313965951193213, 0.8974341782179859, 0.8110862509617898, 0.8189648449739636, 0.8792277545649954, 0.9230985777294304, 0.7149214867013856, 0.6501630352788778, 0.6581223351564579, 0.6398743139253186, 1.0, 0.6750462943372807, 0.6762969201913815, 0.7106916067967344, 0.7472266403790218, 0.689832142105488, 0.7958938679897342, 0.654018419451442, 0.9028441086452275, 0.7655879235042752, 0.8749735255551865, 0.734445942458991, 0.7588930727240767, 0.6483577034061114, 0.7528425535329902, 0.6926556426606041, 0.7011026523256672, 0.7239749930355361, 0.7125255280163643, 0.6561054221831594, 0.7067613192561232, 0.6758896499225915, 0.7434145653810073, 0.8059497925128806, 0.720602392953248, 0.638791887666126, 0.765937159745438, 0.7987898273861894, 0.674180389697477, 0.7024006068006462, 0.8669749471012457, 0.8479608394261825, 0.7231866205374204, 0.6394774386641341, 0.8379537991573189, 0.6472876304066174, 0.8498616158011286, 0.7323181908476687, 0.6659447689055394, 0.8798049722764942, 0.8086058338943914, 0.6533300774211905, 0.7954162780058992, 0.7412468011869573, 0.8791310851701122, 0.6829211822534335, 0.7768207314708693, 0.6977673121307436, 0.7398878501306342, 0.6722033085488824, 0.7443798386793075, 0.9040616800470891, 0.6963064622470578, 0.7151093106976546, 0.6616048317544677, 0.6978906416275381, 0.7882084231382661, 0.7355768020127371, 0.6626977216891371, 0.7897409562281974, 0.743874633557366, 0.6448668501820495, 0.6623877528681497, 0.6428325746502901, 0.6569623599258737, 0.6921461306733555, 0.7144667083186471, 0.7817449404099631, 0.7725806576678379, 0.8366894861452123, 0.7177641326529665, 0.697279889022014, 0.8542542188252684, 0.8165874977529992, 0.8244218885281074, 0.7381179111304824, 0.9432705108759224, 0.7570555791656918, 0.7834177979740949, 0.7276352526386319, 0.8406676650446497, 0.7318167304166366, 0.7574449308015561], [0.9790119111845945, 0.8109480038551693, 0.9969639580807683, 0.9850965503015069, 0.8485351983536458, 0.9297043070026729, 0.9032604071371084, 0.8326234646134509, 0.683762840875108, 0.9893915377817696, 0.9952362680141413, 0.9966128855168012, 0.9949324709657688, 0.6750462943372808, 1.0, 0.9922609245584801, 0.9934926154143416, 0.9855807153078834, 0.9860163000164571, 0.9490283482954059, 0.9959176313081104, 0.8601733379362441, 0.9585260178867814, 0.6852418627787484, 0.979831779816067, 0.9467577144824558, 0.9951616056461791, 0.9694463278478799, 0.9831818868435599, 0.9858609350982772, 0.9791270323106435, 0.978327028196967, 0.9963639877316137, 0.910603215449313, 0.9982678180389813, 0.9705276549597549, 0.9542068503136779, 0.9772038545501611, 0.9949969643847452, 0.9252303649762519, 0.9677261549000808, 0.9953157786824194, 0.9956175589477145, 0.7713227741495471, 0.8787550706763823, 0.985259639182979, 0.9955566078284459, 0.9360420466240796, 0.9935101802316362, 0.8424059407661871, 0.9680029396131404, 0.988583954143348, 0.8820813619750935, 0.8725540922360002, 0.9945659503863681, 0.9571848020199669, 0.9853933571261619, 0.6842377281292661, 0.996615850255865, 0.9514019215808776, 0.9903498416132122, 0.9695552377380486, 0.9937219303934259, 0.3569997368602225, 0.7873427340146288, 0.9929427880860408, 0.9674416909336191, 0.9946862608129852, 0.9931104679772926, 0.9647516792063412, 0.9888731625651596, 0.9980869903788261, 0.9370275823611383, 0.9830783456614118, 0.9952858623877164, 0.9986351428313323, 0.9952777607840054, 0.9959844561368076, 0.9902239122825559, 0.993340903888355, 0.8799146693467302, 0.6095696902423456, 0.9360329782386817, 0.9867246261028196, 0.9886803143592758, 0.869709966754986, 0.9120170040289739, 0.6303535634450631, 0.9737123126998687, 0.6732578713648999, 0.9683364663665234, 0.6739774477041599, 0.9744251432206209, 0.7227110993540976, 0.9845452831146327, 0.9620098326187392], [0.9835709688474568, 0.7952204664045495, 0.9922010766918714, 0.9776259279264202, 0.8535501647420126, 0.9468919244516393, 0.9120037292143447, 0.8442814238110896, 0.6638859535143143, 0.9946813199627653, 0.990610933224581, 0.990685026642382, 0.9911636852542356, 0.6762969201913817, 0.9922609245584801, 1.0, 0.9906665092158224, 0.9883829295780346, 0.9793078985441721, 0.9420861563262843, 0.9907098982544589, 0.859877724976282, 0.9642770179780943, 0.6858664920862043, 0.9883728636402578, 0.9674390612139994, 0.9908872147479736, 0.9671829281121403, 0.9867699017578325, 0.9940279703317519, 0.9642507153967048, 0.9838345452518769, 0.9905324989114942, 0.8995720383181195, 0.9925828087445009, 0.9784806025714371, 0.9571008083031802, 0.962717623946066, 0.9911797171417217, 0.9249930899901223, 0.9627529557159326, 0.9880462881585567, 0.9876486656334876, 0.7552026373371087, 0.8688811339762129, 0.9766627538160275, 0.9912245981852077, 0.9342141151498371, 0.98920071151966, 0.8457553606479947, 0.9691899838596799, 0.9823617707920379, 0.8959073138401856, 0.8763831673520168, 0.9894889172942927, 0.9628499441550069, 0.9897194277318432, 0.6679821855653866, 0.9934128343685745, 0.9324045789872232, 0.9834479328753145, 0.9801939432689358, 0.997950505136821, 0.34433077470909906, 0.7934248184829163, 0.9826729520313143, 0.9580016893890997, 0.9896322011922568, 0.9955920141713014, 0.9665799023717799, 0.9824823498447, 0.993543499937009, 0.9545375953627347, 0.98723707409116, 0.9911031511590265, 0.9935727610960299, 0.991155642078931, 0.990396423406012, 0.9970667289517248, 0.9817715670767613, 0.9045855293785767, 0.6036340632259666, 0.9340250455115323, 0.9926808024929602, 0.9960523380954176, 0.890391895855337, 0.9067047201517899, 0.6223781832978565, 0.9790102819740757, 0.669455389224662, 0.9628408778059965, 0.6730222650379687, 0.9794616711212634, 0.7229678032346024, 0.9901035134126993, 0.9709279490647081], [0.979659356942974, 0.8216780672184967, 0.992550071337968, 0.9887396525064281, 0.8673146197550021, 0.9452559668816332, 0.9147365966384896, 0.8565042305302776, 0.7022247137966238, 0.9908351148408185, 0.9903362850761402, 0.9908098463539251, 0.9892280257347419, 0.7106916067967346, 0.9934926154143416, 0.9906665092158224, 1.0, 0.9910110642628164, 0.9852875020445656, 0.9530094334589944, 0.990638844600586, 0.8707921866329288, 0.9710701801971016, 0.7078605471505958, 0.9885717762397591, 0.9572915260387096, 0.9899092879423476, 0.9684884858836322, 0.9792771941299309, 0.987840786638049, 0.9757719211762448, 0.9809089540095283, 0.9908020102638901, 0.9154673130942487, 0.9935054672330857, 0.9794562993775089, 0.9701514267184702, 0.9715595595764758, 0.989080963310329, 0.9326215308638551, 0.9712813781238998, 0.9907517009557694, 0.9934942131914336, 0.7853263531458394, 0.8903199894097515, 0.9857354621958602, 0.9891068289313186, 0.9501262699853155, 0.9890020502305283, 0.8538733274277585, 0.9681960640693421, 0.9859545196972679, 0.9034901565060424, 0.8792575523520787, 0.9897825179779559, 0.9749539553474484, 0.9921684835432292, 0.7034035535599543, 0.9979800427404945, 0.9526192417062669, 0.9893375900950954, 0.9824902592750688, 0.988999919172759, 0.37431870473030043, 0.813120330194823, 0.9894413857431098, 0.9680236634787123, 0.99073201008681, 0.9892488626176725, 0.9711605503739209, 0.9936829066687006, 0.9929753882794309, 0.9496842110732021, 0.9881139525127646, 0.9897625433206052, 0.9927842929642304, 0.989707658650614, 0.9906238570015782, 0.9918794297991463, 0.9893906845551236, 0.9035651261241439, 0.6235924480703072, 0.9521034910354786, 0.9882826850934158, 0.9904001132306446, 0.8981108461247866, 0.9209893446316068, 0.6525132088152148, 0.9784671072094436, 0.7008686461134099, 0.9653633151351313, 0.6912122530700168, 0.9802959924328436, 0.7447205314278058, 0.9878499999656177, 0.9755662813308374], [0.982886616420506, 0.8520126751150531, 0.9811286486657126, 0.989521691317007, 0.8898260441545834, 0.9672636314368829, 0.9363985326723951, 0.8911555986038829, 0.735694856739913, 0.9911399279108248, 0.9793313960066389, 0.9818106207555101, 0.9769622363764219, 0.747226640379022, 0.9855807153078834, 0.9883829295780346, 0.9910110642628164, 1.0, 0.9775696621451636, 0.9666498378710241, 0.980301867568903, 0.9032283895621455, 0.9781209318351806, 0.7552441077682353, 0.9925498883385798, 0.9715632764838992, 0.9785504484046679, 0.9724134943250176, 0.9798761039608257, 0.9863438387055276, 0.9780220154387568, 0.9831331906865717, 0.9806369512433503, 0.9162536684974348, 0.9854024794930882, 0.9820009173788679, 0.9836561657641713, 0.9769666856810595, 0.9769041625940597, 0.9415688656553972, 0.9836736642122961, 0.9815475679113495, 0.9874084975608349, 0.8187882110598728, 0.9221896632335064, 0.9793577849309996, 0.9775708380101169, 0.9692494230301919, 0.9776644885235427, 0.8933438111644624, 0.9717980362172823, 0.9767760900381536, 0.9266408336235059, 0.9145773445488686, 0.9795274798270459, 0.9855619809602062, 0.9946578647654903, 0.7297166331979367, 0.9875918479422892, 0.9599357418542052, 0.9832618429212959, 0.9869368530637704, 0.9871492766474745, 0.4102261563945093, 0.8471963312961106, 0.9828878712538875, 0.9648782220589208, 0.9801826911126974, 0.989278442277813, 0.9814232662484095, 0.9921446425804041, 0.9817157844397603, 0.969287327073766, 0.9939718104502062, 0.9782115557506328, 0.9827338482527336, 0.9777445248580465, 0.9814091603823221, 0.9923244178442286, 0.9844271656987981, 0.9247745111072357, 0.670369281724432, 0.9689430307421535, 0.9889324865857606, 0.9883538128668398, 0.9234497745886672, 0.9342297922818646, 0.6863695117010711, 0.9823036493989364, 0.7469054966533413, 0.9721375768560361, 0.7337712937065085, 0.984203980781063, 0.7828311539435099, 0.9904596784805121, 0.9802841262767846], [0.9775675857516781, 0.8346755872739803, 0.9902308404760112, 0.9686289868977385, 0.837354294464341, 0.9234347407925404, 0.9202723933729502, 0.8117414650891445, 0.6956731348542695, 0.9872273541591181, 0.9921857986151101, 0.9895982409984895, 0.9873941581118345, 0.6898321421054882, 0.9860163000164571, 0.9793078985441721, 0.9852875020445656, 0.9775696621451636, 1.0, 0.9343699187563056, 0.991153879766097, 0.8621589147924666, 0.9377308177852389, 0.6634870971910876, 0.9613784570612389, 0.9358095519532718, 0.9898616956254853, 0.9499885222842638, 0.9744153073423155, 0.969874303119833, 0.9807362039661607, 0.9637230081355421, 0.9898901250392949, 0.9548614464731262, 0.9906997648263933, 0.9537266216230668, 0.9397967425982975, 0.9710761878390882, 0.9870268935675882, 0.9549582463531234, 0.9551407935617224, 0.9920407461426097, 0.9934404499104125, 0.7501082033259685, 0.8678522863524423, 0.9945321330147218, 0.9864682736257757, 0.928765970039583, 0.9928306357815654, 0.8179966334433684, 0.9814298901035277, 0.9952317672885794, 0.8856661248429109, 0.8398691852866571, 0.9937617812527512, 0.9521347346022115, 0.9873077728382295, 0.7283083140956346, 0.9837333740706313, 0.9647877906403696, 0.9947066865264674, 0.9498946304492454, 0.9806964876408735, 0.35925364320476083, 0.8114028170175723, 0.9909889952667931, 0.9867269704422562, 0.9942415969492872, 0.9869375614910979, 0.9528949740515453, 0.97781675628401, 0.9878675115740604, 0.9161622081003825, 0.9746230613098931, 0.9892047677977097, 0.9861847927342631, 0.988892211130736, 0.9911604429822134, 0.976838849961019, 0.9823918446907645, 0.8507987532858273, 0.5718294978147228, 0.9236999989842557, 0.9690336340830112, 0.9727515350933915, 0.8579476548920532, 0.9412172665049228, 0.6843086765574112, 0.9549198704365742, 0.6657710064122894, 0.9569577797123872, 0.6307454329484071, 0.9854522846315228, 0.6826531969945943, 0.9729594977811349, 0.9490173054059203], [0.9621505962017348, 0.8946137024052462, 0.9358203527789524, 0.9704025316279927, 0.9296941461006905, 0.953934228519726, 0.9377204180332326, 0.9202568419631462, 0.8041875787906475, 0.9472886373908233, 0.9329913420989446, 0.9414247196560831, 0.9293670982126341, 0.7958938679897339, 0.9490283482954059, 0.9420861563262843, 0.9530094334589944, 0.9666498378710241, 0.9343699187563056, 1.0, 0.9353571442527829, 0.9447268325301046, 0.9699477676097799, 0.8193326313547482, 0.9533598306899642, 0.9458117324464121, 0.9311722521333927, 0.9801955474096851, 0.956245523962227, 0.939782946445092, 0.9663172103098007, 0.9622370797299743, 0.9386800492650749, 0.8795702572460831, 0.9426488263579268, 0.9624618285405943, 0.966206350949927, 0.9648065963707138, 0.9294816936343232, 0.9256093874259366, 0.9820462902127058, 0.9422667534759073, 0.9511655687356191, 0.9027571615350425, 0.9472741965870269, 0.9419593334613646, 0.9311272174887179, 0.9783428401813573, 0.9296021564712297, 0.9308285655712905, 0.9468741855771049, 0.9340768833351462, 0.9324874517579222, 0.9569262281586786, 0.9329762190669288, 0.9532153125686554, 0.9550002898501788, 0.7842086448882403, 0.945908941305247, 0.9626949769889023, 0.9401502880204786, 0.945354946795023, 0.9420617854813719, 0.506391928871463, 0.8517678665932683, 0.9560363974539632, 0.9272416257650241, 0.9339365861992635, 0.9485710115659176, 0.9755894429849907, 0.9659585240612165, 0.9364038666994184, 0.9637889447354414, 0.954913279651183, 0.9307918201941507, 0.9384420447209519, 0.9306757763012986, 0.9390643989288285, 0.9448871817191998, 0.9678762567096787, 0.9108539693209455, 0.7578769231240915, 0.9735894347441455, 0.9496042362713002, 0.9420396976293197, 0.9184198771520794, 0.9374602565822165, 0.6993614369534209, 0.9626589698847112, 0.818234276587466, 0.9839065878586223, 0.8128975278117466, 0.9398846843532739, 0.8585737099837453, 0.9530285891486426, 0.956600697365426], [0.9767587855158283, 0.7999716432326127, 0.9958663173870551, 0.9759700187257525, 0.8253873719957393, 0.9190977154835036, 0.8925023711808105, 0.8050832738442935, 0.6613202912451894, 0.988757137345234, 0.9995778515844378, 0.9990754778015163, 0.9992275907242926, 0.6540184194514422, 0.9959176313081104, 0.9907098982544589, 0.990638844600586, 0.980301867568903, 0.991153879766097, 0.9353571442527829, 1.0, 0.8419465856919558, 0.9463104306186031, 0.6535885263438191, 0.9704263039373628, 0.9383942092734594, 0.9996997508281255, 0.9566867513266524, 0.9813593477416567, 0.9776754162169219, 0.9749139799555594, 0.9744593082036768, 0.9996032836728095, 0.9165860703364348, 0.9964691637925286, 0.9616346863019443, 0.9405443399871625, 0.9715248251950991, 0.9991725752778544, 0.9257544672149347, 0.9522449867690294, 0.9983075665884744, 0.9932162901884976, 0.7412306506794801, 0.8559830681492638, 0.9850999353702244, 0.9991605537902588, 0.9203786431145698, 0.997971825442535, 0.8122191016049293, 0.9684663006100346, 0.9924687827013982, 0.8638000007687328, 0.8466429326580036, 0.9987445051614082, 0.9473901325862294, 0.9842150526393173, 0.6707662545844757, 0.9939942903274724, 0.946645059859964, 0.9895317450212116, 0.9585024404242679, 0.9920641740531387, 0.3343536670489541, 0.7719480582016258, 0.9938053579184547, 0.965974091100842, 0.9993190446527671, 0.9914599680231353, 0.9516515124585231, 0.9828579106556616, 0.9971605972659076, 0.9230480462469347, 0.9751444491848515, 0.9996407924914534, 0.9968310761674253, 0.9994463022782243, 0.9988250923800251, 0.9881846172553621, 0.9863190498287309, 0.8598234512437978, 0.5743913210649431, 0.9185441531210234, 0.9767893743684782, 0.9825480801171199, 0.8502039581751883, 0.9094189122694764, 0.6247242021701053, 0.9630496353445837, 0.6443931940988346, 0.9598372881175502, 0.6382792059848457, 0.9735757349930856, 0.6889144477635972, 0.974855190663996, 0.9538453200590881], [0.8922662089926845, 0.9453328684096145, 0.8456273645907948, 0.8856281625835964, 0.9708029799442083, 0.9275535605549368, 0.9305018112797732, 0.9299146144423367, 0.8969786265897883,