[[1.0, 0.3024484018976713, 0.11913423285008932, 0.3555582056635316, 0.29773570843058, 0.03011792808178828, 0.34351099141084085, 0.15967907688227465, 0.5311970013716995, 0.11431684322613665, 0.13287308581644883, 0.14963779423728313, 0.45056348504578014, 0.2174620562668008, 0.4384815387354015, 0.47969723662411545, 0.364539630221906, 0.08137233504767485, 0.4924901244552455, 0.1857815357104821, 0.0985445266642024, 0.3708323991520547, 0.163357431235495, 0.04998399138313116, 0.33425932776032596, 0.4047171453367368, 0.04750227450220199, 0.3993578756033014, 0.2924736609315034, 0.4329104327756535, 0.4537939192656481, 0.15652514000699722, 0.2063725824695761, 0.5661079379610157, 0.3119123163656046, 0.5150387818244054, 0.4084580850116897, 0.32913229649150977, 0.28151221800822446, 0.37190932626752393, 0.1815494601203611, 0.09062064372935612, 0.3542516725329198, 0.4711449101111258, 0.5572142332007515, 0.5799986743442356, 0.06864112632452941, 0.24435520999214289, 0.2889663258446924, 0.07645996373337227, 0.2096855503218, 0.5085840953999983, 0.17474748308747923, 0.1818248271189698, 0.3599325442917256, 0.08988925499333685, 0.36942405491774927, 0.4567621720646386, 0.3054832188685136, 0.4984794597433464, 0.32936128299494843, 0.06651221421969303, 0.3633668875545456, 0.03269058730405286, 0.07737342431728489, 0.09398437124505539, 0.07729992718775236, 0.5385331209924001, 0.08639276237281732, 0.08484735354743446, 0.116938548221779, 0.30993522232662846, 0.31522161767942336, 0.10422407129519769, 0.14365628948636144, 0.024684223469659938, 0.21464382907961108, 0.16568870176613096, 0.31808398783450254, 0.46169929671056004, 0.07176008512264696, 0.1875621608189725, 0.07663575326164009, 0.08108421101367727, 0.46951970170215473, 0.36175050317087304, 0.09759546303286766, 0.2293974125583179, 0.37582048372011223, 0.17701889591377049, 0.3675110133286793, 0.5255787722603127, 0.4035282031191477, 0.40005686555810976, 0.09278112177102932, 0.1279472753909194, 0.37413403089074315, 0.1158680370886998, 0.2898647736607774, 0.4057587202956396, 0.3040420410670756, 0.19497010954043156, 0.057653484455361746, 0.12145158131732207], [0.3024484018976713, 1.0, 0.11169408607554789, 0.2560901969894229, 0.2391762322830425, 0.0299284679429867, 0.26236504218943796, 0.15195331979537532, 0.3196486949967635, 0.10787298278482632, 0.11834921826651246, 0.13146467546688206, 0.37821078432403316, 0.18829435203113967, 0.30692094811744824, 0.2807804841179339, 0.2788716428725875, 0.07848754979799479, 0.3142810510706467, 0.22462717960307824, 0.0977806533452905, 0.399464498310681, 0.1402292227005371, 0.04892318468742333, 0.2334209055558643, 0.2833194312391051, 0.045966562095813075, 0.30437607602562705, 0.21111666725324857, 0.28510422076461023, 0.3181995572135074, 0.1409903167226579, 0.22011072711847535, 0.32564096266566733, 0.26848239323985373, 0.3029564337648966, 0.2745288393915292, 0.2500388873714188, 0.22668250435374904, 0.3047288458618928, 0.15681374803230033, 0.08617481964311532, 0.2596652929022942, 0.3537968046441028, 0.3328205017999141, 0.3141815301913726, 0.06571727831112273, 0.2438174344745311, 0.2502950376356528, 0.08114000678781512, 0.19517833435496115, 0.29696844851707893, 0.16263636622350627, 0.16492116821612435, 0.2511864792201533, 0.09102514921978243, 0.28857699134663345, 0.295857909008062, 0.27204627090714273, 0.2992874981225781, 0.2590173996063611, 0.06668934697953502, 0.24986389245760912, 0.03195469960470893, 0.07440026749042883, 0.08913072200284367, 0.0738050315006202, 0.3010470534370389, 0.08251417498006294, 0.07975556541216375, 0.11212475329622415, 0.23484367294867317, 0.2662717922211143, 0.10089512791882557, 0.12621172425830463, 0.024490411419708907, 0.19356163967990297, 0.15180944714549488, 0.30935413148470636, 0.3030325680826216, 0.06832582404830385, 0.20264247213780126, 0.07179985818803797, 0.07702964776444837, 0.29812148367771024, 0.3932863299220908, 0.097247263389396, 0.20763977482209262, 0.3103704285200215, 0.15666148187737244, 0.29482379337508247, 0.29131614133470757, 0.35984655491184225, 0.3491377506561708, 0.09018621778422493, 0.1223113553118018, 0.28696031394294286, 0.11132567060333802, 0.24894185497096435, 0.3663381825498029, 0.29779108310447294, 0.16685643457709817, 0.056073479957495634, 0.11370665448348768], [0.11913423285008932, 0.11169408607554789, 0.9999993256508786, 0.12457379793820725, 0.1277183043953297, 0.0362660405634679, 0.11946608744887664, 0.16859348083729445, 0.1190539707604051, 0.28790596682994096, 0.1772708774863986, 0.1986101563582405, 0.11701203995848306, 0.18515552104522465, 0.1277721001697248, 0.12323175750864461, 0.13487875841936103, 0.1446183159071879, 0.12253974816863533, 0.12719388917494875, 0.14165698235563914, 0.12318222589526816, 0.2228813957804188, 0.07700130200029798, 0.1505499154730779, 0.1340702657485419, 0.06993025867598017, 0.11397690385788604, 0.1391069271744231, 0.13524874304470247, 0.12849139451578837, 0.2103085409704025, 0.11839913288258239, 0.12081312307776498, 0.14665898716912548, 0.11423039048787563, 0.13294465545436346, 0.1396960560103387, 0.15579724621733998, 0.1290788980186898, 0.20255834198589137, 0.22276535777443282, 0.14586973099680497, 0.11642165794041345, 0.11677160923380536, 0.11341827672592829, 0.1248158263035661, 0.13192189948416758, 0.12026474759372621, 0.09413208428322664, 0.19380641416963457, 0.12500541719086172, 0.1768237389467652, 0.22987397100277768, 0.12902531093067715, 0.16163794030806403, 0.11407014096872137, 0.11383901164144239, 0.12380301684247502, 0.12496086341005101, 0.13295361565312194, 0.07555133645918492, 0.13469600871037987, 0.04125001971692084, 0.1287397563230998, 0.20560100873316717, 0.16560104488238836, 0.1224518538374696, 0.13351699776361803, 0.1594464928919572, 0.23240374243364226, 0.14258831154270155, 0.106374535240847, 0.21876647027257062, 0.17907790357148917, 0.028959694998294414, 0.15048022840969932, 0.1491024395998696, 0.13244260836610278, 0.12427629195476127, 0.1438571326556399, 0.16665764756075377, 0.13530583626550266, 0.14701490450748636, 0.13007769222886179, 0.12058737572445194, 0.10668094973597093, 0.13407950594931106, 0.12437298694410845, 0.2075789117415227, 0.13357701105028014, 0.1299378378911652, 0.12477431671884635, 0.12194664656193104, 0.11769214359797944, 0.3607031304294848, 0.12327243840749859, 0.2270180730520486, 0.1317766761278223, 0.1182345831565333, 0.12299722457438897, 0.14839235396142922, 0.09685223120712877, 0.13154321497086294], [0.3555582056635316, 0.2560901969894229, 0.12457379793820725, 1.0, 0.5009340834829238, 0.029804079957484048, 0.5441439555786034, 0.1460925898934016, 0.32073991935236684, 0.11528436824766373, 0.12711791522123841, 0.1635065556809248, 0.33521013884737855, 0.19799145130099285, 0.2821737306071378, 0.504556493339862, 0.29694809172397124, 0.07940006010734156, 0.3154181146844948, 0.16912489149863988, 0.09292838163856763, 0.3216056784770309, 0.16448720012607457, 0.051092644357339054, 0.3265587572130586, 0.31404457768985417, 0.04824964632205248, 0.4526944292134346, 0.23221212181914624, 0.41025113644811356, 0.3499993760257648, 0.18369880183027684, 0.16555212770813144, 0.3863001720206893, 0.26166458174345764, 0.4094094622694114, 0.3110792310846766, 0.2612535697682603, 0.23713769775382604, 0.332436075624248, 0.18818797334728718, 0.09707535011704979, 0.35499149384074985, 0.38013468550853347, 0.34166181247558625, 0.3555289805129373, 0.07043257466567326, 0.1975690306690387, 0.204408565373468, 0.07293204660858651, 0.22198221054289677, 0.4531136540576854, 0.1749685572296735, 0.18963859255816995, 0.24754807064358936, 0.08857737235038249, 0.4770263886538198, 0.465755037128763, 0.23037732413552298, 0.3059172186888876, 0.23845527941261307, 0.06257820895035365, 0.4860539327457144, 0.0327316184765238, 0.07871646310790344, 0.09759471383379312, 0.08092624727695213, 0.31360125959652924, 0.08199042180828299, 0.08529305715272655, 0.11521175091451877, 0.24524368972827754, 0.3902160804712282, 0.10261472983464959, 0.138599196075694, 0.024563651727250512, 0.17934171966342688, 0.14827892969418377, 0.2631295466302977, 0.32386121027715553, 0.07471766806936196, 0.19821494037802567, 0.078525270575489, 0.08011455471087302, 0.3415924621263265, 0.2950552620155653, 0.0893801703484415, 0.17810314578338074, 0.2602422834181945, 0.1689517693821881, 0.2673555873583311, 0.35398491716829095, 0.29703588883621374, 0.4023226429790816, 0.08718668430051876, 0.13728890040166444, 0.5319009532880482, 0.11527269685510566, 0.22980722845885043, 0.3424382217051114, 0.22022216239139394, 0.17236715986505766, 0.05885671406966291, 0.10945035615482698], [0.29773570843058, 0.2391762322830425, 0.1277183043953297, 0.5009340834829238, 0.9999988319936362, 0.029711706752678275, 0.4840544064572856, 0.14016871414163706, 0.2794118566739744, 0.11483903501401581, 0.12344100599714493, 0.1588245900635193, 0.295331201175338, 0.19334197595077207, 0.25020829782863024, 0.3856529873835023, 0.25690594491312146, 0.079468007026278, 0.2715948859751152, 0.16248449335413523, 0.09172122121273425, 0.2824888188047982, 0.16038251683491792, 0.05134688570778788, 0.2907684514852278, 0.276179597147566, 0.04833539143435922, 0.37814385201556266, 0.20651908204078118, 0.34704089117939835, 0.29808070728284514, 0.19598537426638174, 0.1561990469776932, 0.3285763609277498, 0.25374460763562534, 0.3355288393956384, 0.2693543229697906, 0.23312319861064193, 0.22190739881917873, 0.2895678160593869, 0.1810215351675652, 0.10005492538030032, 0.3287043125497251, 0.322153941632675, 0.2911388147530987, 0.30242519940593576, 0.07051851922274346, 0.1849025044791614, 0.18979460426979186, 0.07262801313866676, 0.22019155172076213, 0.3523003492712342, 0.16509213814315624, 0.18743147281576994, 0.22228003105104113, 0.08928576713469737, 0.3973850505983055, 0.3674989121963994, 0.20870573762696495, 0.26420844823998735, 0.21728629953673864, 0.06138016419225914, 0.41925297016096874, 0.032690868929149734, 0.07752030482936251, 0.09753811221605974, 0.08254736754999954, 0.271289599461749, 0.08150169592843527, 0.08459611842855706, 0.11393773977011536, 0.22192459943994314, 0.35187336450751505, 0.10239303878074582, 0.13293341537547715, 0.024511394659126592, 0.1688578274023126, 0.14137851543522592, 0.2398202097105561, 0.27494523985947605, 0.07579302442574137, 0.20113584468524426, 0.07801250727967524, 0.07974618482657496, 0.29031763258942156, 0.2728258340390256, 0.08692220074823911, 0.16912481746817884, 0.23655103719578788, 0.16659293151016077, 0.2435108516366302, 0.3107874656020494, 0.26673088095421515, 0.34842695917229394, 0.08493536843770202, 0.14203618654780742, 0.4192822957622784, 0.11369903604334508, 0.21126419896908027, 0.30192569397034613, 0.20406239321385308, 0.16074498716729185, 0.059253727356404835, 0.10568258852466615], [0.03011792808178828, 0.0299284679429867, 0.0362660405634679, 0.029804079957484048, 0.02971170675267828, 0.9999998314126344, 0.029400113306044192, 0.03548484896676893, 0.030289641126361063, 0.038247434800247, 0.03681200763953801, 0.03390332646843667, 0.02996970208739138, 0.0334650237490364, 0.03102639427826818, 0.029992837447934663, 0.0314301970379317, 0.04423269723301364, 0.030597474393664635, 0.03265384672834023, 0.040673152114613434, 0.03050586360871652, 0.03479423907632421, 0.05257549913019817, 0.031500373226503, 0.031090058078144734, 0.05446714527099117, 0.02931946521166891, 0.03218333716221761, 0.03071954461350678, 0.030761911584111006, 0.032054101484095016, 0.0324821713343966, 0.030012723659626185, 0.03158379511823593, 0.029562287499302113, 0.03114957815584154, 0.03184346187908901, 0.03247244497400368, 0.030842816549303684, 0.03399292515130473, 0.03607393816029812, 0.03102358406874018, 0.029795727040541967, 0.030035990060831866, 0.029640974386191152, 0.04437357081985955, 0.032336489024045637, 0.031421418120980295, 0.041363344914753894, 0.03277413235962826, 0.030243566815321234, 0.03403328218466957, 0.033956789249868, 0.03150213921157302, 0.04087508838089014, 0.02922519943160289, 0.02942337950168599, 0.03146841266946689, 0.030781339936824047, 0.0317746845882139, 0.04607092391085223, 0.03054276952146473, 0.0839534755199091, 0.04349074940463786, 0.03935849664780966, 0.03849475323314563, 0.030540595492857224, 0.04293496036086212, 0.04257374229529496, 0.0381679319441228, 0.032073315746236924, 0.028660664965536174, 0.03960642957962193, 0.0360809833033664, 0.10856635736732634, 0.03360949572327411, 0.03490345401280264, 0.03149455687953923, 0.030662163721751262, 0.04029387333474258, 0.03250365489466511, 0.04230034031428902, 0.044475918810659994, 0.030887906234786364, 0.030346304157652066, 0.0394009469018598, 0.032766415039259526, 0.030935067590604305, 0.03440511456499692, 0.03140345434538229, 0.030651522142552786, 0.030708726305755704, 0.030046998318493556, 0.0418046953518871, 0.03476310308650976, 0.029823199948242646, 0.03824992643621871, 0.031739022021121235, 0.029981172762848392, 0.03134217424096318, 0.03392390514027576, 0.047969045092568136, 0.03763506098298055], [0.34351099141084085, 0.26236504218943796, 0.11946608744887664, 0.5441439555786034, 0.4840544064572856, 0.029400113306044192, 0.9999988319936362, 0.1382808943125778, 0.30281070999800386, 0.10983186455993965, 0.11861916218353834, 0.1531010959065578, 0.34239840555483736, 0.18718553936404037, 0.27015095433579944, 0.4506610363794348, 0.2656717968241842, 0.07686857552039608, 0.29786095503078713, 0.1628868915362767, 0.0899989231080791, 0.30432000667626385, 0.15169982008438254, 0.05002062970391199, 0.28542015984686464, 0.2873879705722797, 0.04721076354726792, 0.4998439277475102, 0.21329767657679527, 0.3719431787565239, 0.3175800265355107, 0.17825144472681642, 0.1588857940536477, 0.3871298622504173, 0.25231900839284505, 0.41360790879699894, 0.2782616706716068, 0.23760420559943457, 0.21743424474541845, 0.29874569431302983, 0.1700151649469665, 0.09487569416473111, 0.3259300453795256, 0.38643770891954055, 0.3345286695994558, 0.36797968119767455, 0.06832956336362121, 0.18774226427912974, 0.19747766645668902, 0.07177243921201525, 0.20981405946142676, 0.3991090560082286, 0.16329936345550633, 0.17560084109748827, 0.2293249769255601, 0.08628853531422566, 0.5594132273198217, 0.4688027373434027, 0.216298366126124, 0.28715541969832087, 0.222386355187675, 0.060996625099199155, 0.3739747976758755, 0.03220828809679559, 0.07551779897583225, 0.0932500848408712, 0.07922949393925578, 0.2950735663708694, 0.07940301699401343, 0.08176165103865327, 0.11071221224980816, 0.22423765370166315, 0.47256668401965646, 0.09893341718199249, 0.1287715819974504, 0.0242717970980573, 0.16860996213839613, 0.13765968258841232, 0.2429025637158438, 0.2962298336689918, 0.07291411403787972, 0.18706686615400836, 0.07533553814450755, 0.07707292952798661, 0.30759042472999143, 0.29616860885802093, 0.0862981814010348, 0.17066184679623708, 0.2530605507636511, 0.15915802491095615, 0.25270466846695, 0.33596340690592164, 0.287640723787406, 0.39865719379742887, 0.08389438119063146, 0.13312178688820847, 0.5150479602446372, 0.10982317615002696, 0.21634296017251134, 0.3450853988388122, 0.21401355802517108, 0.1584155359231075, 0.057540481395667024, 0.10408259010454904], [0.15967907688227465, 0.15195331979537532, 0.16859348083729445, 0.1460925898934016, 0.14016871414163706, 0.03548484896676893, 0.1382808943125778, 1.0, 0.1655656227917483, 0.2061892546910577, 0.2370634022955237, 0.18151207950399242, 0.15740808381573093, 0.27955525948579063, 0.18960869626577273, 0.15397705244144394, 0.2076777803331728, 0.12651537824378342, 0.17706375903891833, 0.20811124090568392, 0.18956121914722238, 0.16807577470611043, 0.24013366071316383, 0.0625207913704055, 0.19366488223185216, 0.19068074013804714, 0.05822778934728015, 0.1399220912063427, 0.22334618793417968, 0.1749916424966153, 0.18092606515631404, 0.14369435785345108, 0.21229974778344587, 0.15787928559585188, 0.20131465290130335, 0.1457515366783951, 0.19289006752737126, 0.22220491150233823, 0.24555410214932377, 0.18137454169158843, 0.2416594753744275, 0.10889017914667358, 0.1794488468491752, 0.15304719925681778, 0.15856893047263496, 0.14804121828121417, 0.09214368027737582, 0.23976000514476822, 0.19435557740715392, 0.11322070298221724, 0.2162962389580675, 0.16284634242942103, 0.2450513096490505, 0.24481453463084535, 0.20105116306020057, 0.14588432381411437, 0.13716393158214493, 0.1420835418362743, 0.20160188275936952, 0.18128840656435327, 0.21385931302829492, 0.0946761014601714, 0.16325552246027547, 0.038142245060412715, 0.11349462771480448, 0.13545631589229318, 0.09557936062311824, 0.17288233988317495, 0.1364637942746314, 0.12705488926759487, 0.23126304795800706, 0.22993606768544284, 0.12582579568178065, 0.17921178836992108, 0.2505521081990496, 0.028104759176339165, 0.32934688844441523, 0.2656043868355917, 0.19877950774903363, 0.17712381144565342, 0.08978580868406312, 0.18502626534221972, 0.10378849003823493, 0.12449835012671982, 0.1831729350208148, 0.1678855616432952, 0.16655419010020148, 0.244037936128647, 0.1867244472716968, 0.2727303793223994, 0.20306432517629244, 0.17471932233249157, 0.1817047850395447, 0.15645517028452213, 0.16289362214067687, 0.16465175389093806, 0.14969171019232624, 0.20921705911951025, 0.21597549888229092, 0.15798838793033435, 0.19995931972645822, 0.28297687900908386, 0.0734346306228764, 0.2260205118792888], [0.5311970013716995, 0.3196486949967635, 0.1190539707604051, 0.32073991935236684, 0.2794118566739744, 0.030289641126361063, 0.30281070999800386, 0.1655656227917483, 1.0, 0.11532648541892881, 0.13643024030703055, 0.14687881108435633, 0.4416358944630006, 0.21729692158474134, 0.45256950042696886, 0.40984053742241183, 0.38150195987333974, 0.08284134150891925, 0.4947264596434502, 0.19193616635892027, 0.10114235780561723, 0.3748706062073135, 0.1638897760536974, 0.05003796922804485, 0.3205976134123318, 0.4380958552272598, 0.047500940467320445, 0.37040055608114414, 0.28556517831517503, 0.4009143873395914, 0.442288655615039, 0.15139058982717266, 0.2264725550098964, 0.499532573959756, 0.317610373404698, 0.44223326054603157, 0.4607576589421934, 0.3612504675963348, 0.2964592758282268, 0.38615164827934195, 0.18452840325370554, 0.08968871992208914, 0.341923436768402, 0.43679955308560137, 0.5468290965646999, 0.46889616309781196, 0.06863746753248659, 0.2698516635961584, 0.3314060233758771, 0.07822171341415018, 0.20660154937149192, 0.47298335016599224, 0.17371037712545762, 0.181689840445024, 0.3878241075178366, 0.09121722728730916, 0.33902148852725306, 0.40025577401458295, 0.35264792939637846, 0.5240267450917484, 0.3632938938001918, 0.06822571294746765, 0.3497286553612728, 0.03276868444690991, 0.07779597243568637, 0.09386929602783554, 0.07659300325824747, 0.5974080533332101, 0.08799487040794537, 0.08503225487581931, 0.11812051549155277, 0.33139043085306785, 0.28850960771143525, 0.10451951575289543, 0.14496986110247484, 0.024783950111355087, 0.22695978504153233, 0.1716864194153182, 0.33408694404439837, 0.5539609188772574, 0.07124981989372786, 0.1886427138042493, 0.0766210301041004, 0.08206172184674838, 0.4870405265348809, 0.38386184625044767, 0.10160560593287057, 0.24530990791701004, 0.4284445611753957, 0.18010550201878162, 0.4006496997572024, 0.48554192081794584, 0.4441585971492799, 0.3696165627723088, 0.09458243448924578, 0.12700514671587967, 0.35126121977500824, 0.11622214583031164, 0.33534615571351933, 0.4276592160208051, 0.33438441832750154, 0.20475064831252837, 0.05763575003619649, 0.1254059516900477], [0.11431684322613665, 0.10787298278482632, 0.28790596682994096, 0.11528436824766373, 0.11483903501401581, 0.038247434800247, 0.10983186455993965, 0.2061892546910577, 0.11532648541892881, 1.0, 0.22520702055498037, 0.1966913423098244, 0.1124515880745041, 0.18226844232046074, 0.1253936625434647, 0.11564097480112714, 0.13393055144147678, 0.17250156759385615, 0.11968143270502263, 0.13248150085783297, 0.18550923842920353, 0.11852011071676528, 0.2331222355377042, 0.08010047849518967, 0.14177895132319734, 0.13020101934193282, 0.07268368395540076, 0.10687662793568496, 0.14190797339176425, 0.12760093259526933, 0.124095964606205, 0.15501173047566022, 0.12491848425086227, 0.11449883941167897, 0.1384017334999236, 0.10821341192111471, 0.13000314291176923, 0.14021258984704288, 0.15435122983224742, 0.12556094946453147, 0.20584663371280676, 0.16204368660440274, 0.13421172752565172, 0.1109598975724091, 0.11258217063668954, 0.10814211676504602, 0.13480995419000744, 0.13721586993047932, 0.12167221726015456, 0.10639148722900892, 0.1749240345611314, 0.11885214183605017, 0.1903982010324404, 0.21404264093042352, 0.12892865569259515, 0.1854694395017055, 0.10630717986959531, 0.10740049510767397, 0.12587991263805953, 0.12221626054749127, 0.13373239662997952, 0.0888370525029979, 0.12544754592511512, 0.042921444741531284, 0.16172821570025764, 0.23349413735386748, 0.14198435956262218, 0.11856566977398421, 0.15895489123569037, 0.1995603094370592, 0.3572602615034814, 0.1435394600837941, 0.0993027259836215, 0.27793020540481056, 0.22665266318677899, 0.0300936747400943, 0.16276150049271193, 0.16797444262705685, 0.13108524734992552, 0.12138411446073054, 0.13245413382305787, 0.1511880346783522, 0.15289653092346028, 0.18375870908071607, 0.12632155632341246, 0.11621326280930522, 0.1306803484311312, 0.1382824119127852, 0.12227926082484919, 0.21080962584930116, 0.1314875723887202, 0.12358775845569842, 0.12144963614319684, 0.11512337577806299, 0.154879302530624, 0.2224931451726863, 0.11502226410468717, 0.31900043386087135, 0.13367952945179554, 0.1135038015486006, 0.1238624747038798, 0.16496193058206723, 0.09905756480735015, 0.16186953980436583], [0.13287308581644883, 0.11834921826651246, 0.1772708774863986, 0.12711791522123841, 0.12344100599714493, 0.03681200763953801, 0.11861916218353834, 0.2370634022955237, 0.13643024030703055, 0.22520702055498037, 1.0, 0.18514701553594776, 0.12516622406806843, 0.19779758881527118, 0.14584616426792243, 0.13150059844756667, 0.15787462627268162, 0.14772412673798327, 0.13950089472306074, 0.14145302383556324, 0.16659385731983273, 0.13440606577523775, 0.28588826517136107, 0.0677044072225614, 0.16418526055547894, 0.15166876722694278, 0.06476374735676114, 0.11865505661707748, 0.17920489906319087, 0.14311564646969843, 0.1423507214541866, 0.13693741967238865, 0.1544392132066639, 0.12945886752822192, 0.15143938112638045, 0.12347348618406222, 0.15592712549483803, 0.17151806024114744, 0.18646247682534653, 0.14257737996363365, 0.2455039692962472, 0.11601487829549821, 0.14779654267049117, 0.12418924690264244, 0.12978120067393994, 0.12351307885609596, 0.1062329108778715, 0.16039430516532407, 0.14838268797247972, 0.09603061452002876, 0.16800374901456455, 0.1362881105367781, 0.2013504199021861, 0.20692455559425943, 0.16123315350262296, 0.13182228184496658, 0.11703407002483635, 0.12142519073700461, 0.15267721457214437, 0.14429673008701582, 0.16441107629835802, 0.09499366538126904, 0.14311421113398767, 0.04100226057352955, 0.1328119095669655, 0.16553241061096619, 0.10377666536202737, 0.14111597553500405, 0.15942349901065545, 0.16459191393655806, 0.20814069557512002, 0.1784867436510455, 0.10849412046848882, 0.1876901456718108, 0.366720536120478, 0.029154589737667908, 0.20621378088683023, 0.2649252259082548, 0.15385190107637617, 0.14383851383798968, 0.10078889010550968, 0.14861409099901488, 0.13200638268061587, 0.15788653656633833, 0.14840492791564722, 0.12787381470331505, 0.1536731829945632, 0.17126787211753783, 0.14169455207707202, 0.2282457279529592, 0.15278998727889204, 0.14288489053544834, 0.13721621550955673, 0.12681204260273457, 0.16801235560711994, 0.15282684941227193, 0.12603117529299446, 0.22166502731536078, 0.1615251925660615, 0.1258936379768385, 0.14262745739300858, 0.24562631132927035, 0.08140941115421478, 0.24227103508300676], [0.14963779423728313, 0.13146467546688206, 0.1986101563582405, 0.1635065556809248, 0.1588245900635193, 0.03390332646843667, 0.1531010959065578, 0.18151207950399242, 0.14687881108435633, 0.1966913423098244, 0.18514701553594776, 1.0, 0.1426499802280292, 0.20425109902503524, 0.1570123255766482, 0.15976442069936558, 0.17481656613070617, 0.1064226747583716, 0.1526390326263329, 0.13989493908783499, 0.11767684893632803, 0.15392039061188686, 0.2931097396296588, 0.06660190333105014, 0.20382095986131812, 0.17128782932916792, 0.06242385878659979, 0.1439174925684305, 0.186111786899633, 0.1739714258262031, 0.16189047905186832, 0.20991132902840245, 0.13026100627774434, 0.15008113155370295, 0.16392029850679235, 0.14328745634854764, 0.16969345804752953, 0.18125040154536787, 0.18627923612362185, 0.1605996050355713, 0.28740710713161305, 0.14503043435836133, 0.1798692238068865, 0.1442409994464687, 0.14443220384639446, 0.14034645659537553, 0.10580972172591219, 0.1498054053952832, 0.1376567020864562, 0.08097573692030992, 0.22665732012600293, 0.16302251363970754, 0.2803909579844662, 0.2674376272166883, 0.15689948153850272, 0.11195302275615743, 0.14440323751195058, 0.1443420363119407, 0.14867395405259404, 0.15682792568636048, 0.15904296480694055, 0.0715667714897747, 0.17593151510574281, 0.03858976416038421, 0.12234559715010032, 0.17197718027065606, 0.11860425047172923, 0.1523158858961941, 0.10531839895313824, 0.13464765991842917, 0.1818016177357891, 0.18060019705086805, 0.13282448855395534, 0.15624230008090362, 0.2187520846234131, 0.027496904077924357, 0.17142722747483918, 0.16626141228677824, 0.16256716446175457, 0.15980635811087782, 0.10929040635279684, 0.16983281758865476, 0.1230022712480327, 0.1152293875835506, 0.16655060205162245, 0.14252948497561152, 0.10216828230931328, 0.14358243019927402, 0.14796542249521638, 0.22100014412439153, 0.1618289174351409, 0.1630309954826676, 0.15122813763085324, 0.1524873485442413, 0.11206888693822835, 0.21027558593402262, 0.160798389705161, 0.18972659207393727, 0.1603684783567952, 0.14539422615396783, 0.14133037639107562, 0.17999576489073102, 0.08005284564004854, 0.12876478409809033], [0.45056348504578014, 0.37821078432403316, 0.11701203995848306, 0.33521013884737855, 0.295331201175338, 0.02996970208739138, 0.34239840555483736, 0.15740808381573093, 0.4416358944630006, 0.1124515880745041, 0.12516622406806843, 0.1426499802280292, 0.9999990463265931, 0.20908497401073503, 0.4115700713000504, 0.39452686319995184, 0.34087291476276266, 0.08004719767086643, 0.44621153947079756, 0.1991454350592585, 0.09856482219516764, 0.3738462473065818, 0.15209741738785457, 0.04963424823209151, 0.28540798770336734, 0.3606144953951483, 0.04677208925332675, 0.4077273429963908, 0.25028674483543273, 0.4025915339314776, 0.4239899679462468, 0.15301124015170073, 0.20827443271472315, 0.499700893391868, 0.32716526037874405, 0.4409075331914564, 0.35251216212815834, 0.29872638740321633, 0.2625992629049732, 0.40534424078943865, 0.17227475539702863, 0.08936332722570442, 0.32726049445702166, 0.5372451863624127, 0.5329042157349033, 0.4711779052202931, 0.06730642757309038, 0.2600556966813937, 0.27716336674274134, 0.07855349658071013, 0.20948887496105145, 0.4191770517388681, 0.16694692428622895, 0.1764143268806657, 0.30779713934605074, 0.09121715008322513, 0.3793249070327694, 0.418951919327647, 0.31642323963761243, 0.4211560765313366, 0.30838851140960893, 0.06623474691375549, 0.32243977179105177, 0.032291279957415556, 0.0760338139743915, 0.09150231303024377, 0.07607517749471007, 0.4102441464899084, 0.08415259810601307, 0.08217871797147025, 0.11646555061691892, 0.2762722419054558, 0.33031628140333785, 0.10178281860365965, 0.1353998117906938, 0.0245546550115485, 0.2070703378926855, 0.1543276024106097, 0.30931046553825164, 0.39595926916805285, 0.07036555821401407, 0.19160920789758037, 0.07424765853170326, 0.07909518636383593, 0.40845590577144403, 0.49854912432103976, 0.09695883241114733, 0.21958614611758157, 0.38960616094881895, 0.16852815763120066, 0.3711351088245616, 0.4095959192571431, 0.45747745529309924, 0.43051255111294684, 0.0915910399212805, 0.12770050151283438, 0.37811520871468424, 0.11304624471510484, 0.28381100631038336, 0.5447625120126289, 0.33131823560399654, 0.18242544368400518, 0.056823817262310485, 0.11676610034615117], [0.2174620562668008, 0.18829435203113967, 0.18515552104522465, 0.19799145130099285, 0.19334197595077207, 0.0334650237490364, 0.18718553936404037, 0.27955525948579063, 0.21729692158474134, 0.18226844232046074, 0.19779758881527118, 0.20425109902503524, 0.20908497401073503, 1.0, 0.26510108217116163, 0.21137495871682835, 0.27623252093875555, 0.1113531468978705, 0.23539084259101048, 0.21254212698049194, 0.14269483528418295, 0.21921097896604855, 0.2759122313951346, 0.05957799010098882, 0.29855894130437743, 0.2673282651051421, 0.05576440942638118, 0.1839211345672088, 0.30388941339305325, 0.25623241998519236, 0.2461880216047576, 0.19361702525941976, 0.21426180551819057, 0.21573052763340841, 0.3201183131424117, 0.19255896296012048, 0.26406587018707933, 0.3013660925516207, 0.39351432975125317, 0.24182524342458095, 0.286738177237306, 0.11796442989098355, 0.2735822162362073, 0.20249306243138313, 0.21018413914975662, 0.19697311467761824, 0.08688838899986667, 0.2750661934493923, 0.23463408479140732, 0.09613016502784211, 0.32905537547841807, 0.22201971244774857, 0.26137832495419244, 0.33042831732248146, 0.2690196413993709, 0.1274764043065525, 0.1799198050729899, 0.18724195577004824, 0.24505171616196145, 0.24603785153013324, 0.2880989671475363, 0.07915809716087664, 0.22869297573865885, 0.03651134983933706, 0.09936026713110024, 0.1287078553601586, 0.09883000390643658, 0.23365432932800317, 0.118238765666533, 0.11456918732468674, 0.19219280950554213, 0.3203671542080139, 0.1613666688920189, 0.15905819415868397, 0.22014470075042258, 0.026886685509036282, 0.3499036518531156, 0.2349931090846785, 0.2606846591115543, 0.23375274111853944, 0.09060404910310355, 0.23428885511549075, 0.09755605011763466, 0.10981708838952499, 0.2565308494308746, 0.2185618985706094, 0.12536468066313744, 0.2802102990635367, 0.24657880961746362, 0.35435260390881973, 0.2892184367383237, 0.25387205832616644, 0.24022495397338328, 0.20944967189671432, 0.12491451946370312, 0.19351341123639224, 0.20104251682274882, 0.18104129254387363, 0.2631639888273766, 0.20687196644814548, 0.24898113547508216, 0.2737815167330881, 0.07059270556276703, 0.1688308391931162], [0.4384815387354015, 0.30692094811744824, 0.1277721001697248, 0.2821737306071378, 0.25020829782863024, 0.03102639427826818, 0.27015095433579944, 0.18960869626577273, 0.45256950042696886, 0.1253936625434647, 0.14584616426792243, 0.1570123255766482, 0.4115700713000504, 0.26510108217116163, 1.0, 0.34988868760766106, 0.438312073276616, 0.08765634908390221, 0.49038823185839653, 0.2163346961740103, 0.11000149996474745, 0.3582445673578252, 0.17876460114704726, 0.051747818478233745, 0.351155859176958, 0.4556350351331777, 0.048939813962558844, 0.29869000516550115, 0.35272282158966267, 0.4062059717197881, 0.45930801427964807, 0.15778416953681818, 0.2505624973824402, 0.41106817415161395, 0.39677644563765097, 0.3418513931993017, 0.4552938348127164, 0.4259575155621049, 0.364709739670407, 0.40651744084619623, 0.2007969519780628, 0.09372148020232635, 0.3605002520293275, 0.37729070009205723, 0.4361677661643434, 0.37506121891107125, 0.07161113396065559, 0.32707089230700104, 0.36278870914478323, 0.08357618871836298, 0.23439831626636312, 0.389596541707345, 0.19474766420335773, 0.20315383669033338, 0.4604777211318957, 0.09844793622249787, 0.28035640280350166, 0.314151652104925, 0.41298786716902575, 0.5620128726859477, 0.4629206655809742, 0.07147329460445502, 0.3140904820845514, 0.033484086249355234, 0.08172363379920408, 0.09916874768640493, 0.08005701118885616, 0.4954161267283469, 0.09368826337597203, 0.08996082919676274, 0.13098628780313612, 0.39097051704833197, 0.24314043404992028, 0.11382158285077322, 0.15906846201854777, 0.02525212877121416, 0.27714211422039653, 0.18804824528707945, 0.3657693886294233, 0.4749602394190545, 0.0742244908729773, 0.20211640801612085, 0.0798901588064496, 0.08666267296594093, 0.5066615957546011, 0.38849986848334467, 0.10873209299070945, 0.2899319806429278, 0.48797939798648365, 0.2036824565477614, 0.5564639487492714, 0.4833593717093466, 0.4685145884161011, 0.34223960013842936, 0.10232729088987468, 0.13667026638611968, 0.3071962970285534, 0.1271433236899956, 0.3621586734968087, 0.3748483861986582, 0.4224766495293888, 0.2296000088714693, 0.059811061117899925, 0.13671258717968895], [0.47969723662411545, 0.2807804841179339, 0.12323175750864461, 0.504556493339862, 0.3856529873835023, 0.029992837447934663, 0.4506610363794348, 0.15397705244144394, 0.40984053742241183, 0.11564097480112714, 0.13150059844756667, 0.15976442069936558, 0.39452686319995184, 0.21137495871682835, 0.34988868760766106, 1.0, 0.3388980604331076, 0.0807027760968523, 0.4041959138705958, 0.1777458651066301, 0.09558583799066071, 0.36814424760443937, 0.16730978639846658, 0.05073165775330311, 0.35856429862099765, 0.3590595553192414, 0.04808569611389649, 0.4666718441049819, 0.26639409413752396, 0.463908078758045, 0.4224049859162496, 0.17280213046211518, 0.18315302024955768, 0.48034168059797905, 0.2927986143795674, 0.5343134201744589, 0.3669204223314637, 0.3005996255139305, 0.2633748056841139, 0.3779095376672228, 0.18976681627816294, 0.0945864115818675, 0.3780552582964137, 0.4648598176675335, 0.43672010698381536, 0.46263284698628027, 0.06997623210761071, 0.21759737053426084, 0.23569211932733966, 0.07459118356241938, 0.22161561993759915, 0.5765747651321877, 0.17805890730308846, 0.19014022750380416, 0.29815757847524016, 0.0895087137387817, 0.45745788985156, 0.5368137619629656, 0.26564216293533627, 0.3834597807670461, 0.2792664038176183, 0.0644472592396932, 0.4567470819460634, 0.032791988232629896, 0.07852872034515544, 0.09675739935135388, 0.07965059477741318, 0.4083774865859113, 0.0845231683860163, 0.08579809135465546, 0.11726578880686195, 0.2776169601402701, 0.363931752159319, 0.10422848606503068, 0.14350910771619724, 0.02465268319798344, 0.19731769137118943, 0.15887179842001428, 0.29377825173027006, 0.39737250640207605, 0.07374145341219245, 0.19578231025120618, 0.07816259610037349, 0.08095719117341645, 0.4203544895447534, 0.3294980486476902, 0.09321628668284478, 0.2003041595978346, 0.3065276148303193, 0.1741620273499835, 0.3134897106944366, 0.45827143294394324, 0.34390301760720093, 0.44076794091964056, 0.09022374546182278, 0.13411472740453895, 0.4752595194400854, 0.11697608232304092, 0.25621775280369025, 0.3738858090868056, 0.25428861783110746, 0.1852182008112975, 0.05853119489418194, 0.11578917276397903], [0.364539630221906, 0.2788716428725875, 0.13487875841936103, 0.29694809172397124, 0.25690594491312146, 0.0314301970379317, 0.2656717968241842, 0.2076777803331728, 0.38150195987333974, 0.13393055144147678, 0.15787462627268162, 0.17481656613070617, 0.34087291476276266, 0.27623252093875555, 0.438312073276616, 0.3388980604331076, 1.0, 0.090087854659114, 0.43948412959704225, 0.2328238487398141, 0.11342788468470098, 0.37301123742369824, 0.19806257890159204, 0.05333579840046097, 0.38844277760743634, 0.45680799827826196, 0.05026228472857927, 0.283987787185743, 0.3654856880867656, 0.41414895074444513, 0.5224493144772715, 0.16552098549759384, 0.2448919317982261, 0.354746449959886, 0.34803226552644556, 0.31223909165390723, 0.4945917586577713, 0.47056456796094265, 0.38646449497991125, 0.44475534862496235, 0.23101185360936885, 0.09733641244453024, 0.36002490720558133, 0.3373706446450816, 0.36081203275408635, 0.31474249889731915, 0.07481408105524937, 0.31932055015431426, 0.30356895553545526, 0.08482899017848813, 0.26047584439540505, 0.3903816811287009, 0.22155386458366738, 0.23052858055487263, 0.4061748657937905, 0.10185742207308938, 0.2714459996351598, 0.29953462699737615, 0.37818319640272124, 0.44611583140268873, 0.41033085440425326, 0.07253330896464034, 0.3523179440035014, 0.03405268187927796, 0.08674456312154614, 0.10595459298566602, 0.08259354855810457, 0.40947477619457984, 0.09509926855815254, 0.0947612827706987, 0.1377527628999867, 0.4252151730470959, 0.2335162940603843, 0.11962402273051424, 0.17355515367807034, 0.02555981545855544, 0.2850225691833902, 0.20307684055049263, 0.4191539194185583, 0.43782480151371783, 0.07681726357872244, 0.22377885556384894, 0.08410301455316126, 0.09011183489653096, 0.49141635228698183, 0.35687990197611047, 0.1110272457616804, 0.27498531891231287, 0.38392534571843473, 0.2169597409020565, 0.440453449742307, 0.41575490398263126, 0.4396933339309905, 0.34577550285053993, 0.105685897740846, 0.14445574040725032, 0.3113232476006983, 0.13654802824417905, 0.3744323420570826, 0.34245933815681073, 0.34465705572040156, 0.253697437805948, 0.06164520507583299, 0.14124377239580932], [0.08137233504767485, 0.07848754979799479, 0.1446183159071879, 0.07940006010734156, 0.079468007026278, 0.04423269723301364, 0.07686857552039608, 0.12651537824378342, 0.08284134150891925, 0.17250156759385615, 0.14772412673798327, 0.1064226747583716, 0.08004719767086643, 0.1113531468978705, 0.08765634908390221, 0.0807027760968523, 0.090087854659114, 1.0, 0.08406504205554312, 0.0924799750629234, 0.19519940023217988, 0.08284892310034064, 0.1244527787438189, 0.08861399132005791, 0.09260277386903303, 0.08918503930737827, 0.08267098794921314, 0.07636801558252897, 0.09565833465242059, 0.08647694585563451, 0.08534327207693924, 0.09643419172822333, 0.09515207985912984, 0.08124749139077579, 0.09404454411693268, 0.07776924160137162, 0.08958056638624395, 0.09459354781422397, 0.10182325251018366, 0.08562700727986881, 0.114629828848254, 0.11587683061740853, 0.08990297847255148, 0.07879594378762196, 0.08074620728192414, 0.07817050969976244, 0.1334055388479075, 0.09679302540050365, 0.09063340821875403, 0.11357316850377969, 0.10282444402593027, 0.08258547135165188, 0.10819567680937377, 0.11465065080509174, 0.09142175341627358, 0.1723583827224627, 0.07575262740716751, 0.0767996840710848, 0.09004647979080248, 0.0860532840879358, 0.09373035061452362, 0.10991005269954693, 0.08501648989057667, 0.04908397503543027, 0.13826878138112936, 0.14617560276877814, 0.11822930817409713, 0.0846907795665059, 0.2930903815766063, 0.1790568453070351, 0.16728497672416753, 0.09708863041419435, 0.07198897149645707, 0.18059727736301034, 0.13013030039817094, 0.033497372812308364, 0.10941647515614107, 0.11729252707349996, 0.08998344325316644, 0.08525242907776928, 0.12003754385112264, 0.09730492345636804, 0.13821032084261428, 0.3006734671562401, 0.08702481880038812, 0.08239331105171502, 0.13821046934904657, 0.10160298462274445, 0.08758434691053765, 0.12435620601283269, 0.09114486793325904, 0.08607631067443162, 0.08517707659991759, 0.08017364402552704, 0.15645685388977615, 0.12108651653483266, 0.07969724345715085, 0.1549671224861568, 0.09406662884697453, 0.08049762672475673, 0.08876154704088414, 0.11170484976128155, 0.11103803853292178, 0.14166062984184566], [0.4924901244552455, 0.3142810510706467, 0.12253974816863533, 0.3154181146844948, 0.2715948859751152, 0.030597474393664635, 0.29786095503078713, 0.17706375903891833, 0.4947264596434502, 0.11968143270502263, 0.13950089472306074, 0.1526390326263329, 0.44621153947079756, 0.23539084259101048, 0.49038823185839653, 0.4041959138705958, 0.43948412959704225, 0.08406504205554312, 0.9999993256508786, 0.21262002487643653, 0.10413610945557446, 0.39419111751243163, 0.16930454712625043, 0.050862970837361944, 0.3267093409009544, 0.39971292803337627, 0.04809629401665493, 0.33323812146598136, 0.3122197914226139, 0.4161022707130105, 0.5255607278732503, 0.15499545226990538, 0.23379452470072118, 0.4385984353124993, 0.34561025797791994, 0.4134033730262683, 0.43685871689925476, 0.3662860776004952, 0.3098076067785983, 0.48830773332102545, 0.19124606321708887, 0.09123152880255489, 0.3378110053152239, 0.45511774104849606, 0.5021200529070485, 0.43180592770478754, 0.06989448443840053, 0.2875998656384894, 0.31323988724776763, 0.08074996019236992, 0.22135754576489, 0.4352999338510973, 0.18275012983147348, 0.1924415149913553, 0.4127187154151281, 0.09471353582165068, 0.31546400251719264, 0.37099411007213057, 0.3701061957941613, 0.526204282879146, 0.3806404509966818, 0.06929867344661547, 0.34329858416996634, 0.033038815301644514, 0.07987039951562071, 0.09655866585668248, 0.07784205496056641, 0.5131985552542412, 0.0892219501642503, 0.08727775590654607, 0.123928