[[1.0, 0.9974338425936132, 0.995811476902246, 0.9990813425698948, 0.9974671658133174, 0.9908026255533877, 0.9979516995352634, 0.9976838540666377, 0.9941131785945766, 0.9951137054113255, 0.9977012269810633, 0.9969475040619528, 0.9962585195928126, 0.9971620218453386, 0.9977406363169015, 0.9729407780161502, 0.9874590522204115, 0.9934167874241814, 0.9564765345646152, 0.9960434469515719, 0.9880903415848981, 0.9969704132136512, 0.9987197604363197, 0.9971689230135873, 0.99759728855514, 0.9935808810044403, 0.9918743173157657, 0.9640596533928947, 0.9788198764604573, 0.9815025171086526, 0.9970143933216778, 0.9975530728187452, 0.9953793239681467, 0.979022343029906], [0.9974338425936132, 1.0, 0.9950648240738347, 0.9973444296870911, 0.9969802458699194, 0.9900222797316147, 0.9982032350195403, 0.9978788473398029, 0.9964190763746025, 0.9938663682381619, 0.9972294371633803, 0.9947797795356262, 0.9978181802827122, 0.9966189299599946, 0.9979886180609427, 0.9725702650499183, 0.9894334947838712, 0.9920590193199349, 0.9583657589361751, 0.9987460069301672, 0.9871569310467018, 0.9972850288882125, 0.9983864822987883, 0.9975824651221579, 0.9971130165573181, 0.9929877291205049, 0.9951157513549994, 0.9662054865164773, 0.9734657219373918, 0.9838958613891116, 0.9964777710873798, 0.9972172359594812, 0.9980099205497378, 0.9820283245873508], [0.995811476902246, 0.9950648240738347, 1.0000000000000007, 0.9954906777059951, 0.9985596569189379, 0.9919505591282733, 0.998089838025078, 0.993319965322314, 0.9926601005848388, 0.9986451545846343, 0.9985152244654688, 0.9924289540065437, 0.9964139096336581, 0.9982498656749679, 0.9981675420260595, 0.9760723203846768, 0.9909824531754272, 0.996062849390064, 0.9553732017286771, 0.9937452730542425, 0.9841625017129566, 0.9969048827024793, 0.9927896930188145, 0.9986049096001965, 0.9984402810337988, 0.9896961218505543, 0.9935566302464591, 0.9601965382933233, 0.9672306146620022, 0.9728476631987953, 0.9982089381191873, 0.9898111396273277, 0.9937959165816057, 0.9756659590198895], [0.9990813425698948, 0.9973444296870911, 0.9954906777059951, 1.0000000000000002, 0.9965949650827933, 0.9878334027426138, 0.9969602616360885, 0.9989736271733467, 0.9963092053538231, 0.9945754729277825, 0.9968267065366473, 0.9949929957606775, 0.996764047940791, 0.9962988596911285, 0.9968629648417129, 0.9780605552206741, 0.9899883341630498, 0.9910947382424504, 0.9635775868118072, 0.9970512873269236, 0.9905318456235404, 0.9956521532247025, 0.9983173510746238, 0.9967180920436978, 0.9966828198020536, 0.9947919260255514, 0.9928947238505184, 0.9713355259496804, 0.9735441355290877, 0.9857353854430054, 0.9963062742988338, 0.996911880147055, 0.9943777194135079, 0.9832993112919537], [0.9974671658133174, 0.9969802458699194, 0.9985596569189379, 0.9965949650827933, 1.0000000000000004, 0.9934540905644719, 0.9995312561822777, 0.9950506027823898, 0.9936004317758342, 0.9976052918822234, 0.9999507284851475, 0.9948704089554508, 0.99656440390747, 0.9998599920955066, 0.999484077540284, 0.9704050517753894, 0.9874842821325707, 0.997812522886339, 0.9490636041273981, 0.9956992242985153, 0.9829927344757642, 0.9991747189453106, 0.9956053289696725, 0.9993703160812614, 0.9999300472676849, 0.9894006642146057, 0.9936530233285686, 0.9571186983481335, 0.9742025792301102, 0.9733567076478573, 0.9997230850619562, 0.9927942034323943, 0.994998649921376, 0.9723091502828328], [0.9908026255533877, 0.9900222797316147, 0.9919505591282733, 0.9878334027426138, 0.9934540905644719, 0.9999999999999999, 0.9935157800874196, 0.9851621533894016, 0.9809655564105503, 0.9876447620450225, 0.993969753084966, 0.9958626527830365, 0.9843965026652886, 0.9929162200684709, 0.9937261486530421, 0.9453134429654582, 0.9724835427722491, 0.9942667420829139, 0.9226009985456279, 0.9894373247859811, 0.9632792800708138, 0.9952803519685699, 0.9888685614742584, 0.9911970265769519, 0.9941311208601883, 0.9872080670130284, 0.9906281869562247, 0.9297386496943394, 0.9738661550858969, 0.9617377898106207, 0.9920539607797989, 0.9868437325803499, 0.9942932385302055, 0.9572577760461446], [0.9979516995352634, 0.9982032350195403, 0.998089838025078, 0.9969602616360885, 0.9995312561822777, 0.9935157800874196, 1.0000000000000007, 0.995770614811717, 0.9946482048266424, 0.9972883346226169, 0.9996503811682785, 0.9952551785825602, 0.9972102497710216, 0.9993229566961194, 0.9998507560743929, 0.9707102219588514, 0.9883750625168931, 0.9969339979915182, 0.9514955235455285, 0.9967949446734622, 0.9840750872367588, 0.9994055075187859, 0.9968298647462842, 0.9993526622366009, 0.9995997147119382, 0.9913553546856789, 0.995072427780083, 0.9594209658114476, 0.9751043254578766, 0.9766702598882567, 0.9991183781541748, 0.9940124298271371, 0.9965858929077782, 0.9748339796627943], [0.9976838540666377, 0.9978788473398029, 0.993319965322314, 0.9989736271733467, 0.9950506027823898, 0.9851621533894016, 0.995770614811717, 1.0000000000000004, 0.9964352004111102, 0.9924676869165877, 0.9952444211119501, 0.9938031555973388, 0.9964961552212247, 0.9946931751283159, 0.9955135307802908, 0.9786191719445007, 0.9898927729049848, 0.988597816534697, 0.9651866300190097, 0.9974722720037852, 0.9907346738439561, 0.9942645550409586, 0.9987111201522237, 0.9956648397325897, 0.995064393788768, 0.9940479862578382, 0.992023131913135, 0.9730753960045695, 0.9699382582132678, 0.9873345707792902, 0.9946867841542173, 0.9972308782401752, 0.9944372820252886, 0.9862119626307891], [0.9941131785945766, 0.9964190763746025, 0.9926601005848388, 0.9963092053538231, 0.9936004317758342, 0.9809655564105503, 0.9946482048266424, 0.9964352004111102, 1.0000000000000004, 0.9935480520672546, 0.9938170163429201, 0.9868638973649657, 0.9974846431781575, 0.9930950482034774, 0.994294573790831, 0.9826864159719713, 0.9944308900906665, 0.9859271985347114, 0.9730978319472551, 0.9975290794377368, 0.9932277785151619, 0.99224783137186, 0.9941669094087235, 0.9942286537870018, 0.9935300685356314, 0.992731105323202, 0.995011766314779, 0.9803123246703758, 0.9630503538441013, 0.9903130391757563, 0.9933836931504972, 0.992188372896585, 0.9915835451588524, 0.9872645317379546], [0.9951137054113255, 0.9938663682381619, 0.9986451545846343, 0.9945754729277825, 0.9976052918822234, 0.9876447620450225, 0.9972883346226169, 0.9924676869165877, 0.9935480520672546, 1.0000000000000007, 0.9974754234327484, 0.9892270857163197, 0.996743369198289, 0.9974402053714913, 0.9969823768019359, 0.9790903760502305, 0.9929343390966371, 0.9949214425845854, 0.9591069336780829, 0.9926034830454828, 0.987858148944744, 0.9950286763607095, 0.9918619754782347, 0.9974098172985747, 0.9972918265046226, 0.9879705374130784, 0.9916865182342701, 0.9648219242182744, 0.9679623247899428, 0.9737109194133469, 0.9971454173647978, 0.9885630312886703, 0.9908114525988171, 0.9766092637427738], [0.9977012269810633, 0.9972294371633803, 0.9985152244654688, 0.9968267065366473, 0.9999507284851475, 0.993969753084966, 0.9996503811682785, 0.9952444211119501, 0.9938170163429201, 0.9974754234327484, 0.9999999999999998, 0.995309757876046, 0.996510611908237, 0.9998126668749885, 0.9996023221166238, 0.9698637096195302, 0.987341980255011, 0.9978185973056468, 0.9490952871027971, 0.9961099084149606, 0.9829775823256784, 0.9993464658423978, 0.9959047991738236, 0.9992843977348814, 0.999984971886085, 0.9902288615923588, 0.9942001836711223, 0.957173165835746, 0.9746650912136231, 0.9743173143770554, 0.9996664217324607, 0.9931798072346836, 0.9955802423260343, 0.9726655278407378], [0.9969475040619528, 0.9947797795356262, 0.9924289540065437, 0.9949929957606775, 0.9948704089554508, 0.9958626527830365, 0.9952551785825602, 0.9938031555973388, 0.9868638973649657, 0.9892270857163197, 0.995309757876046, 1.0000000000000002, 0.9897273954844046, 0.9944205279176552, 0.9951736611436665, 0.9577377682232031, 0.978119582522554, 0.9926731841444032, 0.9389438540048742, 0.9935622655547055, 0.9758496884802438, 0.9959248530184959, 0.9966099683706605, 0.9936066319277624, 0.9953537024190054, 0.9918741721809741, 0.990106694965829, 0.9469043148400408, 0.9805142991745983, 0.9743514390276209, 0.9937520304916337, 0.9959570264975697, 0.9962593073238545, 0.9703854641718486], [0.9962585195928126, 0.9978181802827122, 0.9964139096336581, 0.996764047940791, 0.99656440390747, 0.9843965026652886, 0.9972102497710216, 0.9964961552212247, 0.9974846431781575, 0.996743369198289, 0.996510611908237, 0.9897273954844046, 1.0000000000000002, 0.9963589812714964, 0.9970540982725191, 0.9830384510700725, 0.9942183636685978, 0.9909899237898991, 0.9681841710523005, 0.9962583190189194, 0.9924948003311931, 0.994980216626644, 0.9954245270458705, 0.9978675131472925, 0.9963080705370286, 0.9899680901387155, 0.9929857167931045, 0.9739170725201101, 0.9673768345225928, 0.9825549190658652, 0.996605334566808, 0.9936149710362083, 0.993577238911158, 0.9843119804527809], [0.9971620218453386, 0.9966189299599946, 0.9982498656749679, 0.9962988596911285, 0.9998599920955066, 0.9929162200684709, 0.9993229566961194, 0.9946931751283159, 0.9930950482034774, 0.9974402053714913, 0.9998126668749885, 0.9944205279176552, 0.9963589812714964, 1.0000000000000004, 0.9993292901222576, 0.9697160695523744, 0.9865800649973406, 0.9981805713833695, 0.9476958609964331, 0.9952728887387708, 0.9824129287512251, 0.9990797029572228, 0.9953560353877468, 0.9993044570552857, 0.9998300090917118, 0.9883438589378902, 0.9928528600285152, 0.956124498298096, 0.9750060355697094, 0.972247928349544, 0.9997533568849793, 0.9923902060925675, 0.9944848992088137, 0.9708417511017722], [0.9977406363169015, 0.9979886180609427, 0.9981675420260595, 0.9968629648417129, 0.999484077540284, 0.9937261486530421, 0.9998507560743929, 0.9955135307802908, 0.994294573790831, 0.9969823768019359, 0.9996023221166238, 0.9951736611436665, 0.9970540982725191, 0.9993292901222576, 1.0000000000000002, 0.9703947722816189, 0.9879638715221308, 0.9971154587679293, 0.950889155116109, 0.9967143289384267, 0.9832739875421017, 0.9994305446586983, 0.9965551298149418, 0.999431100776128, 0.9995802642428836, 0.9910127094968568, 0.9950738104474729, 0.958653434659447, 0.9751656972875739, 0.9759766580427016, 0.9992089633488913, 0.9936264820272181, 0.9964173664928253, 0.974065884349639], [0.9729407780161502, 0.9725702650499183, 0.9760723203846768, 0.9780605552206741, 0.9704050517753894, 0.9453134429654582, 0.9707102219588514, 0.9786191719445007, 0.9826864159719713, 0.9790903760502305, 0.9698637096195302, 0.9577377682232031, 0.9830384510700725, 0.9697160695523744, 0.9703947722816189, 0.9999999999999996, 0.9914847355330002, 0.9578670581107708, 0.9920215049698741, 0.9725105404309325, 0.9918023386268229, 0.9639055116910917, 0.9707801845138969, 0.9741454865275618, 0.9692150953204351, 0.9718328730771456, 0.9695290408982252, 0.9902118078212633, 0.922277703978043, 0.9759572681368699, 0.970800555493937, 0.9677031658448849, 0.9631203931045836, 0.9886816771036417], [0.9874590522204115, 0.9894334947838712, 0.9909824531754272, 0.9899883341630498, 0.9874842821325707, 0.9724835427722491, 0.9883750625168931, 0.9898927729049848, 0.9944308900906665, 0.9929343390966371, 0.987341980255011, 0.978119582522554, 0.9942183636685978, 0.9865800649973406, 0.9879638715221308, 0.9914847355330002, 1.0000000000000002, 0.9788657134026301, 0.9827533294320056, 0.9898479068041542, 0.9941859342725593, 0.9834706132852368, 0.9859819405712704, 0.9890144465040657, 0.9868047494584085, 0.987760198053799, 0.9895844450591781, 0.9842337396038905, 0.9499470765446872, 0.9850202275877796, 0.9865304444240792, 0.9838841450278561, 0.9843822084353795, 0.9915165822712684], [0.9934167874241814, 0.9920590193199349, 0.996062849390064, 0.9910947382424504, 0.997812522886339, 0.9942667420829139, 0.9969339979915182, 0.988597816534697, 0.9859271985347114, 0.9949214425845854, 0.9978185973056468, 0.9926731841444032, 0.9909899237898991, 0.9981805713833695, 0.9971154587679293, 0.9578670581107708, 0.9788657134026301, 1.0000000000000002, 0.9313686062264395, 0.9900545868297538, 0.97275663563444, 0.997571243460411, 0.9907841629001705, 0.9965671920850826, 0.9979905101231369, 0.9826004330349875, 0.9886176251476909, 0.9403266333803232, 0.976144870153312, 0.9604561052431552, 0.9977039296366713, 0.9871881778115531, 0.9916319715787743, 0.9586552585112952], [0.9564765345646152, 0.9583657589361751, 0.9553732017286771, 0.9635775868118072, 0.9490636041273981, 0.9226009985456279, 0.9514955235455285, 0.9651866300190097, 0.9730978319472551, 0.9591069336780829, 0.9490952871027971, 0.9389438540048742, 0.9681841710523005, 0.9476958609964331, 0.950889155116109, 0.9920215049698741, 0.9827533294320056, 0.9313686062264395, 0.9999999999999999, 0.9604679147946696, 0.9857582034640717, 0.9428099627455996, 0.9560891214959095, 0.953604084593025, 0.9481704249780207, 0.9638625578008304, 0.9581654236218367, 0.9957891801637268, 0.903805443349161, 0.9809426006044139, 0.9490524241409005, 0.9555032226207034, 0.948394851345552, 0.9895302537114375], [0.9960434469515719, 0.9987460069301672, 0.9937452730542425, 0.9970512873269236, 0.9956992242985153, 0.9894373247859811, 0.9967949446734622, 0.9974722720037852, 0.9975290794377368, 0.9926034830454828, 0.9961099084149606, 0.9935622655547055, 0.9962583190189194, 0.9952728887387708, 0.9967143289384267, 0.9725105404309325, 0.9898479068041542, 0.9900545868297538, 0.9604679147946696, 0.9999999999999998, 0.9867205148446744, 0.9959350054168831, 0.997062041182959, 0.9956350889686629, 0.9959594082736163, 0.9949420133628193, 0.9971698279881246, 0.968557939895459, 0.9710804505185653, 0.9876953291581615, 0.9949229703670901, 0.9956774407803287, 0.9967631355273071, 0.9831740957841199], [0.9880903415848981, 0.9871569310467018, 0.9841625017129566, 0.9905318456235404, 0.9829927344757642, 0.9632792800708138, 0.9840750872367588, 0.9907346738439561, 0.9932277785151619, 0.987858148944744, 0.9829775823256784, 0.9758496884802438, 0.9924948003311931, 0.9824129287512251, 0.9832739875421017, 0.9918023386268229, 0.9941859342725593, 0.97275663563444, 0.9857582034640717, 0.9867205148446744, 1.0000000000000002, 0.9786924486804166, 0.9868994135005026, 0.9844496673998404, 0.9824041137429355, 0.985555673564723, 0.9810176367033726, 0.989808087392556, 0.9532452472460547, 0.9885811115938409, 0.9828226987150309, 0.9869182759542521, 0.9795426176732863, 0.9926823072764491], [0.9969704132136512, 0.9972850288882125, 0.9969048827024793, 0.9956521532247025, 0.9991747189453106, 0.9952803519685699, 0.9994055075187859, 0.9942645550409586, 0.99224783137186, 0.9950286763607095, 0.9993464658423978, 0.9959248530184959, 0.994980216626644, 0.9990797029572228, 0.9994305446586983, 0.9639055116910917, 0.9834706132852368, 0.997571243460411, 0.9428099627455996, 0.9959350054168831, 0.9786924486804166, 0.9999999999999998, 0.996020683962225, 0.9987122318814905, 0.9994100283355987, 0.9895281519201196, 0.994019985171208, 0.9518250873482371, 0.9762332573789524, 0.9727520793328801, 0.998923550532276, 0.9930875659130296, 0.996546707894828, 0.969005437320128], [0.9987197604363197, 0.9983864822987883, 0.9927896930188145, 0.9983173510746238, 0.9956053289696725, 0.9888685614742584, 0.9968298647462842, 0.9987111201522237, 0.9941669094087235, 0.9918619754782347, 0.9959047991738236, 0.9966099683706605, 0.9954245270458705, 0.9953560353877468, 0.9965551298149418, 0.9707801845138969, 0.9859819405712704, 0.9907841629001705, 0.9560891214959095, 0.997062041182959, 0.9868994135005026, 0.996020683962225, 1.0000000000000002, 0.9958536887634784, 0.9957922780407682, 0.9935912985677237, 0.9916312556094138, 0.9648898407330718, 0.9784938278138671, 0.9843024812809552, 0.9950086963098266, 0.9986612554987758, 0.9962388472828546, 0.9808468861743654], [0.9971689230135873, 0.9975824651221579, 0.9986049096001965, 0.9967180920436978, 0.9993703160812614, 0.9911970265769519, 0.9993526622366009, 0.9956648397325897, 0.9942286537870018, 0.9974098172985747, 0.9992843977348814, 0.9936066319277624, 0.9978675131472925, 0.9993044570552857, 0.999431100776128, 0.9741454865275618, 0.9890144465040657, 0.9965671920850826, 0.953604084593025, 0.9956350889686629, 0.9844496673998404, 0.9987122318814905, 0.9958536887634784, 1.0, 0.9992669340944165, 0.9887077013572276, 0.9932616498288968, 0.960926040405052, 0.9718463149682506, 0.9744496943348475, 0.9993929132172301, 0.9927592672463049, 0.9950481735771146, 0.9748141342295479], [0.99759728855514, 0.9971130165573181, 0.9984402810337988, 0.9966828198020536, 0.9999300472676849, 0.9941311208601883, 0.9995997147119382, 0.995064393788768, 0.9935300685356314, 0.9972918265046226, 0.999984971886085, 0.9953537024190054, 0.9963080705370286, 0.9998300090917118, 0.9995802642428836, 0.9692150953204351, 0.9868047494584086, 0.9979905101231369, 0.9481704249780207, 0.9959594082736163, 0.9824041137429355, 0.9994100283355987, 0.9957922780407682, 0.9992669340944165, 0.9999999999999998, 0.9899262077644299, 0.9940273308196662, 0.9563426936899238, 0.9747396492316557, 0.9737803391362142, 0.9996912486166697, 0.993030742911019, 0.9955595296897642, 0.9719695320792303], [0.9935808810044403, 0.9929877291205049, 0.9896961218505543, 0.9947919260255514, 0.9894006642146057, 0.9872080670130284, 0.9913553546856789, 0.9940479862578382, 0.992731105323202, 0.9879705374130784, 0.9902288615923588, 0.9918741721809741, 0.9899680901387155, 0.9883438589378902, 0.9910127094968568, 0.9718328730771456, 0.987760198053799, 0.9826004330349875, 0.9638625578008304, 0.9949420133628193, 0.985555673564723, 0.9895281519201196, 0.9935912985677237, 0.9887077013572276, 0.9899262077644299, 1.0, 0.9944213733421561, 0.968459672737286, 0.963764235092588, 0.9903653692111978, 0.9877840065419077, 0.9926145343213663, 0.9936436637067686, 0.9863195329523764], [0.9918743173157657, 0.9951157513549994, 0.9935566302464591, 0.9928947238505184, 0.9936530233285686, 0.9906281869562247, 0.995072427780083, 0.992023131913135, 0.995011766314779, 0.9916865182342701, 0.9942001836711223, 0.990106694965829, 0.9929857167931045, 0.9928528600285152, 0.9950738104474729, 0.9695290408982252, 0.9895844450591781, 0.9886176251476909, 0.9581654236218367, 0.9971698279881246, 0.9810176367033726, 0.994019985171208, 0.9916312556094138, 0.9932616498288968, 0.9940273308196662, 0.9944213733421561, 1.0000000000000004, 0.9635240357663833, 0.9650479152752658, 0.9839146242490965, 0.9925853835120538, 0.9891726577229516, 0.9950738559426745, 0.9793462984855797], [0.9640596533928947, 0.9662054865164773, 0.9601965382933233, 0.9713355259496804, 0.9571186983481335, 0.9297386496943394, 0.9594209658114476, 0.9730753960045695, 0.9803123246703758, 0.9648219242182744, 0.957173165835746, 0.9469043148400408, 0.9739170725201101, 0.956124498298096, 0.958653434659447, 0.9902118078212633, 0.9842337396038905, 0.9403266333803232, 0.9957891801637268, 0.968557939895459, 0.989808087392556, 0.9518250873482371, 0.9648898407330718, 0.960926040405052, 0.9563426936899238, 0.968459672737286, 0.9635240357663833, 1.0, 0.9172811559487978, 0.9861928783763555, 0.9571237271123652, 0.9640424741006829, 0.95500202264496, 0.9896568818861162], [0.9788198764604573, 0.9734657219373918, 0.9672306146620022, 0.9735441355290877, 0.9742025792301102, 0.9738661550858969, 0.9751043254578766, 0.9699382582132678, 0.9630503538441013, 0.9679623247899428, 0.9746650912136231, 0.9805142991745983, 0.9673768345225928, 0.9750060355697094, 0.9751656972875739, 0.922277703978043, 0.9499470765446872, 0.976144870153312, 0.903805443349161, 0.9710804505185653, 0.9532452472460547, 0.9762332573789524, 0.9784938278138671, 0.9718463149682506, 0.9747396492316557, 0.963764235092588, 0.9650479152752658, 0.9172811559487978, 1.0000000000000004, 0.9488996230118553, 0.9731677504822168, 0.9796006849844977, 0.9720800707698101, 0.9347971038278695], [0.9815025171086526, 0.9838958613891116, 0.9728476631987953, 0.9857353854430054, 0.9733567076478573, 0.9617377898106207, 0.9766702598882567, 0.9873345707792902, 0.9903130391757563, 0.9737109194133469, 0.9743173143770554, 0.9743514390276209, 0.9825549190658652, 0.972247928349544, 0.9759766580427016, 0.9759572681368699, 0.9850202275877799, 0.9604561052431552, 0.9809426006044139, 0.9876953291581615, 0.9885811115938409, 0.9727520793328801, 0.9843024812809552, 0.9744496943348475, 0.9737803391362142, 0.9903653692111978, 0.9839146242490965, 0.9861928783763555, 0.9488996230118553, 1.0000000000000002, 0.9723091402631303, 0.9847360459189906, 0.9800542838014727, 0.9925818572955051], [0.9970143933216778, 0.9964777710873798, 0.9982089381191873, 0.9963062742988338, 0.9997230850619562, 0.9920539607797989, 0.9991183781541748, 0.9946867841542173, 0.9933836931504972, 0.9971454173647978, 0.9996664217324607, 0.9937520304916337, 0.996605334566808, 0.9997533568849793, 0.9992089633488913, 0.970800555493937, 0.9865304444240792, 0.9977039296366713, 0.9490524241409005, 0.9949229703670901, 0.9828226987150309, 0.998923550532276, 0.9950086963098266, 0.9993929132172301, 0.9996912486166697, 0.9877840065419077, 0.9925853835120538, 0.9571237271123652, 0.9731677504822168, 0.9723091402631303, 1.0000000000000004, 0.9919688382457449, 0.9941164041835072, 0.9710748440401513], [0.9975530728187452, 0.9972172359594812, 0.9898111396273277, 0.996911880147055, 0.9927942034323943, 0.9868437325803499, 0.9940124298271371, 0.9972308782401752, 0.992188372896585, 0.9885630312886703, 0.9931798072346836, 0.9959570264975697, 0.9936149710362083, 0.9923902060925675, 0.9936264820272181, 0.9677031658448849, 0.9838841450278565, 0.9871881778115531, 0.9555032226207034, 0.9956774407803287, 0.9869182759542521, 0.9930875659130296, 0.9986612554987758, 0.9927592672463049, 0.993030742911019, 0.9926145343213663, 0.9891726577229516, 0.9640424741006829, 0.9796006849844977, 0.9847360459189906, 0.9919688382457449, 1.0000000000000004, 0.9954493982608437, 0.9815435032231908], [0.9953793239681467, 0.9980099205497378, 0.9937959165816057, 0.9943777194135079, 0.994998649921376, 0.9942932385302055, 0.9965858929077782, 0.9944372820252886, 0.9915835451588524, 0.9908114525988171, 0.9955802423260343, 0.9962593073238545, 0.993577238911158, 0.9944848992088137, 0.9964173664928253, 0.9631203931045836, 0.9843822084353798, 0.9916319715787743, 0.948394851345552, 0.9967631355273071, 0.9795426176732863, 0.996546707894828, 0.9962388472828546, 0.9950481735771146, 0.9955595296897642, 0.9936436637067686, 0.9950738559426745, 0.95500202264496, 0.9720800707698101, 0.9800542838014727, 0.9941164041835072, 0.9954493982608437, 0.9999999999999998, 0.9777445179832474], [0.979022343029906, 0.9820283245873508, 0.9756659590198895, 0.9832993112919537, 0.9723091502828328, 0.9572577760461446, 0.9748339796627943, 0.9862119626307891, 0.9872645317379546, 0.9766092637427738, 0.9726655278407378, 0.9703854641718486, 0.9843119804527809, 0.9708417511017722, 0.974065884349639, 0.9886816771036417, 0.9915165822712682, 0.9586552585112952, 0.9895302537114375, 0.9831740957841199, 0.9926823072764491, 0.969005437320128, 0.9808468861743654, 0.9748141342295479, 0.9719695320792304, 0.9863195329523764, 0.9793462984855796, 0.9896568818861162, 0.9347971038278694, 0.992581857295505, 0.9710748440401509, 0.9815435032231908, 0.9777445179832471, 1.0000000000000002]]