[[0.0, 0.6438644658161992, 0.7277120009937788, 0.7833836675793946, 0.8286181479293002, 0.82577490951827, 0.6938225205686401, 0.6651121667738946, 0.7585833403649958, 0.6991173343600467, 0.6569974957318239, 0.8221788621815569, 0.7191676984261237, 0.5917998507445146, 0.594453258360917, 0.8339121572604542, 0.7175695148391088, 0.653379449283356, 0.8038108225705693, 0.7830656196609573, 0.7562661489038671, 0.6722763165346115, 0.6485350856751406, 0.669532794254015, 0.7975803359494102, 0.6073394210648464, 0.8658174948749164, 0.7652096980696883, 0.5421641639801786, 0.5452068667083276, 0.5495180413633041, 0.681870935019464, 0.695799908727722, 0.8618102170196162], [0.6438644658161992, 0.0, 0.6671645442956273, 0.7101703506778378, 0.7809499322173163, 0.884765996368857, 0.6719160460186064, 0.8060889105306948, 0.7495185406399683, 0.6364331092916427, 0.6827236173996782, 0.7458661538845213, 0.5788166161710222, 0.6788955810163058, 0.7766378116353345, 0.765653442902289, 0.6783445404458064, 0.6649605657812678, 0.7529510309945626, 0.7801743139985324, 0.7205426908912385, 0.8267808214216819, 0.6433096343299542, 0.7995403190774002, 0.7270525923368205, 0.6139759582829709, 0.8226044693046017, 0.6162078382742271, 0.5869813210434507, 0.7026540898341915, 0.7360407341127655, 0.6342097403263613, 0.7927825795389933, 0.6929692762621114], [0.7277120009937788, 0.6671645442956273, 0.0, 0.6788022341933588, 0.643083198468573, 0.885524019701394, 0.6249759954907244, 0.639170602075684, 0.702880485124548, 0.6083641986963584, 0.7665997169780827, 0.8894439701330417, 0.6511142136362613, 0.7367526086945544, 0.7165070600393666, 0.8284218975899158, 0.7314859634216995, 0.6070810223286525, 0.576873582443731, 0.7417745295686715, 0.6119189376167757, 0.779786731742171, 0.7576838610665946, 0.6059027436651947, 0.6410158639558057, 0.5766231132578865, 0.7026191506057546, 0.6926281113483326, 0.5412153783116878, 0.8450149505200728, 0.8215357968707773, 0.6821813276297666, 0.8790369262395379, 0.8058348028305369], [0.7833836675793946, 0.7101703506778378, 0.6788022341933588, 0.0, 0.674275891432299, 0.7441000524296817, 0.7127961829640994, 0.5714771704903476, 0.7725880713556335, 0.7070891714923446, 0.5857510278921054, 0.7443313746408766, 0.6774655922393737, 0.7288614814746426, 0.7620150979762119, 0.7286509606777409, 0.6124940776579306, 0.6794260352254864, 0.8439790507633151, 0.7571022609126254, 0.7831009930145407, 0.7492490068874984, 0.7871944230311434, 0.8675667448459741, 0.699967551366246, 0.5234114152391203, 0.8137452700995693, 0.6575099802042583, 0.730266515230231, 0.6949159075010238, 0.6081407297719261, 0.6880501552020253, 0.7643720689720266, 0.7809163304514675], [0.8286181479293002, 0.7809499322173163, 0.643083198468573, 0.674275891432299, 0.0, 0.6972648961714114, 0.6739976003545636, 0.6868377823824172, 0.5648226015838087, 0.6885946550965474, 0.6866387006268693, 0.7117007034667606, 0.7284480680805108, 0.6312860217015563, 0.6471576844829314, 0.7082116493538491, 0.8444841852662195, 0.7222015689296373, 0.7985638286051042, 0.7422507080445462, 0.6609615250811953, 0.8188538225611566, 0.6871773966064603, 0.7192216444185513, 0.6957637460810948, 0.7873009534156625, 0.7827039496105923, 0.6034996770612484, 0.7072920313842475, 0.6166177841249167, 0.7717649542913672, 0.7629543474725953, 0.7140908780114583, 0.7709403549363727], [0.82577490951827, 0.884765996368857, 0.885524019701394, 0.7441000524296817, 0.6972648961714114, 0.0, 0.7880627926333603, 0.733229143164333, 0.6997112331615916, 0.9648655540032782, 0.7158686545580069, 0.3224868542250465, 0.7375172013831783, 0.6768584053125104, 0.8037579299250712, 0.6420309748174833, 0.6888765595941784, 0.9844404616670377, 0.5565072241296987, 0.5527713940776462, 0.7104172041098566, 0.6091313750511496, 0.7769477124646711, 0.6521481209323188, 0.6122684659974118, 1.1909012218806079, 0.5518029131978797, 0.7278661520538696, 1.150647036806963, 0.4898758042511766, 0.7670857895833136, 0.7738980987272628, 0.5501278445820474, 0.3901488588117963], [0.6938225205686401, 0.6719160460186064, 0.6249759954907244, 0.7127961829640994, 0.6739976003545636, 0.7880627926333603, 0.0, 0.7295069452910343, 0.665893720121199, 0.6883694785409264, 0.6458021754065155, 0.7752851591277488, 0.6653969962706998, 0.6236243864782194, 0.6897238853957455, 0.6197600923294033, 0.7749173228522095, 0.6184913692006329, 0.6857975694699929, 0.8847453095511413, 0.632025581080703, 0.7113995919394387, 0.754643331544496, 0.7658556602172901, 0.7228560230108934, 0.6632530398193808, 0.7935488621643267, 0.666432194951952, 0.6378979437334606, 0.622285697893916, 0.7300735376426086, 0.747527014666092, 0.8208623193550553, 0.8787411429843832], [0.6651121667738946, 0.8060889105306948, 0.639170602075684, 0.5714771704903476, 0.6868377823824172, 0.733229143164333, 0.7295069452910343, 0.0, 0.7007477844345189, 0.5749999599064537, 0.8032981384625553, 0.8569506907117226, 0.6104068172876771, 0.7192766185684578, 0.6172392755174381, 0.7094898303245782, 0.6437176029325935, 0.5679832046451467, 0.712520999793405, 0.7874189768799713, 0.6683599117370731, 0.7265174638893006, 0.7910079622223332, 0.7807828585571466, 0.726913359462068, 0.6415606016279067, 0.6535155775092021, 0.7404264720604194, 0.671506411120353, 0.834358325070325, 0.7035085749364092, 0.7043210966316353, 0.8228452564150261, 0.7675688775250298], [0.7585833403649958, 0.7495185406399683, 0.702880485124548, 0.7725880713556335, 0.5648226015838087, 0.6997112331615916, 0.665893720121199, 0.7007477844345189, 0.0, 0.6248382169379918, 0.7390114073821239, 0.7662381081507852, 0.7142493207439125, 0.7002758462428009, 0.7252434002753452, 0.7559736511809441, 0.8265803565091545, 0.7262267105336313, 0.6749234923065681, 0.8804289409561084, 0.6627152978306767, 0.8301751712200549, 0.7148145789138569, 0.6427623786054169, 0.6309473338951948, 0.7095590909123393, 0.6738607439177418, 0.676329131899569, 0.6651062457107608, 0.7521238485270396, 0.8213815257036852, 0.7007054850644079, 0.7693782533104239, 0.796325666827582], [0.6991173343600467, 0.6364331092916427, 0.6083641986963584, 0.7070891714923446, 0.6885946550965474, 0.9648655540032782, 0.6883694785409264, 0.5749999599064537, 0.6248382169379918, 0.0, 0.7059880999911536, 0.9052290012356643, 0.6802871134369386, 0.6282663324579281, 0.7262532215538169, 0.7913701476426187, 0.7676594635153837, 0.5211112747454694, 0.692161575676794, 0.7842826457136298, 0.7263586262738702, 0.8499726607682503, 0.6818380075762085, 0.7302196931711866, 0.6714414103706035, 0.6020479228540088, 0.772009592733268, 0.6262156380221031, 0.5846314817519809, 0.6915027766845612, 0.7035376425949147, 0.8012943326727588, 0.9317703142111655, 0.836608734008454], [0.6569974957318239, 0.6827236173996782, 0.7665997169780827, 0.5857510278921054, 0.6866387006268693, 0.7158686545580069, 0.6458021754065155, 0.8032981384625553, 0.7390114073821239, 0.7059880999911536, 0.0, 0.7848016917509297, 0.5867145152699631, 0.6064202796704119, 0.7901970644681222, 0.7642366242740708, 0.6680342865552351, 0.7546266383709177, 0.7767647353550857, 0.7728341427349184, 0.7747377485380726, 0.6591110558093254, 0.6612537526069602, 0.6486047206222836, 0.6978994139185191, 0.7383808246741534, 0.7856746212675207, 0.710823206630147, 0.8191489785084471, 0.6487458357139506, 0.6271499928518909, 0.6982356015332072, 0.7172311021251228, 0.6871427099694414], [0.8221788621815569, 0.7458661538845213, 0.8894439701330417, 0.7443313746408766, 0.7117007034667606, 0.3224868542250465, 0.7752851591277488, 0.8569506907117226, 0.7662381081507852, 0.9052290012356643, 0.7848016917509297, 0.0, 0.8307909274409455, 0.7293804085696025, 0.7497329678894626, 0.5398779551180342, 0.7172724911688242, 1.0092237478468178, 0.5293682568787543, 0.5996465792093615, 0.6688746958899241, 0.5601486527221116, 0.5838460822740257, 0.7044699874500866, 0.7565398600775348, 0.9557796678833061, 0.5767250455875543, 0.7075091091406418, 1.0999345024201692, 0.6290481276395306, 0.727095138965266, 0.7672681506882195, 0.5612596529921818, 0.40816582120153777], [0.7191676984261237, 0.5788166161710222, 0.6511142136362613, 0.6774655922393737, 0.7284480680805108, 0.7375172013831783, 0.6653969962706998, 0.6104068172876771, 0.7142493207439125, 0.6802871134369386, 0.5867145152699631, 0.8307909274409455, 0.0, 0.5413340802773778, 0.686123253957792, 0.7723187327508458, 0.623197102067055, 0.7858145108968024, 0.7874627577951687, 0.6726681546325792, 0.6627309047186196, 0.7785772609912314, 0.7219526566126404, 0.7322600869801734, 0.833937388898542, 0.8039499400786567, 0.7764788964113307, 0.7317520104123381, 0.6743437846798408, 0.7331926035278968, 0.640074201571645, 0.7722132460796762, 0.8962192745789119, 0.7337035721657781], [0.5917998507445146, 0.6788955810163058, 0.7367526086945544, 0.7288614814746426, 0.6312860217015563, 0.6768584053125104, 0.6236243864782194, 0.7192766185684578, 0.7002758462428009, 0.6282663324579281, 0.6064202796704119, 0.7293804085696025, 0.5413340802773778, 0.0, 0.6250652338683773, 0.8319956212371733, 0.7729250472676519, 0.8282927068574681, 0.6760607756689132, 0.7815248372618329, 0.8333088681178569, 0.7768231663408187, 0.6856954459535185, 0.7284313239252607, 0.7451828376353555, 0.7884652445556808, 0.8232749537544393, 0.6458194126310621, 0.7134657284063819, 0.6613775356686746, 0.7646255715845844, 0.714991299407896, 0.7614757655626374, 0.7900863457088703], [0.594453258360917, 0.7766378116353345, 0.7165070600393666, 0.7620150979762119, 0.6471576844829314, 0.8037579299250712, 0.6897238853957455, 0.6172392755174381, 0.7252434002753452, 0.7262532215538169, 0.7901970644681222, 0.7497329678894626, 0.686123253957792, 0.6250652338683773, 0.0, 0.6703223994605099, 0.6161573652254553, 0.5572935690061229, 0.771429396415495, 0.7736552561685803, 0.7389713729109819, 0.6876344089867057, 0.8230708386418868, 0.6966654346110579, 0.8541650234737754, 0.6643095006106114, 0.6994779772512818, 0.7261578872353933, 0.6669412879558763, 0.7867929783522634, 0.5996859289302199, 0.7104223017238485, 0.7870377939234412, 0.782369090921675], [0.8339121572604542, 0.765653442902289, 0.8284218975899158, 0.7286509606777409, 0.7082116493538491, 0.6420309748174833, 0.6197600923294033, 0.7094898303245782, 0.7559736511809441, 0.7913701476426187, 0.7642366242740708, 0.5398779551180342, 0.7723187327508458, 0.8319956212371733, 0.6703223994605099, 0.0, 0.7454080970160195, 0.8606591805650698, 0.5760152323934153, 0.7396605920468415, 0.745717662365432, 0.6475274873284029, 0.7028731728750783, 0.7324458235728089, 0.7444748603595266, 0.7327369794277878, 0.6366074316694634, 0.8515921973968645, 0.9991149005314048, 0.560981239177982, 0.7196057746461209, 0.7364530829329685, 0.5128159737393769, 0.5038512141533638], [0.7175695148391088, 0.6783445404458064, 0.7314859634216995, 0.6124940776579306, 0.8444841852662195, 0.6888765595941784, 0.7749173228522095, 0.6437176029325935, 0.8265803565091545, 0.7676594635153837, 0.6680342865552351, 0.7172724911688242, 0.623197102067055, 0.7729250472676519, 0.6161573652254553, 0.7454080970160195, 0.0, 0.7279050001749179, 0.7115542957759982, 0.7089208167238081, 0.7138901865797807, 0.6219513716951419, 0.7269698650455507, 0.7425848840672102, 0.7720776490925398, 0.7053794225882111, 0.6803865260049755, 0.652377137338306, 0.6710989157830927, 0.8036580168208476, 0.6921534130009306, 0.6969945376604478, 0.600256658738628, 0.5819340409790643], [0.653379449283356, 0.6649605657812678, 0.6070810223286525, 0.6794260352254864, 0.7222015689296373, 0.9844404616670377, 0.6184913692006329, 0.5679832046451467, 0.7262267105336313, 0.5211112747454694, 0.7546266383709177, 1.0092237478468178, 0.7858145108968024, 0.8282927068574681, 0.5572935690061229, 0.8606591805650698, 0.7279050001749179, 0.0, 0.764154310902124, 0.6982317637518034, 0.5621394312179933, 0.8338162562529599, 0.7517372923799357, 0.6422100474552208, 0.7014631459615905, 0.49444723770358645, 0.7463616993086553, 0.7454449522750795, 0.45281329269027104, 0.8998247527109566, 0.7058313990025957, 0.6329670413683282, 0.8605045611820852, 0.8504276975015901], [0.8038108225705693, 0.7529510309945626, 0.576873582443731, 0.8439790507633151, 0.7985638286051042, 0.5565072241296987, 0.6857975694699929, 0.712520999793405, 0.6749234923065681, 0.692161575676794, 0.7767647353550857, 0.5293682568787543, 0.7874627577951687, 0.6760607756689132, 0.771429396415495, 0.5760152323934153, 0.7115542957759982, 0.764154310902124, 0.0, 0.7682774015986784, 0.6575419197141921, 0.5927793184059229, 0.6956307371849901, 0.5717747582965813, 0.6911935039647132, 0.7518082128270738, 0.6658225575253953, 0.8519653013553237, 0.7854398935922176, 0.8415622640442637, 0.840735504146535, 0.7932320168345646, 0.63821308797707, 0.5846234395785774], [0.7830656196609573, 0.7801743139985324, 0.7417745295686715, 0.7571022609126254, 0.7422507080445462, 0.5527713940776462, 0.8847453095511413, 0.7874189768799713, 0.8804289409561084, 0.7842826457136298, 0.7728341427349184, 0.5996465792093615, 0.6726681546325792, 0.7815248372618329, 0.7736552561685803, 0.7396605920468415, 0.7089208167238081, 0.6982317637518034, 0.7682774015986784, 0.0, 0.6699440707851692, 0.7618029532275314, 0.6731803746840268, 0.7473512829371103, 0.6641512591943981, 0.7632988390247704, 0.5499096310433418, 0.7153288777827485, 0.709092988196476, 0.6779506637769812, 0.7127591937232332, 0.5933151579254814, 0.47034361167922323, 0.5622274878571842], [0.7562661489038671, 0.7205426908912385, 0.6119189376167757, 0.7831009930145407, 0.6609615250811953, 0.7104172041098566, 0.632025581080703, 0.6683599117370731, 0.6627152978306767, 0.7263586262738702, 0.7747377485380726, 0.6688746958899241, 0.6627309047186196, 0.8333088681178569, 0.7389713729109819, 0.745717662365432, 0.7138901865797807, 0.5621394312179933, 0.6575419197141921, 0.6699440707851692, 0.0, 0.6829051902896706, 0.686105134424799, 0.8033145037342846, 0.7218556649122203, 0.6266062938413199, 0.7562693578323902, 0.9090185609709116, 0.6079893987537484, 0.7155326783183718, 0.7212581658908259, 0.6727904431779359, 0.7985148683727419, 0.8159300159899541], [0.6722763165346115, 0.8267808214216819, 0.779786731742171, 0.7492490068874984, 0.8188538225611566, 0.6091313750511496, 0.7113995919394387, 0.7265174638893006, 0.8301751712200549, 0.8499726607682503, 0.6591110558093254, 0.5601486527221116, 0.7785772609912314, 0.7768231663408187, 0.6876344089867057, 0.6475274873284029, 0.6219513716951419, 0.8338162562529599, 0.5927793184059229, 0.7618029532275314, 0.6829051902896706, 0.0, 0.734550530907552, 0.6004238027918365, 0.6559901695793817, 0.7905461766400839, 0.5758101294962099, 0.816406884176389, 0.8471845453783391, 0.5894726963829935, 0.730766651880528, 0.6679250198820039, 0.5743597046301747, 0.5575550318327038], [0.6485350856751406, 0.6433096343299542, 0.7576838610665946, 0.7871944230311434, 0.6871773966064603, 0.7769477124646711, 0.754643331544496, 0.7910079622223332, 0.7148145789138569, 0.6818380075762085, 0.6612537526069602, 0.5838460822740257, 0.7219526566126404, 0.6856954459535185, 0.8230708386418868, 0.7028731728750783, 0.7269698650455507, 0.7517372923799357, 0.6956307371849901, 0.6731803746840268, 0.686105134424799, 0.734550530907552, 0.0, 0.7178745105556514, 0.7809025769731366, 0.6697264880742058, 0.7134611091693663, 0.7423601574290859, 0.5621490668992704, 0.6538085236534268, 0.7552832359258486, 0.7039508074840586, 0.6333107304103587, 0.732952959637448], [0.669532794254015, 0.7995403190774002, 0.6059027436651947, 0.8675667448459741, 0.7192216444185513, 0.6521481209323188, 0.7658556602172901, 0.7807828585571466, 0.6427623786054169, 0.7302196931711866, 0.6486047206222836, 0.7044699874500866, 0.7322600869801734, 0.7284313239252607, 0.6966654346110579, 0.7324458235728089, 0.7425848840672102, 0.6422100474552208, 0.5717747582965813, 0.7473512829371103, 0.8033145037342846, 0.6004238027918365, 0.7178745105556514, 0.0, 0.588444654491384, 0.7015383410000575, 0.6907827161373339, 0.6916397049222243, 0.7721608832104361, 0.6783211843961754, 0.7537663833378392, 0.756379108147103, 0.6551599614216552, 0.7020285112187281], [0.7975803359494102, 0.7270525923368205, 0.6410158639558057, 0.699967551366246, 0.6957637460810948, 0.6122684659974118, 0.7228560230108934, 0.726913359462068, 0.6309473338951948, 0.6714414103706035, 0.6978994139185191, 0.7565398600775348, 0.833937388898542, 0.7451828376353555, 0.8541650234737754, 0.7444748603595266, 0.7720776490925398, 0.7014631459615905, 0.6911935039647132, 0.6641512591943981, 0.7218556649122203, 0.6559901695793817, 0.7809025769731366, 0.588444654491384, 0.0, 0.7069693920146438, 0.5821325292523205, 0.5851645704133783, 0.71909282673623, 0.732600346023272, 0.6596436689890142, 0.8817242921941937, 0.5980531024397275, 0.6853810590913745], [0.6073394210648464, 0.6139759582829709, 0.5766231132578865, 0.5234114152391203, 0.7873009534156625, 1.1909012218806079, 0.6632530398193808, 0.6415606016279067, 0.7095590909123393, 0.6020479228540088, 0.7383808246741534, 0.9557796678833061, 0.8039499400786567, 0.7884652445556808, 0.6643095006106114, 0.7327369794277878, 0.7053794225882111, 0.49444723770358645, 0.7518082128270738, 0.7632988390247704, 0.6266062938413199, 0.7905461766400839, 0.6697264880742058, 0.7015383410000575, 0.7069693920146438, 0.0, 0.6811407674628034, 0.6505376570544379, 0.525892678309319, 1.0269490733380797, 0.6337542354785413, 0.6001514522756926, 0.7838442832693637, 0.8687034821174187], [0.8658174948749164, 0.8226044693046017, 0.7026191506057546, 0.8137452700995693, 0.7827039496105923, 0.5518029131978797, 0.7935488621643267, 0.6535155775092021, 0.6738607439177418, 0.772009592733268, 0.7856746212675207, 0.5767250455875543, 0.7764788964113307, 0.8232749537544393, 0.6994779772512818, 0.6366074316694634, 0.6803865260049755, 0.7463616993086553, 0.6658225575253953, 0.5499096310433418, 0.7562693578323902, 0.5758101294962099, 0.7134611091693663, 0.6907827161373339, 0.5821325292523205, 0.6811407674628034, 0.0, 0.6491917921426806, 0.6727478351232463, 0.8465197838672796, 0.773605024247531, 0.7539275961964205, 0.5897256976351948, 0.5837436179337012], [0.7652096980696883, 0.6162078382742271, 0.6926281113483326, 0.6575099802042583, 0.6034996770612484, 0.7278661520538696, 0.666432194951952, 0.7404264720604194, 0.676329131899569, 0.6262156380221031, 0.710823206630147, 0.7075091091406418, 0.7317520104123381, 0.6458194126310621, 0.7261578872353933, 0.8515921973968645, 0.652377137338306, 0.7454449522750795, 0.8519653013553237, 0.7153288777827485, 0.9090185609709116, 0.816406884176389, 0.7423601574290859, 0.6916397049222243, 0.5851645704133783, 0.6505376570544379, 0.6491917921426806, 0.0, 0.5440557611620755, 0.8137944300919493, 0.6479745101508951, 0.6369000801555864, 0.6790161877792875, 0.9239938870147288], [0.5421641639801786, 0.5869813210434507, 0.5412153783116878, 0.730266515230231, 0.7072920313842475, 1.150647036806963, 0.6378979437334606, 0.671506411120353, 0.6651062457107608, 0.5846314817519809, 0.8191489785084471, 1.0999345024201692, 0.6743437846798408, 0.7134657284063819, 0.6669412879558763, 0.9991149005314048, 0.6710989157830927, 0.45281329269027104, 0.7854398935922176, 0.709092988196476, 0.6079893987537484, 0.8471845453783391, 0.5621490668992704, 0.7721608832104361, 0.71909282673623, 0.525892678309319, 0.6727478351232463, 0.5440557611620755, 0.0, 0.9239820108897259, 0.7324207759963437, 0.5844383126017125, 0.8420584657288168, 0.9847750537428113], [0.5452068667083276, 0.7026540898341915, 0.8450149505200728, 0.6949159075010238, 0.6166177841249167, 0.4898758042511766, 0.622285697893916, 0.834358325070325, 0.7521238485270396, 0.6915027766845612, 0.6487458357139506, 0.6290481276395306, 0.7331926035278968, 0.6613775356686746, 0.7867929783522634, 0.560981239177982, 0.8036580168208476, 0.8998247527109566, 0.8415622640442637, 0.6779506637769812, 0.7155326783183718, 0.5894726963829935, 0.6538085236534268, 0.6783211843961754, 0.732600346023272, 1.0269490733380797, 0.8465197838672796, 0.8137944300919493, 0.9239820108897259, 0.0, 0.600675447745511, 0.7826783460336384, 0.7840906305632176, 0.6943654159202244], [0.5495180413633041, 0.7360407341127655, 0.8215357968707773, 0.6081407297719261, 0.7717649542913672, 0.7670857895833136, 0.7300735376426086, 0.7035085749364092, 0.8213815257036852, 0.7035376425949147, 0.6271499928518909, 0.727095138965266, 0.640074201571645, 0.7646255715845844, 0.5996859289302199, 0.7196057746461209, 0.6921534130009306, 0.7058313990025957, 0.840735504146535, 0.7127591937232332, 0.7212581658908259, 0.730766651880528, 0.7552832359258486, 0.7537663833378392, 0.6596436689890142, 0.6337542354785413, 0.773605024247531, 0.6479745101508951, 0.7324207759963437, 0.600675447745511, 0.0, 0.707536292308576, 0.814240632706366, 0.7935485079560964], [0.681870935019464, 0.6342097403263613, 0.6821813276297666, 0.6880501552020253, 0.7629543474725953, 0.7738980987272628, 0.747527014666092, 0.7043210966316353, 0.7007054850644079, 0.8012943326727588, 0.6982356015332072, 0.7672681506882195, 0.7722132460796762, 0.714991299407896, 0.7104223017238485, 0.7364530829329685, 0.6969945376604478, 0.6329670413683282, 0.7932320168345646, 0.5933151579254814, 0.6727904431779359, 0.6679250198820039, 0.7039508074840586, 0.756379108147103, 0.8817242921941937, 0.6001514522756926, 0.7539275961964205, 0.6369000801555864, 0.5844383126017125, 0.7826783460336384, 0.707536292308576, 0.0, 0.6549401771763987, 0.687417344584137], [0.695799908727722, 0.7927825795389933, 0.8790369262395379, 0.7643720689720266, 0.7140908780114583, 0.5501278445820474, 0.8208623193550553, 0.8228452564150261, 0.7693782533104239, 0.9317703142111655, 0.7172311021251228, 0.5612596529921818, 0.8962192745789119, 0.7614757655626374, 0.7870377939234412, 0.5128159737393769, 0.600256658738628, 0.8605045611820852, 0.63821308797707, 0.47034361167922323, 0.7985148683727419, 0.5743597046301747, 0.6333107304103587, 0.6551599614216552, 0.5980531024397275, 0.7838442832693637, 0.5897256976351948, 0.6790161877792875, 0.8420584657288168, 0.7840906305632176, 0.814240632706366, 0.6549401771763987, 0.0, 0.4776220755985845], [0.8618102170196162, 0.6929692762621114, 0.8058348028305369, 0.7809163304514675, 0.7709403549363727, 0.3901488588117963, 0.8787411429843832, 0.7675688775250298, 0.796325666827582, 0.836608734008454, 0.6871427099694414, 0.40816582120153777, 0.7337035721657781, 0.7900863457088703, 0.782369090921675, 0.5038512141533638, 0.5819340409790643, 0.8504276975015901, 0.5846234395785774, 0.5622274878571842, 0.8159300159899541, 0.5575550318327038, 0.732952959637448, 0.7020285112187281, 0.6853810590913745, 0.8687034821174187, 0.5837436179337012, 0.9239938870147288, 0.9847750537428113, 0.6943654159202244, 0.7935485079560964, 0.687417344584137, 0.4776220755985845, 0.0]]