[[1.0, 0.9811088013367079, 0.9615358547664198, 0.9931899971731508, 0.9807841478165786, 0.9051663725261713, 0.9849310694168792, 0.9826923161587658, 0.9503895144187157, 0.9599512567484128, 0.9806499150747687, 0.9442096998300459, 0.9582660088306268, 0.9792301613988791, 0.9822480819726416, 0.7706019093549887, 0.8689840314490173, 0.8644686767983012, 0.7155716341433827, 0.9597427021059629, 0.8731296349705021, 0.9669962123265238, 0.9894636594596161, 0.9785701914460566, 0.9812170071502354, 0.9094770117767893, 0.5365578181300907, 0.692064675197123, 0.3621914900262345, 0.8586630818593521, 0.9781521901195561, 0.9759646518434432, 0.9437113543788133, 0.826144290765175], [0.9811088013367079, 1.0, 0.9554906759096715, 0.9804390456291815, 0.97733593755923, 0.8986134747570346, 0.9867298189737586, 0.983820571090524, 0.9649312721871244, 0.9506401774901125, 0.9775068092923045, 0.9288436613417094, 0.9673771302126064, 0.9751920446749567, 0.9835888305403652, 0.7662389851382934, 0.8779204685335794, 0.8544774316598472, 0.7224131915048723, 0.9768169183883612, 0.8656509596307581, 0.9680133671836302, 0.9866775363282881, 0.9811481309688769, 0.9778559985556364, 0.9038375179480636, 0.5403285938824962, 0.6978260534890623, 0.351740613534169, 0.8710503698702279, 0.9741743141453476, 0.9727920018945917, 0.9591236281259448, 0.8403047866065639], [0.9615358547664198, 0.9554906759096715, 1.0, 0.9585170113537337, 0.9756565472629019, 0.9415700799145956, 0.976692449943988, 0.949132286405488, 0.9522359954346219, 0.9904986683455136, 0.9688014110152935, 0.9449743573034248, 0.9758712885177255, 0.978805510091012, 0.9839184644128691, 0.8326217481223789, 0.9266208522770151, 0.9289504617243194, 0.746404721158981, 0.9592770043817055, 0.8889682485439551, 0.9795771933801847, 0.9477358332467414, 0.9860345407614584, 0.9726350001798595, 0.9222452046017947, 0.623904269483287, 0.7333322906409765, 0.4189356767471297, 0.8363606160886776, 0.9782117737535432, 0.9336195842037884, 0.9569603150306417, 0.8451459872186776], [0.9931899971731508, 0.9804390456291815, 0.9585170113537337, 1.0, 0.9745000180122406, 0.8858842669283501, 0.977671501433238, 0.9917958147351357, 0.9643381572921926, 0.9555823233330543, 0.9744689359261771, 0.9304482349089452, 0.9605399924589615, 0.9729031460612758, 0.9756402369484788, 0.7934064662865409, 0.8814266136424546, 0.8498341539753034, 0.7478663092368014, 0.9655191659528242, 0.8851593542162969, 0.957196608474422, 0.986243758566523, 0.9750401226500459, 0.9746628105630109, 0.9148833057858637, 0.5356032520554089, 0.719723773333413, 0.35235782211586747, 0.8822457040868814, 0.9729550579862933, 0.9708186946248006, 0.9359898403894102, 0.847630635609635], [0.9807841478165786, 0.97733593755923, 0.9756565472629019, 0.9745000180122406, 1.0, 0.9128503513901773, 0.9961230152312444, 0.962213324409284, 0.9422098038488629, 0.9732513347381079, 0.9990027100877227, 0.9229582740062353, 0.9543964586831339, 0.9983593247331836, 0.9926375214090223, 0.7470516409093337, 0.8591161092553369, 0.8756256568683874, 0.6725471978131641, 0.9520295560184022, 0.8348469601925416, 0.97688699364491, 0.965096348212176, 0.9925307091595891, 0.999390082187256, 0.8754394060886475, 0.5232766273972799, 0.6513120598643675, 0.34136017486347153, 0.8050236764328266, 0.9974122688684377, 0.9393586187656249, 0.9340751604905444, 0.7812136880237732], [0.9051663725261713, 0.8986134747570346, 0.9415700799145956, 0.8858842669283501, 0.9128503513901773, 1.0, 0.9209733524444478, 0.8801780073203553, 0.8781854041016603, 0.9115236170956224, 0.9051323653517841, 0.9755318622043367, 0.9037498187843783, 0.9192532210683622, 0.936531760294396, 0.727749743827284, 0.850388550409964, 0.953041228961752, 0.6339828011498247, 0.9302190449458717, 0.8060806741252847, 0.9639307259438777, 0.9063610497727036, 0.9191128719966903, 0.9132600485931358, 0.9267721558122715, 0.6963198353145017, 0.663002811218415, 0.5053057767588641, 0.7916509319137757, 0.9133991900964334, 0.9081572532340342, 0.9648151434394154, 0.7779218108744107], [0.9849310694168792, 0.9867298189737586, 0.976692449943988, 0.977671501433238, 0.9961230152312444, 0.9209733524444478, 1.0, 0.9689232244929513, 0.9536093704656541, 0.9746044611393703, 0.9954036350900226, 0.9329625395608729, 0.9641274557745554, 0.9949775460733606, 0.9972595659974989, 0.7590180503262708, 0.8733393958415345, 0.8823727394787906, 0.6918729059854398, 0.9643570202376198, 0.8499249727769875, 0.9831713509930312, 0.9758223684248055, 0.9941303470303455, 0.9962020140463803, 0.8956074398007529, 0.5427918073187104, 0.6723585154856734, 0.3560349299612421, 0.8304233288409532, 0.9934810531955742, 0.9514761908209861, 0.9508927438009623, 0.8031564906419656], [0.9826923161587658, 0.983820571090524, 0.949132286405488, 0.9917958147351357, 0.962213324409284, 0.8801780073203553, 0.9689232244929513, 1.0, 0.9700847623020812, 0.9455406077515046, 0.9604726561577555, 0.9326877409148683, 0.9652587695043462, 0.9616203282968353, 0.968086534277791, 0.8102511904230519, 0.8927697163632231, 0.8518499272030539, 0.7668919798369551, 0.9741491292431204, 0.8981462040547501, 0.9536693344820689, 0.9906115995421485, 0.9691992350145684, 0.9613332582662443, 0.9217443165662836, 0.55576770237221, 0.7439259453540737, 0.36652060793027125, 0.9003689068583306, 0.9614824920482198, 0.9771544409420151, 0.9445818072728609, 0.875363802681901], [0.9503895144187157, 0.9649312721871244, 0.9522359954346219, 0.9643381572921926, 0.9422098038488629, 0.8781854041016603, 0.9536093704656541, 0.9700847623020812, 1.0, 0.9570871366946889, 0.9369977179729628, 0.9119833379346419, 0.9826313188024994, 0.9442991800129263, 0.95818622697909, 0.865235908492668, 0.9459802193946324, 0.8748883075999331, 0.8328033675098861, 0.9834597176367961, 0.9394025823701897, 0.9497732098546403, 0.9569263406927336, 0.9568460423170996, 0.9394948135991892, 0.9392959709649619, 0.6264529554489807, 0.8195904627138166, 0.41171903281809763, 0.9353936944768475, 0.9458891250141718, 0.9486503537128432, 0.9432158267717039, 0.9074192666640377], [0.9599512567484128, 0.9506401774901125, 0.9904986683455136, 0.9555823233330543, 0.9732513347381079, 0.9115236170956224, 0.9746044611393703, 0.9455406077515046, 0.9570871366946889, 1.0, 0.9667088349474973, 0.9214109679657986, 0.9761128754807251, 0.9764796155802526, 0.9776912242843594, 0.8390576483454174, 0.9314026610246557, 0.9136190778558686, 0.7575588127765222, 0.9504769426979556, 0.9029247959916715, 0.966236080284007, 0.9431429160699546, 0.9799931849978164, 0.9691912629029111, 0.9064269245970151, 0.6018248251251979, 0.7414603152676827, 0.40463641170249004, 0.8368107580641421, 0.9741870156742753, 0.9252203176705193, 0.9353011853971028, 0.843689929806258], [0.9806499150747687, 0.9775068092923045, 0.9688014110152935, 0.9744689359261771, 0.9990027100877227, 0.9051323653517841, 0.9954036350900226, 0.9604726561577555, 0.9369977179729628, 0.9667088349474973, 1.0, 0.9149612152276835, 0.9460251228749723, 0.9961579413239502, 0.9898806862765458, 0.7303547613870226, 0.8456575469619568, 0.8600467949060087, 0.6612882141364331, 0.9473456768003008, 0.822213474253745, 0.9709763791465419, 0.9635125134146624, 0.9885833752345222, 0.9996266843032069, 0.868024126922219, 0.5039285528209194, 0.6356627718615168, 0.32491201567034633, 0.8005687794698283, 0.9952087014208213, 0.9358899807974523, 0.9283033133843703, 0.7709279234972948], [0.9442096998300459, 0.9288436613417094, 0.9449743573034248, 0.9304482349089452, 0.9229582740062353, 0.9755318622043367, 0.9329625395608729, 0.9326877409148683, 0.9119833379346419, 0.9214109679657986, 0.9149612152276835, 1.0, 0.9344426789429459, 0.929694248961624, 0.9464094815155996, 0.7792116061430312, 0.878137294126967, 0.9437103659153624, 0.6972435170753496, 0.9549604491379176, 0.8666349753166686, 0.9683607261929988, 0.9543767086364554, 0.9347218348679124, 0.9222704479822027, 0.9520913190376176, 0.6919342026677581, 0.724433750873574, 0.5135619625197558, 0.8546596842787069, 0.9249734379860515, 0.9630764838623957, 0.9766029106672448, 0.8393957197601576], [0.9582660088306268, 0.9673771302126064, 0.9758712885177255, 0.9605399924589615, 0.9543964586831339, 0.9037498187843783, 0.9641274557745554, 0.9652587695043462, 0.9826313188024994, 0.9761128754807251, 0.9460251228749723, 0.9344426789429459, 1.0, 0.959797122472916, 0.9722549406565169, 0.8792004571662453, 0.9532618095441951, 0.9142824551901857, 0.8162905476156718, 0.9758492523757899, 0.9436926207253781, 0.96755277469501, 0.9609984866391454, 0.976372150128446, 0.9499673503297543, 0.9313376900849587, 0.6480034486302177, 0.807372045406262, 0.4424523539322373, 0.8945852322583029, 0.9610182261389779, 0.9566798430092878, 0.9591370644274626, 0.8994385410422383], [0.9792301613988791, 0.9751920446749567, 0.978805510091012, 0.9729031460612758, 0.9983593247331836, 0.9192532210683622, 0.9949775460733606, 0.9616203282968353, 0.9442991800129263, 0.9764796155802526, 0.9961579413239502, 0.929694248961624, 0.959797122472916, 1.0, 0.9938913045499844, 0.7570324789640134, 0.8655938843889215, 0.8921467745097634, 0.6770105960697459, 0.9554029897390505, 0.8431507904943141, 0.9820640661921557, 0.9658511612436295, 0.9941160672969839, 0.997620588368669, 0.8804220167483079, 0.5417056079892846, 0.6625582288697717, 0.35952967394200014, 0.8076594425687572, 0.9981776583191272, 0.94152813945462, 0.9390875516403028, 0.784802961730058], [0.9822480819726416, 0.9835888305403652, 0.9839184644128691, 0.9756402369484788, 0.9926375214090223, 0.936531760294396, 0.9972595659974989, 0.968086534277791, 0.95818622697909, 0.9776912242843594, 0.9898806862765458, 0.9464094815155996, 0.9722549406565169, 0.9938913045499844, 1.0, 0.7783202144285057, 0.8885969907418706, 0.9059765432787078, 0.7054958898040835, 0.9720034310225896, 0.8630373866267832, 0.9908964269300148, 0.9757646468068077, 0.9959081707323326, 0.9921910751012617, 0.9102869299815534, 0.5771408751399719, 0.6937888872999832, 0.3855188611569701, 0.8393169606640412, 0.9929048323953691, 0.9548313239081402, 0.9615554056312571, 0.8161758193673784], [0.7706019093549887, 0.7662389851382934, 0.8326217481223789, 0.7934064662865409, 0.7470516409093337, 0.727749743827284, 0.7590180503262708, 0.8102511904230519, 0.865235908492668, 0.8390576483454174, 0.7303547613870226, 0.7792116061430312, 0.8792004571662453, 0.7570324789640134, 0.7783202144285057, 1.0, 0.951301725649734, 0.8033043398672874, 0.9508672727063838, 0.8221077895689238, 0.9527342438402517, 0.7797415777076421, 0.7786500534421167, 0.7931562677556346, 0.7365172613365383, 0.8521710939900979, 0.7199007928878425, 0.9444628244167551, 0.5047787973765776, 0.8553444866591282, 0.7613134958169651, 0.7859875948277417, 0.7944474624571237, 0.9353151772759953], [0.8689840314490173, 0.8779204685335794, 0.9266208522770151, 0.8814266136424546, 0.8591161092553369, 0.850388550409964, 0.8733393958415345, 0.8927697163632231, 0.9459802193946324, 0.9314026610246557, 0.8456575469619568, 0.878137294126967, 0.9532618095441951, 0.8655938843889215, 0.8885969907418706, 0.951301725649734, 1.0, 0.8867848523295783, 0.90571883704428, 0.9251184996241004, 0.9676608143990438, 0.8885597948755897, 0.8762641224990643, 0.8918877120298475, 0.8509100636514743, 0.9325257891144553, 0.7310910105603714, 0.9010637618995369, 0.5035414731070228, 0.9095578011234476, 0.864585364721497, 0.882262525872721, 0.9058297031075854, 0.9528385504027113], [0.8644686767983014, 0.8544774316598475, 0.9289504617243196, 0.8498341539753037, 0.8756256568683877, 0.9530412289617523, 0.8823727394787908, 0.8518499272030541, 0.8748883075999333, 0.9136190778558689, 0.8600467949060089, 0.9437103659153627, 0.9142824551901859, 0.8921467745097638, 0.905976543278708, 0.8033043398672874, 0.8867848523295785, 1.0, 0.6812722482306379, 0.9042254916414924, 0.8577956443634616, 0.9423874580917768, 0.8704063270206152, 0.8995196466006772, 0.8711376038494384, 0.9020183335002899, 0.7888762573018794, 0.7430797754667177, 0.6139338368475462, 0.780319714765103, 0.8886095299175854, 0.875189124344696, 0.9295204726592292, 0.7930205218199645], [0.7155716341433827, 0.7224131915048723, 0.746404721158981, 0.7478663092368014, 0.6725471978131641, 0.6339828011498247, 0.6918729059854398, 0.7668919798369551, 0.8328033675098861, 0.7575588127765222, 0.6612882141364331, 0.6972435170753496, 0.8162905476156718, 0.6770105960697459, 0.7054958898040835, 0.9508672727063838, 0.90571883704428, 0.6812722482306379, 1.0, 0.7753201176886197, 0.921400888076735, 0.6941026938087829, 0.7282487634552396, 0.7153913958400857, 0.6646105231387412, 0.8119672397188646, 0.6316966842170492, 0.9495709274068596, 0.4197056017299222, 0.8891638947688353, 0.682366234011299, 0.7422604396626854, 0.7314286164560886, 0.9414558196935141], [0.9597427021059629, 0.9768169183883612, 0.9592770043817055, 0.9655191659528242, 0.9520295560184022, 0.9302190449458717, 0.9643570202376198, 0.9741491292431204, 0.9834597176367961, 0.9504769426979556, 0.9473456768003008, 0.9549604491379176, 0.9758492523757899, 0.9554029897390505, 0.9720034310225896, 0.8221077895689238, 0.9251184996241004, 0.9042254916414921, 0.7753201176886197, 1.0, 0.9079918726904507, 0.9736882960781079, 0.973802270688039, 0.9637621139511704, 0.95125655084048, 0.9570190609727011, 0.6483044155176882, 0.7774185265682327, 0.4379732072007692, 0.922566253938204, 0.9527081258086603, 0.9706017258582282, 0.9774708366922125, 0.890004187388404], [0.8731296349705021, 0.8656509596307581, 0.8889682485439551, 0.8851593542162969, 0.8348469601925416, 0.8060806741252847, 0.8499249727769875, 0.8981462040547501, 0.9394025823701897, 0.9029247959916715, 0.822213474253745, 0.8666349753166686, 0.9436926207253781, 0.8431507904943141, 0.8630373866267832, 0.9527342438402517, 0.9676608143990438, 0.8577956443634613, 0.921400888076735, 0.9079918726904507, 1.0, 0.8633118549728978, 0.8818754411989957, 0.8668564729480873, 0.8272752683063208, 0.9208611784492571, 0.7059231459451121, 0.926756578713045, 0.5077004193240682, 0.9290794756269413, 0.8446590986672378, 0.8993520833623893, 0.8803687000419734, 0.9591624552995895], [0.9669962123265238, 0.9680133671836302, 0.9795771933801847, 0.957196608474422, 0.97688699364491, 0.9639307259438777, 0.9831713509930312, 0.9536693344820689, 0.9497732098546403, 0.966236080284007, 0.9709763791465419, 0.9683607261929988, 0.96755277469501, 0.9820640661921557, 0.9908964269300148, 0.7797415777076421, 0.8885597948755897, 0.9423874580917766, 0.6941026938087829, 0.9736882960781079, 0.8633118549728978, 1.0, 0.9675864084708946, 0.985037321544121, 0.9761215998599102, 0.9245715361781666, 0.6356096826309006, 0.7062528671913217, 0.44194956148492, 0.83808760214575, 0.9806480729105708, 0.9541867867203125, 0.9755858276355732, 0.8147692375415055], [0.9894636594596161, 0.9866775363282881, 0.9477358332467414, 0.986243758566523, 0.965096348212176, 0.9063610497727036, 0.9758223684248055, 0.9906115995421485, 0.9569263406927336, 0.9431429160699546, 0.9635125134146624, 0.9543767086364554, 0.9609984866391454, 0.9658511612436295, 0.9757646468068077, 0.7786500534421167, 0.8762641224990643, 0.8704063270206149, 0.7282487634552396, 0.973802270688039, 0.8818754411989957, 0.9675864084708946, 1.0, 0.9708024551957657, 0.9652373144877214, 0.9242374121725521, 0.5659431436158813, 0.7173450633694037, 0.38788442002587953, 0.886126670940621, 0.9632886199540756, 0.9884823844636945, 0.9596318148414299, 0.8510265892037286], [0.9785701914460566, 0.9811481309688769, 0.9860345407614584, 0.9750401226500459, 0.9925307091595891, 0.9191128719966903, 0.9941303470303455, 0.9691992350145684, 0.9568460423170996, 0.9799931849978164, 0.9885833752345222, 0.9347218348679124, 0.976372150128446, 0.9941160672969839, 0.9959081707323326, 0.7931562677556346, 0.8918877120298475, 0.899519646600677, 0.7153913958400857, 0.9637621139511704, 0.8668564729480873, 0.985037321544121, 0.9708024551957657, 1.0, 0.9907349953118194, 0.8944815351246668, 0.5670915356876497, 0.6990837625716009, 0.37618357811119424, 0.8289699612294092, 0.9946562526368666, 0.9483425644960203, 0.9511584774752464, 0.8175041174776304], [0.9812170071502354, 0.9778559985556364, 0.9726350001798595, 0.9746628105630109, 0.999390082187256, 0.9132600485931358, 0.9962020140463803, 0.9613332582662443, 0.9394948135991892, 0.9691912629029111, 0.9996266843032069, 0.9222704479822027, 0.9499673503297543, 0.997620588368669, 0.9921910751012617, 0.7365172613365383, 0.8509100636514734, 0.8711376038494382, 0.6646105231387412, 0.95125655084048, 0.8272752683063208, 0.9761215998599102, 0.9652373144877214, 0.9907349953118194, 1.0, 0.8742438080180444, 0.516806930042217, 0.6427373060299614, 0.33593456590447074, 0.8039907018657416, 0.9966838074360487, 0.9389217888335399, 0.9344161281385498, 0.7752555580874342], [0.9094770117767893, 0.9038375179480636, 0.9222452046017947, 0.9148833057858637, 0.8754394060886475, 0.9267721558122715, 0.8956074398007529, 0.9217443165662836, 0.9392959709649619, 0.9064269245970151, 0.868024126922219, 0.9520913190376176, 0.9313376900849587, 0.8804220167483079, 0.9102869299815534, 0.8521710939900979, 0.9325257891144542, 0.9020183335002897, 0.8119672397188646, 0.9570190609727011, 0.9208611784492571, 0.9245715361781666, 0.9242374121725521, 0.8944815351246668, 0.8742438080180444, 1.0, 0.7344935770408823, 0.8263832443226602, 0.5158146503205691, 0.9401427462572192, 0.87652195967434, 0.9346755942713674, 0.9584595344094707, 0.9246285841783414], [0.5365578181300907, 0.5403285938824962, 0.623904269483287, 0.5356032520554089, 0.5232766273972799, 0.6963198353145017, 0.5427918073187104, 0.55576770237221, 0.6264529554489807, 0.6018248251251979, 0.5039285528209194, 0.6919342026677581, 0.6480034486302177, 0.5417056079892846, 0.5771408751399719, 0.7199007928878425, 0.7310910105603718, 0.7888762573018794, 0.6316966842170492, 0.6483044155176882, 0.7059231459451121, 0.6356096826309006, 0.5659431436158813, 0.5670915356876497, 0.516806930042217, 0.7344935770408823, 1.0, 0.7664683251513387, 0.888303054103342, 0.6526168718395207, 0.5397238125116763, 0.5996510603480449, 0.6816785616113813, 0.6947349799541742], [0.692064675197123, 0.6978260534890623, 0.7333322906409765, 0.719723773333413, 0.6513120598643675, 0.663002811218415, 0.6723585154856734, 0.7439259453540737, 0.8195904627138166, 0.7414603152676827, 0.6356627718615168, 0.724433750873574, 0.807372045406262, 0.6625582288697717, 0.6937888872999832, 0.9444628244167551, 0.9010637618995374, 0.7430797754667177, 0.9495709274068596, 0.7774185265682327, 0.926756578713045, 0.7062528671913217, 0.7173450633694037, 0.6990837625716009, 0.6427373060299614, 0.8263832443226602, 0.7664683251513387, 1.0, 0.5658708578949233, 0.8801484436734387, 0.6654766162806709, 0.7410038626825254, 0.7435289799132998, 0.9232791747426021], [0.3621914900262344, 0.3517406135341689, 0.4189356767471297, 0.35235782211586736, 0.3413601748634714, 0.505305776758864, 0.356034929961242, 0.36652060793027114, 0.4117190328180976, 0.40463641170248993, 0.3249120156703463, 0.5135619625197557, 0.44245235393223725, 0.3595296739420001, 0.38551886115697004, 0.5047787973765775, 0.5035414731070219, 0.6139338368475461, 0.4197056017299221, 0.43797320720076915, 0.5077004193240681, 0.44194956148491993, 0.3878844200258795, 0.37618357811119413, 0.33593456590447074, 0.515814650320569, 0.888303054103342, 0.5658708578949232, 1.0, 0.44147729751332887, 0.35597759897126063, 0.4255244888192729, 0.47602157941618506, 0.47199932326552363], [0.8586630818593521, 0.8710503698702279, 0.8363606160886776, 0.8822457040868814, 0.8050236764328266, 0.7916509319137757, 0.8304233288409532, 0.9003689068583306, 0.9353936944768475, 0.8368107580641421, 0.8005687794698283, 0.8546596842787069, 0.8945852322583029, 0.8076594425687572, 0.8393169606640412, 0.8553444866591282, 0.9095578011234466, 0.7803197147651028, 0.8891638947688353, 0.922566253938204, 0.9290794756269413, 0.83808760214575, 0.886126670940621, 0.8289699612294092, 0.8039907018657416, 0.9401427462572192, 0.6526168718395207, 0.8801484436734387, 0.44147729751332887, 1.0, 0.8074473796434135, 0.8999395250769874, 0.8837375816202466, 0.9523211058708086], [0.9781521901195561, 0.9741743141453476, 0.9782117737535432, 0.9729550579862933, 0.9974122688684377, 0.9133991900964334, 0.9934810531955742, 0.9614824920482198, 0.9458891250141718, 0.9741870156742753, 0.9952087014208213, 0.9249734379860515, 0.9610182261389779, 0.9981776583191272, 0.9929048323953691, 0.7613134958169651, 0.864585364721496, 0.8886095299175851, 0.682366234011299, 0.9527081258086603, 0.8446590986672378, 0.9806480729105708, 0.9632886199540756, 0.9946562526368666, 0.9966838074360487, 0.87652195967434, 0.5397238125116763, 0.6654766162806709, 0.3559775989712607, 0.8074473796434135, 1.0, 0.9384387481221927, 0.9362360708043257, 0.7852870480649774], [0.9759646518434432, 0.9727920018945917, 0.9336195842037884, 0.9708186946248006, 0.9393586187656249, 0.9081572532340342, 0.9514761908209861, 0.9771544409420151, 0.9486503537128432, 0.9252203176705193, 0.9358899807974523, 0.9630764838623957, 0.9566798430092878, 0.94152813945462, 0.9548313239081402, 0.7859875948277417, 0.88226252587272, 0.8751891243446958, 0.7422604396626854, 0.9706017258582282, 0.8993520833623893, 0.9541867867203125, 0.9884823844636945, 0.9483425644960203, 0.9389217888335399, 0.9346755942713674, 0.5996510603480449, 0.7410038626825254, 0.425524488819273, 0.8999395250769874, 0.9384387481221927, 1.0, 0.964815305370318, 0.8717083254892449], [0.9437113543788133, 0.9591236281259448, 0.9569603150306417, 0.9359898403894102, 0.9340751604905444, 0.9648151434394154, 0.9508927438009623, 0.9445818072728609, 0.9432158267717039, 0.9353011853971028, 0.9283033133843703, 0.9766029106672448, 0.9591370644274626, 0.9390875516403028, 0.9615554056312571, 0.7944474624571237, 0.9058297031075844, 0.9295204726592289, 0.7314286164560886, 0.9774708366922125, 0.8803687000419734, 0.9755858276355732, 0.9596318148414299, 0.9511584774752464, 0.9344161281385498, 0.9584595344094707, 0.6816785616113813, 0.7435289799132998, 0.4760215794161851, 0.8837375816202466, 0.9362360708043257, 0.964815305370318, 1.0, 0.8715690908348508], [0.826144290765175, 0.8403047866065639, 0.8451459872186776, 0.847630635609635, 0.7812136880237732, 0.7779218108744107, 0.8031564906419656, 0.875363802681901, 0.9074192666640377, 0.843689929806258, 0.7709279234972948, 0.8393957197601576, 0.8994385410422383, 0.784802961730058, 0.8161758193673784, 0.9353151772759953, 0.9528385504027101, 0.7930205218199643, 0.9414558196935141, 0.890004187388404, 0.9591624552995895, 0.8147692375415055, 0.8510265892037286, 0.8175041174776304, 0.7752555580874342, 0.9246285841783425, 0.6947349799541739, 0.9232791747426017, 0.47199932326552374, 0.9523211058708098, 0.7852870480649765, 0.8717083254892459, 0.8715690908348518, 1.0]]