[[1.0, 0.9655011958340799, 0.9532598661785954, 0.9151156799726888, 0.97970506058629, 0.9700174663512303, 0.979393518558306, 0.8105941482258705, 0.9719446010825412, 0.9657718010510795, 0.9087589693837578, 0.9797390754236348, 0.9785665570977321, 0.9450472821435226, 0.950834293280779, 0.9729246998079489, 0.9680081620412809, 0.9514270038081476, 0.9512699505241494, 0.9909899851240132, 0.9514270038081476, 0.9877712919809659, 0.9807007780333725, 0.9684915764926934, 0.9477459907894697, 0.946259926396084, 0.9698719748858009, 0.9731947669015989, 0.9736435913643586, 0.969288673745025, 0.9698128724445818, 0.7595694401821362, 0.9887008359399359, 0.9866136049774727, 0.9265097789282745, 0.8709281790836454, 0.9700193250459916, 0.959268246153731, 0.9740107266209491], [0.9655011958340799, 1.0, 0.97416181584186, 0.8848799257074839, 0.9480210277195735, 0.9598707937306994, 0.9945291168541801, 0.7866421415032493, 0.9936833174642672, 0.9810163102366023, 0.8780728524405921, 0.989489143588398, 0.9894606405684122, 0.9169190510488411, 0.9172520655434038, 0.9930641645429489, 0.9978956022931049, 0.9870144760295883, 0.9612149448800946, 0.9753775841163826, 0.9870144760295883, 0.9820244683966323, 0.9855352788031262, 0.99628867966426, 0.9474383193461089, 0.9223600636571715, 0.9320379390990969, 0.994985520763831, 0.9980927292952745, 0.9980938376170403, 0.9947592757348114, 0.7379537853060831, 0.9745793870331306, 0.9886481369531446, 0.8963896492930578, 0.8437538293938697, 0.9732498335541305, 0.9559374245488984, 0.996070985182017], [0.9532598661785954, 0.97416181584186, 1.0, 0.8741944963475584, 0.9638633785112531, 0.9867290290678541, 0.9731201676066966, 0.783182259359413, 0.982640026203734, 0.9960733474823736, 0.8697479058519361, 0.9764185701047555, 0.97714376095805, 0.8994323695705913, 0.9164120302487516, 0.9783408819117306, 0.9655051317468202, 0.9552249981918804, 0.9975171893208682, 0.952989062340333, 0.9552249981918804, 0.9644793148402273, 0.971313433223234, 0.9830278304158121, 0.9948120005765538, 0.9075386941284683, 0.9585193302053334, 0.9860213062423524, 0.9753141969069291, 0.9725174046853263, 0.9600050510480505, 0.7428237655390407, 0.979466510225923, 0.9746535463976533, 0.88546987073012, 0.8330519015039167, 0.98952921126989, 0.9917191890972012, 0.9832038386209435], [0.9151156799726888, 0.8848799257074839, 0.8741944963475584, 1.0, 0.9112341961613669, 0.8969911851514996, 0.8955106489643982, 0.9481888628631338, 0.892528598061671, 0.8845301226982258, 0.9942319131936358, 0.8951435420191383, 0.8999043351607737, 0.9657239060010406, 0.9750773622936774, 0.8903171784570824, 0.8882406832819943, 0.874696875756189, 0.8745958044362044, 0.9116041821072219, 0.874696875756189, 0.9025087701373823, 0.8965501203081923, 0.8866970496887266, 0.8741982770238763, 0.9506132893700656, 0.9164598270938171, 0.8899986882076468, 0.890826561663999, 0.8888077036747462, 0.8898042931151935, 0.878590582409915, 0.9087959988996948, 0.9046726347376028, 0.9629896011701325, 0.9829906698366906, 0.8872044203481854, 0.8813521281983474, 0.8908352154394208], [0.97970506058629, 0.9480210277195735, 0.9638633785112531, 0.9112341961613669, 1.0, 0.980321473777292, 0.9608277186919798, 0.8233355215070993, 0.9764051976007334, 0.9703061858932529, 0.906209529359981, 0.9748466182073245, 0.9811132171693114, 0.935468256490799, 0.9597411008319434, 0.970578960201645, 0.9445965017263648, 0.9280623001703808, 0.965470814942297, 0.9625389838895173, 0.9280623001703808, 0.9687754787182258, 0.9740490937531133, 0.9700937438934962, 0.9656279714542348, 0.9626101989569466, 0.9797986199186148, 0.9766318006829403, 0.956685667316934, 0.9473491103174296, 0.9462397254651806, 0.7756788764981104, 0.989589011901835, 0.9752105444688834, 0.9433963348438031, 0.8894406464699675, 0.9755589982720381, 0.9733939644346014, 0.9731643531537275], [0.9700174663512303, 0.9598707937306994, 0.9867290290678541, 0.8969911851514996, 0.980321473777292, 1.0, 0.9680437012563137, 0.8082977679815004, 0.9812493936860023, 0.9898500101642924, 0.8949312415192199, 0.9796807432852355, 0.982675126840609, 0.9208791457717029, 0.9451344549346201, 0.9777475691564462, 0.9475117021091969, 0.9358708642685952, 0.9891458114021731, 0.9546118699203063, 0.9358708642685952, 0.9691326073063068, 0.9770374895058278, 0.9772984190240991, 0.9902997001851556, 0.9470694698258005, 0.9742795643646435, 0.9795553035443633, 0.9659138290676706, 0.9593610240004724, 0.944326176727802, 0.759360280901708, 0.9858193531017722, 0.979734776859212, 0.9235061162083062, 0.8605133577694073, 0.9897336030848644, 0.9907853025233744, 0.9779834175718919], [0.979393518558306, 0.9945291168541801, 0.9731201676066966, 0.8955106489643982, 0.9608277186919798, 0.9680437012563137, 1.0, 0.7943875125954051, 0.9923259202153951, 0.982959317156118, 0.8887590410294407, 0.9958252740049988, 0.9917943039390419, 0.9282942857441663, 0.9278002028576886, 0.9969472676251475, 0.9944050861208683, 0.9747687898773334, 0.9638298234332289, 0.9841739233403978, 0.9747687898773334, 0.9923433159028524, 0.9958036992060763, 0.9943311217754671, 0.9530125763570394, 0.9314005767185036, 0.9432273693058985, 0.9948494942166048, 0.9983137695109291, 0.9974044449241455, 0.9907393457920047, 0.7448583513462185, 0.9847549316491016, 0.9941221792990644, 0.9076328543233789, 0.8533808609101119, 0.9813677434157088, 0.965537005813549, 0.9955271944767496], [0.8105941482258705, 0.7866421415032493, 0.783182259359413, 0.9481888628631338, 0.8233355215070993, 0.8082977679815004, 0.7943875125954051, 1.0, 0.7946965152878546, 0.7880217399969163, 0.9336383253263203, 0.7954517503575416, 0.8017346708273001, 0.8672553303146248, 0.8851751730497033, 0.791726464181477, 0.7887633604001252, 0.7773737963605957, 0.7868219155229441, 0.8039830788593965, 0.7773737963605957, 0.8003329398902319, 0.7966515900979624, 0.7888969892342422, 0.7906216312742489, 0.8660857122484951, 0.8156821949826166, 0.7916856624893543, 0.7911975643893846, 0.7895368466887863, 0.7899262619150605, 0.971344837771736, 0.8069558420602, 0.8021220091011333, 0.8715159797072503, 0.9287181660594007, 0.7904060627974477, 0.7922859319711456, 0.7921709574334096], [0.9719446010825412, 0.9936833174642672, 0.982640026203734, 0.892528598061671, 0.9764051976007334, 0.9812493936860023, 0.9923259202153951, 0.7946965152878546, 1.0, 0.9863306423083393, 0.883971301333037, 0.9932285547281331, 0.9979517216208968, 0.9173725275755998, 0.9338914105564703, 0.9952176925996471, 0.9897596266672998, 0.9716217384545459, 0.975337033385267, 0.9722080741803164, 0.9716217384545459, 0.9833421998172095, 0.9890866260638026, 0.9978228860570117, 0.9672954569679221, 0.9267253858849893, 0.949440428196177, 0.9975790075768906, 0.9946075095253588, 0.9923825715831458, 0.9850091369934632, 0.746441049285933, 0.9855803488767125, 0.9925503109884384, 0.9078049712120733, 0.8491702279062167, 0.9799134855038585, 0.9723077915478425, 0.9980042326410403], [0.9657718010510795, 0.9810163102366023, 0.9960733474823736, 0.8845301226982258, 0.9703061858932529, 0.9898500101642924, 0.982959317156118, 0.7880217399969163, 0.9863306423083393, 1.0, 0.8797921376647633, 0.9874612794212456, 0.9839650047393833, 0.9111669379452282, 0.9234239034145458, 0.9876574079569125, 0.9735822792699423, 0.9613394925966089, 0.9955591653980767, 0.9668918516387826, 0.9613394925966089, 0.9773478983062955, 0.982787075981703, 0.9882213333262166, 0.993879258213206, 0.9189926067332884, 0.9626867433739358, 0.9905612137453155, 0.9833134542438202, 0.9817418125528666, 0.9690168857091217, 0.7433804615894338, 0.9875100329809344, 0.986155072586579, 0.8943191412954454, 0.8425557015074592, 0.9933554970910422, 0.9924238447758509, 0.9891635816145801], [0.9087589693837578, 0.8780728524405921, 0.8697479058519361, 0.9942319131936358, 0.906209529359981, 0.8949312415192199, 0.8887590410294407, 0.9336383253263203, 0.883971301333037, 0.8797921376647633, 1.0, 0.8895923234225641, 0.8921492649538859, 0.9653849649850066, 0.9800739948840348, 0.8844125153295208, 0.8807166506715793, 0.8665405890617583, 0.8696274017868965, 0.9042327316492085, 0.8665405890617583, 0.8956516307054923, 0.8905627709225294, 0.8808401490311851, 0.8695185764622023, 0.9561212469635112, 0.9136819624344039, 0.8844899944802191, 0.8841451358836454, 0.8816811040271674, 0.8821667459712846, 0.8665516825876882, 0.903511492004134, 0.8986628036716438, 0.9632499644067846, 0.9840078626300055, 0.8830486487639925, 0.8763068878292054, 0.8853306888601046], [0.9797390754236348, 0.989489143588398, 0.9764185701047555, 0.8951435420191383, 0.9748466182073245, 0.9796807432852355, 0.9958252740049988, 0.7954517503575416, 0.9932285547281331, 0.9874612794212456, 0.8895923234225641, 1.0, 0.9950897249486591, 0.9264427852441135, 0.9334707469009438, 0.9978141144060297, 0.9896493651590567, 0.9704951699665749, 0.9709841604155434, 0.9850032191917607, 0.9704951699665749, 0.992936345012361, 0.9970355557634587, 0.9943977553168596, 0.9639958097394277, 0.9330495862719378, 0.952056305474547, 0.994167687873459, 0.9941732765948911, 0.9939781237881158, 0.9892257751219576, 0.7466291873058266, 0.9908290196822024, 0.995682883847628, 0.9065956585531528, 0.8529151897627663, 0.9866541880883268, 0.973925697136345, 0.9946207637963157], [0.9785665570977321, 0.9894606405684122, 0.97714376095805, 0.8999043351607737, 0.9811132171693114, 0.982675126840609, 0.9917943039390419, 0.8017346708273001, 0.9979517216208968, 0.9839650047393833, 0.8921492649538859, 0.9950897249486591, 1.0, 0.9243163271307846, 0.9430560147439104, 0.9956946932758194, 0.9848018649995666, 0.9646808630094386, 0.9721022096037526, 0.9735088055963033, 0.9646808630094386, 0.9861922685569442, 0.9917007766682623, 0.9963479336730625, 0.9650103774840312, 0.9358975648724674, 0.9528120173162957, 0.9960529510671401, 0.9920069661577651, 0.9888373379504688, 0.980200601517798, 0.7528925908345341, 0.9895540207665985, 0.9950141925049806, 0.915209625911545, 0.8570358903706072, 0.9795963185180816, 0.9714529056875992, 0.9964787854193046], [0.9450472821435226, 0.9169190510488411, 0.8994323695705913, 0.9657239060010406, 0.935468256490799, 0.9208791457717029, 0.9282942857441663, 0.8672553303146248, 0.9173725275755998, 0.9111669379452282, 0.9653849649850066, 0.9264427852441135, 0.9243163271307846, 1.0, 0.9874693007494986, 0.9235792050529386, 0.9210965496599803, 0.9072956156233314, 0.8966329469808018, 0.9468895172380345, 0.9072956156233314, 0.9347557597197754, 0.9309555364132985, 0.9175606275962267, 0.8941827655210539, 0.9834825710742584, 0.9407281271032282, 0.9187004485624636, 0.9225204401722048, 0.92203601216834, 0.9229015132741709, 0.8027654590671877, 0.9374610021989684, 0.9327687124611084, 0.992575930670593, 0.9334872103118563, 0.920531924752596, 0.9037354201630309, 0.9195899920389851], [0.950834293280779, 0.9172520655434038, 0.9164120302487516, 0.9750773622936774, 0.9597411008319434, 0.9451344549346201, 0.9278002028576886, 0.8851751730497033, 0.9338914105564703, 0.9234239034145458, 0.9800739948840348, 0.9334707469009438, 0.9430560147439104, 0.9874693007494986, 1.0, 0.9283447230472718, 0.9201374451204452, 0.9046750841016095, 0.9188417483086437, 0.9430580528855729, 0.9046750841016095, 0.9359205277974074, 0.9308900950415071, 0.9252914296547036, 0.9199070666513077, 0.9730262556640391, 0.9611970282170141, 0.9291300893908623, 0.9234517481368772, 0.9211902199946642, 0.9217203745279107, 0.8014678892601254, 0.9499109212768915, 0.9405961325657932, 0.9838867926553206, 0.9521830477811899, 0.9266996984775544, 0.9263018865202902, 0.92979858641278], [0.9729246998079489, 0.9930641645429489, 0.9783408819117306, 0.8903171784570824, 0.970578960201645, 0.9777475691564462, 0.9969472676251475, 0.791726464181477, 0.9952176925996471, 0.9876574079569125, 0.8844125153295208, 0.9978141144060297, 0.9956946932758194, 0.9235792050529386, 0.9283447230472718, 1.0, 0.9930684756940054, 0.9760986486863334, 0.9715601651445603, 0.9825170236290802, 0.9760986486863334, 0.988148721915381, 0.9960769789999253, 0.9979354807367886, 0.9631700433575308, 0.9306211433622306, 0.9467548408057963, 0.9946457786641688, 0.995058137532841, 0.9966753473091001, 0.9931405650672991, 0.7433462186443026, 0.987083216766346, 0.9938976367182109, 0.9012020696103912, 0.8481689410180082, 0.983739878324576, 0.9718973264045697, 0.9952900390208386], [0.9680081620412809, 0.9978956022931049, 0.9655051317468202, 0.8882406832819943, 0.9445965017263648, 0.9475117021091969, 0.9944050861208683, 0.7887633604001252, 0.9897596266672998, 0.9735822792699423, 0.8807166506715793, 0.9896493651590567, 0.9848018649995666, 0.9210965496599803, 0.9201374451204452, 0.9930684756940054, 1.0, 0.9889763755743728, 0.9514854337231066, 0.9786898028003014, 0.9889763755743728, 0.9827837452533187, 0.9874636468987235, 0.9947073929803409, 0.9368470071731638, 0.9241462428148093, 0.9302952427645037, 0.9913910083207049, 0.9969027286260929, 0.9983669809962684, 0.9971397705412475, 0.739468547424394, 0.9655368074749344, 0.9827140629543362, 0.900247118638493, 0.8469952117438749, 0.9699007237668146, 0.9477217268723028, 0.9923982881731195], [0.9514270038081476, 0.9870144760295883, 0.9552249981918804, 0.874696875756189, 0.9280623001703808, 0.9358708642685952, 0.9747687898773334, 0.7773737963605957, 0.9716217384545459, 0.9613394925966089, 0.8665405890617583, 0.9704951699665749, 0.9646808630094386, 0.9072956156233314, 0.9046750841016095, 0.9760986486863334, 0.9889763755743728, 1.0, 0.938693317313556, 0.964495221854337, 1.0, 0.9659635272003341, 0.9698111764311463, 0.9788877422540424, 0.9241453343057721, 0.9100574996403924, 0.9207475189354589, 0.9726529257977107, 0.9796152364357074, 0.9829776727374516, 0.9905233157977091, 0.7289932708088774, 0.9474979761465031, 0.9618258009956855, 0.8867866959324615, 0.83487038681166, 0.9578146894532149, 0.936117153020434, 0.9738933856501683], [0.9512699505241494, 0.9612149448800946, 0.9975171893208682, 0.8745958044362044, 0.965470814942297, 0.9891458114021731, 0.9638298234332289, 0.7868219155229441, 0.975337033385267, 0.9955591653980767, 0.8696274017868965, 0.9709841604155434, 0.9721022096037526, 0.8966329469808018, 0.9188417483086437, 0.9715601651445603, 0.9514854337231066, 0.938693317313556, 1.0, 0.9453282951733392, 0.938693317313556, 0.9585383999489523, 0.9661987388643432, 0.9752899678186869, 0.9978295876289184, 0.9031599797888376, 0.9648294246905283, 0.9794639149565546, 0.9640306611226349, 0.9600119013236668, 0.9460191885506378, 0.7492821247873273, 0.9800483358260516, 0.9685693976866074, 0.8908585106314899, 0.8345160256290589, 0.9912273056329692, 0.9954994472950325, 0.9754153465243828], [0.9909899851240132, 0.9753775841163826, 0.952989062340333, 0.9116041821072219, 0.9625389838895173, 0.9546118699203063, 0.9841739233403978, 0.8039830788593965, 0.9722080741803164, 0.9668918516387826, 0.9042327316492085, 0.9850032191917607, 0.9735088055963033, 0.9468895172380345, 0.9430580528855729, 0.9825170236290802, 0.9786898028003014, 0.964495221854337, 0.9453282951733392, 1.0, 0.964495221854337, 0.9911839200677022, 0.9893232526313623, 0.9768244107438613, 0.9371189056108341, 0.9498411775909924, 0.9543951520873248, 0.9739175471280401, 0.9791108181814908, 0.9800840171867489, 0.9838746692404785, 0.7533602903119534, 0.980464607390492, 0.9793888639384749, 0.9249944952040298, 0.8680861573000145, 0.9764560342395646, 0.9542379353287174, 0.9748478410084501], [0.9514270038081476, 0.9870144760295883, 0.9552249981918804, 0.874696875756189, 0.9280623001703808, 0.9358708642685952, 0.9747687898773334, 0.7773737963605957, 0.9716217384545459, 0.9613394925966089, 0.8665405890617583, 0.9704951699665749, 0.9646808630094386, 0.9072956156233314, 0.9046750841016095, 0.9760986486863334, 0.9889763755743728, 1.0, 0.938693317313556, 0.964495221854337, 1.0, 0.9659635272003341, 0.9698111764311463, 0.9788877422540424, 0.9241453343057721, 0.9100574996403924, 0.9207475189354589, 0.9726529257977107, 0.9796152364357074, 0.9829776727374516, 0.9905233157977091, 0.7289932708088774, 0.9474979761465031, 0.9618258009956855, 0.8867866959324615, 0.83487038681166, 0.9578146894532149, 0.936117153020434, 0.9738933856501683], [0.9877712919809659, 0.9820244683966323, 0.9644793148402273, 0.9025087701373823, 0.9687754787182258, 0.9691326073063068, 0.9923433159028524, 0.8003329398902319, 0.9833421998172095, 0.9773478983062955, 0.8956516307054923, 0.992936345012361, 0.9861922685569442, 0.9347557597197754, 0.9359205277974074, 0.988148721915381, 0.9827837452533187, 0.9659635272003341, 0.9585383999489523, 0.9911839200677022, 0.9659635272003341, 1.0, 0.9953749282960386, 0.9838057757300634, 0.9511006956190178, 0.937163292065845, 0.9516212052577618, 0.98557411505682, 0.9885506542412128, 0.9864989569327469, 0.9846711532007154, 0.7500830714257659, 0.9895206265087597, 0.9923743838059832, 0.9144889892953363, 0.8597336744529439, 0.9840546131330073, 0.9655964569779997, 0.9863931539533597], [0.9807007780333725, 0.9855352788031262, 0.971313433223234, 0.8965501203081923, 0.9740490937531133, 0.9770374895058278, 0.9958036992060763, 0.7966515900979624, 0.9890866260638026, 0.982787075981703, 0.8905627709225294, 0.9970355557634587, 0.9917007766682623, 0.9309555364132985, 0.9308900950415071, 0.9960769789999253, 0.9874636468987235, 0.9698111764311463, 0.9661987388643432, 0.9893232526313623, 0.9698111764311463, 0.9953749282960386, 1.0, 0.9890101763961093, 0.9594794684592366, 0.9362496147864248, 0.9519661190259385, 0.9890695412600627, 0.9917970895649506, 0.991719330273876, 0.9908314028556109, 0.7473136596257234, 0.9904539219270709, 0.9936453883459695, 0.9085571719605178, 0.8540834459910895, 0.9856160286456409, 0.9726013570721371, 0.9894843359576143], [0.9684915764926934, 0.99628867966426, 0.9830278304158121, 0.8866970496887266, 0.9700937438934962, 0.9772984190240991, 0.9943311217754671, 0.7888969892342422, 0.9978228860570117, 0.9882213333262166, 0.8808401490311851, 0.9943977553168596, 0.9963479336730625, 0.9175606275962267, 0.9252914296547036, 0.9979354807367886, 0.9947073929803409, 0.9788877422540424, 0.9752899678186869, 0.9768244107438613, 0.9788877422540424, 0.9838057757300634, 0.9890101763961093, 1.0, 0.966478537769462, 0.9254701228286966, 0.9450378603639165, 0.997745474682275, 0.9965636051494103, 0.9965140570656716, 0.9915184537006073, 0.7413243682188908, 0.9842358253087699, 0.9926984123892004, 0.8972556558770399, 0.8448828253268104, 0.9811708176706232, 0.9717715326196936, 0.9981446227867468], [0.9477459907894697, 0.9474383193461089, 0.9948120005765538, 0.8741982770238763, 0.9656279714542348, 0.9902997001851556, 0.9530125763570394, 0.7906216312742489, 0.9672954569679221, 0.993879258213206, 0.8695185764622023, 0.9639958097394277, 0.9650103774840312, 0.8941827655210539, 0.9199070666513077, 0.9631700433575308, 0.9368470071731638, 0.9241453343057721, 0.9978295876289184, 0.9371189056108341, 0.9241453343057721, 0.9511006956190178, 0.9594794684592366, 0.966478537769462, 1.0, 0.8988716307368376, 0.9701251521553685, 0.9718852479966884, 0.9519544778839466, 0.946762202154249, 0.9320362203961373, 0.7547942451383453, 0.9789740379603664, 0.9610174298680697, 0.8939546935861493, 0.840633103219099, 0.9917096469094662, 0.9963910842275691, 0.966670492462802], [0.946259926396084, 0.9223600636571715, 0.9075386941284683, 0.9506132893700656, 0.9626101989569466, 0.9470694698258005, 0.9314005767185036, 0.8660857122484951, 0.9267253858849893, 0.9189926067332884, 0.9561212469635112, 0.9330495862719378, 0.9358975648724674, 0.9834825710742584, 0.9730262556640391, 0.9306211433622306, 0.9241462428148093, 0.9100574996403924, 0.9031599797888376, 0.9498411775909924, 0.9100574996403924, 0.937163292065845, 0.9362496147864248, 0.9254701228286966, 0.8988716307368376, 1.0, 0.9433336889536029, 0.9235989245907809, 0.9251142859984666, 0.9260657757559198, 0.9283456203536488, 0.8116628231083348, 0.9437365052512711, 0.9329580564986912, 0.9869928703376271, 0.9350070568799859, 0.9272281025555176, 0.9135167288223145, 0.9243984902040396], [0.9698719748858009, 0.9320379390990969, 0.9585193302053334, 0.9164598270938171, 0.9797986199186148, 0.9742795643646435, 0.9432273693058985, 0.8156821949826166, 0.949440428196177, 0.9626867433739358, 0.9136819624344039, 0.952056305474547, 0.9528120173162957, 0.9407281271032282, 0.9611970282170141, 0.9467548408057963, 0.9302952427645037, 0.9207475189354589, 0.9648294246905283, 0.9543951520873248, 0.9207475189354589, 0.9516212052577618, 0.9519661190259385, 0.9450378603639165, 0.9701251521553685, 0.9433336889536029, 1.0, 0.9515484020683679, 0.9387334531002401, 0.935666421715443, 0.9289305748852376, 0.7696171305173427, 0.9762274860423947, 0.959871933091009, 0.9291186686048436, 0.8715963970179283, 0.9659350396929272, 0.9706969862399935, 0.9502679100770809], [0.9731947669015989, 0.994985520763831, 0.9860213062423524, 0.8899986882076468, 0.9766318006829403, 0.9795553035443633, 0.9948494942166048, 0.7916856624893543, 0.9975790075768906, 0.9905612137453155, 0.8844899944802191, 0.994167687873459, 0.9960529510671401, 0.9187004485624636, 0.9291300893908623, 0.9946457786641688, 0.9913910083207049, 0.9726529257977107, 0.9794639149565546, 0.9739175471280401, 0.9726529257977107, 0.98557411505682, 0.9890695412600627, 0.997745474682275, 0.9718852479966884, 0.9235989245907809, 0.9515484020683679, 1.0, 0.9967138450084073, 0.9941004404426335, 0.9864659818253259, 0.7442476293868534, 0.988081845231703, 0.9935822222454337, 0.9004955116253315, 0.8477825758846861, 0.9839990227259969, 0.9767774746137634, 0.9995084834655484], [0.9736435913643586, 0.9980927292952745, 0.9753141969069291, 0.890826561663999, 0.956685667316934, 0.9659138290676706, 0.9983137695109291, 0.7911975643893846, 0.9946075095253588, 0.9833134542438202, 0.8841451358836454, 0.9941732765948911, 0.9920069661577651, 0.9225204401722048, 0.9234517481368772, 0.995058137532841, 0.9969027286260929, 0.9796152364357074, 0.9640306611226349, 0.9791108181814908, 0.9796152364357074, 0.9885506542412128, 0.9917970895649506, 0.9965636051494103, 0.9519544778839466, 0.9251142859984666, 0.9387334531002401, 0.9967138450084073, 1.0, 0.9984747712053765, 0.9924207082078629, 0.7420530795555723, 0.9815797692683185, 0.9927158855644231, 0.9025513067963792, 0.8491260902870595, 0.9788329408936771, 0.9625616045270556, 0.9974950795226458], [0.969288673745025, 0.9980938376170403, 0.9725174046853263, 0.8888077036747462, 0.9473491103174296, 0.9593610240004724, 0.9974044449241455, 0.7895368466887863, 0.9923825715831458, 0.9817418125528666, 0.8816811040271674, 0.9939781237881158, 0.9888373379504688, 0.92203601216834, 0.9211902199946642, 0.9966753473091001, 0.9983669809962684, 0.9829776727374516, 0.9600119013236668, 0.9800840171867489, 0.9829776727374516, 0.9864989569327469, 0.991719330273876, 0.9965140570656716, 0.946762202154249, 0.9260657757559198, 0.935666421715443, 0.9941004404426335, 0.9984747712053765, 1.0, 0.9951961080419345, 0.7403636104451996, 0.9744388372616074, 0.9887872920689424, 0.9006170926058791, 0.8474167309449023, 0.9772346741453146, 0.9579822797463975, 0.9951014477871583], [0.9698128724445818, 0.9947592757348114, 0.9600050510480505, 0.8898042931151935, 0.9462397254651806, 0.944326176727802, 0.9907393457920047, 0.7899262619150605, 0.9850091369934632, 0.9690168857091217, 0.8821667459712846, 0.9892257751219576, 0.980200601517798, 0.9229015132741709, 0.9217203745279107, 0.9931405650672991, 0.9971397705412475, 0.9905233157977091, 0.9460191885506378, 0.9838746692404785, 0.9905233157977091, 0.9846711532007154, 0.9908314028556109, 0.9915184537006073, 0.9320362203961373, 0.9283456203536488, 0.9289305748852376, 0.9864659818253259, 0.9924207082078629, 0.9951961080419345, 1.0, 0.7404445152038456, 0.9671752279265272, 0.9799134044917275, 0.9018988438686945, 0.8484370068117205, 0.9676768413388823, 0.9445769364693216, 0.9875428786722863], [0.7595694401821362, 0.7379537853060831, 0.7428237655390407, 0.878590582409915, 0.7756788764981104, 0.759360280901708, 0.7448583513462185, 0.971344837771736, 0.746441049285933, 0.7433804615894338, 0.8665516825876882, 0.7466291873058266, 0.7528925908345341, 0.8027654590671877, 0.8014678892601254, 0.7433462186443026, 0.739468547424394, 0.7289932708088774, 0.7492821247873273, 0.7533602903119534, 0.7289932708088774, 0.7500830714257659, 0.7473136596257234, 0.7413243682188908, 0.7547942451383453, 0.8116628231083348, 0.7696171305173427, 0.7442476293868534, 0.7420530795555723, 0.7403636104451996, 0.7404445152038456, 1.0, 0.7590073972713942, 0.7521254303483638, 0.8151334361804935, 0.8802476543599642, 0.7455019296816549, 0.7542355541986835, 0.7442146603394301], [0.9887008359399359, 0.9745793870331306, 0.979466510225923, 0.9087959988996948, 0.989589011901835, 0.9858193531017722, 0.9847549316491016, 0.8069558420602, 0.9855803488767125, 0.9875100329809344, 0.903511492004134, 0.9908290196822024, 0.9895540207665985, 0.9374610021989684, 0.9499109212768915, 0.987083216766346, 0.9655368074749344, 0.9474979761465031, 0.9800483358260516, 0.980464607390492, 0.9474979761465031, 0.9895206265087597, 0.9904539219270709, 0.9842358253087699, 0.9789740379603664, 0.9437365052512711, 0.9762274860423947, 0.988081845231703, 0.9815797692683185, 0.9744388372616074, 0.9671752279265272, 0.7590073972713942, 1.0, 0.9941017411483694, 0.9195733785332151, 0.8647383833526716, 0.9885076278706634, 0.9858104180061146, 0.987419795949346], [0.9866136049774727, 0.9886481369531446, 0.9746535463976533, 0.9046726347376028, 0.9752105444688834, 0.979734776859212, 0.9941221792990644, 0.8021220091011333, 0.9925503109884384, 0.986155072586579, 0.8986628036716438, 0.995682883847628, 0.9950141925049806, 0.9327687124611084, 0.9405961325657932, 0.9938976367182109, 0.9827140629543362, 0.9618258009956855, 0.9685693976866074, 0.9793888639384749, 0.9618258009956855, 0.9923743838059832, 0.9936453883459695, 0.9926984123892004, 0.9610174298680697, 0.9329580564986912, 0.959871933091009, 0.9935822222454337, 0.9927158855644231, 0.9887872920689424, 0.9799134044917275, 0.7521254303483638, 0.9941017411483694, 1.0, 0.9156711885065925, 0.8613949134612139, 0.9821071278235763, 0.9703648126710037, 0.994690323609694], [0.9265097789282745, 0.8963896492930578, 0.88546987073012, 0.9629896011701325, 0.9433963348438031, 0.9235061162083062, 0.9076328543233789, 0.8715159797072503, 0.9078049712120733, 0.8943191412954454, 0.9632499644067846, 0.9065956585531528, 0.915209625911545, 0.992575930670593, 0.9838867926553206, 0.9012020696103912, 0.900247118638493, 0.8867866959324615, 0.8908585106314899, 0.9249944952040298, 0.8867866959324615, 0.9144889892953363, 0.9085571719605178, 0.8972556558770399, 0.8939546935861493, 0.9869928703376271, 0.9291186686048436, 0.9004955116253315, 0.9025513067963792, 0.9006170926058791, 0.9018988438686945, 0.8151334361804935, 0.9195733785332151, 0.9156711885065925, 1.0, 0.9358711971319633, 0.8982796684176011, 0.8978694389768553, 0.9016360648286736], [0.8709281790836454, 0.8437538293938697, 0.8330519015039167, 0.9829906698366906, 0.8894406464699675, 0.8605133577694073, 0.8533808609101119, 0.9287181660594007, 0.8491702279062167, 0.8425557015074592, 0.9840078626300055, 0.8529151897627663, 0.8570358903706072, 0.9334872103118563, 0.9521830477811899, 0.8481689410180082, 0.8469952117438749, 0.83487038681166, 0.8345160256290589, 0.8680861573000145, 0.83487038681166, 0.8597336744529439, 0.8540834459910895, 0.8448828253268104, 0.840633103219099, 0.9350070568799859, 0.8715963970179283, 0.8477825758846861, 0.8491260902870595, 0.8474167309449023, 0.8484370068117205, 0.8802476543599642, 0.8647383833526716, 0.8613949134612139, 0.9358711971319633, 1.0, 0.8455419202819394, 0.8406651222372108, 0.8487240033823156], [0.9700193250459916, 0.9732498335541305, 0.98952921126989, 0.8872044203481854, 0.9755589982720381, 0.9897336030848644, 0.9813677434157088, 0.7904060627974477, 0.9799134855038585, 0.9933554970910422, 0.8830486487639925, 0.9866541880883268, 0.9795963185180816, 0.920531924752596, 0.9266996984775544, 0.983739878324576, 0.9699007237668146, 0.9578146894532149, 0.9912273056329692, 0.9764560342395646, 0.9578146894532149, 0.9840546131330073, 0.9856160286456409, 0.9811708176706232, 0.9917096469094662, 0.9272281025555176, 0.9659350396929272, 0.9839990227259969, 0.9788329408936771, 0.9772346741453146, 0.9676768413388823, 0.7455019296816549, 0.9885076278706634, 0.9821071278235763, 0.8982796684176011, 0.8455419202819394, 1.0, 0.9943569385374693, 0.9820221601237582], [0.959268246153731, 0.9559374245488984, 0.9917191890972012, 0.8813521281983474, 0.9733939644346014, 0.9907853025233744, 0.965537005813549, 0.7922859319711456, 0.9723077915478425, 0.9924238447758509, 0.8763068878292054, 0.973925697136345, 0.9714529056875992, 0.9037354201630309, 0.9263018865202902, 0.9718973264045697, 0.9477217268723028, 0.936117153020434, 0.9954994472950325, 0.9542379353287174, 0.936117153020434, 0.9655964569779997, 0.9726013570721371, 0.9717715326196936, 0.9963910842275691, 0.9135167288223145, 0.9706969862399935, 0.9767774746137634, 0.9625616045270556, 0.9579822797463975, 0.9445769364693216, 0.7542355541986835, 0.9858104180061146, 0.9703648126710037, 0.8978694389768553, 0.8406651222372108, 0.9943569385374693, 1.0, 0.9723856189666468], [0.9740107266209491, 0.996070985182017, 0.9832038386209435, 0.8908352154394208, 0.9731643531537275, 0.9779834175718919, 0.9955271944767496, 0.7921709574334096, 0.9980042326410403, 0.9891635816145801, 0.8853306888601046, 0.9946207637963157, 0.9964787854193046, 0.9195899920389851, 0.92979858641278, 0.9952900390208386, 0.9923982881731195, 0.9738933856501683, 0.9754153465243828, 0.9748478410084501, 0.9738933856501683, 0.9863931539533597, 0.9894843359576143, 0.9981446227867468, 0.966670492462802, 0.9243984902040396, 0.9502679100770809, 0.9995084834655484, 0.9974950795226458, 0.9951014477871583, 0.9875428786722863, 0.7442146603394301, 0.987419795949346, 0.994690323609694, 0.9016360648286736, 0.8487240033823156, 0.9820221601237582, 0.9723856189666468, 1.0]]