[[3.650024149988857e-08, 0.8097150851780835, 1.8721571910989183, 2.380870336750185, 1.074839363588155, 1.4064195731175146, 0.5616156365965126, 5.101695951569065, 0.7792270339288891, 1.3510694353846824, 2.4042590168091977, 0.6106034467416428, 0.5974095758774437, 1.3925854372926623, 1.223699658761238, 0.700220287827277, 0.8571084477092791, 1.0675221918582383, 2.2005928082620962, 0.44629382248613436, 1.0675221918582383, 0.38484177373177514, 0.5298561087316264, 0.8169799205083017, 2.4844385462229353, 1.4052472047620153, 1.4123911891404302, 0.8314504765303999, 0.6782589214882628, 0.7148916459572263, 0.8952890854078813, 6.619220649192014, 0.7637038430808573, 0.4742825186644203, 1.7285525083426394, 3.2363015144356626, 1.311737465061024, 1.962898862354, 0.7583513321641833], [0.8097150851780835, 9.125060374972142e-09, 1.8030988744518772, 3.071535197542789, 1.5280663753972648, 1.6225459140470155, 0.3362587416310752, 5.875855270605087, 0.5944642741762103, 1.2794171755765986, 3.1417187689419026, 0.4627426903354558, 0.6375796140233196, 2.0963424985723482, 1.9534977446257356, 0.40492849846575657, 0.29888917400067044, 0.3233895436204114, 2.231459080661711, 0.6365331685999309, 0.3233895436204114, 0.49218570620846497, 0.4653709445304369, 0.4376727964980487, 2.5884056345321147, 2.078604635202228, 1.8019126252056548, 0.5879066675213017, 0.23090014238154916, 0.20384402055397524, 0.3195615833047014, 7.398840849906571, 1.0426245637391094, 0.6300794456175568, 2.4818982888472747, 3.9966535763814455, 1.2994126521042306, 2.0477900593334795, 0.4895152494266321], [1.8721571910989183, 1.8030988744518772, 0.0, 3.4656860325091277, 1.9664811300515432, 1.0757284660500195, 1.792428248102045, 5.953145844280108, 1.6619934483090546, 0.7535803610364478, 3.467520897234329, 1.6989681250458502, 1.7742686881177643, 2.685290553523971, 2.459929375900915, 1.704471281518291, 1.85890362562462, 1.8814716582344713, 0.6204707085631787, 1.896493640158222, 1.8814716582344713, 1.814028584478951, 1.7536738214077192, 1.6438658199939389, 1.0984544903664584, 2.6277812485774805, 1.1838439704465427, 1.5251215817109607, 1.781336385210024, 1.811814288930763, 1.8725442279315732, 7.271441584090795, 1.3695084829009938, 1.7572952972515716, 2.9211311278076524, 4.226662390779422, 0.8180744690844631, 0.5237531030092178, 1.6291798953821979], [2.380870336750185, 3.0715351975427896, 3.4656860325091277, 0.0, 2.5709730960744483, 2.938179750102127, 2.882862088367074, 3.03662249509281, 3.0188080260511896, 3.140909968887551, 0.5620969941030285, 2.8445359054532253, 2.86936604181876, 1.2122134316417508, 1.4737643334462502, 2.9352664594823015, 3.0560583468492886, 3.275746592169738, 3.5785700141805448, 2.4836733456271185, 3.275746592169738, 2.65308879458935, 2.7680492113262214, 3.03972733147786, 3.686941420669364, 1.6681440315422273, 2.482000145433089, 3.0234707977163273, 2.9842804038053217, 3.000042447450191, 3.030126183832104, 4.688912135568643, 2.6530331469781605, 2.759849776361408, 1.386950297104034, 1.7125189397941936, 2.997461451996527, 3.328242217893247, 3.004190824950367], [1.074839363588155, 1.5280663753972648, 1.9664811300515432, 2.5709730960744483, 7.884953353001448e-08, 1.3907640804110415, 1.3584727241035535, 4.964553524462648, 1.0772099926115275, 1.6548032069263636, 2.4917349506900854, 1.2045047299583385, 1.0028772984449363, 1.8528135973578042, 1.2462156376725162, 1.311413257970754, 1.6807237020579668, 1.8105873957503897, 2.077597264631137, 1.4167310551506302, 1.8105873957503897, 1.2591774696989968, 1.2516282644106793, 1.3792658491119034, 2.1812754928593443, 1.7708203790092005, 1.4141058562137072, 1.3087114888179927, 1.395311811812282, 1.5088977885762611, 1.7133559603783963, 6.327453933598889, 1.1688193820444819, 1.0524889617922417, 1.8493970815925376, 3.197718423085044, 1.6839123861525829, 1.8257186729256891, 1.2513594064611535], [1.4064195731175146, 1.6225459140470155, 1.0757284660500195, 2.938179750102127, 1.3907640804110415, 0.0, 1.5146252222125418, 5.364098869414184, 1.4454805273308082, 0.7526171878829824, 2.913746610575529, 1.456126909118869, 1.3433855596002497, 2.166660674834425, 1.7974191680528415, 1.53767506171885, 1.7357651647804415, 1.8281828925564712, 1.3113401371277036, 1.58139891409347, 1.8281828925564712, 1.4703080597550742, 1.5132002814775518, 1.5374305271986395, 1.580014690636801, 2.1559320776642314, 0.7996852236075405, 1.3970761905414797, 1.527588029215338, 1.5825401032139983, 1.774704523028643, 6.707618991453223, 1.1673365272395337, 1.35274101411797, 2.179112307129308, 3.5169210584300994, 0.8556982118217068, 1.0801986130630046, 1.4238043080334877], [0.5616156365965125, 0.3362587416310752, 1.792428248102045, 2.882862088367074, 1.3584727241035535, 1.5146252222125418, 1.4901161193847656e-08, 5.628522519254416, 0.5612675358653739, 1.2609803962575927, 2.91833976634873, 0.3868829256747554, 0.509749350920134, 1.8632076710408718, 1.728127569609319, 0.39437921667414083, 0.4075840107333839, 0.5763598359664539, 2.192727732115479, 0.5010921159767391, 0.5763598359664539, 0.2703809279800768, 0.3327834334846485, 0.47784164022934916, 2.528932741765668, 1.8323436296752966, 1.6515900492612128, 0.576158902808274, 0.1990972308221574, 0.2479327296186509, 0.49560333823484654, 7.14132979349307, 0.8637832916557103, 0.40832739971819537, 2.2241234418114435, 3.7361416863723367, 1.2584071848143954, 1.9928151381340484, 0.4753419937165762], [5.101695951569065, 5.875855270605087, 5.953145844280107, 3.03662249509281, 4.964553524462648, 5.364098869414184, 5.628522519254416, 0.0, 5.709441585746131, 5.760446905469308, 2.822602327436657, 5.591740374759571, 5.543167322622515, 3.868423473817084, 4.049189440330329, 5.691617385579678, 5.8607488086162265, 6.105933405519444, 5.888434298617912, 5.305534897292579, 6.105933405519444, 5.417190389951358, 5.515441400020756, 5.794525698769162, 5.822332999545983, 4.029241558272987, 4.898120398443533, 5.745702411054545, 5.7506032943640335, 5.783204161943822, 5.8777128097695615, 1.8921931773710305, 5.257171909538675, 5.4309817568647105, 3.5699505126165385, 2.254455128069618, 5.6330196616935995, 5.673636727682536, 5.732021172146869], [0.7792270339288891, 0.5944642741762103, 1.6619934483090546, 3.0188080260511896, 1.0772099926115275, 1.4454805273308082, 0.5612675358653739, 5.709441585746131, 0.0, 1.2247879746152164, 3.0300955348857475, 0.3525201663729171, 0.5002515365867, 2.0767781728117467, 1.7913766528003108, 0.3781535763395387, 0.7468232130715946, 0.801347504495892, 1.9942933892502164, 0.8360085821226992, 0.801347504495892, 0.6268348486873788, 0.48285572345011196, 0.4359731779847505, 2.2769233727080094, 2.0018632602147544, 1.5713892974500043, 0.508151612437435, 0.5247680816278154, 0.6203976465106136, 0.7801564636546148, 7.164300108466854, 0.8987634321444127, 0.49584729455777793, 2.373863788861743, 3.8687074311520955, 1.2654912323639589, 1.7810376443774463, 0.3768353875305863], [1.3510694353846824, 1.2794171755765986, 0.7535803610364478, 3.140909968887551, 1.6548032069263636, 0.7526171878829824, 1.2609803962575927, 5.760446905469308, 1.2247879746152164, 4.2146848510894035e-08, 3.166498159100824, 1.2080801875670273, 1.2783978731409404, 2.2800859162721845, 2.0825765297906953, 1.2207033901642783, 1.338386070606814, 1.3838695211713479, 1.2446804069924546, 1.3560157591400783, 1.3838695211713479, 1.2758071453584119, 1.246104452895972, 1.1966167241473056, 1.6568003848913775, 2.2481614846408924, 0.9798540755695038, 1.130404711414212, 1.2530499533345154, 1.2721735739307258, 1.3537580611203284, 7.175811813124025, 1.1173912138627982, 1.2543041281338907, 2.5522882815496577, 3.9554208847810766, 0.2697860074132636, 1.0294215877671604, 1.1763604387611108], [2.4042590168091977, 3.1417187689419026, 3.467520897234329, 0.5620969941030285, 2.4917349506900854, 2.913746610575529, 2.9183397663487294, 2.822602327436657, 3.030095534885748, 3.166498159100824, 0.0, 2.87645560804683, 2.8926294012322717, 1.181881987397414, 1.4050783101953548, 2.9687260389774486, 3.1190778236212067, 3.354580077043971, 3.5445591704808175, 2.5584368116840657, 3.354580077043971, 2.695365465668719, 2.7950114256584944, 3.0767269133982635, 3.618879422682464, 1.522208990780077, 2.4392674283850733, 3.050640982085924, 3.0318992905529063, 3.0552281336809495, 3.115985090207122, 4.432722746751248, 2.628335163535823, 2.748966433370185, 1.2061741028079842, 1.408527647710272, 3.021622188467139, 3.294314835944976, 3.0315338113988988], [0.6106034467416428, 0.4627426903354558, 1.6989681250458502, 2.8445359054532253, 1.2045047299583385, 1.456126909118869, 0.3868829256747554, 5.591740374759571, 0.3525201663729171, 1.2080801875670273, 2.87645560804683, 1.4901161193847656e-08, 0.5469600701679233, 1.8686396557543319, 1.6776926070912284, 0.2229879036882153, 0.55694236780638, 0.6766543532897826, 2.062949388260505, 0.5641879248153017, 0.6766543532897826, 0.39341493086601376, 0.29941437828946355, 0.35836823311995114, 2.370067022199789, 1.8516345270475265, 1.5292382256797752, 0.4618166613484693, 0.3763912745430189, 0.43584608316258094, 0.5848528301770699, 7.075553436684066, 0.8113839244263592, 0.39961995291377367, 2.2179442073875717, 3.7304019365199053, 1.2078114626786087, 1.8406584421124565, 0.32751421099589334], [0.5974095758774437, 0.6375796140233196, 1.7742686881177643, 2.8693660418187603, 1.0028772984449361, 1.3433855596002497, 0.5097493509201341, 5.543167322622516, 0.5002515365867, 1.2783978731409404, 2.8926294012322717, 0.5469600701679233, 0.0, 1.940609070675652, 1.6141450307210492, 0.6269221892823934, 0.8401709959911647, 0.9337843633379991, 2.10737256990787, 0.7908013407969818, 0.9337843633379991, 0.5173814809641313, 0.5901197153730346, 0.6825167382615569, 2.3929477515727497, 1.8960431540663207, 1.5804276677221973, 0.6693603093154675, 0.49655124303808373, 0.6387224064886372, 0.8862196373184237, 7.017078654564384, 0.8836031025783597, 0.4466364871667164, 2.1569139979357375, 3.6589164385351203, 1.330542146962688, 1.89849319619219, 0.5671207897148615], [1.3925854372926623, 2.0963424985723482, 2.685290553523971, 1.2122134316417508, 1.8528135973578042, 2.166660674834425, 1.8632076710408718, 3.868423473817084, 2.0767781728117467, 2.280085916272185, 1.181881987397414, 1.8686396557543319, 1.940609070675652, 0.0, 0.9185982994486227, 1.9506305401771908, 2.03704810890567, 2.285722776796954, 2.8911702526205723, 1.492561229162211, 2.285722776796954, 1.652815102116488, 1.7682727047202371, 2.0631691939077594, 3.0820667619347795, 0.7382416916950335, 1.7817374575584244, 2.0627254400435184, 1.9906071604007016, 1.9914579841455426, 2.0551666165774316, 5.469215070622171, 1.6852240850901488, 1.7549742604028584, 0.917165104659644, 2.1439685868452165, 2.13796772257862, 2.6346501290280564, 2.036866998777275], [1.223699658761238, 1.9534977446257356, 2.459929375900915, 1.4737643334462507, 1.2462156376725162, 1.7974191680528415, 1.728127569609319, 4.049189440330329, 1.7913766528003108, 2.0825765297906953, 1.405078310195355, 1.6776926070912284, 1.6141450307210492, 0.9185982994486227, 4.2146848510894035e-08, 1.802916372822935, 2.005224354770151, 2.2134911166830245, 2.6042386680885734, 1.47525223344107, 2.2134911166830245, 1.5187983157624103, 1.638476410019446, 1.9003871381511601, 2.7395356484096416, 1.2050488861555688, 1.5560499840622706, 1.8418819424775266, 1.8213224670570276, 1.877306188385527, 2.0108855432876687, 5.530691598904217, 1.4864013953002535, 1.499963509467942, 0.8961121835107889, 2.205877205149438, 1.9909150617190343, 2.345126055942275, 1.807238738093198], [0.700220287827277, 0.40492849846575657, 1.7044712815182912, 2.9352664594823015, 1.311413257970754, 1.53767506171885, 0.39437921667414083, 5.691617385579678, 0.3781535763395387, 1.2207033901642783, 2.9687260389774486, 0.2229879036882153, 0.6269221892823934, 1.9506305401771908, 1.8029163728229352, 1.4901161193847656e-08, 0.4560899220849993, 0.5712423885789106, 2.085575769800972, 0.5986345436225206, 0.5712423885789106, 0.45844929275267454, 0.2981936727776965, 0.27915500242026964, 2.4054563509307827, 1.8842434088141415, 1.5980270320725127, 0.48166823467802083, 0.38380567533561316, 0.4002944708690182, 0.48964259911039726, 7.184356600295167, 0.876651701476705, 0.5102120691221864, 2.344566570712143, 3.8535365328402413, 1.2180450935023295, 1.8742688065399942, 0.35495805104696004], [0.8571084477092791, 0.29888917400067044, 1.85890362562462, 3.0560583468492886, 1.6807237020579668, 1.7357651647804417, 0.4075840107333839, 5.8607488086162265, 0.7468232130715946, 1.338386070606814, 3.1190778236212062, 0.55694236780638, 0.8401709959911647, 2.03704810890567, 2.005224354770151, 0.4560899220849993, 1.0536712127723509e-08, 0.2808792183161517, 2.3019098954898887, 0.590040877291892, 0.2808792183161517, 0.5392837823612262, 0.4767116178490838, 0.5050648489562901, 2.6710008736689304, 1.9928733116336768, 1.8421636789691445, 0.6910391974112108, 0.39423489796639294, 0.26789398733634096, 0.21302445892942226, 7.399996853959043, 1.0821820043005197, 0.7309491806046988, 2.489892453234408, 3.9942119347823195, 1.3229193288617769, 2.1198297420398453, 0.6178431707938501], [1.0675221918582383, 0.3233895436204114, 1.8814716582344713, 3.275746592169738, 1.8105873957503897, 1.8281828925564712, 0.5763598359664539, 6.105933405519444, 0.801347504495892, 1.3838695211713479, 3.354580077043971, 0.6766543532897826, 0.9337843633379991, 2.285722776796954, 2.2134911166830245, 0.5712423885789106, 0.2808792183161517, 0.0, 2.337702954112014, 0.8145124507823879, 0.0, 0.7417643227404633, 0.6680918645703878, 0.5673975565645533, 2.7169771116408965, 2.2603371284846405, 1.9903812288003442, 0.749631965525713, 0.4897285637511719, 0.39519628013200864, 0.2694342920868647, 7.64050771548097, 1.2430601685160916, 0.8843108405232856, 2.7237042572145325, 4.235892534134099, 1.3953851494571103, 2.173248138463601, 0.6827467283523313], [2.2005928082620962, 2.231459080661711, 0.6204707085631782, 3.5785700141805443, 2.077597264631137, 1.3113401371277036, 2.192727732115479, 5.888434298617912, 1.9942933892502164, 1.2446804069924546, 3.5445591704808175, 2.0629493882605043, 2.10737256990787, 2.8911702526205723, 2.6042386680885734, 2.0855757698009723, 2.3019098954898887, 2.337702954112014, 5.960464477539063e-08, 2.2843529992222718, 2.337702954112014, 2.194514548429659, 2.1318621293691207, 2.0118210552068203, 0.5233285670339258, 2.8210354781382523, 1.332806363324491, 1.8338406193523253, 2.1896971579164686, 2.2362620993524263, 2.319113431899846, 7.090632319593212, 1.641853415011744, 2.096682859145587, 3.040588735580761, 4.240350382766973, 1.298179724977902, 0.4526852485498102, 1.9756570679885455], [0.44629382248613436, 0.6365331685999309, 1.896493640158222, 2.4836733456271185, 1.4167310551506302, 1.58139891409347, 0.5010921159767391, 5.3055348972925795, 0.8360085821226992, 1.3560157591400785, 2.5584368116840657, 0.5641879248153017, 0.7908013407969818, 1.492561229162211, 1.47525223344107, 0.5986345436225206, 0.590040877291892, 0.8145124507823879, 2.2843529992222718, 0.0, 0.8145124507823879, 0.3427820902555901, 0.4420375655454361, 0.7131122295309201, 2.613816968638585, 1.5475038562073973, 1.5612061903571945, 0.8004617488164167, 0.5902708169595151, 0.5478395939488203, 0.5968535283094141, 6.858522996291104, 0.8940896227561347, 0.6147699414650636, 1.9648408333816838, 3.4602589606118777, 1.2929301689395614, 2.059460021204457, 0.7312523100978563], [1.0675221918582383, 0.3233895436204114, 1.8814716582344713, 3.275746592169738, 1.8105873957503897, 1.8281828925564712, 0.5763598359664539, 6.105933405519444, 0.801347504495892, 1.3838695211713479, 3.354580077043971, 0.6766543532897826, 0.9337843633379991, 2.285722776796954, 2.2134911166830245, 0.5712423885789106, 0.2808792183161517, 0.0, 2.337702954112014, 0.8145124507823879, 0.0, 0.7417643227404633, 0.6680918645703878, 0.5673975565645533, 2.7169771116408965, 2.2603371284846405, 1.9903812288003442, 0.749631965525713, 0.4897285637511719, 0.39519628013200864, 0.2694342920868647, 7.64050771548097, 1.2430601685160916, 0.8843108405232856, 2.7237042572145325, 4.235892534134099, 1.3953851494571103, 2.173248138463601, 0.6827467283523313], [0.38484177373177514, 0.4921857062084649, 1.814028584478951, 2.65308879458935, 1.2591774696989968, 1.4703080597550742, 0.2703809279800768, 5.417190389951359, 0.6268348486873788, 1.275807145358412, 2.695365465668719, 0.39341493086601376, 0.5173814809641313, 1.652815102116488, 1.5187983157624103, 0.45844929275267454, 0.5392837823612262, 0.7417643227404633, 2.194514548429659, 0.3427820902555901, 0.7417643227404633, 1.4901161193847656e-08, 0.31892662023579993, 0.5741377095693196, 2.516600588854767, 1.6460009940137177, 1.5449124917427945, 0.6402029068957547, 0.35172891200435075, 0.4147344261039938, 0.588172283154257, 6.938321359583123, 0.8027822785169427, 0.39881131398652875, 2.022463021718679, 3.534803233089501, 1.245841565911463, 1.9764482284629865, 0.5512265339250183], [0.5298561087316264, 0.4653709445304369, 1.7536738214077192, 2.7680492113262214, 1.2516282644106793, 1.5132002814775518, 0.3327834334846485, 5.515441400020756, 0.48285572345011196, 1.2461044528959722, 2.7950114256584944, 0.29941437828946355, 0.5901197153730346, 1.7682727047202371, 1.638476410019446, 0.2981936727776965, 0.4767116178490838, 0.6680918645703878, 2.1318621293691207, 0.4420375655454361, 0.6680918645703878, 0.31892662023579993, 1.0536712127723509e-08, 0.4349794416736936, 2.450814237754003, 1.7150941465764977, 1.5476764570659294, 0.5675859500269445, 0.3968076596916625, 0.4127774046365124, 0.5345723714944132, 7.0310523258531665, 0.8257099209784942, 0.40073248835406483, 2.175021529800495, 3.675955635924268, 1.2251743149289354, 1.9125556850955296, 0.46491369131614557], [0.8169799205083017, 0.4376727964980487, 1.6438658199939389, 3.0397273314778595, 1.3792658491119034, 1.5374305271986395, 0.47784164022934916, 5.794525698769162, 0.4359731779847505, 1.1966167241473056, 3.076726913398263, 0.35836823311995114, 0.6825167382615569, 2.0631691939077594, 1.9003871381511601, 0.27915500242026964, 0.5050648489562901, 0.5673975565645533, 2.0118210552068203, 0.7131122295309201, 0.5673975565645533, 0.5741377095693196, 0.4349794416736936, 1.8250120749944284e-08, 2.3205049245357423, 2.0038402285366086, 1.634561301426927, 0.39252614297850336, 0.44088465730116455, 0.455311045365744, 0.5370533232517104, 7.265188871638667, 0.89221989587371, 0.5990318890003562, 2.443700832341987, 3.9480802958557284, 1.2091285957514633, 1.8350239580059795, 0.21924347795726026], [2.4844385462229353, 2.5884056345321147, 1.0984544903664584, 3.686941420669364, 2.1812754928593443, 1.5800146906368011, 2.5289327417656686, 5.822332999545983, 2.2769233727080094, 1.6568003848913775, 3.618879422682464, 2.370067022199789, 2.3929477515727497, 3.0820667619347795, 2.7395356484096416, 2.4054563509307827, 2.6710008736689304, 2.7169771116408965, 0.5233285670339258, 2.613816968638585, 2.7169771116408965, 2.516600588854767, 2.450814237754003, 2.3205049245357423, 0.0, 3.0005729569610566, 1.538073893767165, 2.1481059657723427, 2.531516934980647, 2.5906090710523193, 2.6911600392895103, 6.920598450805323, 1.9313787906177018, 2.386684161031649, 3.154289567339437, 4.2530762742075074, 1.7075443199325178, 0.7564159058572688, 2.268127992786265], [1.4052472047620153, 2.0786046352022276, 2.6277812485774805, 1.6681440315422273, 1.7708203790092005, 2.1559320776642314, 1.8323436296752966, 4.029241558272987, 2.0018632602147544, 2.2481614846408924, 1.5222089907800773, 1.8516345270475265, 1.8960431540663207, 0.7382416916950335, 1.2050488861555688, 1.8842434088141415, 1.9928733116336768, 2.2603371284846405, 2.8210354781382523, 1.5475038562073973, 2.2603371284846405, 1.6460009940137177, 1.7150941465764977, 2.0038402285366086, 3.0005729569610566, 4.2146848510894035e-08, 1.7765373501555302, 2.023971510075451, 1.9688086819606245, 1.9720893725062292, 2.0522534086761812, 5.5934723835847455, 1.6392015102522963, 1.7294124732475067, 1.206135451366469, 2.3817596049809504, 2.1199887637750043, 2.576018025512757, 1.9976114745621374], [1.4123911891404302, 1.801912625205655, 1.1838439704465427, 2.482000145433089, 1.4141058562137072, 0.7996852236075405, 1.6515900492612128, 4.898120398443533, 1.5713892974500043, 0.9798540755695038, 2.4392674283850733, 1.5292382256797752, 1.5804276677221973, 1.7817374575584244, 1.5560499840622706, 1.5980270320725127, 1.8421636789691445, 1.9903812288003442, 1.332806363324491, 1.5612061903571945, 1.9903812288003442, 1.5449124917427945, 1.5476764570659294, 1.634561301426927, 1.5380738937671652, 1.7765373501555302, 6.664001874625056e-08, 1.5461126235735914, 1.7088593108983368, 1.7553431001024846, 1.8642271792320777, 6.259820535847484, 1.1903729180272702, 1.4854168127298069, 1.9478232490078646, 3.1946535060763286, 0.8963997478981315, 1.0181420731615027, 1.5767908020519854], [0.8314504765303999, 0.5879066675213017, 1.5251215817109607, 3.0234707977163273, 1.3087114888179927, 1.3970761905414797, 0.576158902808274, 5.745702411054544, 0.508151612437435, 1.130404711414212, 3.0506409820859237, 0.4618166613484693, 0.6693603093154675, 2.0627254400435184, 1.8418819424775266, 0.48166823467802083, 0.6910391974112108, 0.749631965525713, 1.8338406193523253, 0.8004617488164167, 0.749631965525713, 0.6402029068957547, 0.5675859500269445, 0.39252614297850336, 2.1481059657723427, 2.023971510075451, 1.5461126235735914, 1.4901161193847656e-08, 0.5406656767025095, 0.5836187031103677, 0.7269349135639479, 7.181381877614742, 0.7560397125128545, 0.5974170249323378, 2.3713264898965907, 3.8710818947648757, 1.1589866254479761, 1.7044302883049196, 0.34090050150658], [0.6782589214882628, 0.23090014238154916, 1.781336385210024, 2.9842804038053217, 1.395311811812282, 1.527588029215338, 0.1990972308221574, 5.7506032943640335, 0.5247680816278154, 1.2530499533345154, 3.0318992905529063, 0.3763912745430189, 0.49655124303808373, 1.9906071604007016, 1.8213224670570276, 0.38380567533561316, 0.39423489796639294, 0.4897285637511719, 2.1896971579164686, 0.5902708169595151, 0.4897285637511719, 0.35172891200435075, 0.3968076596916625, 0.44088465730116455, 2.531516934980647, 1.9688086819606245, 1.7088593108983368, 0.5406656767025095, 0.0, 0.21975308110705688, 0.4542250003842439, 7.25847350633316, 0.9294705056432412, 0.4711732732455922, 2.3309541250981565, 3.8500014859530265, 1.2671916699187595, 1.9974139810439664, 0.4316367728419325], [0.7148916459572263, 0.20384402055397524, 1.811814288930763, 3.000042447450191, 1.5088977885762611, 1.5825401032139983, 0.24793272961865084, 5.7832041619438215, 0.6203976465106136, 1.2721735739307258, 3.0552281336809495, 0.43584608316258094, 0.6387224064886372, 1.9914579841455426, 1.877306188385527, 0.4002944708690182, 0.26789398733634096, 0.39519628013200864, 2.2362620993524263, 0.5478395939488203, 0.39519628013200864, 0.4147344261039938, 0.41277740463651236, 0.455311045365744, 2.5906090710523193, 1.9720893725062292, 1.7553431001024846, 0.5836187031103677, 0.21975308110705688, 0.0, 0.35023761170162426, 7.303261472733821, 0.9686052538024235, 0.5466488462177377, 2.36713675075777, 3.8861077737897367, 1.2839493676787075, 2.0483547410745455, 0.4843570174214915], [0.8952890854078813, 0.3195615833047014, 1.8725442279315734, 3.030126183832104, 1.7133559603783965, 1.774704523028643, 0.49560333823484654, 5.8777128097695615, 0.7801564636546148, 1.3537580611203284, 3.115985090207122, 0.5848528301770699, 0.8862196373184236, 2.0551666165774316, 2.0108855432876687, 0.48964259911039726, 0.21302445892942226, 0.2694342920868647, 2.3191134318998463, 0.5968535283094141, 0.2694342920868647, 0.588172283154257, 0.5345723714944132, 0.5370533232517104, 2.6911600392895103, 2.0522534086761812, 1.8642271792320777, 0.7269349135639479, 0.4542250003842439, 0.35023761170162426, 0.0, 7.425458996844183, 1.1399419991856585, 0.801488237315565, 2.531479972792341, 4.0342625967593015, 1.3305518702047048, 2.134044262429809, 0.6577456802565053], [6.619220649192014, 7.398840849906571, 7.271441584090794, 4.688912135568644, 6.327453933598889, 6.707618991453223, 7.14132979349307, 1.8921931773710305, 7.164300108466853, 7.175811813124025, 4.432722746751248, 7.075553436684066, 7.017078654564385, 5.469215070622171, 5.530691598904217, 7.184356600295167, 7.399996853959043, 7.64050771548097, 7.090632319593212, 6.858522996291104, 7.64050771548097, 6.938321359583123, 7.0310523258531665, 7.265188871638667, 6.920598450805323, 5.5934723835847455, 6.259820535847484, 7.181381877614742, 7.258473506333159, 7.303261472733822, 7.425458996844183, 2.0647654623614278e-07, 6.676656601655109, 6.904757853814464, 5.053243170236978, 3.665031589146716, 7.061199351187448, 6.926774450960669, 7.184499304240505], [0.7637038430808573, 1.0426245637391096, 1.3695084829009938, 2.6530331469781605, 1.1688193820444819, 1.1673365272395337, 0.8637832916557103, 5.257171909538675, 0.8987634321444127, 1.1173912138627982, 2.628335163535823, 0.8113839244263592, 0.8836031025783597, 1.6852240850901488, 1.4864013953002535, 0.876651701476705, 1.0821820043005197, 1.2430601685160916, 1.641853415011744, 0.8940896227561347, 1.2430601685160916, 0.8027822785169427, 0.8257099209784942, 0.89221989587371, 1.9313787906177018, 1.6392015102522963, 1.19037291802727, 0.7560397125128545, 0.9294705056432412, 0.9686052538024235, 1.1399419991856585, 6.67665660165511, 2.9802322387695312e-08, 0.7272509042999784, 1.9327676212611087, 3.3929216845525043, 1.0907353200128518, 1.4530199668663695, 0.8231677333273605], [0.4742825186644203, 0.6300794456175568, 1.7572952972515719, 2.759849776361408, 1.0524889617922417, 1.35274101411797, 0.40832739971819526, 5.4309817568647105, 0.49584729455777793, 1.2543041281338907, 2.748966433370185, 0.39961995291377367, 0.4466364871667164, 1.7549742604028584, 1.499963509467942, 0.5102120691221865, 0.7309491806046988, 0.8843108405232856, 2.096682859145587, 0.6147699414650636, 0.8843108405232856, 0.39881131398652875, 0.40073248835406483, 0.5990318890003562, 2.3866841610316487, 1.7294124732475067, 1.4854168127298069, 0.5974170249323378, 0.4711732732455922, 0.5466488462177377, 0.801488237315565, 6.904757853814464, 0.7272509042999784, 0.0, 2.012124780196467, 3.5268511416410333, 1.2599943834700844, 1.8782184587337911, 0.4906056968193172], [1.7285525083426392, 2.4818982888472747, 2.9211311278076524, 1.386950297104034, 1.8493970815925376, 2.179112307129308, 2.2241234418114435, 3.5699505126165385, 2.373863788861743, 2.552288281549658, 1.2061741028079842, 2.2179442073875713, 2.1569139979357375, 0.917165104659644, 0.8961121835107889, 2.344566570712143, 2.489892453234408, 2.7237042572145325, 3.040588735580761, 1.9648408333816838, 2.7237042572145325, 2.022463021718679, 2.175021529800495, 2.443700832341987, 3.154289567339437, 1.206135451366469, 1.9478232490078646, 2.3713264898965907, 2.3309541250981565, 2.36713675075777, 2.531479972792341, 5.053243170236978, 1.9327676212611087, 2.012124780196467, 0.0, 1.5766007983319448, 2.460179955404469, 2.7994108002162266, 2.3445195857840884], [3.2363015144356626, 3.996653576381446, 4.226662390779422, 1.7125189397941936, 3.197718423085044, 3.5169210584300994, 3.7361416863723362, 2.254455128069618, 3.8687074311520955, 3.9554208847810766, 1.408527647710272, 3.7304019365199053, 3.6589164385351203, 2.1439685868452165, 2.2058772051494384, 3.8535365328402413, 3.9942119347823195, 4.235892534134099, 4.240350382766973, 3.4602589606118777, 4.235892534134099, 3.5348032330895007, 3.675955635924268, 3.9480802958557284, 4.2530762742075074, 2.3817596049809504, 3.1946535060763286, 3.8710818947648757, 3.8500014859530265, 3.8861077737897367, 4.0342625967593015, 3.665031589146716, 3.3929216845525043, 3.5268511416410333, 1.5766007983319448, 1.1920928955078125e-07, 3.844217344882085, 4.024775301141034, 3.854718900570615], [1.311737465061024, 1.2994126521042306, 0.8180744690844631, 2.997461451996527, 1.6839123861525829, 0.8556982118217068, 1.2584071848143954, 5.6330196616935995, 1.2654912323639589, 0.2697860074132636, 3.021622188467139, 1.2078114626786087, 1.330542146962688, 2.13796772257862, 1.9909150617190343, 1.2180450935023295, 1.3229193288617769, 1.3953851494571103, 1.2981797249779008, 1.2929301689395614, 1.3953851494571103, 1.245841565911463, 1.2251743149289354, 1.2091285957514633, 1.7075443199325178, 2.1199887637750043, 0.8963997478981315, 1.1589866254479761, 1.2671916699187595, 1.2839493676787075, 1.3305518702047048, 7.061199351187448, 1.0907353200128518, 1.2599943834700844, 2.460179955404469, 3.844217344882085, 3.650024149988857e-08, 1.0706853321348753, 1.2080824267800292], [1.962898862354, 2.047790059333479, 0.5237531030092183, 3.328242217893247, 1.8257186729256891, 1.0801986130630046, 1.9928151381340484, 5.673636727682536, 1.7810376443774463, 1.0294215877671604, 3.294314835944976, 1.8406584421124565, 1.89849319619219, 2.6346501290280564, 2.345126055942275, 1.874268806539994, 2.1198297420398453, 2.173248138463601, 0.4526852485498121, 2.0594600212044565, 2.173248138463601, 1.9764482284629865, 1.9125556850955296, 1.8350239580059795, 0.7564159058572688, 2.576018025512757, 1.0181420731615027, 1.7044302883049196, 1.9974139810439664, 2.0483547410745455, 2.134044262429809, 6.92677445096067, 1.4530199668663695, 1.8782184587337911, 2.7994108002162266, 4.024775301141034, 1.0706853321348753, 7.300048299977713e-08, 1.7953021524455275], [0.7583513321641834, 0.4895152494266321, 1.6291798953821979, 3.004190824950367, 1.2513594064611533, 1.4238043080334875, 0.4753419937165761, 5.732021172146868, 0.3768353875305866, 1.1763604387611108, 3.0315338113988988, 0.3275142109958927, 0.5671207897148614, 2.036866998777275, 1.807238738093198, 0.3549580510469599, 0.6178431707938501, 0.6827467283523313, 1.9756570679885457, 0.7312523100978564, 0.6827467283523313, 0.5512265339250185, 0.46491369131614557, 0.2192434779572605, 2.268127992786265, 1.9976114745621376, 1.5767908020519859, 0.3409005015065802, 0.43163677284193236, 0.4843570174214913, 0.6577456802565053, 7.184499304240505, 0.8231677333273604, 0.4906056968193172, 2.3445195857840884, 3.854718900570615, 1.2080824267800292, 1.7953021524455277, 0.0]]