[[0.9999999634997598, 0.5525731692188419, 0.3481703588853329, 0.2957818255050965, 0.48196502223219573, 0.4155551306061315, 0.6403624403886384, 0.16388886105392514, 0.5620418198074475, 0.42533835238957113, 0.29374968093270915, 0.6208852973853161, 0.6260135253356724, 0.41795790629385143, 0.4497010178780494, 0.5881590798318886, 0.5384715153460682, 0.48367074556100637, 0.3124421192907055, 0.6914224374415365, 0.48367074556100637, 0.7221041558453785, 0.6536562453766193, 0.5503638145435582, 0.28699028171525104, 0.4157576809652478, 0.4145264683860475, 0.5460153101679576, 0.595855613931854, 0.5831272211031241, 0.5276239955683553, 0.1312470193530943, 0.5669886154203696, 0.6782960438993189, 0.3664946879132679, 0.23605496364987008, 0.4325750718296216, 0.3375073016179526, 0.5687145576130098], [0.5525731692188419, 0.9999999908749396, 0.35674802951627654, 0.2456076029020969, 0.39555923441403246, 0.3813088627519345, 0.7483580603404486, 0.1454364527239385, 0.62716990038341, 0.43870863601220395, 0.24144565476025137, 0.6836472378957276, 0.6106573331986775, 0.3229616880112833, 0.33858160271821, 0.7117799952752355, 0.7698886248469754, 0.7556354097103479, 0.30945773257176085, 0.6110478047050578, 0.7556354097103479, 0.6701578736744015, 0.6824210645997486, 0.695568562217945, 0.2786752953391759, 0.32482248242126477, 0.3568990663749202, 0.6297599351736365, 0.8124135870723007, 0.830672398522051, 0.7578274577345655, 0.11906404917901547, 0.4895662265852018, 0.613467032351389, 0.2871996586468533, 0.20013394659315076, 0.4348936669044086, 0.32810658888318894, 0.6713593569350403], [0.3481703588853329, 0.35674802951627654, 1.0, 0.22392975966519788, 0.3370997340484093, 0.4817585808335215, 0.35811126057748455, 0.1438197935719461, 0.37565832501774854, 0.5702618609442873, 0.22383778901158843, 0.37051197111970785, 0.36045535325508143, 0.2713490253960502, 0.28902324046415384, 0.36975803989258843, 0.34978443870472115, 0.34704488490881696, 0.6171046441725991, 0.3452450183682691, 0.34704488490881696, 0.3553624172531855, 0.3631512171941937, 0.37823402096945014, 0.476541189999964, 0.2756505785435983, 0.457908171798338, 0.3960205351072341, 0.35953939455780287, 0.35564226411989175, 0.34812344759616387, 0.12089790997537717, 0.42202845324938365, 0.3626742485640853, 0.2550284515884351, 0.1913266871348229, 0.5500324750193402, 0.6562742993107793, 0.3803467392080572], [0.2957818255050965, 0.24560760290209685, 0.22392975966519788, 1.0, 0.28003571382245773, 0.2539244177399641, 0.25754198249687177, 0.24773186029054423, 0.24882999972073375, 0.24149281378089188, 0.6401651138021746, 0.2601094188199842, 0.25844026881725546, 0.4520359499209213, 0.40424222569612367, 0.25411239881620457, 0.24654477684641576, 0.23387728398856014, 0.21840880381928074, 0.28705332009823775, 0.23387728398856014, 0.273740950803363, 0.26538931524411674, 0.24754145959503868, 0.21335875792900041, 0.3747923605990584, 0.28719125739026086, 0.2485416324054316, 0.25098635102211087, 0.24999734706251567, 0.24813118854981742, 0.17578053170266508, 0.2737451207709993, 0.2659680730562989, 0.4189446262091211, 0.3686610203266904, 0.2501587600051906, 0.23104067417159146, 0.2497383475754793], [0.48196502223219573, 0.39555923441403246, 0.3370997340484093, 0.28003571382245773, 0.9999999211504726, 0.41827631935480275, 0.4240032075758248, 0.16765714246651695, 0.48141497660656424, 0.37667575411654125, 0.2863905806488451, 0.4536166270865286, 0.4992817087579029, 0.3505311391274116, 0.4451932322206519, 0.43263574635628954, 0.3730335950819211, 0.35579751105124885, 0.3249288045230487, 0.4137820788410698, 0.35579751105124885, 0.4426389752077493, 0.4441230445567048, 0.42029771510117914, 0.3143393278087952, 0.36090394295338024, 0.414232042653011, 0.4331420382509453, 0.41748218126282466, 0.3985814027790569, 0.3685472951586282, 0.13647305176695237, 0.46108035011072684, 0.4872133388365684, 0.3509514368706718, 0.2382246494906789, 0.37259040390417164, 0.35389227157727676, 0.44417608185086316], [0.4155551306061315, 0.3813088627519345, 0.4817585808335215, 0.2539244177399641, 0.41827631935480275, 1.0, 0.3976735742434535, 0.15713143691182946, 0.4089175885164293, 0.5705752556312185, 0.2555096431889204, 0.40714508533223476, 0.4267330213345629, 0.315790071208778, 0.35747234859195426, 0.3940614837120508, 0.36552844991001077, 0.35358392225337054, 0.4326494330872035, 0.3873868523537276, 0.35358392225337054, 0.40480781174277836, 0.3978990482255093, 0.394099459780684, 0.3875946922430815, 0.3168636001634484, 0.5556527257558187, 0.41717489162249294, 0.3956340940222125, 0.3872156714064148, 0.36039873496457236, 0.1297417530769066, 0.4613958134474242, 0.42503615740081563, 0.31455321592680235, 0.22138974470976472, 0.5388807262029516, 0.48072332791701183, 0.4125745616861837], [0.6403624403886384, 0.7483580603404486, 0.35811126057748455, 0.25754198249687177, 0.4240032075758248, 0.3976735742434535, 0.999999985098839, 0.1508631821186724, 0.6405052158121789, 0.44228601081867597, 0.2552101297054801, 0.7210413954108443, 0.6623616028650972, 0.34925863398391443, 0.36655177387588395, 0.7171650208507767, 0.7104371692024101, 0.6343729250034512, 0.3132118000357666, 0.6661816349287227, 0.6343729250034512, 0.7871654698012617, 0.7503094462882356, 0.6766624872234673, 0.2833717934504072, 0.3530645044346689, 0.3771322042329358, 0.6344537966433969, 0.8339607283675845, 0.8013252447554482, 0.6686264829953029, 0.12283005668180233, 0.5365430651069095, 0.7100621632442136, 0.3101618216696317, 0.21114233192756388, 0.44278994803241556, 0.3341335678432438, 0.6778089448134472], [0.16388886105392514, 0.1454364527239385, 0.1438197935719461, 0.24773186029054423, 0.16765714246651695, 0.15713143691182946, 0.1508631821186724, 1.0, 0.1490437001679021, 0.14791921510262646, 0.26160189168057546, 0.1517050040121573, 0.15283118262046796, 0.20540530325229714, 0.19805159062017247, 0.1494407020573207, 0.1457566845683269, 0.14072746575745596, 0.14517086999009904, 0.1585908279453615, 0.14072746575745596, 0.1558314370048759, 0.15348154309189463, 0.14717730778193266, 0.14657742447730837, 0.1988371384458603, 0.16954553865395697, 0.1482425311797399, 0.14813490830291914, 0.1474229547166447, 0.14539717310957406, 0.3457583704381006, 0.1598166095573563, 0.15549725342208542, 0.21882075029898895, 0.3072710978175786, 0.150760897902219, 0.1498433374193049, 0.14854379902092554], [0.5620418198074475, 0.62716990038341, 0.37565832501774854, 0.24882999972073375, 0.48141497660656424, 0.4089175885164293, 0.6405052158121789, 0.1490437001679021, 1.0, 0.4494810343322505, 0.24813307559180475, 0.7393605100038706, 0.6665548913718508, 0.3250153062175878, 0.35824617182951624, 0.7256085367902625, 0.5724677760845708, 0.5551399702190447, 0.33396860961924785, 0.5446597634330506, 0.5551399702190447, 0.6146905451446752, 0.6743744412796496, 0.6963918374878028, 0.3051642917037795, 0.33312643292368344, 0.3888948285627852, 0.6630633099173805, 0.6558374431162132, 0.6171324687822237, 0.5617483746046829, 0.12248447346551382, 0.5266585521244354, 0.6685174373334901, 0.29639607956353653, 0.20539332341096683, 0.4414053719186261, 0.35957801650824356, 0.7263032378863701], [0.42533835238957113, 0.43870863601220395, 0.5702618609442873, 0.24149281378089188, 0.37667575411654125, 0.5705752556312185, 0.44228601081867597, 0.14791921510262646, 0.4494810343322505, 0.9999999578531533, 0.24000970642833813, 0.45288210348096536, 0.4389049040944836, 0.30487006301850145, 0.3244039492080021, 0.4503077738472873, 0.4276453801063307, 0.4194860461610483, 0.4454977184657902, 0.42444537822828055, 0.4194860461610483, 0.4394045435877706, 0.4452152698021986, 0.45524555513351356, 0.3763925982873135, 0.3078664668393349, 0.5050877296158055, 0.4693943806274146, 0.44384280007640287, 0.44010722220928716, 0.4248525014181048, 0.12231201290552873, 0.4722792809627657, 0.44359586957230945, 0.28150868418926794, 0.20179920601117185, 0.7875342728316431, 0.4927512381004257, 0.4594827135202146], [0.29374968093270915, 0.24144565476025137, 0.22383778901158843, 0.6401651138021746, 0.2863905806488451, 0.2555096431889204, 0.2552101297054801, 0.26160189168057546, 0.24813307559180475, 0.24000970642833813, 1.0, 0.257967612972061, 0.2568957629728211, 0.458319930122718, 0.4157868771926907, 0.2519700251866345, 0.24277278624487594, 0.22964326807806276, 0.22004334468687298, 0.281022272677856, 0.22964326807806276, 0.2706092291250653, 0.26350381799614325, 0.24529482137090797, 0.21650272901457107, 0.3964778508265949, 0.2907595936700844, 0.24687450811427838, 0.24802206799735493, 0.2465952511264256, 0.24295520466758508, 0.18406976512799167, 0.2756084967149223, 0.26674018500107943, 0.45327338342301066, 0.41519141412002286, 0.24865587893057522, 0.23286601895828332, 0.2480445524660032], [0.6208852973853161, 0.6836472378957276, 0.37051197111970785, 0.2601094188199842, 0.4536166270865286, 0.40714508533223476, 0.7210413954108443, 0.1517050040121573, 0.7393605100038706, 0.45288210348096536, 0.257967612972061, 0.999999985098839, 0.6464290961895671, 0.34859728652013006, 0.37345586171905587, 0.8176695754588076, 0.6422845319630734, 0.5964258513019625, 0.32648270449154077, 0.6393093720615951, 0.5964258513019625, 0.7176613210097408, 0.7695774471238268, 0.7361774043428286, 0.29673000370991337, 0.3506760738499551, 0.3953759633421772, 0.6840803135172496, 0.7265375903607163, 0.6964534790507695, 0.6309734134041163, 0.12383052230914515, 0.5520640801296095, 0.7144796685115613, 0.31075740769658383, 0.21139852668327097, 0.4529372262551615, 0.35203105912879473, 0.7532876045445916], [0.6260135253356724, 0.6106573331986775, 0.36045535325508143, 0.2584402688172554, 0.4992817087579029, 0.4267330213345629, 0.6623616028650972, 0.15283118262046794, 0.6665548913718508, 0.4389049040944836, 0.2568957629728211, 0.6464290961895671, 1.0, 0.3400656040859705, 0.38253424666502683, 0.6146575457558191, 0.5434277587129198, 0.5171207394985093, 0.3218152884800836, 0.5584092312299465, 0.5171207394985093, 0.6590300544360199, 0.6288834672837226, 0.594347727579364, 0.2947289711539074, 0.3452987220152105, 0.387532660771198, 0.5990318533510939, 0.6682029797856728, 0.6102314803534933, 0.530160952741255, 0.12473371449719625, 0.530897405420046, 0.6912586602585504, 0.3167650435374186, 0.21464218412005365, 0.4290847094540917, 0.3450068474591283, 0.6381129052483252], [0.41795790629385143, 0.3229616880112833, 0.2713490253960502, 0.4520359499209213, 0.3505311391274116, 0.315790071208778, 0.34925863398391443, 0.20540530325229714, 0.3250153062175878, 0.30487006301850145, 0.458319930122718, 0.34859728652013006, 0.3400656040859705, 1.0, 0.5212138467376863, 0.3389106112688538, 0.3292670923017834, 0.3043470395803865, 0.2569920962277437, 0.4011937553630791, 0.3043470395803865, 0.3769580470203795, 0.3612360871437557, 0.3264592768786225, 0.24497394538594697, 0.5752939909207087, 0.35948755598154686, 0.32650657709160863, 0.3343802600492715, 0.3342851563685366, 0.3273143908335369, 0.15457825858057705, 0.37240839807469095, 0.36297979780535977, 0.5216034850464958, 0.31806933573831914, 0.3186775927632078, 0.2751296450828984, 0.32928672885662336], [0.4497010178780494, 0.33858160271821, 0.28902324046415384, 0.4042422256961236, 0.4451932322206519, 0.35747234859195426, 0.36655177387588395, 0.19805159062017247, 0.35824617182951624, 0.3244039492080021, 0.4157868771926906, 0.37345586171905587, 0.38253424666502683, 0.5212138467376863, 0.9999999578531533, 0.35677125785699343, 0.33275385859718387, 0.3111880393284557, 0.2774511046823454, 0.40399923146814426, 0.3111880393284557, 0.39701471679653394, 0.379006610103681, 0.34478155927744386, 0.26741288064075075, 0.453504684761646, 0.3912286560260153, 0.3518795010633725, 0.35444370917413, 0.34754730102641795, 0.3321282013623382, 0.1531231393881453, 0.40218767649108467, 0.4000058385703503, 0.5273949551594714, 0.3119271063762987, 0.3343458370981782, 0.298942396572351, 0.35622192955318244], [0.5881590798318886, 0.7117799952752355, 0.36975803989258843, 0.25411239881620457, 0.43263574635628954, 0.3940614837120508, 0.7171650208507767, 0.1494407020573207, 0.7256085367902625, 0.4503077738472873, 0.2519700251866345, 0.8176695754588076, 0.6146575457558191, 0.3389106112688538, 0.35677125785699343, 0.999999985098839, 0.6867707720743533, 0.6364390416582617, 0.3240886222231719, 0.6255338369793955, 0.6364390416582617, 0.6856597654571877, 0.7703010890973897, 0.781766086289711, 0.29364640064368436, 0.34671137565714355, 0.38490746541704546, 0.6749149212997123, 0.7226448177107461, 0.7141355056407552, 0.6713019623614362, 0.12218431439851181, 0.532863929525717, 0.6621586599961765, 0.29899240420473217, 0.20603532975053346, 0.45084746154596145, 0.34791457142931126, 0.7380302284836876], [0.5384715153460682, 0.7698886248469754, 0.34978443870472115, 0.24654477684641576, 0.3730335950819211, 0.36552844991001077, 0.7104371692024101, 0.1457566845683269, 0.5724677760845708, 0.4276453801063307, 0.242772786244876, 0.6422845319630734, 0.5434277587129198, 0.3292670923017834, 0.33275385859718387, 0.6867707720743533, 0.9999999894632879, 0.7807137360809113, 0.3028550238048318, 0.6289146488505181, 0.7807137360809113, 0.6496527875230537, 0.677180288902012, 0.664423197906366, 0.2724052743143491, 0.3341270731750902, 0.35184462013908396, 0.5913523480300673, 0.7172392553497139, 0.7887094741263447, 0.8243856854152545, 0.11904766363438402, 0.48026541288638996, 0.5777177118802845, 0.2865417812727171, 0.20023179093291454, 0.43049278017329895, 0.3205303118067487, 0.6181068833200414], [0.48367074556100637, 0.7556354097103479, 0.34704488490881696, 0.23387728398856014, 0.35579751105124885, 0.35358392225337054, 0.6343729250034512, 0.14072746575745596, 0.5551399702190447, 0.4194860461610483, 0.22964326807806276, 0.5964258513019625, 0.5171207394985093, 0.3043470395803865, 0.3111880393284557, 0.6364390416582617, 0.7807137360809113, 1.0, 0.2996072489818217, 0.5511122282841412, 1.0, 0.5741304876578345, 0.5994873671166469, 0.6380002289858202, 0.2690358239947676, 0.3067167475606383, 0.33440552340584734, 0.5715487712294565, 0.6712632249474872, 0.7167450302443349, 0.7877524707136021, 0.1157339398248932, 0.4458195165854848, 0.530698002948544, 0.26854979099442144, 0.1909894050499984, 0.4174693995354525, 0.3151345108750847, 0.5942664948629283], [0.3124421192907055, 0.30945773257176085, 0.6171046441725994, 0.21840880381928077, 0.3249288045230487, 0.4326494330872035, 0.3132118000357666, 0.14517086999009904, 0.33396860961924785, 0.4454977184657902, 0.22004334468687298, 0.3264827044915408, 0.3218152884800836, 0.2569920962277437, 0.2774511046823454, 0.32408862222317186, 0.3028550238048318, 0.2996072489818217, 0.9999999403953588, 0.30447397104903096, 0.2996072489818217, 0.31303660848612325, 0.3192988575782035, 0.3320250378989832, 0.6564571961957628, 0.2617091638435235, 0.4286682408457152, 0.3528779964444684, 0.31350938678241375, 0.3089984584994211, 0.3012852740701918, 0.12359973367944113, 0.3785221368898526, 0.3229261908582761, 0.24748868678323144, 0.19082693464324937, 0.435126978595904, 0.6883803638801194, 0.3360602304471765], [0.6914224374415365, 0.6110478047050578, 0.3452450183682691, 0.28705332009823775, 0.4137820788410698, 0.3873868523537276, 0.6661816349287227, 0.15859082794536147, 0.5446597634330506, 0.4244453782282805, 0.281022272677856, 0.6393093720615951, 0.5584092312299465, 0.4011937553630791, 0.40399923146814426, 0.6255338369793955, 0.6289146488505181, 0.5511122282841412, 0.30447397104903096, 1.0, 0.5511122282841412, 0.7447224737780471, 0.6934632105937962, 0.5837329176465089, 0.27671572984415005, 0.3925411133582159, 0.390441036635374, 0.555413077038364, 0.6288237131282639, 0.6460617779190013, 0.6262315123283086, 0.1272503752259755, 0.5279581219313563, 0.6192832640250354, 0.3372862343033115, 0.22420222880126575, 0.4361231813974003, 0.3268550636613049, 0.5776165577757274], [0.48367074556100637, 0.7556354097103479, 0.34704488490881696, 0.23387728398856014, 0.35579751105124885, 0.35358392225337054, 0.6343729250034512, 0.14072746575745596, 0.5551399702190447, 0.4194860461610483, 0.22964326807806276, 0.5964258513019625, 0.5171207394985093, 0.3043470395803865, 0.3111880393284557, 0.6364390416582617, 0.7807137360809113, 1.0, 0.2996072489818217, 0.5511122282841412, 1.0, 0.5741304876578345, 0.5994873671166469, 0.6380002289858202, 0.2690358239947676, 0.3067167475606383, 0.33440552340584734, 0.5715487712294565, 0.6712632249474872, 0.7167450302443349, 0.7877524707136021, 0.1157339398248932, 0.4458195165854848, 0.530698002948544, 0.26854979099442144, 0.1909894050499984, 0.4174693995354525, 0.3151345108750847, 0.5942664948629283], [0.7221041558453785, 0.6701578736744015, 0.3553624172531855, 0.273740950803363, 0.4426389752077493, 0.40480781174277836, 0.7871654698012617, 0.15583143700487587, 0.6146905451446752, 0.4394045435877706, 0.2706092291250653, 0.7176613210097408, 0.6590300544360199, 0.3769580470203795, 0.39701471679653394, 0.6856597654571877, 0.6496527875230537, 0.5741304876578345, 0.31303660848612325, 0.7447224737780471, 0.5741304876578345, 0.999999985098839, 0.7581922941408358, 0.6352684354875138, 0.28436553277313326, 0.37792880738230583, 0.3929408194759518, 0.6096806656028908, 0.7397933055357933, 0.7068464452044743, 0.6296546102755978, 0.1259712166719986, 0.5546981529143103, 0.7148927021115233, 0.3308559915586212, 0.2205167343763035, 0.4452673844756076, 0.3359709033193538, 0.6446511699807844], [0.6536562453766193, 0.6824210645997486, 0.3631512171941937, 0.26538931524411674, 0.4441230445567048, 0.3978990482255093, 0.7503094462882356, 0.15348154309189463, 0.6743744412796496, 0.4452152698021986, 0.26350381799614325, 0.7695774471238268, 0.6288834672837226, 0.3612360871437557, 0.379006610103681, 0.7703010890973897, 0.677180288902012, 0.5994873671166469, 0.3192988575782035, 0.6934632105937962, 0.5994873671166469, 0.7581922941408358, 0.9999999894632879, 0.6968740951672773, 0.2897866796361835, 0.36831135349796795, 0.39251451934821635, 0.637923553718258, 0.7159181817636542, 0.7078255900173359, 0.6516473374443523, 0.12451668342152987, 0.5477321388843893, 0.7139121911672465, 0.3149584941752618, 0.21386002731018983, 0.4494029943141496, 0.3433410750281331, 0.6826340732071077], [0.5503638145435582, 0.695568562217945, 0.37823402096945014, 0.24754145959503868, 0.42029771510117914, 0.394099459780684, 0.6766624872234673, 0.14717730778193266, 0.6963918374878028, 0.45524555513351356, 0.245294821370908, 0.7361774043428286, 0.594347727579364, 0.3264592768786225, 0.34478155927744386, 0.781766086289711, 0.664423197906366, 0.6380002289858202, 0.3320250378989832, 0.5837329176465089, 0.6380002289858202, 0.6352684354875138, 0.6968740951672773, 0.9999999817498796, 0.3011590172960865, 0.33290718677376974, 0.3795698355769447, 0.7181193725103638, 0.6940180776669803, 0.6871383290770553, 0.6505955160257236, 0.1209893706641623, 0.5284798041605318, 0.6253783973158632, 0.29038527116187424, 0.20209857969312894, 0.45266717470552564, 0.3527307052118714, 0.8201807252439978], [0.28699028171525104, 0.2786752953391759, 0.476541189999964, 0.21335875792900041, 0.3143393278087952, 0.38759469224308146, 0.28337179345040714, 0.14657742447730837, 0.3051642917037795, 0.3763925982873135, 0.21650272901457107, 0.29673000370991337, 0.2947289711539074, 0.24497394538594697, 0.26741288064075075, 0.29364640064368436, 0.2724052743143491, 0.2690358239947676, 0.6564571961957628, 0.27671572984415005, 0.2690358239947676, 0.28436553277313326, 0.2897866796361835, 0.3011590172960865, 1.0, 0.24996419531856937, 0.39399956102764944, 0.31765131506768207, 0.2831644356833532, 0.278504281644597, 0.270917540652744, 0.12625308633065793, 0.3411363973842765, 0.2952740652660627, 0.24071504496506185, 0.19036464498145186, 0.3693383678480003, 0.5693412344224482, 0.30598556794816445], [0.4157576809652478, 0.3248224824212648, 0.2756505785435983, 0.3747923605990584, 0.36090394295338024, 0.3168636001634484, 0.3530645044346689, 0.1988371384458603, 0.33312643292368344, 0.3078664668393349, 0.39647785082659487, 0.3506760738499551, 0.3452987220152105, 0.5752939909207087, 0.453504684761646, 0.34671137565714355, 0.3341270731750902, 0.3067167475606383, 0.2617091638435235, 0.3925411133582159, 0.3067167475606383, 0.37792880738230583, 0.36831135349796795, 0.33290718677376974, 0.24996419531856937, 0.9999999578531533, 0.3601608312396677, 0.3306909462169665, 0.336835447186712, 0.3364636370799123, 0.3276267944062084, 0.15166515332491906, 0.3789024809645567, 0.36637921523461825, 0.45328132476208793, 0.2957040466528469, 0.32051397479715865, 0.2796406485833114, 0.3335989365153036], [0.4145264683860475, 0.3568990663749202, 0.457908171798338, 0.28719125739026086, 0.414232042653011, 0.5556527257558187, 0.3771322042329358, 0.16954553865395697, 0.3888948285627852, 0.5050877296158055, 0.2907595936700844, 0.3953759633421772, 0.387532660771198, 0.35948755598154686, 0.3912286560260153, 0.38490746541704546, 0.35184462013908396, 0.33440552340584734, 0.4286682408457152, 0.390441036635374, 0.33440552340584734, 0.3929408194759518, 0.39251451934821635, 0.3795698355769447, 0.39399956102764944, 0.3601608312396677, 0.9999999333599856, 0.392755603480121, 0.3691590759168555, 0.3629312080817831, 0.3491343170160504, 0.13774445181698472, 0.45654326337299517, 0.4023470006633094, 0.33923336493684464, 0.2383987136366356, 0.5273149825654357, 0.4955052537175734, 0.3880796218318019], [0.5460153101679576, 0.6297599351736365, 0.3960205351072341, 0.2485416324054316, 0.4331420382509453, 0.41717489162249294, 0.6344537966433969, 0.14824253117973993, 0.6630633099173805, 0.4693943806274146, 0.24687450811427844, 0.6840803135172496, 0.5990318533510939, 0.32650657709160863, 0.3518795010633725, 0.6749149212997123, 0.5913523480300673, 0.5715487712294565, 0.3528779964444684, 0.555413077038364, 0.5715487712294565, 0.6096806656028908, 0.637923553718258, 0.7181193725103638, 0.31765131506768207, 0.3306909462169665, 0.392755603480121, 0.999999985098839, 0.6490700838745901, 0.6314651361694019, 0.57906061898781, 0.12222874020049375, 0.5694632034084365, 0.6260106061173082, 0.296619150650898, 0.20529320212717742, 0.4631802662475995, 0.3697636446109983, 0.7457674889944792], [0.595855613931854, 0.8124135870723007, 0.35953939455780287, 0.25098635102211087, 0.41748218126282466, 0.3956340940222125, 0.8339607283675845, 0.14813490830291914, 0.6558374431162132, 0.44384280007640287, 0.24802206799735493, 0.7265375903607163, 0.6682029797856728, 0.3343802600492715, 0.35444370917413, 0.7226448177107461, 0.7172392553497139, 0.6712632249474872, 0.31350938678241375, 0.6288237131282639, 0.6712632249474872, 0.7397933055357933, 0.7159181817636542, 0.6940180776669803, 0.2831644356833532, 0.336835447186712, 0.3691590759168555, 0.6490700838745901, 1.0, 0.819838060251008, 0.6876514980390065, 0.12108775298887038, 0.5182769039875128, 0.6797295860288944, 0.3002142816873925, 0.20618550383876838, 0.44107430936169284, 0.3336209166715473, 0.6985011973497347], [0.5831272211031241, 0.830672398522051, 0.35564226411989175, 0.24999734706251567, 0.3985814027790569, 0.3872156714064148, 0.8013252447554482, 0.1474229547166447, 0.6171324687822237, 0.44010722220928716, 0.2465952511264256, 0.6964534790507695, 0.6102314803534933, 0.3342851563685366, 0.34754730102641795, 0.7141355056407552, 0.7887094741263447, 0.7167450302443349, 0.3089984584994211, 0.6460617779190013, 0.7167450302443349, 0.7068464452044743, 0.7078255900173359, 0.6871383290770553, 0.278504281644597, 0.3364636370799123, 0.3629312080817831, 0.6314651361694019, 0.819838060251008, 1.0, 0.7406103868931331, 0.12043460311153532, 0.50797385512838, 0.6465591736905609, 0.29698823481848524, 0.20466187941335262, 0.4378380773897585, 0.3280458099333609, 0.673692372025917], [0.5276239955683553, 0.7578274577345655, 0.3481234475961638, 0.24813118854981742, 0.3685472951586282, 0.36039873496457236, 0.6686264829953029, 0.14539717310957406, 0.5617483746046829, 0.4248525014181048, 0.24295520466758508, 0.6309734134041163, 0.5301609527412551, 0.3273143908335369, 0.3321282013623382, 0.6713019623614362, 0.8243856854152545, 0.7877524707136021, 0.3012852740701918, 0.6262315123283086, 0.7877524707136021, 0.6296546102755978, 0.6516473374443523, 0.6505955160257236, 0.270917540652744, 0.3276267944062084, 0.3491343170160504, 0.57906061898781, 0.6876514980390065, 0.7406103868931331, 1.0, 0.11868789586116997, 0.4673023850088197, 0.5550966025124432, 0.2831673994201644, 0.19863882361713284, 0.42908291927961456, 0.31907654017135834, 0.6032288377583157], [0.1312470193530943, 0.11906404917901547, 0.12089790997537717, 0.17578053170266508, 0.13647305176695237, 0.1297417530769066, 0.12283005668180233, 0.3457583704381006, 0.12248447346551382, 0.12231201290552873, 0.18406976512799167, 0.12383052230914515, 0.12473371449719622, 0.15457825858057705, 0.1531231393881453, 0.12218431439851181, 0.11904766363438402, 0.1157339398248932, 0.12359973367944113, 0.1272503752259755, 0.1157339398248932, 0.1259712166719986, 0.12451668342152987, 0.1209893706641623, 0.12625308633065793, 0.15166515332491906, 0.13774445181698472, 0.12222874020049375, 0.12108775298887041, 0.1204346031115353, 0.11868789586116997, 0.9999997935234963, 0.13026504269897876, 0.12650608892686663, 0.1652006985142893, 0.21436082069122936, 0.12405101975957163, 0.12615471856636556, 0.12218218400750377], [0.5669886154203696, 0.4895662265852018, 0.42202845324938365, 0.2737451207709993, 0.46108035011072684, 0.4613958134474242, 0.5365430651069095, 0.1598166095573563, 0.5266585521244354, 0.4722792809627657, 0.2756084967149223, 0.5520640801296095, 0.530897405420046, 0.37240839807469095, 0.40218767649108467, 0.532863929525717, 0.48026541288638996, 0.4458195165854848, 0.3785221368898526, 0.5279581219313563, 0.4458195165854848, 0.5546981529143103, 0.5477321388843893, 0.5284798041605318, 0.3411363973842765, 0.3789024809645567, 0.45654326337299517, 0.5694632034084365, 0.5182769039875128, 0.50797385512838, 0.4673023850088197, 0.13026504269897873, 0.9999999701976785, 0.5789546831386844, 0.3409748500871657, 0.22763893185632045, 0.478300620087029, 0.4076607665274972, 0.5484958853319307], [0.6782960438993189, 0.613467032351389, 0.3626742485640853, 0.2659680730562989, 0.4872133388365684, 0.42503615740081563, 0.7100621632442136, 0.15549725342208542, 0.6685174373334901, 0.44359586957230945, 0.26674018500107943, 0.7144796685115613, 0.6912586602585504, 0.36297979780535977, 0.4000058385703503, 0.6621586599961764, 0.5777177118802845, 0.530698002948544, 0.3229261908582761, 0.6192832640250354, 0.530698002948544, 0.7148927021115233, 0.7139121911672465, 0.6253783973158632, 0.29527406526606276, 0.36637921523461825, 0.4023470006633094, 0.6260106061173082, 0.6797295860288944, 0.6465591736905609, 0.5550966025124432, 0.12650608892686663, 0.5789546831386844, 1.0, 0.3319915584422683, 0.22090410501934218, 0.4424789757506214, 0.3474371436141536, 0.6708682263416939], [0.36649468791326795, 0.2871996586468533, 0.2550284515884351, 0.4189446262091211, 0.3509514368706718, 0.31455321592680235, 0.3101618216696317, 0.21882075029898895, 0.29639607956353653, 0.28150868418926794, 0.45327338342301066, 0.3107574076965839, 0.3167650435374186, 0.5216034850464958, 0.5273949551594714, 0.29899240420473217, 0.2865417812727171, 0.26854979099442144, 0.24748868678323144, 0.3372862343033115, 0.26854979099442144, 0.3308559915586212, 0.3149584941752618, 0.29038527116187424, 0.24071504496506185, 0.45328132476208793, 0.33923336493684464, 0.296619150650898, 0.3002142816873925, 0.29698823481848524, 0.2831673994201644, 0.1652006985142893, 0.3409748500871657, 0.3319915584422683, 1.0, 0.3881082396028853, 0.28900230996312665, 0.26319870437360693, 0.298996604549876], [0.23605496364987008, 0.20013394659315076, 0.1913266871348229, 0.3686610203266904, 0.2382246494906789, 0.22138974470976472, 0.21114233192756388, 0.3072710978175786, 0.20539332341096683, 0.20179920601117185, 0.41519141412002286, 0.21139852668327097, 0.21464218412005365, 0.31806933573831914, 0.31192710637629867, 0.20603532975053346, 0.20023179093291454, 0.1909894050499984, 0.19082693464324937, 0.22420222880126575, 0.1909894050499984, 0.22051673437630356, 0.21386002731018983, 0.20209857969312894, 0.19036464498145186, 0.2957040466528469, 0.2383987136366356, 0.20529320212717742, 0.20618550383876838, 0.20466187941335262, 0.19863882361713284, 0.21436082069122936, 0.22763893185632045, 0.22090410501934218, 0.3881082396028853, 0.9999998807907247, 0.20643169552590365, 0.19901387426675943, 0.2059851498059881], [0.4325750718296216, 0.4348936669044086, 0.5500324750193402, 0.2501587600051906, 0.37259040390417164, 0.5388807262029516, 0.44278994803241556, 0.150760897902219, 0.4414053719186261, 0.7875342728316431, 0.24865587893057522, 0.4529372262551615, 0.4290847094540917, 0.3186775927632078, 0.3343458370981782, 0.45084746154596145, 0.43049278017329895, 0.4174693995354525, 0.43512697859590416, 0.4361231813974003, 0.4174693995354525, 0.4452673844756076, 0.4494029943141496, 0.45266717470552564, 0.3693383678480003, 0.32051397479715865, 0.5273149825654357, 0.4631802662475995, 0.44107430936169284, 0.4378380773897585, 0.42908291927961456, 0.12405101975957163, 0.478300620087029, 0.4424789757506214, 0.28900230996312665, 0.20643169552590365, 0.9999999634997598, 0.48293189915485646, 0.45288164421391897], [0.3375073016179526, 0.328106588883189, 0.6562742993107791, 0.23104067417159146, 0.35389227157727676, 0.48072332791701183, 0.3341335678432438, 0.1498433374193049, 0.35957801650824356, 0.4927512381004257, 0.23286601895828332, 0.35203105912879473, 0.3450068474591283, 0.2751296450828984, 0.298942396572351, 0.3479145714293113, 0.3205303118067487, 0.3151345108750847, 0.6883803638801185, 0.32685506366130496, 0.3151345108750847, 0.3359709033193538, 0.3433410750281331, 0.3527307052118714, 0.5693412344224482, 0.2796406485833114, 0.4955052537175734, 0.3697636446109983, 0.3336209166715473, 0.3280458099333609, 0.31907654017135834, 0.12615471856636554, 0.4076607665274972, 0.3474371436141536, 0.26319870437360693, 0.19901387426675943, 0.48293189915485646, 0.9999999269995223, 0.357743079446753], [0.5687145576130098, 0.6713593569350403, 0.3803467392080572, 0.2497383475754793, 0.44417608185086316, 0.4125745616861838, 0.6778089448134472, 0.14854379902092554, 0.72630323788637, 0.4594827135202146, 0.2480445524660032, 0.753287604544592, 0.6381129052483253, 0.32928672885662336, 0.35622192955318244, 0.7380302284836877, 0.6181068833200414, 0.5942664948629283, 0.3360602304471765, 0.5776165577757274, 0.5942664948629283, 0.6446511699807843, 0.6826340732071077, 0.8201807252439977, 0.30598556794816445, 0.33359893651530353, 0.3880796218318019, 0.7457674889944791, 0.6985011973497348, 0.6736923720259171, 0.6032288377583157, 0.12218218400750377, 0.5484958853319307, 0.6708682263416939, 0.298996604549876, 0.2059851498059881, 0.45288164421391897, 0.357743079446753, 1.0]]