[[1.0, 0.9936392337608307, 0.9866262474438106, 0.9941016750082861, 0.9983841910009337, 0.9581233353256038, 0.9792577731532924, 0.9524762441522046, 0.9794068113863126, 0.9106155918708534, 0.9872933389512003, 0.9954004756572572, 0.978217761919253, 0.9838831713826731, 0.9975516670513759, 0.9967661520877059, 0.960301352100616, 0.9320165536739659, 0.996848803907365, 0.9985709953665872, 0.9626361239418482, 0.9993571545172517, 0.9975032783668529, 0.9944488601605497, 0.9960345161577688, 0.9941291379140123, 0.9989613471197852, 0.9822678318603985, 0.9965168430346123, 0.9946659217520604, 0.9977611836627724, 0.8922240898342203, 0.9902804781480407, 0.9561701186797488, 0.9940969591298439, 0.9960469353144539, 0.9981546538807461, 0.9836273059952969, 0.9173865795209784], [0.9936392337608307, 0.9999999999999999, 0.9853217704352304, 0.9893549191591101, 0.9918944160094887, 0.9651748595631934, 0.980526605586458, 0.9609672349106395, 0.9804955020597391, 0.9217289258672668, 0.9904133433289682, 0.9927546705897544, 0.9832205771714118, 0.9873936392976701, 0.9945782131785486, 0.9933215757196665, 0.9650606324495987, 0.9465446016323558, 0.9940854444020185, 0.9944689336194324, 0.9726600986486797, 0.9942140259589314, 0.9911957758023286, 0.9935110440742079, 0.9945070910070111, 0.9947072936644635, 0.9946188105302736, 0.9861230871201953, 0.993540431028301, 0.9942877782173691, 0.9914664556961684, 0.9067677884391601, 0.9910684715872965, 0.9629671391537958, 0.9910090471727123, 0.9870898552167814, 0.9944582209775829, 0.9853236664768749, 0.927606421425401], [0.9866262474438106, 0.9853217704352304, 0.9999999999999996, 0.9942644141652246, 0.9844537641068446, 0.9774271077944986, 0.9961390380681769, 0.9755268657647387, 0.9921025731816131, 0.937651718372759, 0.9974714755986093, 0.991539164068503, 0.9918229045034127, 0.9902918343875693, 0.9917883947293833, 0.9850637070609084, 0.9775401639150647, 0.9639654065077355, 0.9950983754145099, 0.9907424763545322, 0.9772629902152676, 0.9863118701069611, 0.9825555886254753, 0.9905953306665585, 0.9929061789522072, 0.9892302067553678, 0.9882559325323745, 0.9927054156332535, 0.9921432992709636, 0.9944836819446782, 0.989867107219375, 0.9234652771324782, 0.9927549768105863, 0.9794855684806507, 0.9848130850177947, 0.9837778369795568, 0.9910115309054304, 0.996565554208875, 0.949087599239065], [0.9941016750082861, 0.9893549191591101, 0.9942644141652246, 0.9999999999999997, 0.9940703454100661, 0.9777501824729723, 0.9926368261777404, 0.9742533225191365, 0.9936779350991837, 0.9412711392643183, 0.9952793643288199, 0.9989126278969747, 0.9916400494704555, 0.9935779707283741, 0.9946891261598412, 0.9950952876705227, 0.9790702925233197, 0.9580251631395182, 0.9974586319630326, 0.9971679853695851, 0.9801949182650719, 0.9946631547986645, 0.9932418687954104, 0.9980712770657891, 0.9967963135558754, 0.9960340246587461, 0.9959187926529134, 0.9939898117503737, 0.9979592903317129, 0.997821286866795, 0.9960364627544358, 0.92628668369224, 0.997876370214236, 0.9771064919587796, 0.9855615785578448, 0.9910339292138615, 0.9976690995923524, 0.9950499447810918, 0.9488216800328606], [0.9983841910009337, 0.9918944160094887, 0.9844537641068446, 0.9940703454100661, 0.9999999999999999, 0.961747777307339, 0.9794822570263771, 0.9558075832052808, 0.9809875848251931, 0.9199712479061947, 0.9864000390959962, 0.9963811241260984, 0.9795027851104955, 0.9857046439097711, 0.9946510735585684, 0.9971447440138096, 0.9645836054742429, 0.9345538752344106, 0.9954250671993973, 0.9986426049843905, 0.967494789348475, 0.9991263270138719, 0.9983415822817496, 0.9954614653892722, 0.9944370392547698, 0.9952726317852341, 0.9990926830252724, 0.9836952852577775, 0.9971391673969195, 0.9948761701500827, 0.996965184184431, 0.9017043352858823, 0.9913360863938044, 0.9595866395465947, 0.9901733138106693, 0.9947822100650715, 0.9983733836721806, 0.9833430143633309, 0.9252733713210406], [0.9581233353256038, 0.9651748595631934, 0.9774271077944986, 0.9777501824729723, 0.961747777307339, 0.9999999999999996, 0.9872150027376747, 0.9977547528386265, 0.99171700423952, 0.9832283204946184, 0.9838207160061141, 0.9778360416511782, 0.9946979321331381, 0.9928944478818511, 0.9601444080965665, 0.9646778450962554, 0.9852433526271663, 0.9930619978239185, 0.9720412202089201, 0.9679176677686074, 0.996497411372255, 0.9625228241033775, 0.9597464155287369, 0.9793028225813696, 0.967704636558502, 0.979681266781248, 0.9664004374933111, 0.9928314187758406, 0.9773081733086308, 0.9803878679951682, 0.9608231348510641, 0.9796967997079709, 0.9836715106114394, 0.9983896853795476, 0.9497053291592622, 0.9449961841730047, 0.9724369420909692, 0.9891037589192717, 0.9899006723232344], [0.9792577731532924, 0.980526605586458, 0.9961390380681769, 0.9926368261777404, 0.9794822570263771, 0.9872150027376747, 1.0000000000000002, 0.9861091607025093, 0.9962510788705047, 0.9537974274909592, 0.9968911002007579, 0.990037986611897, 0.9962611224142747, 0.9944268677840666, 0.9836664011040376, 0.9800598738548427, 0.9838015691846875, 0.9774643385685422, 0.9911190707330977, 0.9867252814269541, 0.9875112737605993, 0.9805848458646579, 0.9757509414597914, 0.9903791940969282, 0.9879603083782507, 0.9883646585862234, 0.9828519822935124, 0.9967311080727321, 0.9894853573739051, 0.9932452878329059, 0.9843283152056216, 0.9437602480789734, 0.9933452039109189, 0.9887483396548304, 0.9768050375258152, 0.9750711368060472, 0.9870860473732774, 0.9987185319229808, 0.9672577620730162], [0.9524762441522046, 0.9609672349106395, 0.9755268657647387, 0.9742533225191365, 0.9558075832052808, 0.9977547528386265, 0.9861091607025093, 1.0000000000000002, 0.9916782492139903, 0.9850738318012201, 0.9822983976089541, 0.9739361838792971, 0.9937952006144039, 0.9905028910216652, 0.9563151097897344, 0.9608233979462877, 0.9861808859007976, 0.9952939607101777, 0.9687033879240244, 0.9631688349418421, 0.9964527972556255, 0.9566727971659299, 0.9531295991371368, 0.9758585669077877, 0.9648199018603215, 0.9748774673763744, 0.9610926888359398, 0.9916985745452095, 0.9728676792805316, 0.9768033678522288, 0.9570877863752337, 0.9822804342199762, 0.9817424597784038, 0.9988856569730228, 0.9442242447847886, 0.9400107704363964, 0.9677326187057614, 0.98788493048192, 0.9913362501373846], [0.9794068113863126, 0.9804955020597391, 0.9921025731816131, 0.9936779350991837, 0.9809875848251931, 0.99171700423952, 0.9962510788705047, 0.9916782492139903, 1.0000000000000002, 0.9686308192466732, 0.9955772640131894, 0.9925385184647824, 0.9981871637130334, 0.9969282747588313, 0.9828746214701978, 0.9847588188147427, 0.9898740099877891, 0.9805927330466077, 0.989614391827747, 0.9864420266600427, 0.993138068697653, 0.9811483415242158, 0.9793450565869123, 0.9930758304815221, 0.9883423748463643, 0.9906264365828605, 0.9843281646525279, 0.9986374682618375, 0.9913671510614583, 0.99327597317085, 0.9836504406870981, 0.9575592492810246, 0.9966190037489763, 0.9929251901829371, 0.9701614457290342, 0.9735954941344683, 0.9887573408249817, 0.9978204937761943, 0.974798731565208], [0.9106155918708534, 0.9217289258672668, 0.937651718372759, 0.9412711392643183, 0.9199712479061947, 0.9832283204946184, 0.9537974274909592, 0.9850738318012201, 0.9686308192466732, 1.0, 0.94928229154721, 0.9427260444409099, 0.9695172071417241, 0.9634278408917958, 0.9145846402852811, 0.9300332896845622, 0.9795565305483923, 0.9791903388507625, 0.9298265862338546, 0.9257034091348013, 0.9829258687148631, 0.9173579299144259, 0.9213686297112477, 0.9443424352506584, 0.9266358433652351, 0.9440658675326381, 0.9254129824888867, 0.9656337867472231, 0.9406800540616933, 0.9425746494317302, 0.918124685402588, 0.9961340121351642, 0.9542403728413895, 0.9844416728618115, 0.8888213102100625, 0.8960444663857554, 0.9332340500030716, 0.957021400584923, 0.9944429438941226], [0.9872933389512003, 0.9904133433289682, 0.9974714755986093, 0.9952793643288199, 0.9864000390959962, 0.9838207160061141, 0.9968911002007579, 0.9822983976089541, 0.9955772640131894, 0.94928229154721, 1.0000000000000004, 0.9944236420197764, 0.9962067491308839, 0.9954934488856294, 0.9916917393031485, 0.9887366562422167, 0.9837376530795516, 0.9717240691883822, 0.9957479765693289, 0.9925058220942483, 0.9864057867901127, 0.9879280105924928, 0.9848043639855678, 0.9948964457190388, 0.9942580605018785, 0.9938767220483654, 0.9903468749578169, 0.9971762046426159, 0.994678236562256, 0.9969140692861302, 0.9904151313994503, 0.937115945419305, 0.9967614723483077, 0.9849069396977511, 0.9833887417483248, 0.9822719830595176, 0.9931541884507824, 0.9985170800099119, 0.9585420471431877], [0.9954004756572572, 0.9927546705897544, 0.991539164068503, 0.9989126278969747, 0.9963811241260984, 0.9778360416511782, 0.990037986611897, 0.9739361838792971, 0.9925385184647824, 0.9427260444409099, 0.9944236420197764, 1.0000000000000007, 0.9913968033990844, 0.9944742363759077, 0.9948933579740481, 0.9971922666835137, 0.9788110512302568, 0.957101066151199, 0.9973816365180364, 0.9982621704758706, 0.9819169181983552, 0.996589707160861, 0.9955699179490022, 0.9993915125237467, 0.9972130723807572, 0.9980695941810009, 0.9977740886166453, 0.9939973637773053, 0.9989780457341875, 0.9984296478759561, 0.9961999814391435, 0.9276448902414879, 0.9984894564128994, 0.9762398781341596, 0.9862558639796626, 0.9911949682375562, 0.9989766571261116, 0.9934697283778967, 0.9483853288232056], [0.978217761919253, 0.9832205771714118, 0.9918229045034127, 0.9916400494704555, 0.9795027851104955, 0.9946979321331381, 0.9962611224142747, 0.9937952006144039, 0.9981871637130334, 0.9695172071417241, 0.9962067491308839, 0.9913968033990844, 1.0, 0.9983179058069305, 0.9813312734294026, 0.9827561672616701, 0.9900983531952241, 0.9844342003395764, 0.9891814621439098, 0.9856067115478737, 0.9954452137346178, 0.9807447290977993, 0.9779294929182616, 0.9922709055522941, 0.9865226680046634, 0.991834540342545, 0.9837989818610482, 0.9994552305641012, 0.9909821059361476, 0.9935313778230958, 0.9817590717873416, 0.960975179768978, 0.9954819267392431, 0.9949909633710189, 0.9713862596227386, 0.9694452826010355, 0.9880191836194735, 0.9982571829464256, 0.9769984151409359], [0.9838831713826731, 0.9873936392976701, 0.9902918343875693, 0.9935779707283741, 0.9857046439097711, 0.9928944478818511, 0.9944268677840666, 0.9905028910216652, 0.9969282747588313, 0.9634278408917958, 0.9954934488856294, 0.9944742363759077, 0.9983179058069305, 0.9999999999999994, 0.9844766333525091, 0.9867978777353056, 0.9842071815976959, 0.980582608576487, 0.9915540073357587, 0.9898220070170444, 0.9944868527491361, 0.9865873470132004, 0.9829643004836626, 0.9956669995369004, 0.9890244278481087, 0.9953243324694075, 0.9885773294252275, 0.999219205280418, 0.9942236232809266, 0.9961510820606957, 0.9850311923016171, 0.9548419877024481, 0.9964696741268544, 0.9917358706138376, 0.9778850758008849, 0.9746813689209636, 0.9920282288893827, 0.9968958315572316, 0.9712306990575506], [0.9975516670513759, 0.9945782131785486, 0.9917883947293833, 0.9946891261598412, 0.9946510735585684, 0.9601444080965665, 0.9836664011040376, 0.9563151097897344, 0.9828746214701978, 0.9145846402852811, 0.9916917393031485, 0.9948933579740481, 0.9813312734294026, 0.9844766333525091, 1.0000000000000002, 0.995658470376353, 0.9645690086644251, 0.9388938345596899, 0.997501549469779, 0.9971262867830627, 0.965096667016071, 0.996069457963291, 0.9942336800704762, 0.9939222253862425, 0.9985631962382503, 0.9921882204391923, 0.9966481249720078, 0.9848555852353341, 0.9952865639569138, 0.9951150048681551, 0.9967969603553096, 0.8954034395235981, 0.9922649706486769, 0.9599060497971875, 0.9930659640490572, 0.9958880736187459, 0.9965948626745615, 0.9871967567709261, 0.9211619451717039], [0.9967661520877059, 0.9933215757196665, 0.9850637070609084, 0.9950952876705227, 0.9971447440138096, 0.9646778450962554, 0.9800598738548427, 0.9608233979462877, 0.9847588188147427, 0.9300332896845622, 0.9887366562422167, 0.9971922666835137, 0.9827561672616701, 0.9867978777353056, 0.995658470376353, 0.9999999999999998, 0.9731229671933834, 0.9393318378932198, 0.9954421271976276, 0.9975046869519558, 0.9720711334603235, 0.9969044338992226, 0.9983484311278685, 0.9965269029773685, 0.9958927815693067, 0.9954368699866991, 0.9983500128124406, 0.9862947378563967, 0.9971083969568596, 0.9949231286025956, 0.9967100374435899, 0.9113146500333049, 0.9944804829152573, 0.9635397304375202, 0.9846661985851086, 0.9927083501183648, 0.9979409492439063, 0.985376592652761, 0.9314959002652305], [0.960301352100616, 0.9650606324495987, 0.9775401639150647, 0.9790702925233197, 0.9645836054742429, 0.9852433526271663, 0.9838015691846875, 0.9861808859007976, 0.9898740099877891, 0.9795565305483923, 0.9837376530795516, 0.9788110512302568, 0.9900983531952241, 0.9842071815976959, 0.9645690086644251, 0.9731229671933834, 0.9999999999999999, 0.9712505493526341, 0.9745547321830337, 0.9709539187191715, 0.9892238584509377, 0.9633864729331537, 0.9673012142490464, 0.9791842830199746, 0.9716494215105616, 0.9779359122184225, 0.9698554296238211, 0.9884423044691736, 0.9782038903136266, 0.978429694294344, 0.969478858241273, 0.9677575130726032, 0.985648279624846, 0.988156842199022, 0.9427976266124931, 0.9524882511183578, 0.9739108892247145, 0.9865535744340341, 0.9798675217648574], [0.9320165536739659, 0.9465446016323558, 0.9639654065077355, 0.9580251631395182, 0.9345538752344106, 0.9930619978239185, 0.9774643385685422, 0.9952939607101777, 0.9805927330466077, 0.9791903388507625, 0.9717240691883822, 0.957101066151199, 0.9844342003395764, 0.980582608576487, 0.9388938345596899, 0.9393318378932198, 0.9712505493526341, 1.0000000000000002, 0.9521050747673799, 0.944619698285201, 0.9897579367731552, 0.9366225388191699, 0.9299593551573758, 0.960081523725507, 0.9486854653776284, 0.9589720809227418, 0.941110224358082, 0.9817388195695227, 0.9553542212668741, 0.9621980860308681, 0.936186629961175, 0.9812048092221164, 0.9673794122400764, 0.9937444884070631, 0.9296458257586577, 0.918711462019044, 0.9494536092364976, 0.9776328049355004, 0.9893735339461315], [0.996848803907365, 0.9940854444020185, 0.9950983754145099, 0.9974586319630326, 0.9954250671993973, 0.9720412202089201, 0.9911190707330977, 0.9687033879240244, 0.989614391827747, 0.9298265862338546, 0.9957479765693289, 0.9973816365180364, 0.9891814621439098, 0.9915540073357587, 0.997501549469779, 0.9954421271976276, 0.9745547321830337, 0.9521050747673799, 1.0, 0.9986614435062796, 0.9758365258677699, 0.9965643378988859, 0.9939217714954296, 0.9969476945707326, 0.9975633536101639, 0.9960031377545543, 0.9975527411054654, 0.9918735714436044, 0.9983166980233076, 0.9985070058400114, 0.9975372986351541, 0.914449971747668, 0.9955982640352067, 0.9721657056877263, 0.992364315378626, 0.9923351251327163, 0.9984276530018075, 0.9936831674352546, 0.9389208219983852], [0.9985709953665872, 0.9944689336194324, 0.9907424763545322, 0.9971679853695851, 0.9986426049843905, 0.9679176677686074, 0.9867252814269541, 0.9631688349418421, 0.9864420266600427, 0.9257034091348013, 0.9925058220942483, 0.9982621704758706, 0.9856067115478737, 0.9898220070170444, 0.9971262867830627, 0.9975046869519558, 0.9709539187191715, 0.944619698285201, 0.9986614435062796, 0.9999999999999999, 0.973058484620471, 0.9989277354884655, 0.9971876782292074, 0.9977057483197342, 0.9974496784874191, 0.9970727833622952, 0.9993889497291532, 0.9890562553919982, 0.9987126010332438, 0.9977863727849006, 0.9987358147830121, 0.9090771409215945, 0.9949836862794709, 0.9665883702547753, 0.9921990335899774, 0.9949538703925938, 0.9994357228993886, 0.9898354399452273, 0.933460099243067], [0.9626361239418482, 0.9726600986486797, 0.9772629902152676, 0.9801949182650719, 0.967494789348475, 0.996497411372255, 0.9875112737605993, 0.9964527972556255, 0.993138068697653, 0.9829258687148631, 0.9864057867901127, 0.9819169181983552, 0.9954452137346178, 0.9944868527491361, 0.965096667016071, 0.9720711334603235, 0.9892238584509377, 0.9897579367731552, 0.9758365258677699, 0.973058484620471, 0.9999999999999999, 0.9672992227849578, 0.9652001588393864, 0.9840590129157686, 0.9728534307168267, 0.9837160669161713, 0.9714442800676317, 0.99487639790653, 0.9806613980434826, 0.983797275769468, 0.9667616084739651, 0.9780424621218442, 0.9879998592102219, 0.996375511307089, 0.9528788356101197, 0.9511697486448194, 0.9765218172830359, 0.9895363897518621, 0.9878735879554303], [0.9993571545172517, 0.9942140259589314, 0.9863118701069611, 0.9946631547986645, 0.9991263270138719, 0.9625228241033775, 0.9805848458646579, 0.9566727971659299, 0.9811483415242158, 0.9173579299144259, 0.9879280105924928, 0.996589707160861, 0.9807447290977993, 0.9865873470132004, 0.996069457963291, 0.9969044338992226, 0.9633864729331537, 0.9366225388191699, 0.9965643378988859, 0.9989277354884655, 0.9672992227849578, 1.0000000000000004, 0.9979404363088886, 0.9957287778356622, 0.995579751222218, 0.9961733296707472, 0.9994499674082444, 0.9845047071808343, 0.9974340774344911, 0.9955762898248827, 0.9974929247112839, 0.9000732380774059, 0.9915597317845929, 0.9601452541626908, 0.992917759130732, 0.9947125138813031, 0.9988186203611856, 0.9848410913088065, 0.9240238119707063], [0.9975032783668529, 0.9911957758023286, 0.9825555886254753, 0.9932418687954104, 0.9983415822817496, 0.9597464155287369, 0.9757509414597914, 0.9531295991371368, 0.9793450565869123, 0.9213686297112477, 0.9848043639855678, 0.9955699179490022, 0.9779294929182616, 0.9829643004836626, 0.9942336800704762, 0.9983484311278685, 0.9673012142490464, 0.9299593551573758, 0.9939217714954296, 0.9971876782292074, 0.9652001588393864, 0.9979404363088886, 0.9999999999999993, 0.9940696872211501, 0.9935152278057384, 0.9945056023410115, 0.998685875748725, 0.981507245936553, 0.9963740271223307, 0.9927572283603261, 0.996241254134483, 0.9015829311685258, 0.9906211298968411, 0.9572024873222537, 0.9854291514657386, 0.9933561296112846, 0.9975635592804318, 0.9813688024247872, 0.9230428992480468], [0.9944488601605497, 0.9935110440742079, 0.9905953306665585, 0.9980712770657891, 0.9954614653892722, 0.9793028225813696, 0.9903791940969282, 0.9758585669077877, 0.9930758304815221, 0.9443424352506584, 0.9948964457190388, 0.9993915125237467, 0.9922709055522941, 0.9956669995369004, 0.9939222253862425, 0.9965269029773685, 0.9791842830199746, 0.960081523725507, 0.9969476945707326, 0.9977057483197342, 0.9840590129157686, 0.9957287778356622, 0.9940696872211501, 1.0, 0.9968346806332576, 0.9982874320804174, 0.9969847490191893, 0.9949677310037665, 0.9986453550867338, 0.9985824596416427, 0.995293513815709, 0.9304460217924129, 0.9986578900047504, 0.9776953777198675, 0.986205293447815, 0.9894405077971274, 0.9983940587938184, 0.993890724560102, 0.9505283406626257], [0.9960345161577688, 0.9945070910070111, 0.9929061789522072, 0.9967963135558754, 0.9944370392547698, 0.967704636558502, 0.9879603083782507, 0.9648199018603215, 0.9883423748463643, 0.9266358433652351, 0.9942580605018785, 0.9972130723807572, 0.9865226680046634, 0.9890244278481087, 0.9985631962382503, 0.9958927815693067, 0.9716494215105616, 0.9486854653776284, 0.9975633536101639, 0.9974496784874191, 0.9728534307168267, 0.995579751222218, 0.9935152278057384, 0.9968346806332576, 0.9999999999999997, 0.9942109607055724, 0.9964032930002054, 0.9896390807989, 0.9963122415152343, 0.9964879556902567, 0.9967480832240156, 0.9088246354307037, 0.9961375738070061, 0.9671483360706152, 0.99060352477456, 0.9950572483538711, 0.9972171761055318, 0.9910681758461081, 0.9331514903289491], [0.9941291379140123, 0.9947072936644635, 0.9892302067553678, 0.9960340246587461, 0.9952726317852341, 0.979681266781248, 0.9883646585862234, 0.9748774673763744, 0.9906264365828605, 0.9440658675326381, 0.9938767220483654, 0.9980695941810009, 0.991834540342545, 0.9953243324694075, 0.9921882204391923, 0.9954368699866991, 0.9779359122184225, 0.9589720809227418, 0.9960031377545543, 0.9970727833622952, 0.9837160669161713, 0.9961733296707472, 0.9945056023410115, 0.9982874320804174, 0.9942109607055724, 1.0, 0.9970829409158379, 0.9938115474232768, 0.9986058615003656, 0.9981576286561739, 0.9940868738066916, 0.9308707001057084, 0.9965683193555979, 0.9773717809085252, 0.9864397995970684, 0.9863130880761204, 0.9982199132544252, 0.9925315166022247, 0.9499123616819273], [0.9989613471197852, 0.9946188105302736, 0.9882559325323745, 0.9959187926529134, 0.9990926830252724, 0.9664004374933111, 0.9828519822935124, 0.9610926888359398, 0.9843281646525279, 0.9254129824888867, 0.9903468749578169, 0.9977740886166453, 0.9837989818610482, 0.9885773294252275, 0.9966481249720078, 0.9983500128124406, 0.9698554296238211, 0.941110224358082, 0.9975527411054654, 0.9993889497291532, 0.9714442800676317, 0.9994499674082444, 0.998685875748725, 0.9969847490191893, 0.9964032930002054, 0.9970829409158379, 0.9999999999999998, 0.9872187966169005, 0.9986640001684982, 0.996770537253035, 0.9979643927191448, 0.9080005885078748, 0.9938495077293245, 0.9646516505704024, 0.9908967950567892, 0.9940198916790215, 0.9995522321579329, 0.9873140574832396, 0.9307069546307288], [0.9822678318603985, 0.9861230871201953, 0.9927054156332535, 0.9939898117503737, 0.9836952852577775, 0.9928314187758406, 0.9967311080727321, 0.9916985745452095, 0.9986374682618375, 0.9656337867472231, 0.9971762046426159, 0.9939973637773053, 0.9994552305641012, 0.999219205280418, 0.9848555852353341, 0.9862947378563967, 0.9884423044691736, 0.9817388195695227, 0.9918735714436044, 0.9890562553919982, 0.99487639790653, 0.9845047071808343, 0.981507245936553, 0.9949677310037665, 0.9896390807989, 0.9938115474232768, 0.9872187966169005, 0.9999999999999998, 0.9934057144667232, 0.99575872836336, 0.9852458520356143, 0.9562245622987208, 0.9972272477605202, 0.9930338300912898, 0.9757248706443019, 0.9745361517435613, 0.9909932231730966, 0.9986157672971664, 0.9734635649544868], [0.9965168430346123, 0.993540431028301, 0.9921432992709636, 0.9979592903317129, 0.9971391673969195, 0.9773081733086308, 0.9894853573739051, 0.9728676792805316, 0.9913671510614583, 0.9406800540616933, 0.994678236562256, 0.9989780457341875, 0.9909821059361476, 0.9942236232809266, 0.9952865639569138, 0.9971083969568596, 0.9782038903136266, 0.9553542212668741, 0.9983166980233076, 0.9987126010332438, 0.9806613980434826, 0.9974340774344911, 0.9963740271223307, 0.9986453550867338, 0.9963122415152343, 0.9986058615003656, 0.9986640001684982, 0.9934057144667232, 1.0000000000000004, 0.9989401186086753, 0.9966023093223061, 0.9255040051655649, 0.9969807408678085, 0.9761374532807752, 0.9882965992154777, 0.9903774263258533, 0.9995868287710286, 0.9931798012526148, 0.9464042125406708], [0.9946659217520604, 0.9942877782173691, 0.9944836819446782, 0.997821286866795, 0.9948761701500827, 0.9803878679951682, 0.9932452878329059, 0.9768033678522288, 0.99327597317085, 0.9425746494317302, 0.9969140692861302, 0.9984296478759561, 0.9935313778230958, 0.9961510820606957, 0.9951150048681551, 0.9949231286025956, 0.978429694294344, 0.9621980860308681, 0.9985070058400114, 0.9977863727849006, 0.983797275769468, 0.9955762898248827, 0.9927572283603261, 0.9985824596416427, 0.9964879556902567, 0.9981576286561739, 0.996770537253035, 0.99575872836336, 0.9989401186086753, 1.0000000000000002, 0.9950755637172022, 0.9288175341639686, 0.9976784941281598, 0.9797148400894767, 0.9894846186230492, 0.9887193471306401, 0.9983316843186377, 0.9956933296896987, 0.9505351930579564], [0.9977611836627724, 0.9914664556961684, 0.989867107219375, 0.9960364627544358, 0.996965184184431, 0.9608231348510641, 0.9843283152056216, 0.9570877863752337, 0.9836504406870981, 0.918124685402588, 0.9904151313994503, 0.9961999814391435, 0.9817590717873416, 0.9850311923016171, 0.9967969603553096, 0.9967100374435899, 0.969478858241273, 0.936186629961175, 0.9975372986351541, 0.9987358147830121, 0.9667616084739651, 0.9974929247112839, 0.996241254134483, 0.995293513815709, 0.9967480832240156, 0.9940868738066916, 0.9979643927191448, 0.9852458520356143, 0.9966023093223061, 0.9950755637172022, 0.9999999999999999, 0.8997810457964123, 0.9928068113373402, 0.9607456098923137, 0.9902097067876845, 0.9955833259405977, 0.9976554004510491, 0.9874526621609854, 0.9260057661724028], [0.8922240898342203, 0.9067677884391601, 0.9234652771324782, 0.92628668369224, 0.9017043352858823, 0.9796967997079709, 0.9437602480789734, 0.9822804342199762, 0.9575592492810246, 0.9961340121351642, 0.937115945419305, 0.9276448902414879, 0.960975179768978, 0.9548419877024481, 0.8954034395235981, 0.9113146500333049, 0.9677575130726032, 0.9812048092221164, 0.914449971747668, 0.9090771409215945, 0.9780424621218442, 0.9000732380774059, 0.9015829311685258, 0.9304460217924129, 0.9088246354307037, 0.9308707001057084, 0.9080005885078748, 0.9562245622987208, 0.9255040051655649, 0.9288175341639686, 0.8997810457964123, 1.0000000000000004, 0.9402507869343361, 0.9801915990308449, 0.8732681995312358, 0.8737294113277874, 0.9169935612577005, 0.9466288794150115, 0.9946447105133007], [0.9902804781480407, 0.9910684715872965, 0.9927549768105863, 0.997876370214236, 0.9913360863938044, 0.9836715106114394, 0.9933452039109189, 0.9817424597784038, 0.9966190037489763, 0.9542403728413895, 0.9967614723483077, 0.9984894564128994, 0.9954819267392431, 0.9964696741268544, 0.9922649706486769, 0.9944804829152573, 0.985648279624846, 0.9673794122400764, 0.9955982640352067, 0.9949836862794709, 0.9879998592102219, 0.9915597317845929, 0.9906211298968411, 0.9986578900047504, 0.9961375738070061, 0.9965683193555979, 0.9938495077293245, 0.9972272477605202, 0.9969807408678085, 0.9976784941281598, 0.9928068113373402, 0.9402507869343361, 1.0000000000000004, 0.9832328760889913, 0.9810351835660635, 0.9859484117615431, 0.9961604002094737, 0.9964376537259451, 0.9592056496595888], [0.9561701186797488, 0.9629671391537958, 0.9794855684806507, 0.9771064919587796, 0.9595866395465947, 0.9983896853795476, 0.9887483396548304, 0.9988856569730228, 0.9929251901829371, 0.9844416728618115, 0.9849069396977511, 0.9762398781341596, 0.9949909633710189, 0.9917358706138376, 0.9599060497971875, 0.9635397304375202, 0.988156842199022, 0.9937444884070631, 0.9721657056877263, 0.9665883702547753, 0.996375511307089, 0.9601452541626908, 0.9572024873222537, 0.9776953777198675, 0.9671483360706152, 0.9773717809085252, 0.9646516505704024, 0.9930338300912898, 0.9761374532807752, 0.9797148400894767, 0.9607456098923137, 0.9801915990308449, 0.9832328760889913, 0.9999999999999999, 0.9479416775811452, 0.9439343882724069, 0.9709771056198053, 0.9899464459708711, 0.9911294574043583], [0.9940969591298439, 0.9910090471727123, 0.9848130850177947, 0.9855615785578448, 0.9901733138106693, 0.9497053291592622, 0.9768050375258152, 0.9442242447847886, 0.9701614457290342, 0.8888213102100625, 0.9833887417483248, 0.9862558639796626, 0.9713862596227386, 0.9778850758008849, 0.9930659640490572, 0.9846661985851086, 0.9427976266124931, 0.9296458257586577, 0.992364315378626, 0.9921990335899774, 0.9528788356101197, 0.992917759130732, 0.9854291514657386, 0.986205293447815, 0.99060352477456, 0.9864397995970684, 0.9908967950567892, 0.9757248706443019, 0.9882965992154777, 0.9894846186230492, 0.9902097067876845, 0.8732681995312358, 0.9810351835660635, 0.9479416775811452, 0.9999999999999999, 0.9902988765015082, 0.990416854376443, 0.9790345313749794, 0.903319109639638], [0.9960469353144539, 0.9870898552167814, 0.9837778369795568, 0.9910339292138615, 0.9947822100650715, 0.9449961841730047, 0.9750711368060472, 0.9400107704363964, 0.9735954941344683, 0.8960444663857554, 0.9822719830595176, 0.9911949682375562, 0.9694452826010355, 0.9746813689209636, 0.9958880736187459, 0.9927083501183648, 0.9524882511183578, 0.918711462019044, 0.9923351251327163, 0.9949538703925938, 0.9511697486448194, 0.9947125138813031, 0.9933561296112846, 0.9894405077971274, 0.9950572483538711, 0.9863130880761204, 0.9940198916790215, 0.9745361517435613, 0.9903774263258533, 0.9887193471306401, 0.9955833259405977, 0.8737294113277874, 0.9859484117615431, 0.9439343882724069, 0.9902988765015082, 1.0, 0.9929813765180171, 0.977514195173211, 0.9033499884997074], [0.9981546538807461, 0.9944582209775829, 0.9910115309054304, 0.9976690995923524, 0.9983733836721806, 0.9724369420909692, 0.9870860473732774, 0.9677326187057614, 0.9887573408249817, 0.9332340500030716, 0.9931541884507824, 0.9989766571261116, 0.9880191836194735, 0.9920282288893827, 0.9965948626745615, 0.9979409492439063, 0.9739108892247145, 0.9494536092364976, 0.9984276530018072, 0.9994357228993886, 0.9765218172830359, 0.9988186203611856, 0.9975635592804318, 0.9983940587938184, 0.9972171761055318, 0.9982199132544252, 0.9995522321579329, 0.9909932231730966, 0.9995868287710286, 0.9983316843186377, 0.9976554004510491, 0.9169935612577005, 0.9961604002094737, 0.9709771056198053, 0.990416854376443, 0.9929813765180171, 1.0, 0.9910558947804883, 0.9390389528734693], [0.9836273059952969, 0.9853236664768749, 0.996565554208875, 0.9950499447810918, 0.9833430143633309, 0.9891037589192717, 0.9987185319229808, 0.98788493048192, 0.9978204937761943, 0.957021400584923, 0.9985170800099119, 0.9934697283778967, 0.9982571829464256, 0.9968958315572316, 0.9871967567709261, 0.985376592652761, 0.9865535744340341, 0.9776328049355004, 0.9936831674352551, 0.9898354399452273, 0.9895363897518621, 0.9848410913088065, 0.9813688024247872, 0.993890724560102, 0.9910681758461081, 0.9925315166022247, 0.9873140574832396, 0.9986157672971664, 0.9931798012526148, 0.9956933296896987, 0.9874526621609854, 0.9466288794150115, 0.9964376537259451, 0.9899464459708711, 0.9790345313749794, 0.977514195173211, 0.9910558947804883, 1.0, 0.9673090351212374], [0.9173865795209782, 0.9276064214254006, 0.9490875992390642, 0.9488216800328603, 0.9252733713210407, 0.9899006723232343, 0.967257762073016, 0.991336250137385, 0.9747987315652077, 0.9944429438941226, 0.958542047143188, 0.9483853288232047, 0.9769984151409363, 0.9712306990575506, 0.921161945171704, 0.93149590026523, 0.9798675217648575, 0.9893735339461315, 0.9389208219983856, 0.933460099243067, 0.9878735879554299, 0.9240238119707065, 0.9230428992480466, 0.9505283406626258, 0.9331514903289496, 0.9499123616819268, 0.9307069546307286, 0.9734635649544868, 0.9464042125406706, 0.9505351930579561, 0.9260057661724025, 0.9946447105133005, 0.9592056496595884, 0.9911294574043583, 0.9033191096396382, 0.9033499884997079, 0.9390389528734695, 0.9673090351212376, 1.0]]