[[1.0, 0.9930023220651133, 0.9930274549322836, 0.9932370735192675, 0.9929233966029983, 0.9930140339667068, 0.9929395603434386, 0.993032300957135, 0.9930615320004758, 0.992955730030032, 0.9930387749549298, 0.9929201831389034, 0.992790104923315, 0.9928094821278504, 0.9931414176166964, 0.9929395603434386, 0.9927827260942298, 0.9928223865019881, 0.9928819407057208, 0.9931586502845867, 0.9932700828274073, 0.9931602818688887, 0.9929977025187483, 0.9929968024662137, 0.9930645777570525, 0.9927981680513572, 0.9932451800778187, 0.9927809306047106, 0.9930742581053923, 0.9932498149646429, 0.992798895780823, 0.9930653102652746, 0.9928569801616192, 0.9929806327796203, 0.9930560064554231, 0.9930459330607391, 0.9928819407057208, 0.9928528666449897, 0.9929792207511972], [0.9930023220651133, 1.0, 0.9926946203673573, 0.9926258918450208, 0.9927423379570048, 0.9926258918450208, 0.992713997571893, 0.9927034112248657, 0.9927795185762878, 0.9925645421517691, 0.9927107900539508, 0.9930281886079024, 0.993577962794384, 0.9925645421517691, 0.9928634529920168, 0.9935546407571922, 0.9927301672584864, 0.9927077442973742, 0.9928991722062143, 0.9927301672584864, 0.9937968898067697, 0.9929233966029983, 0.9930836684877314, 0.9928279120470409, 0.9930387749549298, 0.992776472819711, 0.9928512398394435, 0.9935461363735405, 0.9927882516392826, 0.9928076866383313, 0.9928717378197897, 0.9925645421517691, 0.9927407536055135, 0.9927883094337957, 0.9925645421517691, 0.9929880116087054, 0.9927019991964428, 0.9933838343737924, 0.9926526478786414], [0.9930274549322836, 0.9926946203673573, 1.0, 0.992642061531614, 0.9926655522527793, 0.9926526478786414, 0.9928030092974527, 0.9925645421517691, 0.9927536579796515, 0.9927633488896942, 0.9927795185762878, 0.9927956304683676, 0.9925645421517691, 0.9927827260942298, 0.9927107900539508, 0.9927559700606091, 0.9926883670928388, 0.9929598435466618, 0.9926526478786414, 0.9930209784627907, 0.9926946203673573, 0.9930680201713322, 0.9927213764009781, 0.992697157950347, 0.9927407536055135, 0.9926258918450208, 0.9929903236896629, 0.9941641349833492, 0.9930419824728719, 0.9939400825580691, 0.9936621661426546, 0.9925645421517691, 0.9927901049233152, 0.9925645421517691, 0.9926946203673573, 0.9926196385705022, 0.9930233377765583, 0.9929453054443702, 0.9926526478786414], [0.9932370735192675, 0.9926258918450208, 0.992642061531614, 1.0, 0.9929506692280575, 0.9927882516392826, 0.992633270674106, 0.9956963229517853, 0.9927269019460307, 0.9927107900539508, 0.9953157319822525, 0.9926526478786414, 0.9928782106501873, 0.9940312280953649, 0.994592095471858, 0.9927213764009781, 0.9927213764009781, 0.9931213126826945, 0.992642061531614, 0.9930784294165351, 0.9927301672584864, 0.9927423379570053, 0.9928076866383313, 0.992798895780823, 0.9927497167860904, 0.9932378012487338, 0.9927958500242465, 0.992633270674106, 0.9927213764009781, 0.9927107900539508, 0.9928957923652035, 0.9963499793421824, 0.9928246985829459, 0.9928205910124691, 0.9940611916469277, 0.9948816656165861, 0.99286762430316, 0.9926809882637535, 0.9929750647805129], [0.9929233966029983, 0.9927423379570048, 0.9926655522527793, 0.9929506692280575, 1.0, 0.9930843962171975, 0.9928507268871005, 0.9930678430695079, 0.9932126789432666, 0.9928288593323858, 0.9929977025187481, 0.9930398427149829, 0.992919674965316, 0.9930814799518677, 0.9932472620411942, 0.9929508887839364, 0.993023505320871, 0.9941484078829682, 0.9928643589907046, 0.992642061531614, 0.9926526478786414, 0.993024458552369, 0.9931178691010178, 0.9930536943744656, 0.9930493613019569, 0.9930332494098769, 0.9928871738307637, 0.9929259282398348, 0.9928975878547225, 0.992990329635816, 0.9928602454740746, 0.9928209828914163, 0.9928803079540219, 0.992713997571893, 0.9925645421517691, 0.9926196385705022, 0.9927213764009781, 0.9930872202740436, 0.9940999566177015], [0.9930140339667068, 0.9926258918450208, 0.9926526478786414, 0.9927882516392826, 0.9930843962171975, 1.0, 0.9931291927627595, 0.9926809882637533, 0.9929524647175765, 0.9926258918450208, 0.992797947328081, 0.9927019991964428, 0.9930009100366902, 0.9926258918450208, 0.9927206486715123, 0.9925645421517691, 0.9974413181661974, 0.9926526478786414, 0.9928076866383313, 0.9931974046936577, 0.9926196385705022, 0.993359822282433, 0.9938936092893258, 0.9927570956151754, 0.9928021032987653, 0.9929589375479743, 0.9929377648539196, 0.9926809882637533, 0.9927407536055135, 0.9925645421517691, 0.9928417637065238, 0.9927882516392826, 0.9927430716326243, 0.9927536579796515, 0.9928763573661548, 0.9927753472651447, 0.9937572140585524, 0.9926526478786414, 0.992633270674106], [0.9929395603434386, 0.992713997571893, 0.9928030092974527, 0.992633270674106, 0.9928507268871005, 0.9931291927627595, 1.0, 0.9927407536055135, 0.9928837361952397, 0.992642061531614, 0.9925645421517691, 0.9948972077382642, 0.9927497167860904, 0.9926526478786414, 0.9930518988849464, 0.9926526478786414, 0.9927107900539508, 0.9927269019460307, 0.9925645421517691, 0.9927342807751159, 0.992633270674106, 0.9929898155160757, 0.9929409723718619, 0.992697157950347, 0.9927019991964428, 0.9926526478786414, 0.9929241327503158, 0.9926946203673573, 0.9933095755276473, 0.9928999058818332, 0.9927107900539508, 0.9927077442973742, 0.9927077442973742, 0.9927107900539508, 0.992713997571893, 0.9928782106501873, 0.993302196698562, 0.9925645421517691, 0.9928717378197897], [0.993032300957135, 0.9927034112248657, 0.9925645421517691, 0.9956963229517853, 0.9930678430695079, 0.9926809882637533, 0.9927407536055135, 1.0, 0.9927107900539508, 0.9927658864726837, 0.9957541208587247, 0.992633270674106, 0.9927852636772194, 0.9946285496922778, 0.9940367486707192, 0.9927195809114591, 0.9927430716326243, 0.9925645421517691, 0.9926258918450208, 0.9931051854501557, 0.992642061531614, 0.9930525688198993, 0.9928311773594963, 0.9926946203673573, 0.9925645421517691, 0.9938137778285235, 0.9929483512009469, 0.9926258918450208, 0.992633270674106, 0.9927365976348296, 0.992642061531614, 0.9974005853828359, 0.9928118001549611, 0.9927721397472024, 0.9940160116402695, 0.9951822149637434, 0.9929284658228241, 0.9926196385705022, 0.9926196385705022], [0.9930615320004758, 0.9927795185762878, 0.9927536579796515, 0.9927269019460307, 0.9932126789432666, 0.9929524647175765, 0.9928837361952397, 0.9927107900539508, 1.0, 0.9925645421517691, 0.9926526478786414, 0.992776472819711, 0.9927034112248657, 0.9926258918450208, 0.9928571997174979, 0.9935109198485611, 0.9928717378197897, 0.9926258918450208, 0.9939996164516443, 0.9928966405693778, 0.992642061531614, 0.9929815328321547, 0.9929806327796203, 0.9926526478786414, 0.9938064083937443, 0.9926815012160968, 0.9932257450787699, 0.9925645421517691, 0.992713997571893, 0.9925645421517691, 0.9927213764009781, 0.9927206486715123, 0.9958103978576957, 0.9928602454740746, 0.9940406982821317, 0.9927430716326243, 0.9929275619679884, 0.9926809882637535, 0.9925645421517691], [0.992955730030032, 0.9925645421517691, 0.9927633488896942, 0.9927107900539508, 0.9928288593323858, 0.9926258918450208, 0.992642061531614, 0.9927658864726837, 0.9925645421517691, 1.0, 0.9928602454740746, 0.9927107900539508, 0.9925645421517691, 0.9939027776617771, 0.9928272361659353, 0.9939106106722374, 0.9925645421517691, 0.9926258918450208, 0.9929363528254964, 0.9929215951673263, 0.9926526478786414, 0.9927213764009781, 0.992713997571893, 0.9927107900539508, 0.9925645421517691, 0.9926258918450208, 0.9930696385590272, 0.992790104923315, 0.992776472819711, 0.9928150076729032, 0.9928346149950205, 0.992642061531614, 0.9927827260942298, 0.9925645421517691, 0.9926258918450208, 0.9926872415382724, 0.993179659073424, 0.9925645421517691, 0.9925645421517691], [0.9930387749549298, 0.9927107900539508, 0.9927795185762878, 0.9953157319822525, 0.9929977025187481, 0.992797947328081, 0.9925645421517691, 0.9957541208587247, 0.9926526478786414, 0.9928602454740746, 1.0, 0.992633270674106, 0.9926655522527793, 0.9939728663641765, 0.9944885537340117, 0.9928223865019881, 0.9928438610103584, 0.9925645421517691, 0.9929921251253354, 0.9931845003195202, 0.9928999058818332, 0.9929450858884915, 0.9931415805454588, 0.9930357291983529, 0.9925645421517691, 0.9933063102151916, 0.9928975878547225, 0.9927269019460307, 0.992633270674106, 0.9926526478786414, 0.9927034112248657, 0.9960385041583837, 0.9927034112248657, 0.992713997571893, 0.9936086540754133, 0.9946242106736158, 0.9928870015076953, 0.9925645421517691, 0.9925645421517691], [0.9929201831389034, 0.9930281886079024, 0.9927956304683676, 0.9926526478786414, 0.9930398427149829, 0.9927019991964428, 0.9948972077382642, 0.992633270674106, 0.992776472819711, 0.9927107900539508, 0.992633270674106, 1.0, 0.9931430503683955, 0.9928588334456518, 0.9928870015076953, 0.9933662951128307, 0.9928346149950205, 0.9928417637065238, 0.9929215951673263, 0.9929645208875403, 0.9935853850539786, 0.9927034112248657, 0.992905425480733, 0.9928911150243254, 0.992642061531614, 0.9927195809114591, 0.9929347190973431, 0.9931836002669855, 0.9932190939791508, 0.9929655886475933, 0.9928205910124691, 0.992633270674106, 0.9927107900539508, 0.9930832754413872, 0.9926946203673573, 0.992853992199556, 0.9929755660314927, 0.9927883094337957, 0.9927213764009781], [0.992790104923315, 0.993577962794384, 0.9925645421517691, 0.9928782106501873, 0.992919674965316, 0.9930009100366902, 0.9927497167860904, 0.9927852636772194, 0.9927034112248657, 0.9925645421517691, 0.9926655522527793, 0.9931430503683955, 1.0, 0.9926258918450208, 0.9929183298548709, 0.9931173620948279, 0.9925645421517691, 0.992776472819711, 0.9926526478786414, 0.9927213764009781, 0.9935067544835715, 0.9928223865019881, 0.9929104922288605, 0.9931234524405842, 0.9927956304683676, 0.9948811536406976, 0.9928676243031598, 0.9937299473796464, 0.99293330706892, 0.9925645421517691, 0.9927213764009781, 0.9926196385705022, 0.9926196385705022, 0.992642061531614, 0.9926526478786414, 0.9932054678216999, 0.9926883670928388, 0.9925645421517691, 0.9927077442973742], [0.9928094821278504, 0.9925645421517691, 0.9927827260942298, 0.9940312280953649, 0.9930814799518677, 0.9926258918450208, 0.9926526478786414, 0.9946285496922778, 0.9926258918450208, 0.9939027776617771, 0.9939728663641765, 0.9928588334456518, 0.9926258918450208, 1.0, 0.9938105006237618, 0.9930389945108086, 0.9926655522527793, 0.9929444159535388, 0.9928121920339082, 0.9930228248242153, 0.992713997571893, 0.9929377070594062, 0.9931019249164563, 0.9927795185762878, 0.9925645421517691, 0.9932384771298393, 0.9929783147525097, 0.9928021032987653, 0.9926258918450208, 0.992642061531614, 0.9926526478786414, 0.994653504290226, 0.9929084760160654, 0.9927077442973742, 0.9933394872308494, 0.9934986913555292, 0.992776472819711, 0.9927746773301919, 0.9928668965736939], [0.9931414176166964, 0.9928634529920168, 0.9927107900539508, 0.994592095471858, 0.9932472620411942, 0.9927206486715123, 0.9930518988849464, 0.9940367486707192, 0.9928571997174979, 0.9928272361659353, 0.9944885537340117, 0.9928870015076953, 0.9929183298548709, 0.9938105006237618, 1.0, 0.9930475658124379, 0.9926196385705022, 0.9933579689984003, 0.992798895780823, 0.9929718419221121, 0.9927430716326243, 0.9930454201083958, 0.9930331916153635, 0.9927852636772194, 0.9927342807751159, 0.9931383670813638, 0.9929462114430578, 0.9931753319470689, 0.9928782106501873, 0.9928471263228139, 0.9928087543983846, 0.9949191812967568, 0.9926655522527793, 0.9929104922288605, 0.9930987126197584, 0.994049653044857, 0.9928182729853585, 0.9928602454740746, 0.993419318691652], [0.9929395603434386, 0.9935546407571922, 0.9927559700606091, 0.9927213764009781, 0.9929508887839364, 0.9925645421517691, 0.9926526478786414, 0.9927195809114591, 0.9935109198485611, 0.9939106106722374, 0.9928223865019881, 0.9933662951128307, 0.9931173620948279, 0.9930389945108086, 0.9930475658124379, 1.0, 0.9925645421517691, 0.9926258918450208, 0.9927795185762875, 0.993316896562219, 0.9940079060581728, 0.9930825429331647, 0.9932266510774577, 0.9930816428806304, 0.9927213764009781, 0.9927195809114591, 0.993188915650465, 0.9940199044336231, 0.9927019991964425, 0.992633270674106, 0.9929120765803517, 0.9927852636772194, 0.9930408005620304, 0.9927301672584864, 0.9931905424560111, 0.99308575639726, 0.9929104922288605, 0.9929441952302626, 0.9926526478786414], [0.9927827260942298, 0.9927301672584864, 0.9926883670928388, 0.9927213764009781, 0.993023505320871, 0.9974413181661974, 0.9927107900539508, 0.9927430716326243, 0.9928717378197897, 0.9925645421517691, 0.9928438610103584, 0.9928346149950205, 0.9925645421517691, 0.9926655522527793, 0.9926196385705022, 0.9925645421517691, 1.0, 0.992633270674106, 0.992642061531614, 0.993350125426237, 0.9926258918450208, 0.9933274888553989, 0.9939065136634636, 0.992776472819711, 0.9927407536055135, 0.9929321874605067, 0.9927883094337957, 0.9925645421517691, 0.9926258918450208, 0.9925645421517691, 0.9929792207511974, 0.9928205910124691, 0.9927301672584864, 0.9927213764009781, 0.9927301672584864, 0.9928311773594963, 0.9936925990528453, 0.9927915169517381, 0.992877482920721], [0.9928223865019881, 0.9927077442973742, 0.9929598435466618, 0.9931213126826945, 0.9941484078829682, 0.9926526478786414, 0.9927269019460307, 0.9925645421517691, 0.9926258918450208, 0.9926258918450208, 0.9925645421517691, 0.9928417637065238, 0.992776472819711, 0.9929444159535388, 0.9933579689984003, 0.9926258918450208, 0.992633270674106, 1.0, 0.9937643673856057, 0.9929215951673263, 0.9926196385705022, 0.9931988745165942, 0.9927269019460307, 0.99286762430316, 0.9927342807751159, 0.9931496955218614, 0.9929524647175769, 0.9928304436838772, 0.9929395603434386, 0.9929444159535388, 0.992642061531614, 0.9925645421517691, 0.9927901049233152, 0.9926526478786414, 0.992642061531614, 0.9927407536055135, 0.9928764151606679, 0.9927915169517381, 0.9985756755746028], [0.9928819407057208, 0.9928991722062143, 0.9926526478786414, 0.992642061531614, 0.9928643589907046, 0.9928076866383313, 0.9925645421517691, 0.9926258918450208, 0.9939996164516443, 0.9929363528254964, 0.9929921251253354, 0.9929215951673263, 0.9926526478786414, 0.9928121920339082, 0.992798895780823, 0.9927795185762875, 0.992642061531614, 0.9937643673856057, 1.0, 0.9931037240450705, 0.9927658864726837, 0.9929856935815949, 0.9927852636772194, 0.9929538767459997, 0.9930784294165351, 0.992633270674106, 0.9929589375479743, 0.9927795185762875, 0.9929750647805129, 0.9927019991964428, 0.9928496591270474, 0.9928030092974529, 0.9940609661448959, 0.9926747349892346, 0.9931860846710113, 0.9925645421517691, 0.9933547555343051, 0.9929792207511974, 0.9937643673856057], [0.9931586502845867, 0.9927301672584864, 0.9930209784627907, 0.9930784294165351, 0.992642061531614, 0.9931974046936577, 0.9927342807751159, 0.9931051854501557, 0.9928966405693778, 0.9929215951673263, 0.9931845003195202, 0.9929645208875403, 0.9927213764009781, 0.9930228248242153, 0.9929718419221121, 0.993316896562219, 0.993350125426237, 0.9929215951673263, 0.9931037240450705, 1.0, 0.9927893771938487, 0.9933321177960701, 0.9930050813478332, 0.9928819407057208, 0.992953934540513, 0.9928627830570642, 0.993210825659234, 0.9927213764009781, 0.9928925270527482, 0.9928223865019881, 0.9932160587842771, 0.9931988167220809, 0.9929880116087054, 0.9930843527866882, 0.9931683449969307, 0.9930987126197584, 0.9930961798155247, 0.9927301672584864, 0.992982944860578], [0.9932700828274073, 0.9937968898067697, 0.9926946203673573, 0.9927301672584864, 0.9926526478786414, 0.9926196385705022, 0.992633270674106, 0.992642061531614, 0.992642061531614, 0.9926526478786414, 0.9928999058818332, 0.9935853850539786, 0.9935067544835715, 0.992713997571893, 0.9927430716326243, 0.9940079060581728, 0.9926258918450208, 0.9926196385705022, 0.9927658864726837, 0.9927893771938487, 1.0, 0.992999114547171, 0.9934414551789077, 0.9943869836110538, 0.992713997571893, 0.9926258918450208, 0.9927502297384335, 0.9941885752969171, 0.9934277652807901, 0.9929838980920758, 0.9927342807751159, 0.992633270674106, 0.9925645421517691, 0.9952717814970129, 0.9929766915860592, 0.9931042959593246, 0.992769093990626, 0.9928964776406151, 0.9925645421517691], [0.9931602818688887, 0.9929233966029983, 0.9930680201713322, 0.9927423379570053, 0.993024458552369, 0.993359822282433, 0.9929898155160757, 0.9930525688198993, 0.9929815328321547, 0.9927213764009781, 0.9929450858884915, 0.9927034112248657, 0.9928223865019881, 0.9929377070594062, 0.9930454201083958, 0.9930825429331647, 0.9933274888553989, 0.9931988745165942, 0.9929856935815949, 0.9933321177960701, 0.992999114547171, 1.0, 0.9930599476489844, 0.992955730030032, 0.9929377070594062, 0.9931159500664047, 0.9927633488896942, 0.9929476234714809, 0.9929612555750849, 0.9928110664793419, 0.9929960687905945, 0.992964463093027, 0.9927721397472024, 0.9928452013420476, 0.9926258918450208, 0.9930355096424742, 0.993533965675022, 0.992942556723353, 0.9934567188668134], [0.9929977025187483, 0.9930836684877314, 0.9927213764009781, 0.9928076866383313, 0.9931178691010178, 0.9938936092893258, 0.9929409723718619, 0.9928311773594963, 0.9929806327796203, 0.992713997571893, 0.9931415805454588, 0.992905425480733, 0.9929104922288605, 0.9931019249164563, 0.9930331916153635, 0.9932266510774577, 0.9939065136634636, 0.9927269019460307, 0.9927852636772194, 0.9930050813478332, 0.9934414551789077, 0.9930599476489844, 1.0, 0.9928417637065238, 0.9927795185762878, 0.9927269019460307, 0.9928764151606679, 0.993307205652176, 0.9928320774120313, 0.99293330706892, 0.9933256874197272, 0.9928311773594963, 0.9928471263228139, 0.9927019991964425, 0.9930170797232836, 0.9929741599492228, 0.9932823029025878, 0.9925645421517691, 0.9927882516392826], [0.9929968024662137, 0.9928279120470409, 0.992697157950347, 0.992798895780823, 0.9930536943744656, 0.9927570956151754, 0.992697157950347, 0.9926946203673573, 0.9926526478786414, 0.9927107900539508, 0.9930357291983529, 0.9928911150243254, 0.9931234524405842, 0.9927795185762878, 0.9927852636772194, 0.9930816428806304, 0.992776472819711, 0.99286762430316, 0.9929538767459997, 0.9928819407057208, 0.9943869836110538, 0.992955730030032, 0.9928417637065238, 1.0, 0.9926872415382724, 0.9927559700606091, 0.9929612555750849, 0.9927407536055135, 0.9936331026436263, 0.9928999058818332, 0.9928999058818332, 0.9927423379570048, 0.9927034112248657, 0.9955059096240347, 0.9926258918450208, 0.9926258918450208, 0.9926196385705022, 0.9926526478786414, 0.9929289739964114], [0.9930645777570525, 0.9930387749549298, 0.9927407536055135, 0.9927497167860904, 0.9930493613019569, 0.9928021032987653, 0.9927019991964428, 0.9925645421517691, 0.9938064083937443, 0.9925645421517691, 0.9925645421517691, 0.992642061531614, 0.9927956304683676, 0.9925645421517691, 0.9927342807751159, 0.9927213764009781, 0.9927407536055135, 0.9927342807751159, 0.9930784294165351, 0.992953934540513, 0.992713997571893, 0.9929377070594062, 0.9927795185762878, 0.9926872415382724, 1.0, 0.9927502297384335, 0.9930689686240742, 0.9926655522527793, 0.9927585076435983, 0.9925645421517691, 0.9927019991964428, 0.9926258918450208, 0.9931471579388719, 0.9930560064554231, 0.9931962944795505, 0.993583525823793, 0.9931224228968024, 0.9955382324893656, 0.9927342807751159], [0.9927981680513572, 0.992776472819711, 0.9926258918450208, 0.9932378012487338, 0.9930332494098769, 0.9929589375479743, 0.9926526478786414, 0.9938137778285235, 0.9926815012160968, 0.9926258918450208, 0.9933063102151916, 0.9927195809114591, 0.9948811536406976, 0.9932384771298393, 0.9931383670813638, 0.9927195809114591, 0.9929321874605067, 0.9931496955218614, 0.992633270674106, 0.9928627830570642, 0.9926258918450208, 0.9931159500664047, 0.9927269019460307, 0.9927559700606091, 0.9927502297384335, 1.0, 0.9930689686240742, 0.992713997571893, 0.9927958500242465, 0.9925645421517691, 0.9927077442973742, 0.9941620399865724, 0.9931150440677172, 0.9926526478786414, 0.9931354508160343, 0.9934299628331926, 0.9927206486715123, 0.9926258918450208, 0.99338078383846], [0.9932451800778187, 0.9928512398394435, 0.9929903236896629, 0.9927958500242465, 0.9928871738307637, 0.9929377648539196, 0.9929241327503158, 0.9929483512009469, 0.9932257450787699, 0.9930696385590272, 0.9928975878547225, 0.9929347190973431, 0.9928676243031598, 0.9929783147525097, 0.9929462114430578, 0.993188915650465, 0.9927883094337957, 0.9929524647175769, 0.9929589375479743, 0.993210825659234, 0.9927502297384335, 0.9927633488896942, 0.9928764151606679, 0.9929612555750849, 0.9930689686240742, 0.9930689686240742, 1.0, 0.9927590205959415, 0.9928870015076953, 0.9929635676560423, 0.9929395603434386, 0.9930978066210706, 0.993059052212, 0.9928288593323858, 0.9932140331771762, 0.9930890157635625, 0.9928634529920168, 0.9931711700302313, 0.9929257086839558], [0.9927809306047106, 0.9935461363735405, 0.9941641349833492, 0.992633270674106, 0.9929259282398348, 0.9926809882637533, 0.9926946203673573, 0.9926258918450208, 0.9925645421517691, 0.992790104923315, 0.9927269019460307, 0.9931836002669855, 0.9937299473796464, 0.9928021032987653, 0.9931753319470689, 0.9940199044336231, 0.9925645421517691, 0.9928304436838772, 0.9927795185762875, 0.9927213764009781, 0.9941885752969171, 0.9929476234714809, 0.993307205652176, 0.9927407536055135, 0.9926655522527793, 0.992713997571893, 0.9927590205959415, 1.0, 0.9926258918450208, 0.9929627253980212, 0.9930853000720329, 0.9927019991964428, 0.9926883670928388, 0.9926258918450208, 0.9929889116612401, 0.9932799414449681, 0.9928205910124691, 0.9930452053312726, 0.9926526478786414], [0.9930742581053923, 0.9927882516392826, 0.9930419824728719, 0.9927213764009781, 0.9928975878547225, 0.9927407536055135, 0.9933095755276473, 0.992633270674106, 0.992713997571893, 0.992776472819711, 0.992633270674106, 0.9932190939791508, 0.99293330706892, 0.9926258918450208, 0.9928782106501873, 0.9927019991964425, 0.9926258918450208, 0.9929395603434386, 0.9929750647805129, 0.9928925270527482, 0.9934277652807901, 0.9929612555750849, 0.9928320774120313, 0.9936331026436263, 0.9927585076435983, 0.9927958500242465, 0.9928870015076953, 0.9926258918450208, 1.0, 0.9938695382360557, 0.9927536579796515, 0.992633270674106, 0.992642061531614, 0.9937857715278453, 0.9927107900539508, 0.992798895780823, 0.9931136404571453, 0.9927633488896942, 0.9927019991964428], [0.9932498149646429, 0.9928076866383313, 0.9939400825580691, 0.9927107900539508, 0.992990329635816, 0.9925645421517691, 0.9928999058818332, 0.9927365976348296, 0.9925645421517691, 0.9928150076729032, 0.9926526478786414, 0.9929655886475933, 0.9925645421517691, 0.992642061531614, 0.9928471263228139, 0.992633270674106, 0.9925645421517691, 0.9929444159535388, 0.9927019991964428, 0.9928223865019881, 0.9929838980920758, 0.9928110664793419, 0.99293330706892, 0.9928999058818332, 0.9925645421517691, 0.9925645421517691, 0.9929635676560423, 0.9929627253980212, 0.9938695382360557, 1.0, 0.9931415805454588, 0.9926815012160968, 0.9926946203673573, 0.9929063787122308, 0.9927019991964425, 0.9928860530549531, 0.9931245626546915, 0.9927213764009781, 0.9927430716326243], [0.992798895780823, 0.9928717378197897, 0.9936621661426546, 0.9928957923652035, 0.9928602454740746, 0.9928417637065238, 0.9927107900539508, 0.992642061531614, 0.9927213764009781, 0.9928346149950205, 0.9927034112248657, 0.9928205910124691, 0.9927213764009781, 0.9926526478786414, 0.9928087543983846, 0.9929120765803517, 0.9929792207511974, 0.992642061531614, 0.9928496591270474, 0.9932160587842771, 0.9927342807751159, 0.9929960687905945, 0.9933256874197272, 0.9928999058818332, 0.9927019991964428, 0.9927077442973742, 0.9929395603434386, 0.9930853000720329, 0.9927536579796515, 0.9931415805454588, 1.0, 0.9927301672584864, 0.9926747349892346, 0.9927107900539508, 0.992713997571893, 0.9928627830570642, 0.9929289739964117, 0.992769093990626, 0.992642061531614], [0.9930653102652746, 0.9925645421517691, 0.9925645421517691, 0.9963499793421824, 0.9928209828914163, 0.9927882516392826, 0.9927077442973742, 0.9974005853828359, 0.9927206486715123, 0.992642061531614, 0.9960385041583837, 0.992633270674106, 0.9926196385705022, 0.994653504290226, 0.9949191812967568, 0.9927852636772194, 0.9928205910124691, 0.9925645421517691, 0.9928030092974529, 0.9931988167220809, 0.992633270674106, 0.992964463093027, 0.9928311773594963, 0.9927423379570048, 0.9926258918450208, 0.9941620399865724, 0.9930978066210706, 0.9927019991964428, 0.992633270674106, 0.9926815012160968, 0.9927301672584864, 1.0, 0.9930064415278962, 0.9927536579796515, 0.9945031428714148, 0.995950005385167, 0.9927301672584864, 0.9927434635115716, 0.9927690939906257], [0.9928569801616192, 0.9927407536055135, 0.9927901049233152, 0.9928246985829459, 0.9928803079540219, 0.9927430716326243, 0.9927077442973742, 0.9928118001549611, 0.9958103978576957, 0.9927827260942298, 0.9927034112248657, 0.9927107900539508, 0.9926196385705022, 0.9929084760160654, 0.9926655522527793, 0.9930408005620304, 0.9927301672584864, 0.9927901049233152, 0.9940609661448959, 0.9929880116087054, 0.9925645421517691, 0.9927721397472024, 0.9928471263228139, 0.9927034112248657, 0.9931471579388719, 0.9931150440677172, 0.993059052212, 0.9926883670928388, 0.992642061531614, 0.9926946203673573, 0.9926747349892346, 0.9930064415278962, 1.0, 0.9927269019460307, 0.9940846869836428, 0.992642061531614, 0.9928030092974527, 0.992713997571893, 0.9926526478786414], [0.9929806327796203, 0.9927883094337957, 0.9925645421517691, 0.9928205910124691, 0.992713997571893, 0.9927536579796515, 0.9927107900539508, 0.9927721397472024, 0.9928602454740746, 0.9925645421517691, 0.992713997571893, 0.9930832754413872, 0.992642061531614, 0.9927077442973742, 0.9929104922288605, 0.9927301672584864, 0.9927213764009781, 0.9926526478786414, 0.9926747349892346, 0.9930843527866882, 0.9952717814970129, 0.9928452013420476, 0.9927019991964425, 0.9955059096240347, 0.9930560064554231, 0.9926526478786414, 0.9928288593323858, 0.9926258918450208, 0.9937857715278453, 0.9929063787122308, 0.9927107900539508, 0.9927536579796515, 0.9927269019460307, 1.0, 0.9927981680513572, 0.9926526478786414, 0.9929259282398348, 0.9927485912315241, 0.9926196385705022], [0.9930560064554231, 0.9925645421517691, 0.9926946203673573, 0.9940611916469277, 0.9925645421517691, 0.9928763573661548, 0.992713997571893, 0.9940160116402695, 0.9940406982821317, 0.9926258918450208, 0.9936086540754133, 0.9926946203673573, 0.9926526478786414, 0.9933394872308494, 0.9930987126197584, 0.9931905424560111, 0.9927301672584864, 0.992642061531614, 0.9931860846710113, 0.9931683449969307, 0.9929766915860592, 0.9926258918450208, 0.9930170797232836, 0.9926258918450208, 0.9931962944795505, 0.9931354508160343, 0.9932140331771762, 0.9929889116612401, 0.9927107900539508, 0.9927019991964425, 0.992713997571893, 0.9945031428714148, 0.9940846869836428, 0.9927981680513572, 1.0, 0.9935946819412225, 0.9927956304683676, 0.9927956304683676, 0.9927034112248657], [0.9930459330607391, 0.9929880116087054, 0.9926196385705022, 0.9948816656165861, 0.9926196385705022, 0.9927753472651447, 0.9928782106501873, 0.9951822149637434, 0.9927430716326243, 0.9926872415382724, 0.9946242106736158, 0.992853992199556, 0.9932054678216999, 0.9934986913555292, 0.994049653044857, 0.99308575639726, 0.9928311773594963, 0.9927407536055135, 0.9925645421517691, 0.9930987126197584, 0.9931042959593246, 0.9930355096424742, 0.9929741599492228, 0.9926258918450208, 0.993583525823793, 0.9934299628331926, 0.9930890157635625, 0.9932799414449681, 0.992798895780823, 0.9928860530549531, 0.9928627830570642, 0.995950005385167, 0.992642061531614, 0.9926526478786414, 0.9935946819412225, 1.0, 0.9927430716326243, 0.9938907214918135, 0.9928514546165664], [0.9928819407057208, 0.9927019991964428, 0.9930233377765583, 0.99286762430316, 0.9927213764009781, 0.9937572140585524, 0.993302196698562, 0.9929284658228241, 0.9929275619679884, 0.993179659073424, 0.9928870015076953, 0.9929755660314927, 0.9926883670928388, 0.992776472819711, 0.9928182729853585, 0.9929104922288605, 0.9936925990528453, 0.9928764151606679, 0.9933547555343051, 0.9930961798155247, 0.992769093990626, 0.993533965675022, 0.9932823029025878, 0.9926196385705022, 0.9931224228968024, 0.9927206486715123, 0.9928634529920168, 0.9928205910124691, 0.9931136404571453, 0.9931245626546915, 0.9929289739964117, 0.9927301672584864, 0.9928030092974527, 0.9929259282398348, 0.9927956304683676, 0.9927430716326243, 1.0, 0.9927213764009781, 0.9929637931580743], [0.9928528666449897, 0.9933838343737924, 0.9929453054443702, 0.9926809882637535, 0.9930872202740436, 0.9926526478786414, 0.9925645421517691, 0.9926196385705022, 0.9926809882637535, 0.9925645421517691, 0.9925645421517691, 0.9927883094337957, 0.9925645421517691, 0.9927746773301919, 0.9928602454740746, 0.9929441952302626, 0.9927915169517381, 0.9927915169517381, 0.9929792207511974, 0.9927301672584864, 0.9928964776406151, 0.992942556723353, 0.9925645421517691, 0.9926526478786414, 0.9955382324893656, 0.9926258918450208, 0.9931711700302313, 0.9930452053312726, 0.9927633488896942, 0.9927213764009781, 0.992769093990626, 0.9927434635115716, 0.992713997571893, 0.9927485912315241, 0.9927956304683676, 0.9938907214918135, 0.9927213764009781, 1.0, 0.9927301672584864], [0.9929792207511972, 0.9926526478786414, 0.9926526478786414, 0.9929750647805129, 0.9940999566177015, 0.992633270674106, 0.9928717378197897, 0.9926196385705022, 0.9925645421517691, 0.9925645421517691, 0.9925645421517691, 0.9927213764009781, 0.9927077442973742, 0.9928668965736939, 0.993419318691652, 0.9926526478786414, 0.992877482920721, 0.9985756755746028, 0.9937643673856057, 0.992982944860578, 0.9925645421517691, 0.9934567188668134, 0.9927882516392826, 0.9929289739964114, 0.9927342807751159, 0.99338078383846, 0.9929257086839558, 0.9926526478786414, 0.9927019991964428, 0.9927430716326243, 0.992642061531614, 0.9927690939906257, 0.9926526478786414, 0.9926196385705022, 0.9927034112248657, 0.9928514546165664, 0.9929637931580743, 0.9927301672584864, 1.0]]