[[1.0000000000000002, 0.9992509507983456, 0.9910937927962756, 0.9992252300216282, 0.9743119354903836, 0.9973785204567841, 0.9987237806367897, 0.9873371556737452, 0.975806930373745, 0.9992529536018258, 0.9938169885883874, 0.998492413751534, 0.9955853019862853, 0.9987478736076933, 0.9971654774643844, 0.9993294143080289, 0.9939870871743238, 0.9985806506185262, 0.878580494691251, 0.9840375602504294, 0.9988373213932245, 0.9980590603441012, 0.9991358549180551, 0.9955573814554111, 0.9966285154992173, 0.9783644664846111, 0.998097997688643, 0.9956412349112579, 0.9937635774988127, 0.9953625870344456, 0.9993483155621855, 0.9983020654337282, 0.9963053784137863, 0.9871423317624888, 0.9936168447064806, 0.9968473883130441, 0.9989048306857142, 0.9326971571798625, 0.9931691836103942, 0.9785407570520909, 0.9994097350629801, 0.9968788516811531, 0.9985316321073815, 0.9933118327575883], [0.9992509507983456, 0.9999999999999998, 0.9933865087932449, 0.9997358646408309, 0.9781021199703667, 0.9971713712816808, 0.9992053809386272, 0.9870418298600471, 0.9806619241901401, 0.9998337777756364, 0.9946633017663966, 0.9988124939953712, 0.9953533058370274, 0.9993372145313435, 0.9987654822601401, 0.9992064773184628, 0.9948332588967025, 0.9990610130278681, 0.8887787576747541, 0.983299747204235, 0.9996600766456178, 0.9977465559576115, 0.9997629762716744, 0.9945033629924039, 0.9965883914302694, 0.9798582374242389, 0.9988236388796423, 0.9961388973790267, 0.9942394706617492, 0.9940329321036784, 0.9992545054626532, 0.9989303561419638, 0.9960199160836637, 0.9866079727934847, 0.9947007708602452, 0.9960823471282283, 0.9989052051234144, 0.9408392943579716, 0.9941765582255193, 0.9806223265273546, 0.9999701456316623, 0.9985083721620795, 0.999426267875035, 0.9930966337253038], [0.9910937927962756, 0.9933865087932449, 1.0, 0.9924828255153194, 0.9928494808167588, 0.9930993794585418, 0.9914179035734906, 0.9941454519663925, 0.9932700768443202, 0.9925661343775655, 0.9971195429196367, 0.994831515080829, 0.9917113389798607, 0.9953309277496877, 0.9913435470328126, 0.9926909691693793, 0.9975199948631016, 0.9949960474118377, 0.9170808815443159, 0.9905339687701901, 0.9922189174092978, 0.9897203481937397, 0.9927360231066136, 0.9846428432011868, 0.9878594184387075, 0.9936018017224175, 0.9957174148144391, 0.9853806250359111, 0.9836502817998459, 0.9766482308841596, 0.9894374807742226, 0.9939816860598052, 0.9888174315876691, 0.9842966382950009, 0.9935408973370378, 0.9858481986398214, 0.9902100006101828, 0.9668592254927103, 0.9928730462679556, 0.9943247332380195, 0.9930725504476703, 0.9915286796783336, 0.9913205189340515, 0.9940975622729791], [0.9992252300216282, 0.9997358646408309, 0.9924828255153194, 0.9999999999999996, 0.9763942807500093, 0.9975415138920977, 0.9998186159052808, 0.9866153662878594, 0.9784840307234479, 0.9999461359916177, 0.9943498638017063, 0.9985538351911278, 0.9954920005746367, 0.9989265011695191, 0.9982823079408976, 0.9995676591300097, 0.9943148863193545, 0.9987557244426699, 0.88167556953704, 0.9833495172775417, 0.999144312607374, 0.9988242278699314, 0.9995074088247927, 0.9960934918390979, 0.9978162365323503, 0.9788835176298887, 0.9984947074927775, 0.9967112834704538, 0.9960139709106767, 0.9949867026063953, 0.9990718160986198, 0.998778533064, 0.9967609099911982, 0.988940704739127, 0.9934166639950952, 0.9975409074363113, 0.998602814791215, 0.9393764287387006, 0.9946489822506646, 0.9788367751845043, 0.9998139101133214, 0.9975351711310021, 0.9992101514831128, 0.9925799499039266], [0.9743119354903836, 0.9781021199703667, 0.9928494808167588, 0.9763942807500093, 1.0000000000000002, 0.9780821066489613, 0.9751080296502319, 0.9883047493852989, 0.9977557719485775, 0.9766526950290197, 0.9865604817534908, 0.9814124128387418, 0.9785069428521475, 0.9819442934091849, 0.9769456486019772, 0.977504095782148, 0.9889590021585076, 0.9828017477103397, 0.9390123478234809, 0.9844497660938867, 0.9768992428235886, 0.9739611333290779, 0.9763199488015308, 0.9641038850245549, 0.9724840378109376, 0.9921297481157562, 0.9839923718650795, 0.9704490805333461, 0.9651232224996741, 0.9517054851854155, 0.970891563194325, 0.9819526950935639, 0.9721699175401137, 0.9699055177040365, 0.9805226511681795, 0.9679650092119955, 0.9750237026911115, 0.9835242746560292, 0.9811933717080025, 0.9942879096336017, 0.9772744875454552, 0.9779876771258489, 0.9753302477172546, 0.9853456238061897], [0.9973785204567841, 0.9971713712816808, 0.9930993794585418, 0.9975415138920977, 0.9780821066489613, 1.0000000000000002, 0.9972073337115321, 0.9909904561917025, 0.9787606941847522, 0.9974885868291741, 0.9931019909576054, 0.9974408580636284, 0.9965754834831769, 0.9964240033046631, 0.9938619243275097, 0.9976770718211165, 0.9932320615059881, 0.9977367713009248, 0.875402912139073, 0.9890812468973453, 0.9959460927061239, 0.9968410756051171, 0.9966558574253258, 0.9940056991428368, 0.995586697668494, 0.9822580956761932, 0.9971516606613617, 0.9928118971259097, 0.9929202972962191, 0.9914814870157622, 0.9966321977266149, 0.9972058177811487, 0.9982507061140482, 0.9879088965148974, 0.9934572661684674, 0.9957580465330358, 0.9953067208234788, 0.9374394873098023, 0.990871294147767, 0.9812571776544503, 0.9973929598090653, 0.9932282740660705, 0.9956537416510705, 0.996897646866362], [0.9987237806367897, 0.9992053809386272, 0.9914179035734906, 0.9998186159052808, 0.9751080296502319, 0.9972073337115321, 1.0000000000000002, 0.9855855518046769, 0.9768975030306253, 0.9996783464615797, 0.9935603199355315, 0.9978351137775103, 0.9955337687952835, 0.9982649972803185, 0.9979693469928325, 0.9994025888784946, 0.9934015052631391, 0.9981164492749883, 0.8777971611151779, 0.9825332923564003, 0.9985848691801232, 0.9991337037588015, 0.9990281555762379, 0.9964661975946322, 0.9984178686382612, 0.9775136000021425, 0.9978481203180847, 0.996933105684657, 0.9971253073141089, 0.9953348329879174, 0.9985259718536127, 0.9984360013338468, 0.9970419372255774, 0.9897419309066922, 0.9923034914277069, 0.9981704144300628, 0.9981442210724676, 0.9388879165223771, 0.9945337674477762, 0.977022522725268, 0.9993222823910046, 0.9968861962972986, 0.9988528475778887, 0.9914963768608007], [0.9873371556737452, 0.9870418298600471, 0.9941454519663925, 0.9866153662878594, 0.9883047493852989, 0.9909904561917025, 0.9855855518046769, 1.0, 0.9861787003097872, 0.9864255438101946, 0.994551273157101, 0.9921429042096219, 0.9902011680028424, 0.9900577201360641, 0.9824430103585546, 0.9878745859237428, 0.995423074450308, 0.9917561960770811, 0.9035140624147122, 0.9933509102875953, 0.9852270681754991, 0.9851807892304296, 0.9868754559272336, 0.9801334037306848, 0.9819199111909308, 0.99645440643966, 0.9925133004170847, 0.9755932053479944, 0.9763677072820456, 0.9716753525655372, 0.9837843445848334, 0.9903952292523784, 0.9869522408389168, 0.9836745838135419, 0.9905050448733492, 0.981118528016204, 0.9841972952739227, 0.9571954829314164, 0.9868319977265104, 0.9948867455527753, 0.9871073308682204, 0.9825921806496336, 0.9842331948153981, 0.9960714524325004], [0.975806930373745, 0.9806619241901401, 0.9932700768443202, 0.9784840307234479, 0.9977557719485775, 0.9787606941847522, 0.9768975030306253, 0.9861787003097872, 0.9999999999999997, 0.9787721634087102, 0.9865674658076232, 0.9826392083628314, 0.9788926696665199, 0.9832858913473008, 0.9808501932362168, 0.9782328940673529, 0.9881521548769147, 0.9843052216966506, 0.9475573011071927, 0.9790437110666723, 0.9801265672734356, 0.9742908937308805, 0.9794253336527019, 0.9634645614856242, 0.9719610632793942, 0.9899504582145486, 0.9852554919151565, 0.9716391467379093, 0.9657395818796769, 0.9552226371120752, 0.9736008759759244, 0.9837007376362447, 0.9737277447781627, 0.9664463762518597, 0.9844968733628455, 0.9673492405656489, 0.9774864804979763, 0.982529308953003, 0.9801373300674548, 0.9926227475843641, 0.9797304080098651, 0.9819594983853858, 0.9787872979078266, 0.9847362947122692], [0.9992529536018258, 0.9998337777756364, 0.9925661343775655, 0.9999461359916177, 0.9766526950290197, 0.9974885868291741, 0.9996783464615797, 0.9864255438101946, 0.9787721634087102, 1.0, 0.9942319254359678, 0.9986002334798452, 0.9953928931546527, 0.9990220911577563, 0.998415823037987, 0.999492496451886, 0.9942999573055542, 0.9988096472376987, 0.8824871713283864, 0.9833957016789705, 0.9992866735109579, 0.9985852894599909, 0.999566453551272, 0.995837275711177, 0.9976769497625024, 0.9787692170558412, 0.9985349990893022, 0.9968148530773059, 0.9957427483182032, 0.9948785403380699, 0.9992114646317093, 0.9987618406712868, 0.9965821802012966, 0.9883093780541261, 0.9935061283088045, 0.9973455498574824, 0.9987215322901244, 0.9391216987947436, 0.9945123722031042, 0.9789730298410676, 0.9998830825631579, 0.9978302853278268, 0.9992648214864424, 0.9926733936843464], [0.9938169885883874, 0.9946633017663966, 0.9971195429196367, 0.9943498638017063, 0.9865604817534908, 0.9931019909576054, 0.9935603199355315, 0.994551273157101, 0.9865674658076232, 0.9942319254359678, 1.0000000000000002, 0.9972730151064841, 0.9911070492037448, 0.9965860578368787, 0.9917052004723615, 0.9950509815544774, 0.9991544996620125, 0.9966050527934908, 0.9024585479458662, 0.9914542887960485, 0.9932621687138232, 0.9922519077574178, 0.9945928862906369, 0.9898307120825702, 0.9900065135020046, 0.9930515467178482, 0.9973040200310431, 0.9862360760077972, 0.9864779424061837, 0.9817904765747558, 0.9920151919687361, 0.9953671185017313, 0.9889015943355894, 0.9907069940577478, 0.9919008958734705, 0.9891756328691675, 0.991458861492465, 0.9578361749883317, 0.9969564723743642, 0.9914736780992656, 0.9946870207633305, 0.9913095505700329, 0.9924572987696337, 0.9936343978735835], [0.998492413751534, 0.9988124939953712, 0.994831515080829, 0.9985538351911278, 0.9814124128387418, 0.9974408580636284, 0.9978351137775103, 0.9921429042096219, 0.9826392083628314, 0.9986002334798452, 0.9972730151064841, 0.9999999999999997, 0.9950918457814923, 0.9991534678104329, 0.996138628427316, 0.9985445633588156, 0.9974478657686888, 0.9996040209521623, 0.8901693807695785, 0.9891423978289102, 0.9979811562870655, 0.9965946693012854, 0.998588721355279, 0.9940452741910044, 0.9949019597262273, 0.9859303336787387, 0.9997850044805995, 0.9926504689177221, 0.9918726637036918, 0.9909108678819889, 0.9977794268367387, 0.9988673094041323, 0.9950975150104148, 0.989410214490046, 0.9949320418360108, 0.994603779794415, 0.9968335213865419, 0.944194918914238, 0.995321159272736, 0.9860329044703766, 0.9988800096105647, 0.9961182468256531, 0.9973652151323535, 0.9961827765423923], [0.9955853019862853, 0.9953533058370274, 0.9917113389798607, 0.9954920005746367, 0.9785069428521475, 0.9965754834831769, 0.9955337687952835, 0.9902011680028424, 0.9788926696665199, 0.9953928931546527, 0.9911070492037448, 0.9950918457814923, 0.9999999999999994, 0.9954863695606562, 0.9938966861695036, 0.9957031344602166, 0.9920300169217598, 0.9957952592110919, 0.8885358930538348, 0.9854642147418653, 0.9952806027787908, 0.9941265792747379, 0.9955074445832405, 0.9890924293335583, 0.9937928687903345, 0.9814078698812446, 0.9955545868915627, 0.9898617685222995, 0.9917799565985658, 0.9897042201783782, 0.994154270905288, 0.9965218312065793, 0.9978207759018776, 0.9832659027025434, 0.9948261549682547, 0.9928249604911974, 0.9945087112832245, 0.9433909086055707, 0.9892784169490301, 0.9814485949122899, 0.9953837038750138, 0.9936657292391928, 0.9947234706578965, 0.9935889432893015], [0.9987478736076933, 0.9993372145313435, 0.9953309277496877, 0.9989265011695191, 0.9819442934091849, 0.9964240033046631, 0.9982649972803185, 0.9900577201360641, 0.9832858913473008, 0.9990220911577563, 0.9965860578368787, 0.9991534678104329, 0.9954863695606562, 1.0000000000000004, 0.9976282435140861, 0.9988492672792527, 0.9972321558950955, 0.9990395968736244, 0.8957267834571174, 0.9864387388442386, 0.9988932494172068, 0.997004278354226, 0.999086999322318, 0.993758641998572, 0.9955400022256591, 0.9842784121914218, 0.999330326370459, 0.9943729401571171, 0.9924520351531347, 0.9910456134499014, 0.9979488877255019, 0.9986912354991844, 0.9946413650614657, 0.9879027812019188, 0.9953113562005228, 0.9948247976703596, 0.9981280702401455, 0.9465510865947699, 0.9953413673529744, 0.9854605660794058, 0.9992653875031503, 0.9977213427905595, 0.9983726989913636, 0.9939697074511123], [0.9971654774643844, 0.9987654822601401, 0.9913435470328126, 0.9982823079408976, 0.9769456486019772, 0.9938619243275097, 0.9979693469928325, 0.9824430103585546, 0.9808501932362168, 0.998415823037987, 0.9917052004723615, 0.996138628427316, 0.9938966861695036, 0.9976282435140861, 0.9999999999999999, 0.9971011967100004, 0.9918073044585934, 0.9970732702553649, 0.8976064982242457, 0.9762639433816953, 0.9991569533177772, 0.9957059829234841, 0.9988104287780024, 0.9904376124899411, 0.9947900235853997, 0.97529645420393, 0.9966401773286174, 0.9957034547443936, 0.9930719591051163, 0.9926113168948161, 0.9975348855206042, 0.9977237000334643, 0.9942380825492433, 0.9811850948881047, 0.994038449593684, 0.993532841672289, 0.9986144774702898, 0.9430653798747759, 0.9916555208754424, 0.9773188139317212, 0.9985336263358436, 0.9995484452865384, 0.9993849095173801, 0.9885473099169485], [0.9993294143080289, 0.9992064773184628, 0.9926909691693793, 0.9995676591300097, 0.977504095782148, 0.9976770718211165, 0.9994025888784946, 0.9878745859237428, 0.9782328940673529, 0.999492496451886, 0.9950509815544774, 0.9985445633588156, 0.9957031344602166, 0.9988492672792527, 0.9971011967100004, 1.0000000000000004, 0.9950005810317131, 0.9987766375863907, 0.8791189033355223, 0.9861210516155154, 0.9983743390256452, 0.9991140311862343, 0.9988049082041802, 0.9967907581758493, 0.9982891544085808, 0.9803654336507905, 0.9984173397876451, 0.996704836566136, 0.9957253147889786, 0.994165409332516, 0.9985412948989865, 0.998585823897376, 0.9963029980594811, 0.990734309873443, 0.992139212253388, 0.9980928740940243, 0.998083436021804, 0.9400108551121105, 0.9956145937289241, 0.9795956852093138, 0.9993391841990129, 0.9963077073918315, 0.9982014256992291, 0.9932918687275845], [0.9939870871743238, 0.9948332588967025, 0.9975199948631016, 0.9943148863193545, 0.9889590021585076, 0.9932320615059881, 0.9934015052631391, 0.995423074450308, 0.9881521548769147, 0.9942999573055542, 0.9991544996620125, 0.9974478657686888, 0.9920300169217598, 0.9972321558950955, 0.9918073044585934, 0.9950005810317131, 1.0000000000000002, 0.9968204324686958, 0.9060634801631599, 0.9921656794946719, 0.993581280523215, 0.9923996817170945, 0.9943462738361736, 0.9890747278097927, 0.9903822243308884, 0.9933994902628724, 0.9978467506303175, 0.9869273123588648, 0.9860346959644094, 0.9810215428310419, 0.9919437995212502, 0.9957959115404834, 0.9891837537757073, 0.9893737831279426, 0.9925207474922492, 0.9892158551669098, 0.9921420714883298, 0.9590140239986433, 0.9961804012284381, 0.9936030695171862, 0.9947387643219646, 0.9919497344513607, 0.9927199971200154, 0.9949700197884473], [0.9985806506185262, 0.9990610130278681, 0.9949960474118377, 0.9987557244426699, 0.9828017477103397, 0.9977367713009248, 0.9981164492749883, 0.9917561960770811, 0.9843052216966506, 0.9988096472376987, 0.9966050527934908, 0.9996040209521623, 0.9957952592110919, 0.9990395968736244, 0.9970732702553649, 0.9987766375863907, 0.9968204324686958, 0.9999999999999997, 0.8935553249056881, 0.9880875272550611, 0.9984454925405776, 0.9969732804462935, 0.99875967421941, 0.9929799890017834, 0.9954934476107492, 0.98502294245137, 0.9997008096777661, 0.9939206615003974, 0.9923691933580229, 0.9909865068721103, 0.9977632244893074, 0.999635281213138, 0.9958882196014467, 0.9878499253533825, 0.9952077835482429, 0.9948733558931467, 0.9976039866922601, 0.946344940926938, 0.9946613089612011, 0.985365179619937, 0.9990479260163326, 0.9969343454621833, 0.9979394423821428, 0.9962715696759378], [0.878580494691251, 0.8887787576747541, 0.9170808815443159, 0.88167556953704, 0.9390123478234809, 0.875402912139073, 0.8777971611151779, 0.9035140624147122, 0.9475573011071927, 0.8824871713283864, 0.9024585479458662, 0.8901693807695785, 0.8885358930538348, 0.8957267834571174, 0.8976064982242457, 0.8791189033355223, 0.9060634801631599, 0.8935553249056881, 1.0, 0.8790710378806991, 0.8922945517262055, 0.8684210736820421, 0.8892837668746223, 0.8447186819892152, 0.8630400336617408, 0.9187549025650575, 0.8959542435697214, 0.8674182590134231, 0.8539597958153601, 0.8434149287367473, 0.8757614876400525, 0.8942483210155595, 0.8718053493909576, 0.8490561929787139, 0.9124683094854315, 0.8531562443873527, 0.8872573939242145, 0.9545136044345424, 0.8859732013439926, 0.9327066443690775, 0.8861402673606128, 0.9026507948012569, 0.8901184936513907, 0.8906094012182114], [0.9840375602504294, 0.983299747204235, 0.9905339687701901, 0.9833495172775417, 0.9844497660938867, 0.9890812468973453, 0.9825332923564003, 0.9933509102875953, 0.9790437110666723, 0.9833957016789705, 0.9914542887960485, 0.9891423978289102, 0.9854642147418653, 0.9864387388442386, 0.9762639433816953, 0.9861210516155154, 0.9921656794946719, 0.9880875272550611, 0.8790710378806991, 1.0000000000000002, 0.9808554709835352, 0.9830722807263458, 0.9818199836764644, 0.982408546431541, 0.9820928154251901, 0.9914571679530232, 0.9889560804734666, 0.9753358292939533, 0.9766076315661327, 0.9684088623589282, 0.9808616947391434, 0.985853830949779, 0.9824679246875441, 0.9863242399096419, 0.9809981262928928, 0.9816272322553278, 0.978543565930068, 0.9487374116360227, 0.9873687806285261, 0.9892096666902734, 0.9835292375675375, 0.9766977105727391, 0.9784865745972786, 0.9941254851652211], [0.9988373213932245, 0.9996600766456178, 0.9922189174092978, 0.999144312607374, 0.9768992428235886, 0.9959460927061239, 0.9985848691801232, 0.9852270681754991, 0.9801265672734356, 0.9992866735109579, 0.9932621687138232, 0.9979811562870655, 0.9952806027787908, 0.9988932494172068, 0.9991569533177772, 0.9983743390256452, 0.993581280523215, 0.9984454925405776, 0.8922945517262055, 0.9808554709835352, 0.9999999999999999, 0.9965087298166263, 0.9995753644434892, 0.9925368891395607, 0.9953667217246697, 0.9776159375494733, 0.9981417839431916, 0.9956509451862847, 0.9932885060526999, 0.993967125811902, 0.9990484012366536, 0.9986647553508003, 0.9954898544795194, 0.9831062472234315, 0.9953176458792855, 0.9947287010872706, 0.998970409646221, 0.9392958884768562, 0.9924876993531182, 0.9793512357585745, 0.9995655364623491, 0.9991804238430771, 0.9993861126588324, 0.9918323675021512], [0.9980590603441012, 0.9977465559576115, 0.9897203481937397, 0.9988242278699314, 0.9739611333290779, 0.9968410756051171, 0.9991337037588015, 0.9851807892304296, 0.9742908937308805, 0.9985852894599909, 0.9922519077574178, 0.9965946693012854, 0.9941265792747379, 0.997004278354226, 0.9957059829234841, 0.9991140311862343, 0.9923996817170945, 0.9969732804462935, 0.8684210736820421, 0.9830722807263458, 0.9965087298166263, 1.0000000000000002, 0.9971634282984432, 0.9975974753177459, 0.9991262096401375, 0.9763052781925683, 0.9965481662792647, 0.997470052547419, 0.9970884605911625, 0.9942049755998563, 0.9969914226659914, 0.9971122267599831, 0.9960970838747197, 0.9919567548563434, 0.9888122770518537, 0.9991473583700065, 0.997297558893029, 0.9363382706808769, 0.9941337841904282, 0.9750484754252476, 0.9979452402621206, 0.9942290363416129, 0.9971224906999903, 0.9909027230127798], [0.9991358549180551, 0.9997629762716744, 0.9927360231066136, 0.9995074088247927, 0.9763199488015308, 0.9966558574253258, 0.9990281555762379, 0.9868754559272336, 0.9794253336527019, 0.999566453551272, 0.9945928862906369, 0.998588721355279, 0.9955074445832405, 0.999086999322318, 0.9988104287780024, 0.9988049082041802, 0.9943462738361736, 0.99875967421941, 0.8892837668746223, 0.9818199836764644, 0.9995753644434892, 0.9971634282984432, 1.0000000000000004, 0.9939143303233988, 0.9957864802045596, 0.9793583077301165, 0.9984745171798033, 0.9949924105420052, 0.9938268757450206, 0.994570600002734, 0.9992014368721657, 0.9987189764320304, 0.9961551212801362, 0.9858588099379718, 0.9954267233471887, 0.9954340719217032, 0.998757860441733, 0.9393059937427171, 0.9936006431964627, 0.9799734979704369, 0.9997730377505876, 0.9985037671718731, 0.9995134792819883, 0.9922012372485303], [0.9955573814554111, 0.9945033629924039, 0.9846428432011868, 0.9960934918390979, 0.9641038850245549, 0.9940056991428368, 0.9964661975946322, 0.9801334037306848, 0.9634645614856242, 0.995837275711177, 0.9898307120825702, 0.9940452741910044, 0.9890924293335583, 0.993758641998572, 0.9904376124899411, 0.9967907581758493, 0.9890747278097927, 0.9929799890017834, 0.8447186819892152, 0.982408546431541, 0.9925368891395607, 0.9975974753177459, 0.9939143303233988, 1.0000000000000004, 0.9972079617337731, 0.971723423416268, 0.9929990002346769, 0.9941289828402636, 0.9959181241446605, 0.9939777613157039, 0.9951444945614929, 0.9922984022917172, 0.9920589949026878, 0.9945617520233463, 0.9823633634083696, 0.9983071748317541, 0.9925585548212074, 0.9227784774417386, 0.9933744533310872, 0.9683602975682308, 0.9950312490121946, 0.9886477544577185, 0.9928852251545547, 0.9866936675710057], [0.9966285154992173, 0.9965883914302694, 0.9878594184387075, 0.9978162365323503, 0.9724840378109376, 0.995586697668494, 0.9984178686382612, 0.9819199111909308, 0.9719610632793942, 0.9976769497625024, 0.9900065135020046, 0.9949019597262273, 0.9937928687903345, 0.9955400022256591, 0.9947900235853997, 0.9982891544085808, 0.9903822243308884, 0.9954934476107492, 0.8630400336617408, 0.9820928154251901, 0.9953667217246697, 0.9991262096401375, 0.9957864802045596, 0.9972079617337731, 0.9999999999999999, 0.9730514697201906, 0.9949987649708065, 0.9979641143105886, 0.9984092083022738, 0.9940925709911286, 0.9960115736712736, 0.9959752626054277, 0.9954229909667893, 0.991349028414693, 0.9857470948297371, 0.9994492802044166, 0.99582791883211, 0.9354563967407197, 0.9939480192157497, 0.9715120743659208, 0.9967724898301877, 0.9931973976500034, 0.995924961991272, 0.988837335430936], [0.9783644664846111, 0.9798582374242389, 0.9936018017224175, 0.9788835176298887, 0.9921297481157562, 0.9822580956761932, 0.9775136000021425, 0.99645440643966, 0.9899504582145486, 0.9787692170558412, 0.9930515467178482, 0.9859303336787387, 0.9814078698812446, 0.9842784121914218, 0.97529645420393, 0.9803654336507905, 0.9933994902628724, 0.98502294245137, 0.9187549025650575, 0.9914571679530232, 0.9776159375494733, 0.9763052781925683, 0.9793583077301165, 0.971723423416268, 0.9730514697201906, 0.9999999999999996, 0.9868240103086061, 0.9662244460241791, 0.9667592915706519, 0.9581007592144215, 0.974642796803324, 0.9829416416854277, 0.975649505772098, 0.9803147868021421, 0.9835696745274598, 0.9708661372263268, 0.9749426701289068, 0.9713538155400774, 0.9852082385987688, 0.9971346257295425, 0.9797030808920414, 0.9756505887949906, 0.9760174087279928, 0.9896024410198355], [0.998097997688643, 0.9988236388796423, 0.9957174148144391, 0.9984947074927775, 0.9839923718650795, 0.9971516606613617, 0.9978481203180847, 0.9925133004170847, 0.9852554919151565, 0.9985349990893022, 0.9973040200310431, 0.9997850044805995, 0.9955545868915627, 0.999330326370459, 0.9966401773286174, 0.9984173397876451, 0.9978467506303175, 0.9997008096777661, 0.8959542435697214, 0.9889560804734666, 0.9981417839431916, 0.9965481662792647, 0.9984745171798033, 0.9929990002346769, 0.9949987649708065, 0.9868240103086061, 0.9999999999999997, 0.993027938165302, 0.9918095404858526, 0.9898173749090496, 0.9972103700075798, 0.9992662306293612, 0.9950531587281812, 0.9888373052888079, 0.9953593830882894, 0.9942313417036494, 0.9969939727332052, 0.9489576911801831, 0.9953509825381461, 0.9873354527864939, 0.9987825799159676, 0.9966674990509276, 0.9975227919356118, 0.9962590108992458], [0.9956412349112579, 0.9961388973790267, 0.9853806250359111, 0.9967112834704538, 0.9704490805333461, 0.9928118971259097, 0.996933105684657, 0.9755932053479944, 0.9716391467379093, 0.9968148530773059, 0.9862360760077972, 0.9926504689177221, 0.9898617685222995, 0.9943729401571171, 0.9957034547443936, 0.996704836566136, 0.9869273123588648, 0.9939206615003974, 0.8674182590134231, 0.9753358292939533, 0.9956509451862847, 0.997470052547419, 0.9949924105420052, 0.9941289828402636, 0.9979641143105886, 0.9662244460241791, 0.993027938165302, 1.0000000000000002, 0.9956248611752363, 0.993057073114234, 0.995583570906085, 0.9944972155475941, 0.9922102808660046, 0.9841804303122106, 0.98442782092553, 0.9972092615222332, 0.99663554763507, 0.9310190092348838, 0.9903974406475731, 0.9670501000552064, 0.9961082915107836, 0.9946044775976713, 0.9959728289171763, 0.9853215368787854], [0.9937635774988127, 0.9942394706617492, 0.9836502817998459, 0.9960139709106767, 0.9651232224996741, 0.9929202972962191, 0.9971253073141089, 0.9763677072820456, 0.9657395818796769, 0.9957427483182032, 0.9864779424061837, 0.9918726637036918, 0.9917799565985658, 0.9924520351531347, 0.9930719591051163, 0.9957253147889786, 0.9860346959644094, 0.9923691933580229, 0.8539597958153601, 0.9766076315661327, 0.9932885060526999, 0.9970884605911625, 0.9938268757450206, 0.9959181241446605, 0.9984092083022738, 0.9667592915706519, 0.9918095404858526, 0.9956248611752363, 0.9999999999999997, 0.9941123267850344, 0.9939483393634463, 0.9933936147827924, 0.9941721905430095, 0.989510927418671, 0.9829194799336446, 0.9981518356969034, 0.9930760818550142, 0.9301799216819902, 0.9917222673591204, 0.9646517099161824, 0.994531355338765, 0.9907505743165922, 0.9938364622029573, 0.9837436200694051], [0.9953625870344456, 0.9940329321036784, 0.9766482308841596, 0.9949867026063953, 0.9517054851854155, 0.9914814870157622, 0.9953348329879174, 0.9716753525655372, 0.9552226371120752, 0.9948785403380699, 0.9817904765747558, 0.9909108678819889, 0.9897042201783782, 0.9910456134499014, 0.9926113168948161, 0.994165409332516, 0.9810215428310419, 0.9909865068721103, 0.8434149287367473, 0.9684088623589282, 0.993967125811902, 0.9942049755998563, 0.994570600002734, 0.9939777613157039, 0.9940925709911286, 0.9581007592144215, 0.9898173749090496, 0.993057073114234, 0.9941123267850344, 1.0000000000000002, 0.9966000787318312, 0.991699651906916, 0.9939015954060164, 0.9807116769150797, 0.9846403182654975, 0.9953818529880727, 0.9941213776392526, 0.9046918274118083, 0.9842932908544922, 0.9568961758671081, 0.9945006933407565, 0.9913741305376581, 0.994682404264099, 0.9819835331897109], [0.9993483155621855, 0.9992545054626532, 0.9894374807742226, 0.9990718160986198, 0.970891563194325, 0.9966321977266149, 0.9985259718536127, 0.9837843445848334, 0.9736008759759244, 0.9992114646317093, 0.9920151919687361, 0.9977794268367387, 0.994154270905288, 0.9979488877255019, 0.9975348855206042, 0.9985412948989865, 0.9919437995212502, 0.9977632244893074, 0.8757614876400525, 0.9808616947391434, 0.9990484012366536, 0.9969914226659914, 0.9992014368721657, 0.9951444945614929, 0.9960115736712736, 0.974642796803324, 0.9972103700075798, 0.995583570906085, 0.9939483393634463, 0.9966000787318312, 1.0, 0.9975328747720797, 0.9958859967443137, 0.9847535863401546, 0.9929672399575263, 0.9962569143677414, 0.9983062700470425, 0.9282018930876733, 0.9917483325162351, 0.9751380136097786, 0.9993967788846218, 0.9973128312951683, 0.9987374181804226, 0.9915632999441961], [0.9983020654337282, 0.9989303561419638, 0.9939816860598052, 0.998778533064, 0.9819526950935639, 0.9972058177811487, 0.9984360013338468, 0.9903952292523784, 0.9837007376362447, 0.9987618406712868, 0.9953671185017313, 0.9988673094041323, 0.9965218312065793, 0.9986912354991844, 0.9977237000334643, 0.998585823897376, 0.9957959115404834, 0.999635281213138, 0.8942483210155595, 0.985853830949779, 0.9986647553508003, 0.9971122267599831, 0.9987189764320304, 0.9922984022917172, 0.9959752626054277, 0.9829416416854277, 0.9992662306293612, 0.9944972155475941, 0.9933936147827924, 0.991699651906916, 0.9975328747720797, 0.9999999999999996, 0.9965912843226975, 0.986656319837468, 0.9952646618241261, 0.9951161240317018, 0.9978715112160068, 0.9466452276503966, 0.9938613185661846, 0.9837156978055447, 0.9988685518512432, 0.9973940227593212, 0.9983450036371931, 0.995107730276105], [0.9963053784137863, 0.9960199160836637, 0.9888174315876691, 0.9967609099911982, 0.9721699175401137, 0.9982507061140482, 0.9970419372255774, 0.9869522408389168, 0.9737277447781627, 0.9965821802012966, 0.9889015943355894, 0.9950975150104148, 0.9978207759018776, 0.9946413650614657, 0.9942380825492433, 0.9963029980594811, 0.9891837537757073, 0.9958882196014467, 0.8718053493909576, 0.9824679246875441, 0.9954898544795194, 0.9960970838747197, 0.9961551212801362, 0.9920589949026878, 0.9954229909667893, 0.975649505772098, 0.9950531587281812, 0.9922102808660046, 0.9941721905430095, 0.9939015954060164, 0.9958859967443137, 0.9965912843226975, 0.9999999999999994, 0.9843427445624167, 0.9931903709765765, 0.9954716814498416, 0.9951318260270299, 0.9321224101666015, 0.9872156165822384, 0.975345568865593, 0.9962280957624381, 0.9933710493922491, 0.9959580003410409, 0.9932247651993087], [0.9871423317624888, 0.9866079727934847, 0.9842966382950009, 0.988940704739127, 0.9699055177040365, 0.9879088965148974, 0.9897419309066922, 0.9836745838135419, 0.9664463762518597, 0.9883093780541261, 0.9907069940577478, 0.989410214490046, 0.9832659027025434, 0.9879027812019188, 0.9811850948881047, 0.990734309873443, 0.9893737831279426, 0.9878499253533825, 0.8490561929787139, 0.9863242399096419, 0.9831062472234315, 0.9919567548563434, 0.9858588099379718, 0.9945617520233463, 0.991349028414693, 0.9803147868021421, 0.9888373052888079, 0.9841804303122106, 0.989510927418671, 0.9807116769150797, 0.9847535863401546, 0.986656319837468, 0.9843427445624167, 0.9999999999999998, 0.974492317291099, 0.9916081185321084, 0.9827783572665185, 0.9404110298219113, 0.9941336748896905, 0.9732238971167242, 0.9871858630254956, 0.9785751093207753, 0.9837402704942861, 0.9838817147059805], [0.9936168447064806, 0.9947007708602452, 0.9935408973370378, 0.9934166639950952, 0.9805226511681795, 0.9934572661684674, 0.9923034914277069, 0.9905050448733492, 0.9844968733628455, 0.9935061283088045, 0.9919008958734705, 0.9949320418360108, 0.9948261549682547, 0.9953113562005228, 0.994038449593684, 0.992139212253388, 0.9925207474922492, 0.9952077835482429, 0.9124683094854315, 0.9809981262928928, 0.9953176458792855, 0.9888122770518537, 0.9954267233471887, 0.9823633634083696, 0.9857470948297371, 0.9835696745274598, 0.9953593830882894, 0.98442782092553, 0.9829194799336446, 0.9846403182654975, 0.9929672399575263, 0.9952646618241261, 0.9931903709765765, 0.974492317291099, 0.9999999999999997, 0.9850196442195285, 0.9935912931754395, 0.9455661120011654, 0.9850075014388158, 0.9870533348233785, 0.9944734270859708, 0.9950278965003413, 0.9945146114233545, 0.9929224495630533], [0.9968473883130441, 0.9960823471282283, 0.9858481986398214, 0.9975409074363113, 0.9679650092119955, 0.9957580465330358, 0.9981704144300628, 0.981118528016204, 0.9673492405656489, 0.9973455498574824, 0.9891756328691675, 0.994603779794415, 0.9928249604911974, 0.9948247976703596, 0.993532841672289, 0.9980928740940243, 0.9892158551669098, 0.9948733558931467, 0.8531562443873527, 0.9816272322553278, 0.9947287010872706, 0.9991473583700065, 0.9954340719217032, 0.9983071748317541, 0.9994492802044166, 0.9708661372263268, 0.9942313417036494, 0.9972092615222332, 0.9981518356969034, 0.9953818529880727, 0.9962569143677414, 0.9951161240317018, 0.9954716814498416, 0.9916081185321084, 0.9850196442195285, 0.9999999999999996, 0.9954091929652282, 0.9273102775148767, 0.9927029578926824, 0.9690686977805382, 0.9964229057953563, 0.9918059428993383, 0.995305530158477, 0.9884725689923356], [0.9989048306857142, 0.9989052051234144, 0.9902100006101828, 0.998602814791215, 0.9750237026911115, 0.9953067208234788, 0.9981442210724676, 0.9841972952739227, 0.9774864804979763, 0.9987215322901244, 0.991458861492465, 0.9968335213865419, 0.9945087112832245, 0.9981280702401455, 0.9986144774702898, 0.998083436021804, 0.9921420714883298, 0.9976039866922601, 0.8872573939242145, 0.978543565930068, 0.998970409646221, 0.997297558893029, 0.998757860441733, 0.9925585548212074, 0.99582791883211, 0.9749426701289068, 0.9969939727332052, 0.99663554763507, 0.9930760818550142, 0.9941213776392526, 0.9983062700470425, 0.9978715112160068, 0.9951318260270299, 0.9827783572665185, 0.9935912931754395, 0.9954091929652282, 0.9999999999999994, 0.9354958198972615, 0.991262541234157, 0.9768194815745123, 0.9988305744191588, 0.9984215380824621, 0.9991005758371831, 0.9905245219084631], [0.9326971571798625, 0.9408392943579716, 0.9668592254927103, 0.9393764287387006, 0.9835242746560292, 0.9374394873098023, 0.9388879165223771, 0.9571954829314164, 0.982529308953003, 0.9391216987947436, 0.9578361749883317, 0.944194918914238, 0.9433909086055707, 0.9465510865947699, 0.9430653798747759, 0.9400108551121105, 0.9590140239986433, 0.946344940926938, 0.9545136044345424, 0.9487374116360227, 0.9392958884768562, 0.9363382706808769, 0.9393059937427171, 0.9227784774417386, 0.9354563967407197, 0.9713538155400774, 0.9489576911801831, 0.9310190092348838, 0.9301799216819902, 0.9046918274118083, 0.9282018930876733, 0.9466452276503966, 0.9321224101666015, 0.9404110298219113, 0.9455661120011654, 0.9273102775148767, 0.9354958198972615, 1.0000000000000002, 0.9540364998818172, 0.9710580092247193, 0.9394498179811267, 0.9426831644491062, 0.9385244032530675, 0.9451902630495347], [0.9931691836103942, 0.9941765582255193, 0.9928730462679556, 0.9946489822506646, 0.9811933717080025, 0.990871294147767, 0.9945337674477762, 0.9868319977265104, 0.9801373300674548, 0.9945123722031042, 0.9969564723743642, 0.995321159272736, 0.9892784169490301, 0.9953413673529744, 0.9916555208754424, 0.9956145937289241, 0.9961804012284381, 0.9946613089612011, 0.8859732013439926, 0.9873687806285261, 0.9924876993531182, 0.9941337841904282, 0.9936006431964627, 0.9933744533310872, 0.9939480192157497, 0.9852082385987688, 0.9953509825381461, 0.9903974406475731, 0.9917222673591204, 0.9842932908544922, 0.9917483325162351, 0.9938613185661846, 0.9872156165822384, 0.9941336748896905, 0.9850075014388158, 0.9927029578926824, 0.991262541234157, 0.9540364998818172, 1.0000000000000004, 0.9824102317467469, 0.9942571997807318, 0.9904781448776737, 0.992023975400152, 0.9881305097835242], [0.9785407570520909, 0.9806223265273546, 0.9943247332380195, 0.9788367751845043, 0.9942879096336017, 0.9812571776544503, 0.977022522725268, 0.9948867455527753, 0.9926227475843641, 0.9789730298410676, 0.9914736780992656, 0.9860329044703766, 0.9814485949122899, 0.9854605660794058, 0.9773188139317212, 0.9795956852093138, 0.9936030695171862, 0.985365179619937, 0.9327066443690775, 0.9892096666902734, 0.9793512357585745, 0.9750484754252476, 0.9799734979704369, 0.9683602975682308, 0.9715120743659208, 0.9971346257295425, 0.9873354527864939, 0.9670501000552064, 0.9646517099161824, 0.9568961758671081, 0.9751380136097786, 0.9837156978055447, 0.975345568865593, 0.9732238971167242, 0.9870533348233785, 0.9690686977805382, 0.9768194815745123, 0.9710580092247193, 0.9824102317467469, 0.9999999999999998, 0.9801360488906365, 0.9789770629831201, 0.9777847457488262, 0.9896620082428185], [0.9994097350629801, 0.9999701456316623, 0.9930725504476703, 0.9998139101133214, 0.9772744875454552, 0.9973929598090653, 0.9993222823910046, 0.9871073308682204, 0.9797304080098651, 0.9998830825631579, 0.9946870207633305, 0.9988800096105647, 0.9953837038750138, 0.9992653875031503, 0.9985336263358436, 0.9993391841990129, 0.9947387643219646, 0.9990479260163326, 0.8861402673606128, 0.9835292375675375, 0.9995655364623491, 0.9979452402621206, 0.9997730377505876, 0.9950312490121946, 0.9967724898301877, 0.9797030808920414, 0.9987825799159676, 0.9961082915107836, 0.994531355338765, 0.9945006933407565, 0.9993967788846218, 0.9988685518512432, 0.9962280957624381, 0.9871858630254956, 0.9944734270859708, 0.9964229057953563, 0.9988305744191588, 0.9394498179811267, 0.9942571997807318, 0.9801360488906365, 1.0000000000000004, 0.9981800106275451, 0.9993316741793277, 0.9931686740694432], [0.9968788516811531, 0.9985083721620795, 0.9915286796783336, 0.9975351711310021, 0.9779876771258489, 0.9932282740660705, 0.9968861962972986, 0.9825921806496336, 0.9819594983853858, 0.9978302853278268, 0.9913095505700329, 0.9961182468256531, 0.9936657292391928, 0.9977213427905595, 0.9995484452865384, 0.9963077073918315, 0.9919497344513607, 0.9969343454621833, 0.9026507948012569, 0.9766977105727391, 0.9991804238430771, 0.9942290363416129, 0.9985037671718731, 0.9886477544577185, 0.9931973976500034, 0.9756505887949906, 0.9966674990509276, 0.9946044775976713, 0.9907505743165922, 0.9913741305376581, 0.9973128312951683, 0.9973940227593212, 0.9933710493922491, 0.9785751093207753, 0.9950278965003413, 0.9918059428993383, 0.9984215380824621, 0.9426831644491062, 0.9904781448776737, 0.9789770629831201, 0.9981800106275451, 0.9999999999999999, 0.9990350114535522, 0.9891642133139249], [0.9985316321073815, 0.999426267875035, 0.9913205189340515, 0.9992101514831128, 0.9753302477172546, 0.9956537416510705, 0.9988528475778887, 0.9842331948153981, 0.9787872979078266, 0.9992648214864424, 0.9924572987696337, 0.9973652151323535, 0.9947234706578965, 0.9983726989913636, 0.9993849095173801, 0.9982014256992291, 0.9927199971200154, 0.9979394423821428, 0.8901184936513907, 0.9784865745972786, 0.9993861126588324, 0.9971224906999903, 0.9995134792819883, 0.9928852251545547, 0.995924961991272, 0.9760174087279928, 0.9975227919356118, 0.9959728289171763, 0.9938364622029573, 0.994682404264099, 0.9987374181804226, 0.9983450036371931, 0.9959580003410409, 0.9837402704942861, 0.9945146114233545, 0.995305530158477, 0.9991005758371831, 0.9385244032530675, 0.992023975400152, 0.9777847457488262, 0.9993316741793277, 0.9990350114535522, 1.0, 0.990505425281962], [0.9933118327575883, 0.9930966337253038, 0.9940975622729791, 0.9925799499039266, 0.9853456238061897, 0.996897646866362, 0.9914963768608007, 0.9960714524325004, 0.9847362947122692, 0.9926733936843464, 0.9936343978735835, 0.9961827765423923, 0.9935889432893015, 0.9939697074511123, 0.9885473099169485, 0.9932918687275845, 0.9949700197884473, 0.9962715696759378, 0.8906094012182114, 0.9941254851652211, 0.9918323675021512, 0.9909027230127798, 0.9922012372485303, 0.9866936675710057, 0.988837335430936, 0.9896024410198355, 0.9962590108992458, 0.9853215368787854, 0.9837436200694051, 0.9819835331897109, 0.9915632999441961, 0.995107730276105, 0.9932247651993087, 0.9838817147059805, 0.9929224495630533, 0.9884725689923356, 0.9905245219084631, 0.9451902630495347, 0.9881305097835242, 0.9896620082428185, 0.9931686740694432, 0.9891642133139249, 0.990505425281962, 1.0000000000000002]]