[[0.9999999999999993, 0.8414361096995521, 0.8650242224980087, 0.8415053204599239, 0.8719320861725071, 0.8671099695241201, 0.8817986564536239, 0.8583525582107328, 0.8678358523199541, 0.8685431903262153, 0.8464941676375639, 0.8660724071798506, 0.8807904987363063, 0.8189755104264921, 0.8614582007372911, 0.8490210158991688, 0.8348726684264843, 0.8781153284577196, 0.8638406157711632, 0.8837285298827614, 0.8591277805120738, 0.8658236920932028, 0.8678733622345514, 0.8727667765382034, 0.8960852472617069, 0.8489811288069529, 0.8677134512456905, 0.8789309462710738, 0.9004074152989822, 0.8730917992045328, 0.8615320265005963, 0.8703634432342661, 0.9168561704737357, 0.9173984513519728, 0.8753107370446922, 0.8652258233316372, 0.8813780382309467, 0.9035193107612997, 0.8965006208249912, 0.8588361545587827, 0.8334330403894966, 0.8699113649979981, 0.8790630237155822, 0.8658114382706644], [0.8414361096995521, 1.0000000000000002, 0.8725715740732496, 0.8239930040807301, 0.8572355032861283, 0.8711634614890588, 0.8615282080459645, 0.8692811393770505, 0.8505013402347747, 0.8561254961627852, 0.8391612635243187, 0.8632483193538942, 0.876339769784399, 0.8353206614971156, 0.8475564660844394, 0.8602104590976714, 0.8489269644573192, 0.8601134359122474, 0.8688569688174366, 0.8592650903209189, 0.858294899987095, 0.8609685457640442, 0.8842185570371234, 0.8695539613979717, 0.8780000186035652, 0.8599317647392379, 0.8047812228764655, 0.8522348261814592, 0.8883119691647822, 0.8618601791035475, 0.8441046929985865, 0.8801379566481132, 0.8960598171104797, 0.9030563400615024, 0.8351818231335651, 0.8837191475043975, 0.8872550430648293, 0.8875485263771764, 0.8601070823634837, 0.8499131937993328, 0.846267318470834, 0.8427168701391724, 0.8718584850168161, 0.8673733040612513], [0.8650242224980087, 0.8725715740732496, 0.9999999999999991, 0.840560470713996, 0.8751190971291365, 0.8854653222038705, 0.8745521021130437, 0.881242157948527, 0.8500562584189754, 0.8520226200010278, 0.8215587646565207, 0.8627073981038157, 0.8863170721030839, 0.850432830399771, 0.8297407247293297, 0.845806158752286, 0.8053395180710494, 0.8729032435472345, 0.8666755083545457, 0.8777714728906889, 0.8424825673375976, 0.852926936546315, 0.8680402502262287, 0.8667151367835102, 0.8945619225797002, 0.8451151914293319, 0.8330253245855651, 0.8502733406296291, 0.9005286581611041, 0.8509804707743074, 0.8428440518802108, 0.8732557140527872, 0.911870364694713, 0.9213806991189745, 0.8369554170694263, 0.8674893238007121, 0.8817487494671625, 0.8982751214189696, 0.8899186924607245, 0.8429872484588855, 0.8253643249426446, 0.8234482758620688, 0.8693987889202678, 0.8761370851094313], [0.8415053204599239, 0.8239930040807301, 0.840560470713996, 0.9999999999999988, 0.8524071220899383, 0.8597353976096114, 0.8613346420619341, 0.8336694079150582, 0.8588192607274245, 0.8450365077375965, 0.8377707562372451, 0.8342612591772715, 0.8758912107764888, 0.8231131366666646, 0.8357000955170848, 0.8456297689599208, 0.8614777698353362, 0.8226345902978435, 0.8481518221695926, 0.900635834183622, 0.8252589414393863, 0.8308945932225508, 0.8293975763076428, 0.8715980794008762, 0.8887654872055764, 0.8542612387775053, 0.8324069719210503, 0.8772305277699667, 0.895883331325108, 0.8773637403909418, 0.8399594506899132, 0.8668301039942172, 0.8957871890466981, 0.906114278250116, 0.8594727845235604, 0.8543545111396169, 0.8626690498661786, 0.8797539755578095, 0.8843510314453688, 0.8168055136826735, 0.8543346736220605, 0.8451204732675983, 0.8610379470577287, 0.8372726604724745], [0.8719320861725071, 0.8572355032861283, 0.8751190971291365, 0.8524071220899383, 0.9999999999999998, 0.865909351927028, 0.9105028376294094, 0.8827439822799673, 0.8587542746961241, 0.8591790884842659, 0.8563468241392866, 0.8621598486796566, 0.9085358046856528, 0.8243323776084427, 0.8356466802069813, 0.8629139010115203, 0.8801310031842202, 0.8626226810908473, 0.8934780058343671, 0.8872962031756353, 0.87755801658281, 0.8796619336858563, 0.8875157162632432, 0.8926665874997857, 0.9186859337035482, 0.8703619551753126, 0.859367208250457, 0.887266813726162, 0.900075363867162, 0.9021508138027877, 0.863137508973377, 0.8556947355432823, 0.9207217450760874, 0.9408103170859623, 0.8549819600709619, 0.8570040504771701, 0.8845664946215064, 0.9286499334892824, 0.8968824977237589, 0.8711891134800215, 0.8676920422908949, 0.858607416051228, 0.8984005615947539, 0.8660336610429734], [0.8671099695241201, 0.8711634614890588, 0.8854653222038705, 0.8597353976096114, 0.865909351927028, 0.9999999999999988, 0.8946614011812066, 0.8855141188104823, 0.850697475150962, 0.8801448227990278, 0.8619611625387005, 0.9017924217825494, 0.8760174095514844, 0.8452943899470877, 0.859817909133413, 0.8542924689218079, 0.8247549756607033, 0.852793262381352, 0.8753592805066042, 0.8776426279784666, 0.8807683491622593, 0.8804775684773859, 0.8885272401198105, 0.8715231095581865, 0.9134338954662529, 0.8556123782026995, 0.8513122256751351, 0.873140973518461, 0.919997000984575, 0.89200205363115, 0.830456360793173, 0.8702099806829825, 0.9225892854760163, 0.9192872288118763, 0.8843005349556071, 0.8758990156107096, 0.9096136756143263, 0.9011650392064151, 0.8918601910719597, 0.8587665944806264, 0.8516055814614881, 0.8602510667977304, 0.8957981037826049, 0.8744072853576306], [0.8817986564536239, 0.8615282080459645, 0.8745521021130437, 0.8613346420619341, 0.9105028376294094, 0.8946614011812066, 0.9999999999999992, 0.9170272534919078, 0.8751358361966257, 0.86520393999668, 0.8730922965067096, 0.890410598587062, 0.9003341167734307, 0.8266858008226315, 0.8655310477917233, 0.8615128230782388, 0.88611634649404, 0.8804253472940097, 0.9038726346949804, 0.8903205343624818, 0.8940092007246859, 0.8946373069623366, 0.8901118222645523, 0.8842610812452295, 0.9302560153960853, 0.9043624514678111, 0.8898509591768953, 0.913046994311281, 0.9357169553777729, 0.9066374063396522, 0.8489299616078179, 0.8929491852410638, 0.9430075068072024, 0.9345484738200108, 0.8851511615818632, 0.8831053572897193, 0.9253574504241128, 0.9342010499520991, 0.9244771797992267, 0.8951954310139171, 0.8858898448229154, 0.8700729620253969, 0.9248236253951911, 0.9080020034889351], [0.8583525582107328, 0.8692811393770505, 0.881242157948527, 0.8336694079150582, 0.8827439822799673, 0.8855141188104823, 0.9170272534919078, 1.0000000000000004, 0.8883758114224559, 0.8912201458155407, 0.8838053036814434, 0.8982286637072172, 0.8806233050499597, 0.8421201565168642, 0.8728001675249788, 0.8694733257839069, 0.8262685438952084, 0.8746628049336163, 0.8771908136739038, 0.8786899914005383, 0.8850854407017059, 0.8656118316015529, 0.9119117327451558, 0.9233054894785251, 0.9190201562810123, 0.9146076341633158, 0.8643159047842559, 0.8629241140743826, 0.9254830978192871, 0.861273155928606, 0.8481758274534021, 0.8964465811807908, 0.9348745715634652, 0.9180125252920853, 0.8718692404523767, 0.873675929083637, 0.9232191627971664, 0.9152697705476404, 0.9065999420854701, 0.899284393117843, 0.8612796226539504, 0.8662275471315791, 0.8930215064755636, 0.8826561440561926], [0.8678358523199541, 0.8505013402347747, 0.8500562584189754, 0.8588192607274245, 0.8587542746961241, 0.850697475150962, 0.8751358361966257, 0.8883758114224559, 1.0, 0.874072956079421, 0.842456554183077, 0.862411543314149, 0.8604900688886874, 0.8460905598004076, 0.8737952709563197, 0.8532920082561714, 0.8179753077334984, 0.8567082332929538, 0.8354888715433221, 0.8690462226911643, 0.8506406214620126, 0.829378486283607, 0.8674298522466419, 0.9147393094705037, 0.9116831006301707, 0.8769354748678269, 0.8695507120278243, 0.8680144486114797, 0.8922249483660242, 0.8544945798727361, 0.8613796032801375, 0.8798850112197482, 0.9170944513495698, 0.9081693704829683, 0.8753842911102245, 0.8383627013261582, 0.8890453131908318, 0.9028928999183982, 0.8695466016000851, 0.8612203251058393, 0.8366343446598583, 0.8513660523456615, 0.8640733558935506, 0.8605796217158349], [0.8685431903262153, 0.8561254961627852, 0.8520226200010278, 0.8450365077375965, 0.8591790884842659, 0.8801448227990278, 0.86520393999668, 0.8912201458155407, 0.874072956079421, 0.9999999999999992, 0.8565054673115037, 0.872266054161644, 0.8763185784550889, 0.8385277533406233, 0.8804010915695044, 0.8232851878036374, 0.8035778177608842, 0.8462159521040935, 0.8326743934990011, 0.8766224726060259, 0.8373409472164535, 0.8637163217714575, 0.8504246653515598, 0.8925338731719007, 0.8939156091865034, 0.871676622235591, 0.8460999891499782, 0.8626445976250092, 0.8987386964410203, 0.8677798640150147, 0.8611606516232743, 0.8735016167355941, 0.905583316681956, 0.9129580230060432, 0.8636608526569259, 0.8594410859256659, 0.8667689875589204, 0.8836855673003371, 0.890961175797726, 0.8668653084572127, 0.8301672395932911, 0.8520226200010277, 0.874734826278214, 0.8248374133742593], [0.8464941676375639, 0.8391612635243187, 0.8215587646565207, 0.8377707562372451, 0.8563468241392866, 0.8619611625387005, 0.8730922965067096, 0.8838053036814434, 0.842456554183077, 0.8565054673115037, 0.9999999999999999, 0.883809818994037, 0.8891639060129841, 0.8345769920279982, 0.8580183237422396, 0.8348082595870212, 0.8526137496647918, 0.8366041286601622, 0.8468946859307734, 0.8837994891537397, 0.8671611014372774, 0.853770891514719, 0.8531863116250784, 0.8760270916072018, 0.8839600361150078, 0.8851367968213857, 0.8627102235966696, 0.8957469527003992, 0.8847189611779173, 0.8602624384025719, 0.8403011917486266, 0.887851146410274, 0.8997238042736271, 0.9033332441273265, 0.8449049099068258, 0.8687997463787335, 0.883629390832187, 0.8798600304984424, 0.8866361168235147, 0.8379811390362742, 0.8635677329500341, 0.857216697150293, 0.871565668284217, 0.8536179875791843], [0.8660724071798506, 0.8632483193538942, 0.8627073981038157, 0.8342612591772715, 0.8621598486796566, 0.9017924217825494, 0.890410598587062, 0.8982286637072172, 0.862411543314149, 0.872266054161644, 0.883809818994037, 0.9999999999999992, 0.8712293328088405, 0.858582362088487, 0.895376138490886, 0.874128021289877, 0.8467396342921882, 0.858075945312432, 0.8547763796098266, 0.8735832273630507, 0.9014336653549577, 0.8651378820284827, 0.8869896182869522, 0.8712831186603797, 0.9080791540394947, 0.8919987437080457, 0.852737742732025, 0.8848490653717116, 0.9076766831652762, 0.8841473125243797, 0.8551867486934408, 0.8830039656287422, 0.9119824901042833, 0.9262702919215854, 0.8759148545190839, 0.8759875073448181, 0.9134334689120871, 0.9071017986026851, 0.9020897190899086, 0.8769271902597505, 0.862449495174856, 0.882770360850416, 0.890503908598966, 0.8721662429476997], [0.8807904987363063, 0.876339769784399, 0.8863170721030839, 0.8758912107764888, 0.9085358046856528, 0.8760174095514844, 0.9003341167734307, 0.8806233050499597, 0.8604900688886874, 0.8763185784550889, 0.8891639060129841, 0.8712293328088405, 0.9999999999999999, 0.8440233515000276, 0.878708898849515, 0.868644738951146, 0.877062163319899, 0.8646172302691699, 0.8898271443908108, 0.9169252914536867, 0.8884297738557249, 0.8861887961110951, 0.8919805929529323, 0.8939686988142004, 0.9115090735283986, 0.8874187350131163, 0.8840327113881402, 0.9090587592421773, 0.9240139283326186, 0.8954066343439487, 0.8689663853054109, 0.9078431131172514, 0.9248373984748594, 0.9545156390211866, 0.8756369613633989, 0.9035027698489672, 0.8880604143819821, 0.9248050157631157, 0.9163819639243672, 0.8771130155648157, 0.8765734045273819, 0.8598598460701559, 0.9104525726993238, 0.8796688447272845], [0.8189755104264921, 0.8353206614971156, 0.850432830399771, 0.8231131366666646, 0.8243323776084427, 0.8452943899470877, 0.8266858008226315, 0.8421201565168642, 0.8460905598004076, 0.8385277533406233, 0.8345769920279982, 0.858582362088487, 0.8440233515000276, 1.0000000000000007, 0.8221216068374867, 0.8143272903150137, 0.8106998620216077, 0.8244758192640551, 0.8105067251043013, 0.8600177086121762, 0.8200696640703894, 0.8026648616271739, 0.8354441352198757, 0.8640470048493964, 0.858155655910179, 0.8191192606540121, 0.8231633194910444, 0.8428368620796003, 0.8580120122522579, 0.8230816859005408, 0.8138324183262724, 0.8517558603402975, 0.894596890151706, 0.8764046476274406, 0.8204974679720942, 0.8381470731596474, 0.8418267951954517, 0.857649293143996, 0.8263017685876787, 0.8310412396936885, 0.8214637990376279, 0.8392429247366159, 0.8277819229848963, 0.8287830595831384], [0.8614582007372911, 0.8475564660844394, 0.8297407247293297, 0.8357000955170848, 0.8356466802069813, 0.859817909133413, 0.8655310477917233, 0.8728001675249788, 0.8737952709563197, 0.8804010915695044, 0.8580183237422396, 0.895376138490886, 0.878708898849515, 0.8221216068374867, 0.9999999999999992, 0.8645806053769797, 0.8279134038077683, 0.8356677353408439, 0.8512108416552747, 0.8894317330666186, 0.8658510842188372, 0.8692091234522248, 0.8557990457467048, 0.8816098038793538, 0.8918284622086367, 0.8666757238990154, 0.8572988653868857, 0.8715728376651124, 0.8969681457327362, 0.8650266051897544, 0.8491754861775709, 0.8817525104319788, 0.8906969275660022, 0.913561639362926, 0.855883296391255, 0.8563782716055006, 0.8690786396271943, 0.8917137273629954, 0.8753431247244813, 0.8555434426839741, 0.8564923848358011, 0.8725762879562738, 0.87780896699425, 0.8329644864977287], [0.8490210158991688, 0.8602104590976714, 0.845806158752286, 0.8456297689599208, 0.8629139010115203, 0.8542924689218079, 0.8615128230782388, 0.8694733257839069, 0.8532920082561714, 0.8232851878036374, 0.8348082595870212, 0.874128021289877, 0.868644738951146, 0.8143272903150137, 0.8645806053769797, 0.9999999999999998, 0.8510885014542998, 0.8434840968234865, 0.8860082959235601, 0.8485385056739894, 0.8389279492974591, 0.8749387648580592, 0.8696914039630638, 0.8924605002520705, 0.8706340054198065, 0.8577100228353705, 0.8342122882826657, 0.8710025617418241, 0.8969557379576951, 0.8565650353721886, 0.8442095693846668, 0.8685500345317902, 0.891761646713683, 0.9057453489180538, 0.8641072942228901, 0.8458436555191329, 0.8791815918850454, 0.8864854825353281, 0.8773641051443145, 0.8676680714981069, 0.8362214214066163, 0.8500851106515388, 0.8918010237667692, 0.8762678844303736], [0.8348726684264843, 0.8489269644573192, 0.8053395180710494, 0.8614777698353362, 0.8801310031842202, 0.8247549756607033, 0.88611634649404, 0.8262685438952084, 0.8179753077334984, 0.8035778177608842, 0.8526137496647918, 0.8467396342921882, 0.877062163319899, 0.8106998620216077, 0.8279134038077683, 0.8510885014542998, 0.9999999999999992, 0.850918226407913, 0.8599617645032233, 0.8621978191910412, 0.8383543146840371, 0.8555374854349053, 0.8271520938983976, 0.8523188947718561, 0.8670352069636337, 0.8508758557347065, 0.8412412833745619, 0.8853665005610325, 0.8718795225855197, 0.8704953584893189, 0.8285535808861206, 0.8668183364602353, 0.8880755163563928, 0.8992318033182713, 0.8354349398125667, 0.847310876469637, 0.8708481762861627, 0.8715109410756708, 0.8737390163232956, 0.8414536018330755, 0.8498680105436422, 0.8200893260943284, 0.8684186724200315, 0.8754223856586623], [0.8781153284577196, 0.8601134359122474, 0.8729032435472345, 0.8226345902978435, 0.8626226810908473, 0.852793262381352, 0.8804253472940097, 0.8746628049336163, 0.8567082332929538, 0.8462159521040935, 0.8366041286601622, 0.858075945312432, 0.8646172302691699, 0.8244758192640551, 0.8356677353408439, 0.8434840968234865, 0.850918226407913, 0.9999999999999998, 0.8583085687176458, 0.8542298158278127, 0.8528940889200999, 0.8738494584130997, 0.8504429168841375, 0.8880254181232947, 0.8743959310110173, 0.866471809717852, 0.8374715612397969, 0.8541312487778103, 0.8790303722805731, 0.8428021422804072, 0.8592920558008856, 0.892606162769811, 0.9062264133129834, 0.9102502675900074, 0.854770848366451, 0.8665356705384272, 0.874152269352398, 0.8987233781847184, 0.8887956464396504, 0.859823806233056, 0.8418967154430693, 0.8316532427088745, 0.8724352434678097, 0.8663556327397325], [0.8638406157711632, 0.8688569688174366, 0.8666755083545457, 0.8481518221695926, 0.8934780058343671, 0.8753592805066042, 0.9038726346949804, 0.8771908136739038, 0.8354888715433221, 0.8326743934990011, 0.8468946859307734, 0.8547763796098266, 0.8898271443908108, 0.8105067251043013, 0.8512108416552747, 0.8860082959235601, 0.8599617645032233, 0.8583085687176458, 0.9999999999999991, 0.8655784229010969, 0.855675131574974, 0.8460948892382597, 0.8841812551833323, 0.8701385155610728, 0.8847638494626805, 0.8509489612130428, 0.8647668602263116, 0.880635644034647, 0.9015662692404756, 0.899516236778966, 0.8366816012663397, 0.8663244142360506, 0.8904965896209767, 0.9108298068667927, 0.866637423707094, 0.8938175172687717, 0.8769422956805873, 0.8953088654308863, 0.895341148784175, 0.8463915174569303, 0.8728922935607484, 0.8321400516648958, 0.9082576483493809, 0.8748645005303116], [0.8837285298827614, 0.8592650903209189, 0.8777714728906889, 0.900635834183622, 0.8872962031756353, 0.8776426279784666, 0.8903205343624818, 0.8786899914005383, 0.8690462226911643, 0.8766224726060259, 0.8837994891537397, 0.8735832273630507, 0.9169252914536867, 0.8600177086121762, 0.8894317330666186, 0.8485385056739894, 0.8621978191910412, 0.8542298158278127, 0.8655784229010969, 1.0000000000000013, 0.8812952323425493, 0.8719998957541668, 0.8949179580628107, 0.9007799171515348, 0.9249233425421259, 0.89220046311878, 0.8750991116338329, 0.9070630186147273, 0.9248164259332867, 0.8905894584692752, 0.8690680691083209, 0.8952179985715996, 0.9307017543859659, 0.9338181475775021, 0.8821767215197917, 0.8756448079019968, 0.9078347794163393, 0.9033586268411833, 0.9090072712329875, 0.8637402484586735, 0.8924083521913665, 0.8821713298976598, 0.8750137559534129, 0.8580867841085682], [0.8591277805120738, 0.858294899987095, 0.8424825673375976, 0.8252589414393863, 0.87755801658281, 0.8807683491622593, 0.8940092007246859, 0.8850854407017059, 0.8506406214620126, 0.8373409472164535, 0.8671611014372774, 0.9014336653549577, 0.8884297738557249, 0.8200696640703894, 0.8658510842188372, 0.8389279492974591, 0.8383543146840371, 0.8528940889200999, 0.855675131574974, 0.8812952323425493, 0.9999999999999998, 0.8554160253859734, 0.8714437305450476, 0.8595930541884841, 0.8948321840888157, 0.867054411765397, 0.8631332758925336, 0.8856672222810947, 0.8889864199089454, 0.857175685900658, 0.8657102522465497, 0.8620812029062488, 0.9030684086710122, 0.9157584706648068, 0.8376675502667562, 0.8531005458866099, 0.9000525977441852, 0.9022686742341232, 0.8800325827439306, 0.8487142653092579, 0.8711300660524874, 0.8788861350620611, 0.8853639675904379, 0.8490668929251399], [0.8658236920932028, 0.8609685457640442, 0.852926936546315, 0.8308945932225508, 0.8796619336858563, 0.8804775684773859, 0.8946373069623366, 0.8656118316015529, 0.829378486283607, 0.8637163217714575, 0.853770891514719, 0.8651378820284827, 0.8861887961110951, 0.8026648616271739, 0.8692091234522248, 0.8749387648580592, 0.8555374854349053, 0.8738494584130997, 0.8460948892382597, 0.8719998957541668, 0.8554160253859734, 1.0, 0.8731083202263851, 0.8738518642239259, 0.876575190743431, 0.8528521561120418, 0.8660205537880371, 0.8799257856566683, 0.9117604730107502, 0.8667194452802882, 0.8289199139367728, 0.8887277351668376, 0.9032885035581378, 0.91737936537045, 0.849733142523058, 0.8764524421881856, 0.8901296883347245, 0.8906508807384969, 0.9009963170629937, 0.8488951725699746, 0.8210870666291339, 0.8665737675310562, 0.9006295701318896, 0.8702319838652591], [0.8678733622345514, 0.8842185570371234, 0.8680402502262287, 0.8293975763076428, 0.8875157162632432, 0.8885272401198105, 0.8901118222645523, 0.9119117327451558, 0.8674298522466419, 0.8504246653515598, 0.8531863116250784, 0.8869896182869522, 0.8919805929529323, 0.8354441352198757, 0.8557990457467048, 0.8696914039630638, 0.8271520938983976, 0.8504429168841375, 0.8841812551833323, 0.8949179580628107, 0.8714437305450476, 0.8731083202263851, 1.0000000000000004, 0.8846656160519469, 0.9157762415594677, 0.8831941463408316, 0.86862529684226, 0.9059630567245107, 0.9237850531607179, 0.8784360993176965, 0.8545442102757105, 0.8876876753945484, 0.9096047954489621, 0.9312427797057528, 0.8748822986362479, 0.8861912086591359, 0.9125028607794894, 0.9170771205110677, 0.8849360810693673, 0.8607264550124079, 0.8660174278276163, 0.8692680299295187, 0.8958176168279092, 0.8724962481394077], [0.8727667765382034, 0.8695539613979717, 0.8667151367835102, 0.8715980794008762, 0.8926665874997857, 0.8715231095581865, 0.8842610812452295, 0.9233054894785251, 0.9147393094705037, 0.8925338731719007, 0.8760270916072018, 0.8712831186603797, 0.8939686988142004, 0.8640470048493964, 0.8816098038793538, 0.8924605002520705, 0.8523188947718561, 0.8880254181232947, 0.8701385155610728, 0.9007799171515348, 0.8595930541884841, 0.8738518642239259, 0.8846656160519469, 1.0000000000000004, 0.8994258559923703, 0.9039333429799934, 0.8748446281359951, 0.8907176449049338, 0.9176753946613352, 0.8682831078867638, 0.859765445232272, 0.8838323361087266, 0.9339254985185821, 0.9209962799693809, 0.9098757258137746, 0.8762885617271898, 0.8818553618718007, 0.8983301792049229, 0.8930127738233077, 0.8882145028142193, 0.8474535235205359, 0.8667151367835103, 0.8906881807275152, 0.878413109336543], [0.8960852472617069, 0.8780000186035652, 0.8945619225797002, 0.8887654872055764, 0.9186859337035482, 0.9134338954662529, 0.9302560153960853, 0.9190201562810123, 0.9116831006301707, 0.8939156091865034, 0.8839600361150078, 0.9080791540394947, 0.9115090735283986, 0.858155655910179, 0.8918284622086367, 0.8706340054198065, 0.8670352069636337, 0.8743959310110173, 0.8847638494626805, 0.9249233425421259, 0.8948321840888157, 0.876575190743431, 0.9157762415594677, 0.8994258559923703, 1.0, 0.9010990607323934, 0.8904524848551387, 0.9215919491520937, 0.927781621894433, 0.9047517064824153, 0.8720196731515143, 0.9030728839509835, 0.9531848891198017, 0.9471085148650596, 0.9098133126111742, 0.8907967882109634, 0.9343263737287051, 0.9547874566804416, 0.9162680417291097, 0.888996300645171, 0.882102023326852, 0.8816750761559831, 0.9043427961865382, 0.9038395793324998], [0.8489811288069529, 0.8599317647392379, 0.8451151914293319, 0.8542612387775053, 0.8703619551753126, 0.8556123782026995, 0.9043624514678111, 0.9146076341633158, 0.8769354748678269, 0.871676622235591, 0.8851367968213857, 0.8919987437080457, 0.8874187350131163, 0.8191192606540121, 0.8666757238990154, 0.8577100228353705, 0.8508758557347065, 0.866471809717852, 0.8509489612130428, 0.89220046311878, 0.867054411765397, 0.8528521561120418, 0.8831941463408316, 0.9039333429799934, 0.9010990607323934, 1.0, 0.8529231730792293, 0.8812199666109106, 0.9143259450554514, 0.8469306000252365, 0.8379954533797129, 0.9112610050577497, 0.9133517672013372, 0.9246027979941915, 0.8741384192206096, 0.8642012440222997, 0.911045452258349, 0.919539538583696, 0.8983282543721711, 0.8668380702257578, 0.8576616949330589, 0.8740492350731327, 0.8796239379888627, 0.8662964861231086], [0.8677134512456905, 0.8047812228764655, 0.8330253245855651, 0.8324069719210503, 0.859367208250457, 0.8513122256751351, 0.8898509591768953, 0.8643159047842559, 0.8695507120278243, 0.8460999891499782, 0.8627102235966696, 0.852737742732025, 0.8840327113881402, 0.8231633194910444, 0.8572988653868857, 0.8342122882826657, 0.8412412833745619, 0.8374715612397969, 0.8647668602263116, 0.8750991116338329, 0.8631332758925336, 0.8660205537880371, 0.86862529684226, 0.8748446281359951, 0.8904524848551387, 0.8529231730792293, 1.0, 0.8939044169775773, 0.8930761078575246, 0.8670186981678616, 0.8226679244186165, 0.8826778533616743, 0.8980754581721642, 0.9035155182186401, 0.8721397827231008, 0.8436724971595879, 0.8776153261935674, 0.882135144974166, 0.8845536295421699, 0.8260300203143934, 0.8469160598246743, 0.8630893964503069, 0.8746261014514006, 0.8379662973278151], [0.8789309462710738, 0.8522348261814592, 0.8502733406296291, 0.8772305277699667, 0.887266813726162, 0.873140973518461, 0.913046994311281, 0.8629241140743826, 0.8680144486114797, 0.8626445976250092, 0.8957469527003992, 0.8848490653717116, 0.9090587592421773, 0.8428368620796003, 0.8715728376651124, 0.8710025617418241, 0.8853665005610325, 0.8541312487778103, 0.880635644034647, 0.9070630186147273, 0.8856672222810947, 0.8799257856566683, 0.9059630567245107, 0.8907176449049338, 0.9215919491520937, 0.8812199666109106, 0.8939044169775773, 1.0000000000000007, 0.9251857551401389, 0.8904781341919288, 0.8436630568994195, 0.903581045520639, 0.9159682656418001, 0.9334422917147527, 0.889754757717084, 0.8887554975252263, 0.9037235484982997, 0.9173844253087035, 0.8996190786035453, 0.8783767502940606, 0.8467322553509768, 0.8726069743422271, 0.8972035624438152, 0.8771446408666713], [0.9004074152989822, 0.8883119691647822, 0.9005286581611041, 0.895883331325108, 0.900075363867162, 0.919997000984575, 0.9357169553777729, 0.9254830978192871, 0.8922249483660242, 0.8987386964410203, 0.8847189611779173, 0.9076766831652762, 0.9240139283326186, 0.8580120122522579, 0.8969681457327362, 0.8969557379576951, 0.8718795225855197, 0.8790303722805731, 0.9015662692404756, 0.9248164259332867, 0.8889864199089454, 0.9117604730107502, 0.9237850531607179, 0.9176753946613352, 0.927781621894433, 0.9143259450554514, 0.8930761078575246, 0.9251857551401389, 0.9999999999999991, 0.9274266189953835, 0.8765826100888613, 0.9253361855892573, 0.948408681696891, 0.9635831442568087, 0.9114993630171604, 0.9053985392342141, 0.9434436997032458, 0.9432558982747841, 0.9259915035382973, 0.9001096630563156, 0.8740835942278535, 0.8969786108884582, 0.9413458037168951, 0.90551855865854], [0.8730917992045328, 0.8618601791035475, 0.8509804707743074, 0.8773637403909418, 0.9021508138027877, 0.89200205363115, 0.9066374063396522, 0.861273155928606, 0.8544945798727361, 0.8677798640150147, 0.8602624384025719, 0.8841473125243797, 0.8954066343439487, 0.8230816859005408, 0.8650266051897544, 0.8565650353721886, 0.8704953584893189, 0.8428021422804072, 0.899516236778966, 0.8905894584692752, 0.857175685900658, 0.8667194452802882, 0.8784360993176965, 0.8682831078867638, 0.9047517064824153, 0.8469306000252365, 0.8670186981678616, 0.8904781341919288, 0.9274266189953835, 1.0000000000000002, 0.8665498762157493, 0.8640140163287763, 0.9134007146093633, 0.943294400194177, 0.8733479899641581, 0.8632084454851843, 0.8796045631174962, 0.9267790331008683, 0.8968095031619112, 0.8592169718896132, 0.8755516434170026, 0.8700500611558049, 0.9348221522319778, 0.8469631205431053], [0.8615320265005963, 0.8441046929985865, 0.8428440518802108, 0.8399594506899132, 0.863137508973377, 0.830456360793173, 0.8489299616078179, 0.8481758274534021, 0.8613796032801375, 0.8611606516232743, 0.8403011917486266, 0.8551867486934408, 0.8689663853054109, 0.8138324183262724, 0.8491754861775709, 0.8442095693846668, 0.8285535808861206, 0.8592920558008856, 0.8366816012663397, 0.8690680691083209, 0.8657102522465497, 0.8289199139367728, 0.8545442102757105, 0.859765445232272, 0.8720196731515143, 0.8379954533797129, 0.8226679244186165, 0.8436630568994195, 0.8765826100888613, 0.8665498762157493, 0.9999999999999996, 0.8451206656639897, 0.8811245047491295, 0.9055033471278717, 0.8432208177869998, 0.8438335849713077, 0.8551494740780633, 0.8871962028249304, 0.8640351059892991, 0.8510318503623475, 0.8848290132533055, 0.8340250558216731, 0.8796440778039519, 0.8252682557817805], [0.8703634432342661, 0.8801379566481132, 0.8732557140527872, 0.8668301039942172, 0.8556947355432823, 0.8702099806829825, 0.8929491852410638, 0.8964465811807908, 0.8798850112197482, 0.8735016167355941, 0.887851146410274, 0.8830039656287422, 0.9078431131172514, 0.8517558603402975, 0.8817525104319788, 0.8685500345317902, 0.8668183364602353, 0.892606162769811, 0.8663244142360506, 0.8952179985715996, 0.8620812029062488, 0.8887277351668376, 0.8876876753945484, 0.8838323361087266, 0.9030728839509835, 0.9112610050577497, 0.8826778533616743, 0.903581045520639, 0.9253361855892573, 0.8640140163287763, 0.8451206656639897, 0.999999999999999, 0.9260509225129017, 0.9345546278451836, 0.8833449487278958, 0.8913172852075186, 0.9285016545856315, 0.9252308353457109, 0.9056788934142588, 0.8766201205128267, 0.8569758330769511, 0.8532574915935636, 0.8646627759256066, 0.8918465337729232], [0.9168561704737357, 0.8960598171104797, 0.911870364694713, 0.8957871890466981, 0.9207217450760874, 0.9225892854760163, 0.9430075068072024, 0.9348745715634652, 0.9170944513495698, 0.905583316681956, 0.8997238042736271, 0.9119824901042833, 0.9248373984748594, 0.894596890151706, 0.8906969275660022, 0.891761646713683, 0.8880755163563928, 0.9062264133129834, 0.8904965896209767, 0.9307017543859659, 0.9030684086710122, 0.9032885035581378, 0.9096047954489621, 0.9339254985185821, 0.9531848891198017, 0.9133517672013372, 0.8980754581721642, 0.9159682656418001, 0.948408681696891, 0.9134007146093633, 0.8811245047491295, 0.9260509225129017, 1.0000000000000013, 0.9617210802740407, 0.911794165407746, 0.8947101691937976, 0.9398491041312727, 0.9503659762016975, 0.9250958955025981, 0.9032849827254561, 0.885748588369043, 0.9096704361912278, 0.9117977737196072, 0.9235895920557875], [0.9173984513519728, 0.9030563400615024, 0.9213806991189745, 0.906114278250116, 0.9408103170859623, 0.9192872288118763, 0.9345484738200108, 0.9180125252920853, 0.9081693704829683, 0.9129580230060432, 0.9033332441273265, 0.9262702919215854, 0.9545156390211866, 0.8764046476274406, 0.913561639362926, 0.9057453489180538, 0.8992318033182713, 0.9102502675900074, 0.9108298068667927, 0.9338181475775021, 0.9157584706648068, 0.91737936537045, 0.9312427797057528, 0.9209962799693809, 0.9471085148650596, 0.9246027979941915, 0.9035155182186401, 0.9334422917147527, 0.9635831442568087, 0.943294400194177, 0.9055033471278717, 0.9345546278451836, 0.9617210802740407, 1.000000000000002, 0.9107077248809259, 0.9241243763424953, 0.9347040844568001, 0.9784285795126263, 0.9401378215217132, 0.9081097703500571, 0.9026853405091032, 0.9132165663419709, 0.9514249855956072, 0.9075241232619523], [0.8753107370446922, 0.8351818231335651, 0.8369554170694263, 0.8594727845235604, 0.8549819600709619, 0.8843005349556071, 0.8851511615818632, 0.8718692404523767, 0.8753842911102245, 0.8636608526569259, 0.8449049099068258, 0.8759148545190839, 0.8756369613633989, 0.8204974679720942, 0.855883296391255, 0.8641072942228901, 0.8354349398125667, 0.854770848366451, 0.866637423707094, 0.8821767215197917, 0.8376675502667562, 0.849733142523058, 0.8748822986362479, 0.9098757258137746, 0.9098133126111742, 0.8741384192206096, 0.8721397827231008, 0.889754757717084, 0.9114993630171604, 0.8733479899641581, 0.8432208177869998, 0.8833449487278958, 0.911794165407746, 0.9107077248809259, 0.9999999999999996, 0.8604837739027595, 0.8975562949105366, 0.9020142668546488, 0.8751788784110129, 0.868371484458936, 0.835192453452531, 0.8648097177959845, 0.8750252930379168, 0.8570063701503398], [0.8652258233316372, 0.8837191475043975, 0.8674893238007121, 0.8543545111396169, 0.8570040504771701, 0.8758990156107096, 0.8831053572897193, 0.873675929083637, 0.8383627013261582, 0.8594410859256659, 0.8687997463787335, 0.8759875073448181, 0.9035027698489672, 0.8381470731596474, 0.8563782716055006, 0.8458436555191329, 0.847310876469637, 0.8665356705384272, 0.8938175172687717, 0.8756448079019968, 0.8531005458866099, 0.8764524421881856, 0.8861912086591359, 0.8762885617271898, 0.8907967882109634, 0.8642012440222997, 0.8436724971595879, 0.8887554975252263, 0.9053985392342141, 0.8632084454851843, 0.8438335849713077, 0.8913172852075186, 0.8947101691937976, 0.9241243763424953, 0.8604837739027595, 0.9999999999999999, 0.8910701320078398, 0.909042961586671, 0.883909276761876, 0.8287895858357853, 0.858141244058908, 0.8435821377117163, 0.8998506252140281, 0.862677169671023], [0.8813780382309467, 0.8872550430648293, 0.8817487494671625, 0.8626690498661786, 0.8845664946215064, 0.9096136756143263, 0.9253574504241128, 0.9232191627971664, 0.8890453131908318, 0.8667689875589204, 0.883629390832187, 0.9134334689120871, 0.8880604143819821, 0.8418267951954517, 0.8690786396271943, 0.8791815918850454, 0.8708481762861627, 0.874152269352398, 0.8769422956805873, 0.9078347794163393, 0.9000525977441852, 0.8901296883347245, 0.9125028607794894, 0.8818553618718007, 0.9343263737287051, 0.911045452258349, 0.8776153261935674, 0.9037235484982997, 0.9434436997032458, 0.8796045631174962, 0.8551494740780633, 0.9285016545856315, 0.9398491041312727, 0.9347040844568001, 0.8975562949105366, 0.8910701320078398, 0.9999999999999991, 0.9363849435315053, 0.9052292710836566, 0.9020235490525682, 0.8666137301724834, 0.8774475360551279, 0.8804587494380465, 0.9164013073892896], [0.9035193107612997, 0.8875485263771764, 0.8982751214189696, 0.8797539755578095, 0.9286499334892824, 0.9011650392064151, 0.9342010499520991, 0.9152697705476404, 0.9028928999183982, 0.8836855673003371, 0.8798600304984424, 0.9071017986026851, 0.9248050157631157, 0.857649293143996, 0.8917137273629954, 0.8864854825353281, 0.8715109410756708, 0.8987233781847184, 0.8953088654308863, 0.9033586268411833, 0.9022686742341232, 0.8906508807384969, 0.9170771205110677, 0.8983301792049229, 0.9547874566804416, 0.919539538583696, 0.882135144974166, 0.9173844253087035, 0.9432558982747841, 0.9267790331008683, 0.8871962028249304, 0.9252308353457109, 0.9503659762016975, 0.9784285795126263, 0.9020142668546488, 0.909042961586671, 0.9363849435315053, 0.9999999999999982, 0.9121437634062949, 0.903179601254523, 0.8831634021915605, 0.8982751214189695, 0.9297603653499024, 0.9029834665079693], [0.8965006208249912, 0.8601070823634837, 0.8899186924607245, 0.8843510314453688, 0.8968824977237589, 0.8918601910719597, 0.9244771797992267, 0.9065999420854701, 0.8695466016000851, 0.890961175797726, 0.8866361168235147, 0.9020897190899086, 0.9163819639243672, 0.8263017685876787, 0.8753431247244813, 0.8773641051443145, 0.8737390163232956, 0.8887956464396504, 0.895341148784175, 0.9090072712329875, 0.8800325827439306, 0.9009963170629937, 0.8849360810693673, 0.8930127738233077, 0.9162680417291097, 0.8983282543721711, 0.8845536295421699, 0.8996190786035453, 0.9259915035382973, 0.8968095031619112, 0.8640351059892991, 0.9056788934142588, 0.9250958955025981, 0.9401378215217132, 0.8751788784110129, 0.883909276761876, 0.9052292710836566, 0.9121437634062949, 0.9999999999999988, 0.8790444799003639, 0.8787793678624525, 0.8618985824965957, 0.9109003054398773, 0.8765690657316768], [0.8588361545587827, 0.8499131937993328, 0.8429872484588855, 0.8168055136826735, 0.8711891134800215, 0.8587665944806264, 0.8951954310139171, 0.899284393117843, 0.8612203251058393, 0.8668653084572127, 0.8379811390362742, 0.8769271902597505, 0.8771130155648157, 0.8310412396936885, 0.8555434426839741, 0.8676680714981069, 0.8414536018330755, 0.859823806233056, 0.8463915174569303, 0.8637402484586735, 0.8487142653092579, 0.8488951725699746, 0.8607264550124079, 0.8882145028142193, 0.888996300645171, 0.8668380702257578, 0.8260300203143934, 0.8783767502940606, 0.9001096630563156, 0.8592169718896132, 0.8510318503623475, 0.8766201205128267, 0.9032849827254561, 0.9081097703500571, 0.868371484458936, 0.8287895858357853, 0.9020235490525682, 0.903179601254523, 0.8790444799003639, 0.999999999999999, 0.8361635252607936, 0.835157645532022, 0.8714461481446903, 0.8599766564882895], [0.8334330403894966, 0.846267318470834, 0.8253643249426446, 0.8543346736220605, 0.8676920422908949, 0.8516055814614881, 0.8858898448229154, 0.8612796226539504, 0.8366343446598583, 0.8301672395932911, 0.8635677329500341, 0.862449495174856, 0.8765734045273819, 0.8214637990376279, 0.8564923848358011, 0.8362214214066163, 0.8498680105436422, 0.8418967154430693, 0.8728922935607484, 0.8924083521913665, 0.8711300660524874, 0.8210870666291339, 0.8660174278276163, 0.8474535235205359, 0.882102023326852, 0.8576616949330589, 0.8469160598246743, 0.8467322553509768, 0.8740835942278535, 0.8755516434170026, 0.8848290132533055, 0.8569758330769511, 0.885748588369043, 0.9026853405091032, 0.835192453452531, 0.858141244058908, 0.8666137301724834, 0.8831634021915605, 0.8787793678624525, 0.8361635252607936, 0.9999999999999996, 0.8545930784397702, 0.882941613578086, 0.8385129748044966], [0.8699113649979981, 0.8427168701391724, 0.8234482758620688, 0.8451204732675983, 0.858607416051228, 0.8602510667977304, 0.8700729620253969, 0.8662275471315791, 0.8513660523456615, 0.8520226200010277, 0.857216697150293, 0.882770360850416, 0.8598598460701559, 0.8392429247366159, 0.8725762879562738, 0.8500851106515388, 0.8200893260943284, 0.8316532427088745, 0.8321400516648958, 0.8821713298976598, 0.8788861350620611, 0.8665737675310562, 0.8692680299295187, 0.8667151367835103, 0.8816750761559831, 0.8740492350731327, 0.8630893964503069, 0.8726069743422271, 0.8969786108884582, 0.8700500611558049, 0.8340250558216731, 0.8532574915935636, 0.9096704361912278, 0.9132165663419709, 0.8648097177959845, 0.8435821377117163, 0.8774475360551279, 0.8982751214189695, 0.8618985824965957, 0.835157645532022, 0.8545930784397702, 0.9999999999999994, 0.8777852724146752, 0.8008440543578395], [0.8790630237155822, 0.8718584850168161, 0.8693987889202678, 0.8610379470577287, 0.8984005615947539, 0.8957981037826049, 0.9248236253951911, 0.8930215064755636, 0.8640733558935506, 0.874734826278214, 0.871565668284217, 0.890503908598966, 0.9104525726993238, 0.8277819229848963, 0.87780896699425, 0.8918010237667692, 0.8684186724200315, 0.8724352434678097, 0.9082576483493809, 0.8750137559534129, 0.8853639675904379, 0.9006295701318896, 0.8958176168279092, 0.8906881807275152, 0.9043427961865382, 0.8796239379888627, 0.8746261014514006, 0.8972035624438152, 0.9413458037168951, 0.9348221522319778, 0.8796440778039519, 0.8646627759256066, 0.9117977737196072, 0.9514249855956072, 0.8750252930379168, 0.8998506252140281, 0.8804587494380465, 0.9297603653499024, 0.9109003054398773, 0.8714461481446903, 0.882941613578086, 0.8777852724146752, 0.9999999999999984, 0.8878481953756372], [0.8658114382706644, 0.8673733040612513, 0.8761370851094313, 0.8372726604724745, 0.8660336610429734, 0.8744072853576306, 0.9080020034889351, 0.8826561440561926, 0.8605796217158349, 0.8248374133742593, 0.8536179875791843, 0.8721662429476997, 0.8796688447272845, 0.8287830595831384, 0.8329644864977287, 0.8762678844303736, 0.8754223856586623, 0.8663556327397325, 0.8748645005303116, 0.8580867841085682, 0.8490668929251399, 0.8702319838652591, 0.8724962481394077, 0.878413109336543, 0.9038395793324998, 0.8662964861231086, 0.8379662973278151, 0.8771446408666713, 0.90551855865854, 0.8469631205431053, 0.8252682557817805, 0.8918465337729232, 0.9235895920557875, 0.9075241232619523, 0.8570063701503398, 0.862677169671023, 0.9164013073892896, 0.9029834665079693, 0.8765690657316768, 0.8599766564882895, 0.8385129748044966, 0.8008440543578395, 0.8878481953756372, 1.0000000000000004]]