[[1.0, 0.9787583148045463, 0.9376627522449587, 0.984180526475342, 0.8358770997130781, 0.9823716139049448, 0.9875110075337085, 0.9063249695740223, 0.8501497773934943, 0.9858548998602812, 0.9589939974813273, 0.9893256526503494, 0.7546944150219195, 0.9824740717951895, 0.970029911952349, 0.9942838547775084, 0.954609415299636, 0.978279188734701, 0.3838582242466369, 0.8372070101791445, 0.9902675317336779, 0.9860246193306436, 0.9889658168277135, 0.8887609171495993, 0.963288910587476, 0.8647269492978823, 0.9796379456823171, 0.8489963047165799, 0.9315399529776925, 0.8410942554488569, 0.9946605235037165, 0.9876604109413174, 0.9199713896564486, 0.7648624931231298, 0.9550152611502772, 0.9580292783515753, 0.9690021362759653, 0.6226632093455743, 0.6080727702456156, 0.8646859103466954, 0.980550880855859, 0.9776278541786755, 0.9895256468328507, 0.9555857265204596], [0.9787583148045463, 1.0, 0.9149053739172252, 0.9973713215176384, 0.8072164800003114, 0.9623477803722331, 0.9896787896569106, 0.8551095069788199, 0.8455466077134977, 0.9976964480723329, 0.9432993714051381, 0.9800387481959384, 0.6509926296307614, 0.9938684764975592, 0.937138400970594, 0.9854992380951687, 0.9582447896291719, 0.9924808246113197, 0.3239115045847174, 0.7565398889490729, 0.9902479423733398, 0.9591092796481538, 0.9951006042586061, 0.8031598066240923, 0.9164136500914177, 0.8430817951350671, 0.9893183171062385, 0.7608849941543172, 0.8761039723464512, 0.7438581362044165, 0.9700757642391671, 0.9823149809357713, 0.8473516677583108, 0.6667129538753893, 0.9288886771102823, 0.901261808376185, 0.915965038421801, 0.5807657833718719, 0.5044894695756713, 0.8542639874030689, 0.9997615929947342, 0.9610962447867251, 0.9728319489609615, 0.9301310099965219], [0.9376627522449587, 0.9149053739172252, 1.0, 0.9185845076221195, 0.9553534772997284, 0.9511903067736347, 0.9254999380579785, 0.9623879933866445, 0.957475743530229, 0.921775386867989, 0.9773189474121753, 0.9569476121058375, 0.8002552895368756, 0.9396413072639832, 0.9476831422572758, 0.9405434413989398, 0.9628608465724123, 0.9321885813155555, 0.5098208752822438, 0.9073734582098341, 0.9355889007119175, 0.9344904210515308, 0.9305798257473815, 0.8752200859825338, 0.9272605303148099, 0.958537815856979, 0.9452862659412752, 0.850632886755294, 0.8996475222979735, 0.8086380564847319, 0.9325604388995699, 0.9500599285121577, 0.9131073919375267, 0.8081577351010015, 0.9600970978676603, 0.9144643885554238, 0.938035574544938, 0.7951757650376515, 0.6748343154299138, 0.958327353890617, 0.9139831870872483, 0.9464378141478582, 0.9431747496877356, 0.9599094105129402], [0.984180526475342, 0.9973713215176384, 0.9185845076221195, 1.0, 0.8093238011222645, 0.9709496138777263, 0.9969151399687456, 0.8642749116111093, 0.84102729153105, 0.9995374489488099, 0.9476623084661776, 0.9828934920602403, 0.6720408615788867, 0.9918780422412523, 0.9446417816420567, 0.9921390170304273, 0.9573720618955442, 0.9905607189332558, 0.3276335254995171, 0.7731677690203935, 0.990103191082829, 0.9736882876105708, 0.9953699376225511, 0.8281180010160623, 0.935284603102915, 0.8452390898133405, 0.9884666594346526, 0.7822284467251499, 0.8996406925349426, 0.7668759175016887, 0.9758987896248702, 0.9855750868974833, 0.8669011330186378, 0.6948854401586521, 0.9292852251547342, 0.9223050381791087, 0.9265632954382931, 0.5903310971095065, 0.5260652157734393, 0.8498865429136846, 0.9980944926909657, 0.9621893038307653, 0.9781701838812724, 0.9337134836769925], [0.8358770997130781, 0.8072164800003114, 0.9553534772997284, 0.8093238011222645, 1.0, 0.8580531545670126, 0.8197154339331924, 0.9339693134905049, 0.9798334081374693, 0.8140183072018571, 0.9068969506871027, 0.8682507976613851, 0.7857102371072642, 0.8434672061456968, 0.8719258232869457, 0.84241047790094, 0.8953683117666339, 0.8416849624736372, 0.5950127284953481, 0.8967771210824462, 0.8362854573163603, 0.8430126983036433, 0.8220741302031626, 0.8033471976100117, 0.8507629468754976, 0.9446130565209108, 0.859008170102644, 0.812580049326497, 0.8180534336017288, 0.7369438980180522, 0.8266555937923257, 0.868928229726127, 0.8474188064312755, 0.7829345435700213, 0.8843094498269694, 0.8304604378307943, 0.8652318530262866, 0.8902017516306021, 0.6836419530649696, 0.9493297288849533, 0.8039985201824044, 0.8666232623992648, 0.8484359975889427, 0.902603823943545], [0.9823716139049448, 0.9623477803722331, 0.9511903067736347, 0.9709496138777263, 0.8580531545670126, 1.0, 0.9762333603531849, 0.9293905161586835, 0.8679703562585986, 0.9721950195803776, 0.9547130679018784, 0.9819468187823274, 0.7640335083326993, 0.9650474760486715, 0.9514273901433682, 0.9825271706418746, 0.9487903271198833, 0.9708381254685756, 0.38295465822440716, 0.8655211338768558, 0.9700587577277063, 0.9785592095520971, 0.9708594393446515, 0.8849643092848307, 0.958786797427565, 0.8882713364411867, 0.9719128422915359, 0.8407497771621745, 0.9292951836258462, 0.8284722748312439, 0.9772771026250207, 0.9798689722323307, 0.9339072279960625, 0.7730694562914435, 0.9550294165162616, 0.9537135311385458, 0.949812495451512, 0.6433423216691136, 0.6082276215507701, 0.8811992047218871, 0.9646004815719106, 0.9549837269495105, 0.9710807236634029, 0.979203224427135], [0.9875110075337085, 0.9896787896569106, 0.9254999380579785, 0.9969151399687456, 0.8197154339331924, 0.9762333603531849, 1.0, 0.8759753580398999, 0.8438627053741039, 0.9964612138102701, 0.9508582646163108, 0.9831564724812766, 0.7065659103359665, 0.986197441223276, 0.9581974875395274, 0.995016888962858, 0.9532106311013608, 0.9838163099108672, 0.34631044157686897, 0.7956961722857689, 0.989553757266608, 0.9853430339125295, 0.992836961718754, 0.8575457466335439, 0.9557247118396558, 0.8485199690399401, 0.9837818964989011, 0.8139170319079225, 0.9265571116823839, 0.799366296938391, 0.9815785410599994, 0.9878343682097384, 0.8930153798801722, 0.7304319725750473, 0.9345437362730454, 0.9446292133138192, 0.9426053882070662, 0.6126155695458951, 0.5608314206362602, 0.8479539867419967, 0.990899025194632, 0.9683497377149192, 0.9846858838007584, 0.9360527252379655], [0.9063249695740223, 0.8551095069788199, 0.9623879933866445, 0.8642749116111093, 0.9339693134905049, 0.9293905161586835, 0.8759753580398999, 1.0, 0.9120468105871427, 0.8665553352730344, 0.9522305624832478, 0.9282758471444573, 0.8323652352066693, 0.8879973193951773, 0.900876241110744, 0.898961666879003, 0.9319865594520128, 0.891301194848115, 0.5184736540654002, 0.9418817086022228, 0.8809734117877781, 0.9029176366864043, 0.8791519188005994, 0.8760429277750528, 0.899477475587826, 0.9692116219082343, 0.9066009479316838, 0.8364289052305488, 0.8729191026294923, 0.8168104262242516, 0.894702169669452, 0.9157007978928653, 0.9199905364828689, 0.8392197244720574, 0.9391423336887726, 0.8966234283400896, 0.9127616143932373, 0.7769059725872338, 0.7035132460504239, 0.9516391165651497, 0.856790138694806, 0.8909571941128319, 0.8959269012988982, 0.9637930376032701], [0.8501497773934943, 0.8455466077134977, 0.957475743530229, 0.84102729153105, 0.9798334081374693, 0.8679703562585986, 0.8438627053741039, 0.9120468105871427, 1.0, 0.8450896925235045, 0.9145714845953141, 0.8862330007835074, 0.7319353540695829, 0.872269901904685, 0.8846136719121719, 0.8578590798500743, 0.9101009845996211, 0.8737868218703789, 0.5567621197350817, 0.8386602899155808, 0.8671034785657099, 0.8461873486599037, 0.8557780344704563, 0.7662754441806463, 0.8366289835138516, 0.9369995568676668, 0.8870488777160778, 0.7753702813458457, 0.8015356134947715, 0.7074365756470041, 0.8421929936981106, 0.8912230981841298, 0.8273808730120815, 0.7210097713918746, 0.9057114416686667, 0.8119357256668728, 0.8628590777477103, 0.8517756819333524, 0.6158716755908954, 0.9505790995778113, 0.8409575816119723, 0.8901403742127464, 0.8705004137125861, 0.904750308874631], [0.9858548998602812, 0.9976964480723329, 0.921775386867989, 0.9995374489488099, 0.8140183072018571, 0.9721950195803776, 0.9964612138102701, 0.8665553352730344, 0.8450896925235045, 1.0, 0.948630397801757, 0.9844281030261552, 0.6779430775321308, 0.9926903326231984, 0.9485188972768245, 0.9925826457116701, 0.957906569323058, 0.9908478611650067, 0.3333091964014729, 0.7782745878401393, 0.9920068153961328, 0.9740247409316435, 0.9962322023804955, 0.831966202086293, 0.9376473981329544, 0.8468077213303236, 0.9890177565634344, 0.7883431313083331, 0.9019482057775808, 0.7720955206569573, 0.9787950457907781, 0.9865512488565885, 0.8705496835807475, 0.6984263471823338, 0.9323110506912926, 0.9246713574060871, 0.9308914088020922, 0.5938472114651424, 0.5320325566991027, 0.8525312984395641, 0.9982382439548011, 0.9663039886291304, 0.9804087553289664, 0.936256282773762], [0.9589939974813273, 0.9432993714051381, 0.9773189474121753, 0.9476623084661776, 0.9068969506871027, 0.9547130679018784, 0.9508582646163108, 0.9522305624832478, 0.9145714845953141, 0.948630397801757, 1.0, 0.980454913159931, 0.7494428570692014, 0.964775993469389, 0.9400480611297753, 0.9644284593141406, 0.9878902363903441, 0.9614118433186676, 0.4358553551084982, 0.8810936700590333, 0.9516669034216074, 0.9496978195393129, 0.9558938868365244, 0.8682699452356999, 0.9274772137953606, 0.9546269651660947, 0.9716818323511438, 0.8160426139738863, 0.8960033413214599, 0.7912291656471365, 0.9482250905693945, 0.9671703509156039, 0.8874911163097545, 0.7894148934978477, 0.9463240233700777, 0.9176916217368362, 0.9296491952392537, 0.7257342862594302, 0.6303904098497463, 0.9442162362320893, 0.9442173169668892, 0.9436340355342978, 0.9510118438168035, 0.9584733697237503], [0.9893256526503494, 0.9800387481959384, 0.9569476121058375, 0.9828934920602403, 0.8682507976613851, 0.9819468187823274, 0.9831564724812766, 0.9282758471444573, 0.8862330007835074, 0.9844281030261552, 0.980454913159931, 1.0, 0.7374958411934998, 0.9884984296855871, 0.9588847001297253, 0.9897021120977809, 0.9800382742189382, 0.9892932557141754, 0.39153963641379624, 0.8511763342332592, 0.9854684129605964, 0.9745459529881012, 0.9874092496175357, 0.8700666485931869, 0.9474122078349373, 0.9066479957217153, 0.9943192093484602, 0.8225281530071712, 0.9134696093542501, 0.8081825205781279, 0.9825440609583473, 0.9920926566592015, 0.9039852027596356, 0.75956836989618, 0.9601256860270572, 0.9384050534585335, 0.9501731481671389, 0.6543264217644962, 0.5970780533151713, 0.90827408644901, 0.9810907406405256, 0.9703949665874873, 0.9802500997930279, 0.9725458835810842], [0.7546944150219195, 0.6509926296307614, 0.8002552895368756, 0.6720408615788867, 0.7857102371072642, 0.7640335083326993, 0.7065659103359665, 0.8323652352066693, 0.7319353540695829, 0.6779430775321308, 0.7494428570692014, 0.7374958411934998, 1.0, 0.67900357212911, 0.8294084102655548, 0.7289904085410324, 0.6904530902530431, 0.6677170571346125, 0.6878958610624757, 0.8990611594211547, 0.7208804280583242, 0.7749962269423517, 0.697841825620981, 0.9168540107254713, 0.8394828652648385, 0.7332473264348702, 0.6870556119668413, 0.9436420758617063, 0.865446405267907, 0.9459307847046777, 0.7736141277444756, 0.7370383046002278, 0.9254101725762838, 0.936337580053658, 0.8006030423687656, 0.8521951036585493, 0.8615984745629245, 0.7595394824591347, 0.9383617423793189, 0.7075358088376722, 0.6533377479867851, 0.7809723742212619, 0.7718085500464563, 0.7665088396417434], [0.9824740717951895, 0.9938684764975592, 0.9396413072639832, 0.9918780422412523, 0.8434672061456968, 0.9650474760486715, 0.986197441223276, 0.8879973193951773, 0.872269901904685, 0.9926903326231984, 0.964775993469389, 0.9884984296855871, 0.67900357212911, 1.0, 0.9438701938611184, 0.9880638457459339, 0.9789491131059631, 0.9925495525737739, 0.3548567338417231, 0.7931877487905303, 0.9892581182003686, 0.963518482965872, 0.9927415883155699, 0.8223185425070474, 0.9247955725383584, 0.8802842901052682, 0.9949267065072023, 0.7781240938064081, 0.8834897986504207, 0.7562194633045898, 0.970384935633855, 0.9861685244302975, 0.8607109509449369, 0.6975874750460467, 0.9442556426470052, 0.9099442263209717, 0.927708516793503, 0.621283171006329, 0.5347577384013611, 0.8930395815840964, 0.9935009225829257, 0.9658137686611317, 0.9744866078340665, 0.9450598637053317], [0.970029911952349, 0.937138400970594, 0.9476831422572758, 0.9446417816420567, 0.8719258232869457, 0.9514273901433682, 0.9581974875395274, 0.900876241110744, 0.8846136719121719, 0.9485188972768245, 0.9400480611297753, 0.9588847001297253, 0.8294084102655548, 0.9438701938611184, 1.0, 0.9611501074049, 0.9184986867814693, 0.9343019241601282, 0.4894559849533117, 0.8514240377867025, 0.9716825795581266, 0.9676394395224386, 0.9598909396149048, 0.9154267262259926, 0.9692735847334315, 0.8526889955570315, 0.9412937669851839, 0.9128877693407131, 0.9562399267500871, 0.8938005657906983, 0.9784706683384027, 0.966816438769241, 0.9505905002386841, 0.8144001323056137, 0.9618997034414615, 0.9612041470111261, 0.9898445724712654, 0.7114508726407011, 0.6962242122423624, 0.8558030677862147, 0.9368565520406047, 0.9927139228140373, 0.9890333389675282, 0.9235824612441194], [0.9942838547775084, 0.9854992380951687, 0.9405434413989398, 0.9921390170304273, 0.84241047790094, 0.9825271706418746, 0.995016888962858, 0.898961666879003, 0.8578590798500743, 0.9925826457116701, 0.9644284593141406, 0.9897021120977809, 0.7289904085410324, 0.9880638457459339, 0.9611501074049, 1.0, 0.9638955440092147, 0.985481296430914, 0.3646198217282207, 0.8287776389431553, 0.9885087035364425, 0.9895816790016316, 0.9900564223590728, 0.8758779724428438, 0.9640711158752736, 0.8710000120684104, 0.9860622546097442, 0.8318085816344137, 0.9301131090436574, 0.8133165661498772, 0.9859885517947348, 0.9900907563515963, 0.9036025560539042, 0.7547736560891698, 0.9398581511320745, 0.9545409400280694, 0.9528407017592235, 0.6315756285710271, 0.5863858216014272, 0.8675084716742488, 0.986959994734616, 0.9696083961684755, 0.9843179710923813, 0.9520590223983789], [0.954609415299636, 0.9582447896291719, 0.9628608465724123, 0.9573720618955442, 0.8953683117666339, 0.9487903271198833, 0.9532106311013608, 0.9319865594520128, 0.9101009845996211, 0.957906569323058, 0.9878902363903441, 0.9800382742189382, 0.6904530902530431, 0.9789491131059631, 0.9184986867814693, 0.9638955440092147, 1.0, 0.9747462366413516, 0.39071552863837783, 0.8393523382331111, 0.9543937824309755, 0.9397653741230141, 0.9595363002185806, 0.8183743191197277, 0.9051732617050422, 0.9452654128623006, 0.9839283536365775, 0.7664744701417081, 0.8617048784430283, 0.7351638153717001, 0.9371174764311425, 0.9690694436202119, 0.848902392072758, 0.7255279462665916, 0.9347243231899132, 0.88986799105252, 0.9050859726838579, 0.6866131903806748, 0.5610758838088512, 0.9515529140880417, 0.9579273588039032, 0.9351463598302301, 0.9429414945700818, 0.9579763237685558], [0.978279188734701, 0.9924808246113197, 0.9321885813155555, 0.9905607189332558, 0.8416849624736372, 0.9708381254685756, 0.9838163099108672, 0.891301194848115, 0.8737868218703789, 0.9908478611650067, 0.9614118433186676, 0.9892932557141754, 0.6677170571346125, 0.9925495525737739, 0.9343019241601282, 0.985481296430914, 0.9747462366413516, 1.0, 0.3422378774931334, 0.7912578900887532, 0.9841953222132941, 0.9592971229258485, 0.989374909801639, 0.8084257886463183, 0.9180463485505955, 0.8804647221821843, 0.9971612992663107, 0.7650112113671702, 0.8753054105302503, 0.7448135367707883, 0.9651837221684669, 0.9907198728277946, 0.8582147161754622, 0.685700843911727, 0.9386953432191371, 0.9031552301399096, 0.9173495090808608, 0.6115894058091814, 0.5207065453428437, 0.8889180619511091, 0.9924806327746452, 0.9562377924781436, 0.967732555231499, 0.956704668665431], [0.3838582242466369, 0.3239115045847174, 0.5098208752822438, 0.3276335254995171, 0.5950127284953481, 0.38295465822440716, 0.34631044157686897, 0.5184736540654002, 0.5567621197350817, 0.3333091964014729, 0.4358553551084982, 0.39153963641379624, 0.6878958610624757, 0.3548567338417231, 0.4894559849533117, 0.3646198217282207, 0.39071552863837783, 0.3422378774931334, 1.0, 0.5634222281183535, 0.38158610632744944, 0.38720702789778433, 0.3583310172909848, 0.5018660362760065, 0.43379656778657094, 0.485136527941052, 0.3610863128292266, 0.5823724728472883, 0.4494802994169651, 0.5406793128844327, 0.39844202600178347, 0.394131252445718, 0.522357000097041, 0.5816826961698589, 0.4892373108328234, 0.43154539629154537, 0.4979988729433913, 0.7495907276281064, 0.729225048865908, 0.4901208000757261, 0.32149477992781106, 0.4555686736142361, 0.4205875629386204, 0.4205791907704826], [0.8372070101791445, 0.7565398889490729, 0.9073734582098341, 0.7731677690203935, 0.8967771210824462, 0.8655211338768558, 0.7956961722857689, 0.9418817086022228, 0.8386602899155808, 0.7782745878401393, 0.8810936700590333, 0.8511763342332592, 0.8990611594211547, 0.7931877487905303, 0.8514240377867025, 0.8287776389431553, 0.8393523382331111, 0.7912578900887532, 0.5634222281183535, 1.0, 0.7990623111301036, 0.8498064031036848, 0.7858850482256058, 0.9195197036717541, 0.8840881696471642, 0.8935762505786263, 0.8113722428982064, 0.8881912849881531, 0.8752527968951429, 0.8599868347423951, 0.838379941321459, 0.831123196004134, 0.9151508528738778, 0.9202579847296535, 0.8544834878399807, 0.8902188442315075, 0.8773799763837252, 0.7830947200626043, 0.8208127651770568, 0.864754140952465, 0.7594089050567262, 0.8249474591032009, 0.8247147572976101, 0.8998378837203452], [0.9902675317336779, 0.9902479423733398, 0.9355889007119175, 0.990103191082829, 0.8362854573163603, 0.9700587577277063, 0.989553757266608, 0.8809734117877781, 0.8671034785657099, 0.9920068153961328, 0.9516669034216074, 0.9854684129605964, 0.7208804280583242, 0.9892581182003686, 0.9716825795581266, 0.9885087035364425, 0.9543937824309755, 0.9841953222132941, 0.38158610632744944, 0.7990623111301036, 1.0, 0.971007265557326, 0.9960814247744233, 0.8497009895295327, 0.943438186931122, 0.8533075556670383, 0.9847987469839649, 0.8213431758363371, 0.912650430508762, 0.8067126626809782, 0.9882459553610792, 0.9904290560054522, 0.894909597300754, 0.7192268270536124, 0.9582592606413551, 0.9313544605842353, 0.9551233503539793, 0.6245132192990336, 0.571583164276442, 0.864914398803463, 0.9900032954693916, 0.987248077130338, 0.9912415572299006, 0.941438764765429], [0.9860246193306436, 0.9591092796481538, 0.9344904210515308, 0.9736882876105708, 0.8430126983036433, 0.9785592095520971, 0.9853430339125295, 0.9029176366864043, 0.8461873486599037, 0.9740247409316435, 0.9496978195393129, 0.9745459529881012, 0.7749962269423517, 0.963518482965872, 0.9676394395224386, 0.9895816790016316, 0.9397653741230141, 0.9592971229258485, 0.38720702789778433, 0.8498064031036848, 0.971007265557326, 1.0, 0.9699265883819056, 0.9169148214636378, 0.9859983779697327, 0.8567484967748445, 0.9627866625689492, 0.8785501987252948, 0.9615772924180772, 0.8573410650072271, 0.9804756424743788, 0.977078617408663, 0.9336769038848243, 0.807791336806835, 0.9296595658315399, 0.9808640518394306, 0.968777325103577, 0.6523236283067559, 0.6389432932580211, 0.8463861070218861, 0.9613058387254216, 0.9630367865228582, 0.9812178578568074, 0.9418569046634082], [0.9889658168277135, 0.9951006042586061, 0.9305798257473815, 0.9953699376225511, 0.8220741302031626, 0.9708594393446515, 0.992836961718754, 0.8791519188005994, 0.8557780344704563, 0.9962322023804955, 0.9558938868365244, 0.9874092496175357, 0.697841825620981, 0.9927415883155699, 0.9598909396149048, 0.9900564223590728, 0.9595363002185806, 0.989374909801639, 0.3583310172909848, 0.7858850482256058, 0.9960814247744233, 0.9699265883819056, 1.0, 0.83807951620768, 0.9354869410737888, 0.8567461943110718, 0.9886389669908546, 0.7975595933744207, 0.9025174118768725, 0.7883066458313627, 0.9841050597860858, 0.9889663720185246, 0.8822323171705995, 0.7075010334749704, 0.9517126224501519, 0.9237291343572048, 0.9418374966431753, 0.6081467796889741, 0.5496555361838433, 0.8636854275308382, 0.9954694690963513, 0.9768124395901495, 0.9872530369228063, 0.9385478737557504], [0.8887609171495996, 0.8031598066240925, 0.875220085982534, 0.8281180010160625, 0.8033471976100115, 0.8849643092848309, 0.8575457466335441, 0.876042927775053, 0.7662754441806464, 0.8319662020862932, 0.8682699452357002, 0.8700666485931872, 0.9168540107254713, 0.8223185425070476, 0.915426726225993, 0.875877972442844, 0.8183743191197279, 0.8084257886463185, 0.5018660362760065, 0.9195197036717541, 0.8497009895295329, 0.916914821463638, 0.8380795162076803, 1.0, 0.9547320797045346, 0.7969182229134343, 0.8248897682009276, 0.9690972310654136, 0.9644892555668718, 0.9670894410188982, 0.9034833180098206, 0.8572108302677657, 0.9587749589550147, 0.95664810870736, 0.8573437969256869, 0.9685688864974316, 0.9414625328564233, 0.6936711543360797, 0.8454813863133682, 0.7642551595048637, 0.807624042167146, 0.8774840198924558, 0.8895216047700979, 0.8585461850710792], [0.963288910587476, 0.9164136500914177, 0.9272605303148099, 0.935284603102915, 0.8507629468754976, 0.958786797427565, 0.9557247118396558, 0.899477475587826, 0.8366289835138516, 0.9376473981329544, 0.9274772137953606, 0.9474122078349373, 0.8394828652648385, 0.9247955725383584, 0.9692735847334315, 0.9640711158752736, 0.9051732617050422, 0.9180463485505955, 0.43379656778657094, 0.8840881696471642, 0.943438186931122, 0.9859983779697327, 0.9354869410737888, 0.9547320797045343, 1.0, 0.8400072605942841, 0.9253930581457397, 0.9309799222386433, 0.9880748879961178, 0.9083220404992397, 0.9667293087702424, 0.9517857008701186, 0.9609557071052711, 0.8646046351681475, 0.9131984169453328, 0.9961560155673752, 0.9752589208704355, 0.689284322912206, 0.7154250645952246, 0.8231404199670204, 0.9188225195227175, 0.9523248939801994, 0.9651544567416666, 0.9231301765601537], [0.8647269492978823, 0.8430817951350671, 0.958537815856979, 0.8452390898133405, 0.9446130565209108, 0.8882713364411867, 0.8485199690399401, 0.9692116219082343, 0.9369995568676668, 0.8468077213303236, 0.9546269651660947, 0.9066479957217153, 0.7332473264348702, 0.8802842901052682, 0.8526889955570315, 0.8710000120684104, 0.9452654128623006, 0.8804647221821843, 0.485136527941052, 0.8935762505786263, 0.8533075556670383, 0.8567484967748445, 0.8567461943110718, 0.7969182229134341, 0.8400072605942841, 1.0, 0.8986550373279327, 0.7476348952162166, 0.8032038487841706, 0.7121650758613562, 0.8473301937051815, 0.8874376797530005, 0.8322940471828199, 0.765782026415896, 0.8994499641145917, 0.8267124939707822, 0.8469577811461457, 0.795776832665158, 0.6204087328447625, 0.9799831590921617, 0.8430635981253983, 0.8538861602935944, 0.8544913698790799, 0.9339188382163089], [0.9796379456823171, 0.9893183171062385, 0.9452862659412752, 0.9884666594346526, 0.859008170102644, 0.9719128422915359, 0.9837818964989011, 0.9066009479316838, 0.8870488777160778, 0.9890177565634344, 0.9716818323511438, 0.9943192093484602, 0.6870556119668413, 0.9949267065072023, 0.9412937669851839, 0.9860622546097442, 0.9839283536365775, 0.9971612992663107, 0.3610863128292266, 0.8113722428982064, 0.9847987469839649, 0.9627866625689492, 0.9886389669908546, 0.8248897682009274, 0.9253930581457397, 0.8986550373279327, 1.0, 0.7791433488387599, 0.8845736875013948, 0.7579686687953663, 0.9676679114612032, 0.9914705010337587, 0.8685551843574955, 0.7085000295642593, 0.9474658290617151, 0.9107315599589403, 0.925250056682483, 0.6358979880076038, 0.5427173196621765, 0.907038161688808, 0.9892411006216314, 0.9612713924648963, 0.970876647411877, 0.962607067336304], [0.8489963047165797, 0.760884994154317, 0.8506328867552938, 0.7822284467251497, 0.8125800493264972, 0.8407497771621742, 0.8139170319079223, 0.8364289052305486, 0.775370281345846, 0.7883431313083329, 0.8160426139738861, 0.822528153007171, 0.9436420758617063, 0.7781240938064079, 0.9128877693407134, 0.8318085816344135, 0.7664744701417079, 0.76501121136717, 0.5823724728472883, 0.8881912849881531, 0.8213431758363369, 0.8785501987252945, 0.7975595933744205, 0.9690972310654136, 0.9309799222386431, 0.7476348952162168, 0.7791433488387597, 1.0, 0.942927159479687, 0.9706039578474766, 0.8685914223913155, 0.826051411446484, 0.9490187952176485, 0.9320409267018563, 0.8377109391570717, 0.938866724106726, 0.9381634710245977, 0.7283479600851501, 0.8791740462072656, 0.7301294400076112, 0.7628136029161482, 0.871438632414226, 0.8672100902003678, 0.8184550487224672], [0.9315399529776925, 0.8761039723464512, 0.8996475222979735, 0.8996406925349426, 0.8180534336017288, 0.9292951836258462, 0.9265571116823839, 0.8729191026294923, 0.8015356134947715, 0.9019482057775808, 0.8960033413214599, 0.9134696093542501, 0.865446405267907, 0.8834897986504207, 0.9562399267500871, 0.9301131090436574, 0.8617048784430283, 0.8753054105302503, 0.4494802994169651, 0.8752527968951429, 0.912650430508762, 0.9615772924180772, 0.9025174118768725, 0.9644892555668715, 0.9880748879961178, 0.8032038487841706, 0.8845736875013948, 0.9429271594796873, 1.0, 0.9322619041199317, 0.9430018158762008, 0.9192655875201148, 0.9651813988601364, 0.8862856976492729, 0.8919037688331767, 0.9888703047284259, 0.9614090194299738, 0.6892069010723885, 0.7517768196596502, 0.7811289060477702, 0.8792639033615427, 0.9286397450360494, 0.9407758204572348, 0.8847122941776521], [0.8410942554488569, 0.7438581362044165, 0.8086380564847319, 0.7668759175016887, 0.7369438980180522, 0.8284722748312439, 0.799366296938391, 0.8168104262242516, 0.7074365756470041, 0.7720955206569573, 0.7912291656471365, 0.8081825205781279, 0.9459307847046777, 0.7562194633045898, 0.8938005657906983, 0.8133165661498772, 0.7351638153717001, 0.7448135367707883, 0.5406793128844327, 0.8599868347423951, 0.8067126626809782, 0.8573410650072271, 0.7883066458313627, 0.9670894410188982, 0.9083220404992397, 0.7121650758613562, 0.7579686687953663, 0.9706039578474766, 0.9322619041199317, 1.0, 0.867014274817932, 0.8067673602267214, 0.9541109451893702, 0.9207874317459611, 0.833560731413447, 0.9260847278786232, 0.9224056565688261, 0.647567470303007, 0.8670030710349284, 0.6868795647365208, 0.7479332015251359, 0.8509177932114974, 0.855031416702312, 0.7985503181272706], [0.9946605235037165, 0.9700757642391671, 0.9325604388995699, 0.9758987896248702, 0.8266555937923257, 0.9772771026250207, 0.9815785410599994, 0.894702169669452, 0.8421929936981106, 0.9787950457907781, 0.9482250905693945, 0.9825440609583473, 0.7736141277444756, 0.970384935633855, 0.9784706683384027, 0.9859885517947348, 0.9371174764311425, 0.9651837221684669, 0.39844202600178347, 0.838379941321459, 0.9882459553610792, 0.9804756424743788, 0.9841050597860858, 0.9034833180098204, 0.9667293087702424, 0.8473301937051815, 0.9676679114612032, 0.8685914223913158, 0.9430018158762008, 0.867014274817932, 1.0, 0.9800753835981814, 0.9317207328723122, 0.7776373854844989, 0.9546726929644702, 0.963197209771907, 0.974264473949368, 0.6224786679672235, 0.630933934599889, 0.8468310919729546, 0.9718838071257031, 0.982496449125242, 0.9917015346100523, 0.945928591064901], [0.9876604109413174, 0.9823149809357713, 0.9500599285121577, 0.9855750868974833, 0.868928229726127, 0.9798689722323307, 0.9878343682097384, 0.9157007978928653, 0.8912230981841298, 0.9865512488565885, 0.9671703509156039, 0.9920926566592015, 0.7370383046002278, 0.9861685244302975, 0.966816438769241, 0.9900907563515963, 0.9690694436202119, 0.9907198728277946, 0.394131252445718, 0.831123196004134, 0.9904290560054522, 0.977078617408663, 0.9889663720185246, 0.8572108302677653, 0.9517857008701186, 0.8874376797530005, 0.9914705010337587, 0.8260514114464842, 0.9192655875201148, 0.8067673602267214, 0.9800753835981814, 1.0, 0.9084173823325031, 0.7435253418676936, 0.9609104956560323, 0.9389532909030843, 0.9538623709152668, 0.659703860157844, 0.5872696761715562, 0.8932374331228219, 0.9823976803095638, 0.9777145121963007, 0.9860224824354603, 0.9647009648240505], [0.9199713896564489, 0.8473516677583111, 0.9131073919375269, 0.866901133018638, 0.8474188064312758, 0.9339072279960627, 0.8930153798801724, 0.9199905364828691, 0.8273808730120819, 0.8705496835807477, 0.8874911163097547, 0.9039852027596358, 0.9254101725762838, 0.8607109509449371, 0.9505905002386844, 0.9036025560539044, 0.8489023920727582, 0.8582147161754625, 0.522357000097041, 0.9151508528738778, 0.8949095973007543, 0.9336769038848246, 0.8822323171705998, 0.9587749589550147, 0.9609557071052713, 0.8322940471828201, 0.8685551843574957, 0.9490187952176485, 0.9651813988601367, 0.9541109451893702, 0.9317207328723125, 0.9084173823325035, 1.0, 0.8958412405308958, 0.9302523111936389, 0.96694387357056, 0.9660896066140088, 0.7144652925861725, 0.7887957745753401, 0.8155245778425991, 0.8501886500237542, 0.9233006910638829, 0.9299162787364302, 0.9147067655725908], [0.7648624931231298, 0.6667129538753893, 0.8081577351010015, 0.6948854401586521, 0.7829345435700213, 0.7730694562914435, 0.7304319725750473, 0.8392197244720574, 0.7210097713918746, 0.6984263471823338, 0.7894148934978477, 0.75956836989618, 0.936337580053658, 0.6975874750460467, 0.8144001323056137, 0.7547736560891698, 0.7255279462665916, 0.685700843911727, 0.5816826961698589, 0.9202579847296535, 0.7192268270536124, 0.807791336806835, 0.7075010334749704, 0.95664810870736, 0.8646046351681475, 0.765782026415896, 0.7085000295642593, 0.9320409267018563, 0.8862856976492729, 0.9207874317459611, 0.7776373854844989, 0.7435253418676936, 0.8958412405308958, 1.0, 0.7600893696207042, 0.880062797059517, 0.8467333242904547, 0.7579965960722904, 0.9285947385364013, 0.7153103107491674, 0.6709584646419723, 0.7620046092108503, 0.7701046516520155, 0.7696815482474633], [0.9550152611502772, 0.9288886771102823, 0.9600970978676603, 0.9292852251547342, 0.8843094498269694, 0.9550294165162616, 0.9345437362730454, 0.9391423336887726, 0.9057114416686667, 0.9323110506912926, 0.9463240233700777, 0.9601256860270572, 0.8006030423687656, 0.9442556426470052, 0.9618997034414615, 0.9398581511320745, 0.9347243231899132, 0.9386953432191371, 0.4892373108328234, 0.8544834878399807, 0.9582592606413551, 0.9296595658315399, 0.9517126224501519, 0.8573437969256866, 0.9131984169453328, 0.8994499641145917, 0.9474658290617151, 0.837710939157072, 0.8919037688331767, 0.833560731413447, 0.9546726929644702, 0.9609104956560323, 0.9302523111936387, 0.7600893696207042, 1.0, 0.906912981908999, 0.9541581283527368, 0.701340841409745, 0.6404945856215195, 0.9155398131787551, 0.9284055615027828, 0.9682793139942946, 0.9637754542944194, 0.9537766393817119], [0.9580292783515753, 0.901261808376185, 0.9144643885554238, 0.9223050381791087, 0.8304604378307943, 0.9537135311385458, 0.9446292133138192, 0.8966234283400896, 0.8119357256668728, 0.9246713574060871, 0.9176916217368362, 0.9384050534585335, 0.8521951036585493, 0.9099442263209717, 0.9612041470111261, 0.9545409400280694, 0.88986799105252, 0.9031552301399096, 0.43154539629154537, 0.8902188442315075, 0.9313544605842353, 0.9808640518394306, 0.9237291343572048, 0.9685688864974313, 0.9961560155673752, 0.8267124939707822, 0.9107315599589403, 0.9388667241067262, 0.9888703047284259, 0.9260847278786232, 0.963197209771907, 0.9389532909030843, 0.9669438735705597, 0.880062797059517, 0.906912981908999, 1.0, 0.9741583813093937, 0.6696312946886801, 0.7323661187415731, 0.8073108285987446, 0.9046825070026231, 0.9402736471004018, 0.9562930337976894, 0.916623055317403], [0.9690021362759653, 0.915965038421801, 0.938035574544938, 0.9265632954382931, 0.8652318530262866, 0.949812495451512, 0.9426053882070662, 0.9127616143932373, 0.8628590777477103, 0.9308914088020922, 0.9296491952392537, 0.9501731481671389, 0.8615984745629245, 0.927708516793503, 0.9898445724712654, 0.9528407017592235, 0.9050859726838579, 0.9173495090808608, 0.4979988729433913, 0.8773799763837252, 0.9551233503539793, 0.968777325103577, 0.9418374966431753, 0.9414625328564231, 0.9752589208704355, 0.8469577811461457, 0.925250056682483, 0.9381634710245975, 0.9614090194299738, 0.9224056565688261, 0.974264473949368, 0.9538623709152668, 0.9660896066140086, 0.8467333242904547, 0.9541581283527368, 0.9741583813093937, 1.0, 0.7003961852824276, 0.7319301507878582, 0.8462921506724108, 0.9169078298459641, 0.9778818532351836, 0.9776789126372297, 0.9272777935838523], [0.6226632093455745, 0.580765783371872, 0.7951757650376517, 0.5903310971095067, 0.8902017516306023, 0.6433423216691139, 0.6126155695458954, 0.776905972587234, 0.8517756819333526, 0.5938472114651425, 0.7257342862594304, 0.6543264217644964, 0.7595394824591347, 0.6212831710063292, 0.7114508726407008, 0.6315756285710272, 0.686613190380675, 0.6115894058091816, 0.7495907276281064, 0.7830947200626043, 0.6245132192990338, 0.6523236283067562, 0.6081467796889742, 0.6936711543360797, 0.6892843229122059, 0.7957768326651582, 0.6358979880076039, 0.7283479600851501, 0.6892069010723885, 0.647567470303007, 0.6224786679672236, 0.6597038601578441, 0.7144652925861725, 0.7579965960722904, 0.7013408414097452, 0.6696312946886801, 0.7003961852824276, 1.0, 0.7339652007862463, 0.7765571571900154, 0.577505161144006, 0.6807326648818688, 0.6568328151938314, 0.6810826188869731], [0.6080727702456156, 0.5044894695756713, 0.6748343154299138, 0.5260652157734393, 0.6836419530649696, 0.6082276215507701, 0.5608314206362602, 0.7035132460504239, 0.6158716755908954, 0.5320325566991027, 0.6303904098497463, 0.5970780533151713, 0.9383617423793189, 0.5347577384013611, 0.6962242122423624, 0.5863858216014272, 0.5610758838088512, 0.5207065453428437, 0.729225048865908, 0.8208127651770568, 0.571583164276442, 0.6389432932580211, 0.5496555361838433, 0.8454813863133682, 0.7154250645952246, 0.6204087328447625, 0.5427173196621765, 0.8791740462072656, 0.7517768196596502, 0.8670030710349284, 0.630933934599889, 0.5872696761715562, 0.7887957745753401, 0.9285947385364013, 0.6404945856215195, 0.7323661187415731, 0.7319301507878582, 0.7339652007862463, 1.0, 0.5845644799949392, 0.5068879946187399, 0.6378235197691599, 0.6273020976690481, 0.6159331999950932], [0.8646859103466954, 0.8542639874030689, 0.958327353890617, 0.8498865429136846, 0.9493297288849533, 0.8811992047218871, 0.8479539867419967, 0.9516391165651497, 0.9505790995778113, 0.8525312984395641, 0.9442162362320893, 0.90827408644901, 0.7075358088376722, 0.8930395815840964, 0.8558030677862147, 0.8675084716742488, 0.9515529140880417, 0.8889180619511091, 0.4901208000757261, 0.864754140952465, 0.864914398803463, 0.8463861070218861, 0.8636854275308382, 0.7642551595048634, 0.8231404199670204, 0.9799831590921617, 0.907038161688808, 0.7301294400076114, 0.7811289060477702, 0.6868795647365208, 0.8468310919729546, 0.8932374331228219, 0.8155245778425989, 0.7153103107491674, 0.9155398131787551, 0.8073108285987446, 0.8462921506724108, 0.7765571571900152, 0.5845644799949392, 1.0, 0.8520215768791226, 0.8688702954971458, 0.861738083460789, 0.9328640568592775], [0.980550880855859, 0.9997615929947342, 0.9139831870872483, 0.9980944926909657, 0.8039985201824044, 0.9646004815719106, 0.990899025194632, 0.856790138694806, 0.8409575816119723, 0.9982382439548011, 0.9442173169668892, 0.9810907406405256, 0.6533377479867851, 0.9935009225829257, 0.9368565520406047, 0.986959994734616, 0.9579273588039032, 0.9924806327746452, 0.32149477992781106, 0.7594089050567262, 0.9900032954693916, 0.9613058387254216, 0.9954694690963513, 0.8076240421671458, 0.9188225195227175, 0.8430635981253983, 0.9892411006216314, 0.7628136029161485, 0.8792639033615427, 0.7479332015251359, 0.9718838071257031, 0.9823976803095638, 0.850188650023754, 0.6709584646419723, 0.9284055615027828, 0.9046825070026231, 0.9169078298459641, 0.5775051611440059, 0.5068879946187399, 0.8520215768791226, 1.0, 0.9597503326385998, 0.9729713251125762, 0.931423057468098], [0.9776278541786755, 0.9610962447867251, 0.9464378141478582, 0.9621893038307653, 0.8666232623992648, 0.9549837269495105, 0.9683497377149192, 0.8909571941128319, 0.8901403742127464, 0.9663039886291304, 0.9436340355342978, 0.9703949665874873, 0.7809723742212619, 0.9658137686611317, 0.9927139228140373, 0.9696083961684755, 0.9351463598302301, 0.9562377924781436, 0.4555686736142361, 0.8249474591032009, 0.987248077130338, 0.9630367865228582, 0.9768124395901495, 0.8774840198924556, 0.9523248939801994, 0.8538861602935944, 0.9612713924648963, 0.8714386324142263, 0.9286397450360494, 0.8509177932114974, 0.982496449125242, 0.9777145121963007, 0.9233006910638826, 0.7620046092108503, 0.9682793139942946, 0.9402736471004018, 0.9778818532351836, 0.6807326648818686, 0.6378235197691599, 0.8688702954971458, 0.9597503326385998, 1.0, 0.9934096356242126, 0.9312636657983517], [0.9895256468328507, 0.9728319489609615, 0.9431747496877356, 0.9781701838812724, 0.8484359975889427, 0.9710807236634029, 0.9846858838007584, 0.8959269012988982, 0.8705004137125861, 0.9804087553289664, 0.9510118438168035, 0.9802500997930279, 0.7718085500464563, 0.9744866078340665, 0.9890333389675282, 0.9843179710923813, 0.9429414945700818, 0.967732555231499, 0.4205875629386204, 0.8247147572976101, 0.9912415572299006, 0.9812178578568074, 0.9872530369228063, 0.8895216047700976, 0.9651544567416666, 0.8544913698790799, 0.970876647411877, 0.867210090200368, 0.9407758204572348, 0.855031416702312, 0.9917015346100523, 0.9860224824354603, 0.9299162787364299, 0.7701046516520155, 0.9637754542944194, 0.9562930337976894, 0.9776789126372297, 0.6568328151938313, 0.6273020976690481, 0.861738083460789, 0.9729713251125762, 0.9934096356242126, 1.0, 0.9392337819176274], [0.9555857265204596, 0.9301310099965219, 0.9599094105129402, 0.9337134836769925, 0.902603823943545, 0.979203224427135, 0.9360527252379655, 0.9637930376032701, 0.904750308874631, 0.936256282773762, 0.9584733697237503, 0.9725458835810842, 0.7665088396417434, 0.9450598637053317, 0.9235824612441194, 0.9520590223983789, 0.9579763237685558, 0.956704668665431, 0.4205791907704826, 0.8998378837203452, 0.941438764765429, 0.9418569046634082, 0.9385478737557504, 0.8585461850710788, 0.9231301765601537, 0.9339188382163089, 0.962607067336304, 0.8184550487224674, 0.8847122941776521, 0.7985503181272706, 0.945928591064901, 0.9647009648240505, 0.9147067655725906, 0.7696815482474633, 0.9537766393817119, 0.916623055317403, 0.9272777935838523, 0.681082618886973, 0.6159331999950932, 0.9328640568592775, 0.931423057468098, 0.9312636657983517, 0.9392337819176274, 1.0]]