[[1.0, 0.9732502974479615, 0.997748628682519, 0.9971180779659701, 0.9930071897431152, 0.9962962759891316, 0.9945457273395677, 0.9940645549514022, 0.9939202859171499, 0.9688196172039698, 0.992936285260994, 0.9904504577315039], [0.9732502974479615, 1.0000000000000004, 0.9671049252336785, 0.9643496309334638, 0.9493697329216926, 0.9616216809265302, 0.9575002289591026, 0.9590483596517575, 0.9516953591238301, 0.9979304778554348, 0.9481475776628056, 0.9416169012087476], [0.997748628682519, 0.9671049252336785, 1.0, 0.9970397160152348, 0.9962232718060131, 0.9958627345811567, 0.997547582633294, 0.9940455374228969, 0.9969791946175126, 0.9616840476019575, 0.9964037404084817, 0.9940241268003371], [0.9971180779659701, 0.9643496309334638, 0.9970397160152348, 0.9999999999999999, 0.9920039801535228, 0.9953590061235636, 0.9945686946391724, 0.9968986750020821, 0.9927725685086876, 0.958221357723849, 0.992378294802492, 0.9901131574267639], [0.9930071897431152, 0.9493697329216926, 0.9962232718060131, 0.9920039801535228, 1.0, 0.9947555693464356, 0.9987944857575705, 0.990611497642796, 0.9995673612056423, 0.9433897029041688, 0.9995720453770717, 0.9988264944213379], [0.9962962759891316, 0.9616216809265302, 0.9958627345811567, 0.9953590061235636, 0.9947555693464356, 0.9999999999999999, 0.9957684818970327, 0.9927878507502464, 0.9956236012208992, 0.9587726696508199, 0.9948279008255482, 0.9914715210268317], [0.9945457273395677, 0.9575002289591026, 0.997547582633294, 0.9945686946391724, 0.9987944857575705, 0.9957684818970327, 1.0000000000000002, 0.9943851820254178, 0.9991264543379804, 0.951715335588462, 0.998852718470209, 0.9976089098734597], [0.9940645549514022, 0.9590483596517575, 0.9940455374228969, 0.9968986750020821, 0.990611497642796, 0.9927878507502464, 0.9943851820254178, 0.9999999999999998, 0.9923161736768421, 0.9530150701117939, 0.9918633787667177, 0.991635894611913], [0.9939202859171499, 0.9516953591238301, 0.9969791946175126, 0.9927725685086876, 0.9995673612056423, 0.9956236012208992, 0.9991264543379804, 0.9923161736768421, 0.9999999999999999, 0.946029767586966, 0.999857772590228, 0.9987138389851367], [0.9688196172039698, 0.9979304778554348, 0.9616840476019575, 0.958221357723849, 0.9433897029041688, 0.9587726696508199, 0.951715335588462, 0.9530150701117939, 0.946029767586966, 1.0000000000000002, 0.9419335993034958, 0.9346267911590693], [0.992936285260994, 0.9481475776628056, 0.9964037404084817, 0.992378294802492, 0.9995720453770717, 0.9948279008255482, 0.998852718470209, 0.9918633787667177, 0.999857772590228, 0.9419335993034958, 0.9999999999999996, 0.9990301124985786], [0.9904504577315039, 0.9416169012087476, 0.9940241268003371, 0.9901131574267639, 0.9988264944213379, 0.9914715210268317, 0.9976089098734597, 0.991635894611913, 0.9987138389851367, 0.9346267911590693, 0.9990301124985786, 0.9999999999999999]]