[[1.0000000000000002, 0.857499695850947, 0.8668662815553736, 0.8635372082976935, 0.8739028971328673, 0.83066311716905, 0.8764640662242501, 0.901696184774044, 0.8851534705342952, 0.8919507749484897, 0.8655707978128451, 0.925461635903989], [0.857499695850947, 1.0, 0.8141274553635324, 0.8672472838260994, 0.8607233307065116, 0.8311197108451831, 0.8936136016320556, 0.8846648423629064, 0.8352175391074659, 0.8627311315320219, 0.8695774984354634, 0.9012520166066894], [0.8668662815553736, 0.8141274553635324, 0.9999999999999998, 0.8323482531547663, 0.8380473813338283, 0.8420245446252771, 0.8559379226046024, 0.8682100497667904, 0.8639174002147587, 0.8740216963890697, 0.844404325606577, 0.8645858419228568], [0.8635372082976935, 0.8672472838260994, 0.8323482531547663, 1.0, 0.8511671763279316, 0.8537243790537372, 0.8731657607255783, 0.8943455717847015, 0.869190363265604, 0.8803399771198372, 0.8399033801699517, 0.8864462859472827], [0.8739028971328673, 0.8607233307065116, 0.8380473813338283, 0.8511671763279316, 0.9999999999999998, 0.8704498807921859, 0.8711608588384174, 0.8540971813840321, 0.8725055673964277, 0.8744555518247914, 0.8644518663933392, 0.8837717165956608], [0.83066311716905, 0.8311197108451831, 0.8420245446252771, 0.8537243790537372, 0.8704498807921859, 0.9999999999999999, 0.8672311244106525, 0.8714391915903443, 0.860391002170918, 0.8742671989036286, 0.8567107274864947, 0.8746069078928611], [0.8764640662242501, 0.8936136016320556, 0.8559379226046024, 0.8731657607255783, 0.8711608588384174, 0.8672311244106525, 1.0000000000000002, 0.9053286741199345, 0.8566014041403839, 0.898201811234647, 0.8752779641717672, 0.9117008389917065], [0.901696184774044, 0.8846648423629064, 0.8682100497667904, 0.8943455717847015, 0.8540971813840321, 0.8714391915903443, 0.9053286741199345, 1.0000000000000004, 0.901266040021453, 0.9144443348329728, 0.8624534231628975, 0.9132803565885217], [0.8851534705342952, 0.8352175391074659, 0.8639174002147587, 0.869190363265604, 0.8725055673964277, 0.860391002170918, 0.8566014041403839, 0.901266040021453, 1.0, 0.8995358956768525, 0.8571980431426753, 0.9098088326144198], [0.8919507749484897, 0.8627311315320219, 0.8740216963890697, 0.8803399771198372, 0.8744555518247914, 0.8742671989036286, 0.898201811234647, 0.9144443348329728, 0.8995358956768525, 0.9999999999999997, 0.8608074925077488, 0.8967021861163335], [0.8655707978128451, 0.8695774984354634, 0.844404325606577, 0.8399033801699517, 0.8644518663933392, 0.8567107274864947, 0.8752779641717672, 0.8624534231628975, 0.8571980431426753, 0.8608074925077488, 0.9999999999999998, 0.8973831614023267], [0.925461635903989, 0.9012520166066894, 0.8645858419228568, 0.8864462859472827, 0.8837717165956608, 0.8746069078928611, 0.9117008389917065, 0.9132803565885217, 0.9098088326144198, 0.8967021861163335, 0.8973831614023267, 1.0]]