[[1.0, 0.7926431815629981, 0.9833480371353808, 0.9797625140797471, 0.9448400879946963, 0.9738047219740813, 0.9619253607551941, 0.955418742392358, 0.9554819123837714, 0.7571654815856105, 0.9509419161882298, 0.9344849505947337], [0.7926431815629981, 1.0, 0.7512050977318057, 0.7510541162832945, 0.6484225802957897, 0.7497243898729701, 0.7178280121111918, 0.7578315524925326, 0.6757186168238689, 0.9877435509242225, 0.6774259886088843, 0.6535462164638424], [0.9833480371353808, 0.7512050977318057, 1.0, 0.9783216989390174, 0.9700023797406129, 0.9687254253023962, 0.9820818725047344, 0.9508679026502613, 0.9778820239445213, 0.7123399023078372, 0.9740439726216906, 0.9573579157800243], [0.9797625140797471, 0.7510541162832945, 0.9783216989390174, 1.0, 0.9378043638294844, 0.9674784089526232, 0.9620901007002013, 0.9741957517154289, 0.9475376331269796, 0.7112717022950826, 0.9471847391417844, 0.932276012692042], [0.9448400879946963, 0.6484225802957897, 0.9700023797406129, 0.9378043638294844, 1.0, 0.9536114978853025, 0.9865952414564421, 0.9165496458896438, 0.9956402902296883, 0.6116783988974469, 0.9924049185445004, 0.9861934311641383], [0.9738047219740813, 0.7497243898729701, 0.9687254253023962, 0.9674784089526232, 0.9536114978853025, 1.0, 0.9699137869018563, 0.9504815143225834, 0.9653195668954729, 0.7258462652753742, 0.9634572975821527, 0.9414696409454177], [0.9619253607551941, 0.7178280121111918, 0.9820818725047344, 0.9620901007002013, 0.9865952414564421, 0.9699137869018563, 1.0, 0.9568035467574758, 0.99250575902072, 0.6815835767676812, 0.9918479552238246, 0.9831155552520208], [0.955418742392358, 0.7578315524925326, 0.9508679026502613, 0.9741957517154289, 0.9165496458896438, 0.9504815143225834, 0.9568035467574758, 1.0, 0.9364525898952302, 0.7237274463401435, 0.9402655825145299, 0.9397560722640247], [0.9554819123837714, 0.6757186168238689, 0.9778820239445213, 0.9475376331269796, 0.9956402902296883, 0.9653195668954729, 0.99250575902072, 0.9364525898952302, 1.0, 0.6405010739619832, 0.9978540274008643, 0.9892154264160185], [0.7571654815856107, 0.9877435509242222, 0.7123399023078374, 0.7112717022950829, 0.6116783988974471, 0.7258462652753743, 0.6815835767676814, 0.7237274463401437, 0.6405010739619833, 1.0, 0.6424611865095788, 0.6179392885377051], [0.9509419161882298, 0.6774259886088843, 0.9740439726216906, 0.9471847391417844, 0.9924049185445004, 0.9634572975821527, 0.9918479552238246, 0.9402655825145299, 0.9978540274008643, 0.6424611865095787, 1.0, 0.993089747915087], [0.9344849505947337, 0.6535462164638424, 0.9573579157800243, 0.932276012692042, 0.9861934311641383, 0.9414696409454177, 0.9831155552520208, 0.9397560722640247, 0.9892154264160185, 0.6179392885377049, 0.993089747915087, 1.0]]