[[1.0, 0.9480240480204447, 0.9914363986538921, 0.98321564370362, 0.9804943105283382, 0.9846336074409622, 0.9874242970594904, 0.9565778395705808, 0.9858411123322164, 0.9314238784175638, 0.9731111983471359, 0.9611157099753984], [0.9480240480204447, 1.0, 0.9410189067022191, 0.9398454571405721, 0.9212297646288178, 0.9567957912448295, 0.9590049203326616, 0.9426451403913788, 0.9372780583925044, 0.9867293402587279, 0.9481889465609707, 0.9318356039571191], [0.9914363986538921, 0.9410189067022191, 1.0, 0.984214895177813, 0.991598161321305, 0.9835121059513, 0.9809812823937926, 0.9497335676970051, 0.9874792631154664, 0.926861894226012, 0.9714747137682483, 0.9590153011829059], [0.98321564370362, 0.9398454571405721, 0.984214895177813, 1.0, 0.9820229011141925, 0.9703361775282863, 0.9869461539492103, 0.9555658820408773, 0.9919913235193326, 0.9336173533507425, 0.9887985267383541, 0.9713687059963426], [0.9804943105283382, 0.9212297646288178, 0.991598161321305, 0.9820229011141925, 1.0, 0.9762707263477608, 0.9746867667159296, 0.943755792266621, 0.9871178214778688, 0.9099117890736647, 0.9719630193655917, 0.9625018690832607], [0.9846336074409622, 0.9567957912448295, 0.9835121059513, 0.9703361775282863, 0.9762707263477608, 1.0, 0.9794545064672964, 0.9463259854542033, 0.9751269451276009, 0.9366350161786158, 0.9604081733191642, 0.9467993675841102], [0.9874242970594904, 0.9590049203326616, 0.9809812823937926, 0.9869461539492103, 0.9746867667159296, 0.9794545064672964, 1.0, 0.9610894902272769, 0.9914398526378104, 0.9402370917917761, 0.9882518169449154, 0.9709108435219507], [0.9565778395705808, 0.9426451403913788, 0.9497335676970051, 0.9555658820408773, 0.943755792266621, 0.9463259854542033, 0.9610894902272769, 1.0, 0.9582082853881447, 0.9420547936817445, 0.960921307902992, 0.9809142849233567], [0.9858411123322164, 0.9372780583925044, 0.9874792631154664, 0.9919913235193326, 0.9871178214778688, 0.9751269451276009, 0.9914398526378104, 0.9582082853881447, 1.0, 0.9222478693891092, 0.9933919348024025, 0.9762644226675088], [0.9314238784175638, 0.9867293402587279, 0.926861894226012, 0.9336173533507425, 0.9099117890736647, 0.9366350161786158, 0.9402370917917761, 0.9420547936817445, 0.9222478693891092, 1.0, 0.9365229721785956, 0.9369497432843651], [0.9731111983471359, 0.9481889465609707, 0.9714747137682483, 0.9887985267383541, 0.9719630193655917, 0.9604081733191642, 0.9882518169449154, 0.960921307902992, 0.9933919348024025, 0.9365229721785956, 1.0, 0.9818802433475392], [0.9611157099753984, 0.9318356039571191, 0.9590153011829059, 0.9713687059963426, 0.9625018690832607, 0.9467993675841102, 0.9709108435219507, 0.9809142849233567, 0.9762644226675088, 0.9369497432843651, 0.9818802433475392, 1.0]]