[[1.0, 0.9080808080808065, 0.9140404040404028, 0.9022222222222207, 0.9118181818181806, 0.9114141414141405, 0.9051515151515136, 0.9217171717171706, 0.9125252525252512, 0.9158585858585845, 0.9061616161616145, 0.9180808080808067], [0.9080808080808065, 1.0, 0.9161616161616146, 0.9146464646464634, 0.9061616161616145, 0.9048484848484835, 0.916161616161615, 0.9047474747474731, 0.9139393939393926, 0.9025252525252512, 0.9111111111111098, 0.9120202020202006], [0.9140404040404028, 0.9161616161616146, 1.0, 0.9150505050505038, 0.9124242424242411, 0.9132323232323218, 0.907676767676766, 0.9065656565656551, 0.918383838383837, 0.9132323232323218, 0.9161616161616146, 0.9098989898989885], [0.9022222222222207, 0.9146464646464634, 0.9150505050505038, 1.0, 0.9150505050505037, 0.9095959595959581, 0.9087878787878774, 0.8977777777777761, 0.9099999999999986, 0.9062626262626248, 0.9065656565656551, 0.9117171717171705], [0.9118181818181806, 0.9061616161616145, 0.9124242424242411, 0.9150505050505037, 1.0, 0.9135353535353522, 0.907373737373736, 0.9029292929292915, 0.914343434343433, 0.9099999999999986, 0.9136363636363622, 0.9169696969696958], [0.9114141414141405, 0.9048484848484835, 0.9132323232323218, 0.9095959595959581, 0.9135353535353522, 1.0, 0.9030303030303015, 0.9070707070707057, 0.915454545454544, 0.9080808080808065, 0.9209090909090895, 0.908484848484847], [0.9051515151515136, 0.916161616161615, 0.907676767676766, 0.9087878787878774, 0.907373737373736, 0.9030303030303015, 1.0, 0.9146464646464634, 0.9103030303030288, 0.914343434343433, 0.9147474747474733, 0.9146464646464633], [0.9217171717171706, 0.9047474747474731, 0.9065656565656551, 0.8977777777777761, 0.9029292929292915, 0.9070707070707057, 0.9146464646464634, 1.0, 0.908484848484847, 0.9306060606060595, 0.9062626262626248, 0.9125252525252512], [0.9125252525252512, 0.9139393939393926, 0.918383838383837, 0.9099999999999986, 0.914343434343433, 0.915454545454544, 0.9103030303030288, 0.908484848484847, 1.0, 0.9128282828282812, 0.9147474747474733, 0.918383838383837], [0.9158585858585845, 0.9025252525252512, 0.9132323232323218, 0.9062626262626248, 0.9099999999999986, 0.9080808080808065, 0.914343434343433, 0.9306060606060595, 0.9128282828282812, 1.0, 0.9010101010100994, 0.9257575757575747], [0.9061616161616145, 0.9111111111111098, 0.9161616161616146, 0.9065656565656551, 0.9136363636363622, 0.9209090909090895, 0.9147474747474733, 0.9062626262626248, 0.9147474747474733, 0.9010101010100994, 1.0, 0.9054545454545441], [0.9180808080808067, 0.9120202020202006, 0.9098989898989885, 0.9117171717171705, 0.9169696969696958, 0.908484848484847, 0.9146464646464633, 0.9125252525252512, 0.918383838383837, 0.9257575757575747, 0.9054545454545441, 1.0]]