[[0.0, 0.10122358175751023, 0.09404354072273335, 0.10837438423645507, 0.09670987038883494, 0.09719605452732027, 0.10478741211918496, 0.08493150684931638, 0.09586008412663438, 0.09187162236682633, 0.10355590235202516, 0.08922873803498899], [0.10122358175751023, 0.0, 0.0915104740904098, 0.09331860850359064, 0.10355590235202516, 0.105157401205628, 0.09151047409040935, 0.10528078597744983, 0.0941644562334234, 0.10800223838836209, 0.09756097560975774, 0.0964669398604514], [0.09404354072273335, 0.0915104740904098, 0.0, 0.09283585384700443, 0.09598140152773316, 0.09501161375954159, 0.10171377698642536, 0.10306406685236946, 0.08886933567972011, 0.09501161375954159, 0.0915104740904098, 0.09902309058614733], [0.10837438423645507, 0.09331860850359064, 0.09283585384700443, 0.0, 0.09283585384700466, 0.09938922820655383, 0.1003667889296449, 0.11386138613861596, 0.09890109890110055, 0.10343290236290859, 0.10306406685236946, 0.09683137602481873], [0.09670987038883494, 0.10355590235202516, 0.09598140152773316, 0.09283585384700466, 0.0, 0.09464838567005907, 0.1020817098964728, 0.1075064324868571, 0.0936809544851982, 0.09890109890110055, 0.09452736318408128, 0.09054857898215607], [0.09719605452732027, 0.105157401205628, 0.09501161375954159, 0.09938922820655383, 0.09464838567005907, 0.0, 0.10738255033557231, 0.10244988864142712, 0.09235352532274255, 0.10122358175751023, 0.08588351431392072, 0.10073382254836738], [0.10478741211918496, 0.09151047409040935, 0.10171377698642536, 0.1003667889296449, 0.1020817098964728, 0.10738255033557231, 0.0, 0.09331860850359064, 0.09853528628495511, 0.0936809544851982, 0.09319787985865902, 0.09331860850359086], [0.08493150684931638, 0.10528078597744983, 0.10306406685236946, 0.11386138613861596, 0.1075064324868571, 0.10244988864142712, 0.09331860850359064, 0.0, 0.10073382254836738, 0.07456854444806371, 0.10343290236290859, 0.09586008412663438], [0.09586008412663438, 0.0941644562334234, 0.08886933567972011, 0.09890109890110055, 0.0936809544851982, 0.09235352532274255, 0.09853528628495511, 0.10073382254836738, 0.0, 0.09549629301759621, 0.09319787985865902, 0.08886933567972011], [0.09187162236682633, 0.10800223838836209, 0.09501161375954159, 0.10343290236290859, 0.09890109890110055, 0.10122358175751023, 0.0936809544851982, 0.07456854444806371, 0.09549629301759621, 0.0, 0.10986547085201992, 0.08019639934533673], [0.10355590235202516, 0.09756097560975774, 0.0915104740904098, 0.10306406685236946, 0.09452736318408128, 0.08588351431392072, 0.09319787985865902, 0.10343290236290859, 0.09319787985865902, 0.10986547085201992, 0.0, 0.10441767068273267], [0.08922873803498899, 0.0964669398604514, 0.09902309058614733, 0.09683137602481873, 0.09054857898215607, 0.10073382254836738, 0.09331860850359086, 0.09586008412663438, 0.08886933567972011, 0.08019639934533673, 0.10441767068273267, 0.0]]