[[3.371747880871523e-07, 4.820602854495907, 1.2958458785343743, 1.429862554810363, 2.3820072388803744, 1.6292478702435222, 1.970239043848874, 2.135545852788867, 2.1339973168275024, 5.274215084770339, 2.2428173101118083, 2.603070426413561], [4.820602854495907, 0.0, 5.348612577044232, 5.350491293781844, 6.581889281112167, 5.367025434619608, 5.7578231657214305, 5.265872618083633, 6.260818931226949, 1.110503433973696, 6.2406327732155376, 6.521825104786356], [1.2958458785343743, 5.348612577044232, 0.0, 1.480429921147223, 1.7451863552893117, 1.7825281503001154, 1.34464124881997, 2.2445518419549706, 1.495534892179728, 5.824088689255524, 1.6216913988126977, 2.0875334672432544], [1.429862554810363, 5.350491293781844, 1.480429921147223, 0.0, 2.53404654801508, 1.8183005982304241, 1.9658884233525076, 1.616880280423828, 2.321392351036073, 5.8369579501157505, 2.3294017800743494, 2.6481381607359142], [2.3820072388803744, 6.581889281112167, 1.7451863552893117, 2.53404654801508, 3.371747880871523e-07, 2.179424818560539, 1.1616976098891407, 2.951932319146505, 0.6610023462404868, 7.011052892303378, 0.8731592618224726, 1.179099909616015], [1.6292478702435222, 5.367025434619608, 1.7825281503001154, 1.8183005982304241, 2.179424818560539, 3.371747880871523e-07, 1.7478012163099743, 2.2535874869770853, 1.8787249681373468, 5.6605392181294345, 1.9294328755215793, 2.455874117619996], [1.970239043848874, 5.7578231657214305, 1.34464124881997, 1.9658884233525076, 1.1616976098891407, 1.7478012163099743, 0.0, 2.1013611992535957, 0.8673213878291, 6.1914166301030145, 0.904735010275435, 1.3049372429181019], [2.135545852788867, 5.265872618083633, 2.2445518419549706, 1.616880280423828, 2.951932319146505, 2.2535874869770853, 2.1013611992535957, 4.76837158203125e-07, 2.5623501547925818, 5.686302953631745, 2.4817918734967086, 2.4926880066481747], [2.1339973168275024, 6.260818931226949, 1.495534892179728, 2.321392351036073, 0.6610023462404868, 1.8787249681373468, 0.8673213878291, 2.5623501547925818, 0.0, 6.674612205148105, 0.4634952532502129, 1.0413044039175356], [5.2742150847703355, 1.110503433973709, 5.824088689255522, 5.836957950115748, 7.011052892303376, 5.660539218129432, 6.191416630103013, 5.686302953631742, 6.674612205148103, 0.0, 6.651683051223567, 6.938047743870768], [2.2428173101118083, 6.2406327732155376, 1.6216913988126977, 2.3294017800743494, 0.8731592618224726, 1.9294328755215793, 0.904735010275435, 2.4817918734967086, 0.4634952532502129, 6.651683051223569, 4.76837158203125e-07, 0.8327207480243257], [2.603070426413561, 6.521825104786356, 2.0875334672432544, 2.6481381607359142, 1.179099909616015, 2.455874117619996, 1.3049372429181019, 2.4926880066481747, 1.0413044039175356, 6.93804774387077, 0.8327207480243257, 3.371747880871523e-07]]