[[0.0, 0.8918436436045292, 0.8338195293037609, 0.95481991845738, 0.8235391460640538, 0.8752332318054332, 0.9223620500834075, 0.720293382999345, 0.9107650478432314, 0.7760851790177463, 1.0321894184859333, 0.7653551103037164], [0.8918436436045292, 0.0, 0.7809859403577302, 0.7638037893294942, 0.9416773540774668, 0.9384375503564262, 0.7268338365206934, 0.9383094549068085, 0.8548719852696913, 1.001165529713322, 0.7784170207108194, 0.8947388546704678], [0.8338195293037609, 0.7809859403577302, 0.0, 0.7879809913961713, 0.8844556378479276, 0.8634828651147988, 0.9094184233898468, 1.0047330597154618, 0.8013487892060467, 0.8404331571553321, 0.7965242998296458, 0.9080302806219744], [0.95481991845738, 0.7638037893294942, 0.7879809913961713, 0.0, 0.7786305095704316, 0.8093117379393397, 0.9036627413718878, 1.0211727348335287, 0.824042500228725, 0.9830575828236034, 0.8822409995546894, 0.89165948282713], [0.8235391460640538, 0.9416773540774668, 0.8844556378479276, 0.7786305095704316, 0.0, 0.8227923116420854, 0.9233247315709554, 1.0030698420906647, 0.8321361500263302, 0.9122953614000817, 0.8017554964389213, 0.8050072696585973], [0.8752332318054332, 0.9384375503564262, 0.8634828651147988, 0.8093117379393397, 0.8227923116420854, 0.0, 0.9374392070710924, 0.9256893481849064, 0.8385468686309385, 0.9383732795011626, 0.756918373545806, 0.9105618195882261], [0.9223620500834075, 0.7268338365206934, 0.9094184233898468, 0.9036627413718878, 0.9233247315709554, 0.9374392070710924, 0.0, 0.7955594609405368, 0.8638133292349437, 0.8467493447383503, 0.7489573567430299, 0.8970875220690868], [0.720293382999345, 0.9383094549068085, 1.0047330597154618, 1.0211727348335287, 1.0030698420906647, 0.9256893481849064, 0.7955594609405368, 0.0, 0.9486139693008648, 0.5659281099464379, 0.9461325284307278, 0.8258942626305916], [0.9107650478432314, 0.8548719852696913, 0.8013487892060467, 0.824042500228725, 0.8321361500263302, 0.8385468686309385, 0.8638133292349437, 0.9486139693008648, 0.0, 0.8729065600777195, 0.8104262048018336, 0.7984491457782041], [0.7760851790177463, 1.001165529713322, 0.8404331571553321, 0.9830575828236034, 0.9122953614000817, 0.9383732795011626, 0.8467493447383503, 0.5659281099464379, 0.8729065600777195, 0.0, 1.0843880796604832, 0.6909757551923055], [1.0321894184859333, 0.7784170207108194, 0.7965242998296458, 0.8822409995546894, 0.8017554964389213, 0.756918373545806, 0.7489573567430299, 0.9461325284307278, 0.8104262048018336, 1.0843880796604832, 0.0, 0.9682424461099624], [0.7653551103037164, 0.8947388546704678, 0.9080302806219744, 0.89165948282713, 0.8050072696585973, 0.9105618195882261, 0.8970875220690868, 0.8258942626305916, 0.7984491457782041, 0.6909757551923055, 0.9682424461099624, 0.0]]