[[1.0, 0.041666666666666664, 0.03333333333333333, 0.045454545454545456, 0.03333333333333333, 0.037037037037037035, 0.041666666666666664, 0.02857142857142857, 0.03571428571428571, 0.030303030303030304, 0.047619047619047616, 0.02857142857142857], [0.041666666666666664, 1.0, 0.03333333333333333, 0.03333333333333333, 0.043478260869565216, 0.043478260869565216, 0.03125, 0.047619047619047616, 0.03571428571428571, 0.047619047619047616, 0.03571428571428571, 0.037037037037037035], [0.03333333333333333, 0.03333333333333333, 1.0, 0.03225806451612903, 0.03571428571428571, 0.03571428571428571, 0.04, 0.045454545454545456, 0.03125, 0.03333333333333333, 0.03333333333333333, 0.037037037037037035], [0.045454545454545456, 0.03333333333333333, 0.03225806451612903, 1.0, 0.034482758620689655, 0.03571428571428571, 0.041666666666666664, 0.05555555555555555, 0.034482758620689655, 0.043478260869565216, 0.041666666666666664, 0.038461538461538464], [0.03333333333333333, 0.043478260869565216, 0.03571428571428571, 0.034482758620689655, 1.0, 0.034482758620689655, 0.041666666666666664, 0.045454545454545456, 0.03225806451612903, 0.037037037037037035, 0.03225806451612903, 0.03125], [0.037037037037037035, 0.043478260869565216, 0.03571428571428571, 0.03571428571428571, 0.034482758620689655, 1.0, 0.041666666666666664, 0.04, 0.03333333333333333, 0.038461538461538464, 0.030303030303030304, 0.037037037037037035], [0.041666666666666664, 0.03125, 0.04, 0.041666666666666664, 0.041666666666666664, 0.041666666666666664, 1.0, 0.03333333333333333, 0.03571428571428571, 0.034482758620689655, 0.03125, 0.03571428571428571], [0.02857142857142857, 0.047619047619047616, 0.045454545454545456, 0.05555555555555555, 0.045454545454545456, 0.04, 0.03333333333333333, 1.0, 0.04, 0.022222222222222223, 0.043478260869565216, 0.03333333333333333], [0.03571428571428571, 0.03571428571428571, 0.03125, 0.034482758620689655, 0.03225806451612903, 0.03333333333333333, 0.03571428571428571, 0.04, 1.0, 0.034482758620689655, 0.03333333333333333, 0.029411764705882353], [0.030303030303030304, 0.047619047619047616, 0.03333333333333333, 0.043478260869565216, 0.037037037037037035, 0.038461538461538464, 0.034482758620689655, 0.022222222222222223, 0.034482758620689655, 1.0, 0.05263157894736842, 0.02631578947368421], [0.047619047619047616, 0.03571428571428571, 0.03333333333333333, 0.041666666666666664, 0.03225806451612903, 0.030303030303030304, 0.03125, 0.043478260869565216, 0.03333333333333333, 0.05263157894736842, 1.0, 0.043478260869565216], [0.02857142857142857, 0.037037037037037035, 0.037037037037037035, 0.038461538461538464, 0.03125, 0.037037037037037035, 0.03571428571428571, 0.03333333333333333, 0.029411764705882353, 0.02631578947368421, 0.043478260869565216, 1.0]]