[[1.0, 0.9959319907394366, 0.9939114231402957, 0.9882704345279646, 0.9803598231161513, 0.980440693532625, 0.9817361845472878, 0.9792991967779129, 0.987028014258382, 0.990910881069733, 0.9792991967779129, 0.9808413477357308, 0.9915087373510301, 0.9939473875822779, 0.9733703466743238, 0.9836540883654836, 0.988872178999953, 0.9874273129426233, 0.9941307887514129, 0.9958896554109105, 0.9904445593132055, 0.9871462054123921, 0.9939792131008279, 0.9940873368181279, 0.9954773027486543, 0.9920950623116609, 0.9805132624552625, 0.9936863658448657, 0.992135388750144, 0.9724405470848131, 0.9924314091188171, 0.9903675845711806, 0.9858500892059177, 0.9868694973704368, 0.9836130948472752, 0.9791650909834352, 0.9658345496537858, 0.9890208912337958, 0.994620289307292, 0.9794797396814378, 0.4703208204268579, 0.9836053886866968, 0.9925236787243568, 0.9917841009102084, 0.993172414005751, 0.9871114567621878, 0.9920880260610866, 0.9753234663292745, 0.9951088094410253, 0.9815328231616262, 0.941319491893499, 0.9930603844508084, 0.9904132838023767, 0.9881319180184913, 0.9934438103385109, 0.985165023182246, 0.9862511666707975, 0.9884399256427618, 0.979670620012451, 0.983092591005786, 0.9917418273975849, 0.9803035986258514, 0.9915701387140324, 0.9934685735172785, 0.9756253935549876, 0.9903072305707635, 0.9892678207264697, 0.98812203028083, 0.997812558057549, 0.9853047107928183, 0.9936704430909366, 0.9928705755111665, 0.9904454040238965, 0.9917456262573753, 0.9877295457819798, 0.9831346623842184, 0.982529629960675, 0.9926842165655271, 0.9882232678355052, 0.9906609114299334, 0.9930192532303569, 0.9927472462165812, 0.9885368345793123, 0.9943600667233223, 0.9874799982284075, 0.9640571171399029, 0.9913486437095359, 0.9921106672643335, 0.9900287811535733, 0.9941177945279461, 0.9878164492691676, 0.9911029250234824, 0.9923357939126867, 0.9869806865172274, 0.9902981577889215, 0.9813981946965372, 0.9861510735100515, 0.9903369302408598, 0.9848794638026911, 0.9892670315949916, 0.9877713818509861, 0.9907714419392958, 0.991514354599321, 0.982661350323658], [0.9959319907394366, 1.0, 0.9973938006338684, 0.9864402529746867, 0.9757650676993862, 0.9882533891997723, 0.9752619180740454, 0.9869253904250077, 0.9855234122177055, 0.9921044327190894, 0.9869253904250077, 0.9750337773206191, 0.9963475277708638, 0.9963168630388618, 0.966303011494571, 0.9816678604231677, 0.9942092280843358, 0.9934257084736317, 0.9937049554597001, 0.9995783753748269, 0.9958130175980519, 0.9856584652595235, 0.997034584781099, 0.9975936160675926, 0.9968309619066746, 0.9957257060290741, 0.981616980216578, 0.9974399289881238, 0.9936085343258874, 0.9670968295097591, 0.9965940451393642, 0.9914823948804111, 0.9821370918292803, 0.9863388301476808, 0.9766180383847504, 0.9781016233098112, 0.9632218150328657, 0.9934743672509866, 0.9975233537323392, 0.9741387393570058, 0.4508622712707686, 0.9905879057115692, 0.9953669492299352, 0.9959255778737971, 0.9970819419245267, 0.993036984702726, 0.9964739454139584, 0.9672276666463812, 0.996427603978475, 0.9810351220392369, 0.9314362984013308, 0.9968643991133377, 0.9948730296435577, 0.9941340289860238, 0.9967106091540747, 0.9849739594250251, 0.98624973018535, 0.9871235073915033, 0.9690117056220042, 0.9902021786026101, 0.9960460046563643, 0.9746439187617955, 0.9960946185440067, 0.9977816965143849, 0.9669686832229121, 0.9954770770744745, 0.986040751242299, 0.994306175137029, 0.9971047488465317, 0.9855888887085162, 0.9965192779208761, 0.9964705714409687, 0.9954992154024379, 0.9962071732555742, 0.986491887265485, 0.9745165082607952, 0.9760418960605914, 0.9967259159590436, 0.9852038072419773, 0.9960684058081011, 0.9966526211089025, 0.9964872471036245, 0.9940288420484836, 0.9973036965625931, 0.9833816559147444, 0.9556377528719764, 0.9958591759937557, 0.9923576184969995, 0.9947983515925753, 0.9968583654296672, 0.9821033119724476, 0.9957768561232223, 0.9929698972590568, 0.9864283685943385, 0.9905772650987785, 0.9889022097689806, 0.9925198299554868, 0.9896263625135681, 0.981561260400187, 0.9867653876630839, 0.9866579860767754, 0.9962119655822923, 0.9959790584676083, 0.9902073230916868], [0.9939114231402957, 0.9973938006338684, 1.0, 0.984707225942287, 0.9736094184120795, 0.990839675780015, 0.9689159180615353, 0.9897060666818971, 0.9828075426418205, 0.9903101141367112, 0.9897060666818971, 0.9689437865103124, 0.9981655299356629, 0.9980775918890227, 0.9559296736521796, 0.9785480672041229, 0.9966972513782689, 0.9955957808040262, 0.9916451889153317, 0.9976596549873156, 0.9979157488214716, 0.9833932325708542, 0.9987036136948706, 0.9982138987299761, 0.9944653988753464, 0.9979210098416698, 0.9799267183317302, 0.9975809724389517, 0.9928247969813023, 0.967428282318873, 0.9990184111999204, 0.9897751455812046, 0.9800784223901757, 0.9844429841900104, 0.9703499660380476, 0.9774383488181778, 0.9637534702905513, 0.9957461474391384, 0.9958713563232076, 0.968017306592138, 0.4427834173433203, 0.9933439590033957, 0.9953364532105218, 0.998623320422066, 0.9990073181078839, 0.9955022491722836, 0.9990090379368136, 0.9567633620442874, 0.9961273832440877, 0.9749126805779785, 0.9182676194018121, 0.9989999909606906, 0.9951059485658207, 0.9957585293700293, 0.9928065628137017, 0.9833048607532776, 0.9843453122931206, 0.9849997249240715, 0.9627830314232059, 0.9929740320168874, 0.9985163522929462, 0.9685984166160989, 0.998469508353104, 0.9983292256596368, 0.9617981396118076, 0.9980329049350863, 0.98374117257936, 0.9967054517362492, 0.9948305258940833, 0.9838490100613965, 0.9985051069228656, 0.9987194709934901, 0.9981993173833015, 0.9986452857917446, 0.9840162394040731, 0.9690691895175414, 0.9700390798553121, 0.9989585619691262, 0.9823606124557536, 0.99654590166707, 0.9982900024392264, 0.9987024019662107, 0.9964309694038478, 0.9976942583376964, 0.9800950768328646, 0.9431891882059474, 0.9983719988416501, 0.9935346660379141, 0.9970835749048318, 0.9989266840365889, 0.9793804447473023, 0.9949619331094369, 0.9912980080747734, 0.9846433731904353, 0.989154178342682, 0.9916196864629279, 0.9952946876654779, 0.9911398221785639, 0.9750378164234259, 0.9846430885458327, 0.9849722503430312, 0.9982178610184868, 0.9940008893251261, 0.9927558138665613], [0.9882704345279646, 0.9864402529746867, 0.984707225942287, 1.0, 0.9836778539382235, 0.9777954564997611, 0.9907144561154404, 0.9772715065510343, 0.9980724581898436, 0.9864318953117367, 0.9772715065510343, 0.9933910612223465, 0.9843103182186377, 0.9832730063468602, 0.984011498578384, 0.9943477740834711, 0.9830866668455771, 0.9822981134249359, 0.9873882457942461, 0.9866683042125766, 0.9832787381608489, 0.9987630865696067, 0.9836690955098686, 0.9847807632622687, 0.9823867039839195, 0.9840493225219887, 0.996075809136692, 0.985283184781041, 0.9811646921467987, 0.9517598932168064, 0.984258442239467, 0.98616468923735, 0.9932382315736793, 0.9993982482915034, 0.993001899803506, 0.9607761406792613, 0.9438633577323547, 0.9826790309192365, 0.9837232542383648, 0.9926372599631292, 0.44577908286740153, 0.980102313513435, 0.984011768901999, 0.9840058434102903, 0.9851433848648203, 0.982065039227633, 0.9837811005683146, 0.9835008822333718, 0.9821611148674652, 0.9949401125035349, 0.9401048406053344, 0.9841072379048418, 0.9840624951029356, 0.9829719228094995, 0.9851835043717803, 0.9987073314626246, 0.9988014271110096, 0.9985574096461842, 0.9840941397415893, 0.97960456577755, 0.9831260090672055, 0.9930773803162465, 0.9834841841550197, 0.9855920004214789, 0.9761412266466443, 0.9833610985844389, 0.9968702099112158, 0.9818379253335561, 0.9888796363454672, 0.99846038346876, 0.9841185656411064, 0.9836743693940944, 0.984077830129478, 0.9838360500917659, 0.9977352611630456, 0.9919677203734643, 0.9940608644150365, 0.9839942447108712, 0.9951924786132229, 0.9845792568855571, 0.9853565210504266, 0.9836458859890487, 0.9827507604911823, 0.9851109542886154, 0.9950283604616122, 0.9729740635962385, 0.9830793438432165, 0.9782706539433114, 0.9834875115264012, 0.9833076017907247, 0.9932325399487034, 0.9832979264656719, 0.9874230377166482, 0.9988463482726269, 0.9757754890662108, 0.9785119197811646, 0.9809260060949693, 0.9769451531505708, 0.9915246373323754, 0.9987027476196974, 0.9989325536498416, 0.9830375885826723, 0.9851565055462994, 0.9789597012161684], [0.9803598231161513, 0.9757650676993862, 0.9736094184120795, 0.9836778539382235, 1.0, 0.9492036434472862, 0.9864657520817202, 0.9452946171041976, 0.9835746422233788, 0.9598509087238748, 0.9452946171041976, 0.972770819450767, 0.9651074610806795, 0.9737099227540411, 0.9664797605064056, 0.9775115246574044, 0.9610489572659645, 0.957558346537381, 0.9654054933821057, 0.9762367087783294, 0.968069549568942, 0.9793940082448357, 0.9779014034457973, 0.9766807037650269, 0.9835570280681509, 0.966116344458485, 0.9677168361355744, 0.9698681160076148, 0.9713439260687515, 0.9621244058026439, 0.9710312495836545, 0.9580878927322962, 0.9929206478142133, 0.9811148910342009, 0.9848121927801512, 0.9832297196004192, 0.975178319282469, 0.9587043319299109, 0.9818543232708766, 0.9697187849400403, 0.5385384061307272, 0.9535642567992173, 0.9642224730112778, 0.9701794134574214, 0.9715693991818773, 0.9576733485460311, 0.9717491800329613, 0.9764577103351003, 0.981332770670987, 0.9708604290996571, 0.9692990320975198, 0.9725232779254183, 0.9602460733566223, 0.959235966793789, 0.9686753222958359, 0.9775644881659115, 0.9825451472519509, 0.9902847714847489, 0.9898399259950915, 0.9534273315731233, 0.972956485665445, 0.971384433200204, 0.9713828986070375, 0.971904638018717, 0.9855030660617552, 0.9677895026534179, 0.9936693256516089, 0.9655255514243278, 0.9769048766182322, 0.9799768466213243, 0.9705963367041844, 0.9725060747169855, 0.9644963261747215, 0.9701221827453277, 0.987143860917276, 0.9845069323062581, 0.9771087513460499, 0.9715117451084624, 0.9938069847850917, 0.9641669461380807, 0.9664391351226068, 0.9723010723285116, 0.9606490308980172, 0.9724504704031298, 0.9879631145570094, 0.9577872132950347, 0.9718065166303907, 0.9735576913581427, 0.9625661386056411, 0.9772714517062054, 0.989604033190529, 0.9665689211908893, 0.9619523571696044, 0.9852881378251371, 0.9783436463940589, 0.9500343656152861, 0.9614807635554885, 0.9681021543822517, 0.9936429373736374, 0.989002011679844, 0.9876502161407335, 0.9699947179558566, 0.9613136064022153, 0.9540982822265177], [0.980440693532625, 0.9882533891997723, 0.990839675780015, 0.9777954564997611, 0.9492036434472862, 1.0, 0.9571276838670101, 0.9995215188978716, 0.9746859293178731, 0.9936196514573387, 0.9995215188978716, 0.9645429430915989, 0.9942858532700952, 0.9864272303313877, 0.9464803603286324, 0.9691294006962361, 0.9975605693002768, 0.9975197773580387, 0.9885453823846188, 0.9888848377362568, 0.9949406943140274, 0.9780776793747749, 0.9871863126217555, 0.9887660628888512, 0.9764661778519861, 0.9915347607589655, 0.9835119240547212, 0.9921152318935593, 0.978117033108994, 0.9320650406657541, 0.9936577036942031, 0.9933963832207428, 0.9619167391329294, 0.98017861184914, 0.958637214109494, 0.9459259060031678, 0.9238727204792474, 0.9964249981956574, 0.983056164267778, 0.9651691071409652, 0.37458620126880476, 0.9994171708970174, 0.9888850033268973, 0.994353005172787, 0.9927774936063547, 0.9982703407237452, 0.9930549531164926, 0.9415897618041675, 0.9787507328613436, 0.9724154806330054, 0.8854635975233451, 0.9919796708003158, 0.9935140313242474, 0.9974879508368366, 0.9852087171522388, 0.9811395046344621, 0.9806876921347055, 0.9750108191603453, 0.9385794222123263, 0.9995286662933175, 0.991889277889124, 0.964741355410161, 0.993329323134726, 0.9926863256001136, 0.930600769935228, 0.9956793133199466, 0.9688988082549339, 0.9962106485835994, 0.9871644029054751, 0.9817119211377946, 0.9900885616153179, 0.9920696985901946, 0.9964351199458118, 0.9945043537844341, 0.9748649845446008, 0.9537342577444446, 0.9629533970622445, 0.9932172192781834, 0.9660865104294516, 0.9958598597733022, 0.9937824886156091, 0.9918694510991577, 0.9978244698786342, 0.9879312333935523, 0.9636391568823911, 0.9291486224003521, 0.9932854441892437, 0.97779803520445, 0.9960423779288555, 0.9870279608616336, 0.9607486809074047, 0.9898066073695819, 0.9930551187324924, 0.9791892919770835, 0.9659959488781229, 0.9996141855803169, 0.9977529793138851, 0.974783940884013, 0.9564504158893218, 0.9739715081044568, 0.9776276643910239, 0.9942604931299688, 0.9924107398981867, 0.999257449322035], [0.9817361845472878, 0.9752619180740454, 0.9689159180615353, 0.9907144561154404, 0.9864657520817202, 0.9571276838670101, 1.0, 0.954481937357128, 0.9932801442304521, 0.9759030722408734, 0.954481937357128, 0.9947740726295469, 0.9658379760734257, 0.9675445453271947, 0.9917669826923702, 0.9905772750425031, 0.9630158575472555, 0.9604997365892759, 0.9796588674973751, 0.9755167780921427, 0.9648124459976983, 0.9891127094666494, 0.9703912422193262, 0.9722136139678218, 0.9741720738855095, 0.9669467416527071, 0.9844709977773581, 0.9716949938992684, 0.9716515545183018, 0.9418889002617374, 0.9672444264599976, 0.9746753476803511, 0.9866954849232751, 0.9901176165339513, 0.9984266858108689, 0.960460260050542, 0.9412151908440929, 0.9616492421746434, 0.975763461283853, 0.9934696743337876, 0.48182635643853955, 0.9587357277808074, 0.9683826404358136, 0.9667422216760257, 0.9695349465892206, 0.9622329241406224, 0.9677589821282191, 0.9952514787646403, 0.9712151402145991, 0.9901341908941346, 0.9710404835613298, 0.9668183876640629, 0.9671844061006548, 0.9653482307486294, 0.975259887686749, 0.9882122523058056, 0.9913406470707573, 0.9928949467990853, 0.9912849280113033, 0.9590575134343718, 0.965961465071488, 0.9940504965318128, 0.9658148621892207, 0.9715692625255083, 0.9762807972456633, 0.9650792072990404, 0.9925623563654237, 0.9637138031707512, 0.9821111696423314, 0.9904083392735126, 0.9666493438068458, 0.9665999059643441, 0.9664118765094578, 0.9667321871627633, 0.9927458341233067, 0.9949924514655522, 0.9963174172996684, 0.9673374838915786, 0.9910610267142186, 0.9690095073906179, 0.9676846531317631, 0.9664548087152041, 0.9625803768698252, 0.972601762153154, 0.9917761703910664, 0.9844143173026532, 0.9679440103675298, 0.9633584456795382, 0.962510827886462, 0.970262068797256, 0.9877880022147031, 0.9721394848628693, 0.9766098040525042, 0.9919570689920786, 0.9700312182116869, 0.9571796111756956, 0.9626904646841251, 0.9616276535665595, 0.9950470608244909, 0.9919423594796074, 0.9924900806662752, 0.9660011496990979, 0.9704137333429436, 0.9593773417436877], [0.9792991967779129, 0.9869253904250077, 0.9897060666818971, 0.9772715065510343, 0.9452946171041976, 0.9995215188978716, 0.954481937357128, 1.0, 0.9737683761355772, 0.9934932885266322, 1.0, 0.9642217320809036, 0.9938206471351461, 0.9852986694650148, 0.94616516449902, 0.9684135664505094, 0.9973087699107908, 0.9975923601698011, 0.988216178108471, 0.9874438999365612, 0.9940040736316067, 0.9777519610413603, 0.9854555004757741, 0.9871846621700766, 0.9742575314082029, 0.9912045609633793, 0.9837830941512787, 0.9909882437354407, 0.9770518036151129, 0.930243317940535, 0.9925455711092366, 0.993670278622079, 0.9605272637348922, 0.979661987047484, 0.9570312011203074, 0.9419721749743053, 0.9193011377368834, 0.9964975013476962, 0.9806988986636365, 0.9650434919407437, 0.36787944117144233, 0.9993920778486644, 0.9887563015410964, 0.993123349153114, 0.9917802521071245, 0.9981404174514426, 0.9918449224223892, 0.9400798476363359, 0.9767749664583364, 0.9724862367737735, 0.8794082797767027, 0.9907979252558793, 0.993586322664786, 0.9971557685165577, 0.9845382668657802, 0.9810118109128044, 0.9797446949706421, 0.9735001590939419, 0.936606500181632, 0.9993125808208473, 0.9905534469401276, 0.9646157958811363, 0.9920549135495514, 0.9915202475470094, 0.9287347111098209, 0.9946239601986371, 0.9669735562940373, 0.9952728323872738, 0.9860055502086785, 0.9809463344991869, 0.9893572461705513, 0.9906797364176742, 0.9959011819667236, 0.9933837216413103, 0.9735520811324186, 0.9528364281185768, 0.962437400204555, 0.9918912804047119, 0.9641982926830592, 0.9953262300463499, 0.9934515402842093, 0.990533646851972, 0.9974921754911609, 0.9869388599456543, 0.9623289396253072, 0.9288391983666945, 0.9916725955420832, 0.9762830566875315, 0.9959127446223117, 0.98522826355505, 0.9594451941850695, 0.9886741801940069, 0.9931273766810452, 0.9780690119587334, 0.9637607048289656, 0.9996869207880932, 0.9968635650606996, 0.974063929989113, 0.954077026781948, 0.9728571976969476, 0.9763524092089966, 0.9928501210964088, 0.9924829509596214, 0.9987638240245911], [0.987028014258382, 0.9855234122177055, 0.9828075426418205, 0.9980724581898436, 0.9835746422233788, 0.9746859293178731, 0.9932801442304521, 0.9737683761355772, 1.0, 0.9856494227577964, 0.9737683761355772, 0.9950180036212901, 0.9823175936047128, 0.9815523906432599, 0.9883185749530837, 0.9981707530930753, 0.9800607008814427, 0.9783670641867719, 0.9884627912980812, 0.9855593861660261, 0.9795004034578221, 0.9976822421206484, 0.9825559053630215, 0.9836384820377346, 0.9810577121489897, 0.9834279062348744, 0.9951069289283181, 0.9852035699224578, 0.9844573914966792, 0.9520512303602888, 0.9814710591600087, 0.9852054495481265, 0.990833898799178, 0.9981078976798998, 0.9948975739143392, 0.9629398417015461, 0.9433286176530533, 0.9795379530084762, 0.9828229031832714, 0.9944165712942357, 0.45248324764869713, 0.9765780953316114, 0.9843895901442775, 0.9807841842287472, 0.9839104167906472, 0.9796626170876481, 0.9817104657859872, 0.9879177509843228, 0.9812494620557909, 0.9965778387700468, 0.9496440851844031, 0.980858731148348, 0.9839453819412254, 0.9824042912746858, 0.9864837118807654, 0.9973180513687245, 0.9981171763740013, 0.997555209381449, 0.9853075541517989, 0.9762876271001966, 0.9794158086359067, 0.9947633097516309, 0.9797036235856674, 0.9846247628836529, 0.9773829866692344, 0.9796174676510743, 0.9960108937951452, 0.9786859155036471, 0.988027331645523, 0.9978342500569682, 0.981731720471488, 0.9801507209596348, 0.9824264117935363, 0.9809512216489156, 0.9984109781356244, 0.9925606096870329, 0.9955775263271719, 0.9811203375529581, 0.99442937679878, 0.9838876448665064, 0.9841289943070556, 0.9801044979303414, 0.9794208150661913, 0.9858718425924333, 0.9969021568765787, 0.9796916433908004, 0.9808014533501093, 0.9762302024936204, 0.9796445096604948, 0.982438563154479, 0.9924746133131535, 0.9858107972936221, 0.9863324443759058, 0.9980074811339515, 0.9792085328358975, 0.9752847906659232, 0.9777208417988638, 0.9764546264491373, 0.9933423221854935, 0.9977041364923032, 0.9978872979857518, 0.9796009563469074, 0.985039262186535, 0.9761451589467326], [0.990910881069733, 0.9921044327190894, 0.9903101141367112, 0.9864318953117367, 0.9598509087238748, 0.9936196514573387, 0.9759030722408734, 0.9934932885266322, 0.9856494227577964, 1.0, 0.9934932885266322, 0.9833323940695929, 0.9933229307156806, 0.9874807508277026, 0.9721834025972528, 0.9826098017456082, 0.9941940110887264, 0.9937224552514664, 0.998227662087423, 0.99228419924848, 0.9912919056806, 0.9871514110834969, 0.9874148185656612, 0.9897251388437311, 0.9819642809470238, 0.9923653371474307, 0.9899623933478805, 0.9936092912204916, 0.9853710514348167, 0.9427248329672155, 0.9913703454114419, 0.9999116808080696, 0.9726368538730268, 0.9881055160110568, 0.9782617600118882, 0.9529407949449487, 0.9305179617643554, 0.9937711285637134, 0.9864700744427971, 0.9837650375121622, 0.4006599477271858, 0.9939532261674546, 0.9925158976334904, 0.9913653664165241, 0.9921535891761757, 0.9946744301557456, 0.9910745187552874, 0.9676115661818624, 0.9825322497687613, 0.9862470955278098, 0.9149688610385524, 0.9900373040662989, 0.9951702087515506, 0.995565871686634, 0.99271423897193, 0.9887548622697804, 0.9879911715528311, 0.9835437478673238, 0.9613614071313625, 0.9937224372218891, 0.9889423856458913, 0.983503418381499, 0.9901350455993057, 0.9931187846371944, 0.9496531657220175, 0.9917629541529823, 0.9789930498137873, 0.9917150045516195, 0.9955588542442484, 0.988717974214495, 0.9899648065821055, 0.9895430610489439, 0.9942950174986461, 0.9916229452545099, 0.9844189466559476, 0.9744580508544411, 0.9821089495644895, 0.9908480156634049, 0.9766514649910355, 0.9955135312644272, 0.9937975400068296, 0.9895112811876681, 0.9939845886634724, 0.9913556746025703, 0.9775603276741098, 0.9594338695934365, 0.9903870011685956, 0.9798287788127049, 0.9930767146599029, 0.9874752359735244, 0.9734520597658516, 0.9930125309194844, 0.9998193336793427, 0.9866773134816083, 0.9747437929244473, 0.993674925020761, 0.9923349913061557, 0.9793059386534294, 0.9722122361222347, 0.9835295532044401, 0.9854484214745934, 0.9906403228389302, 0.9962765679581219, 0.9932740467320337], [0.9792991967779129, 0.9869253904250077, 0.9897060666818971, 0.9772715065510343, 0.9452946171041976, 0.9995215188978716, 0.954481937357128, 1.0, 0.9737683761355772, 0.9934932885266322, 1.0, 0.9642217320809036, 0.9938206471351461, 0.9852986694650148, 0.94616516449902, 0.9684135664505094, 0.9973087699107908, 0.9975923601698011, 0.988216178108471, 0.9874438999365612, 0.9940040736316067, 0.9777519610413603, 0.9854555004757741, 0.9871846621700766, 0.9742575314082029, 0.9912045609633793, 0.9837830941512787, 0.9909882437354407, 0.9770518036151129, 0.930243317940535, 0.9925455711092366, 0.993670278622079, 0.9605272637348922, 0.979661987047484, 0.9570312011203074, 0.9419721749743053, 0.9193011377368834, 0.9964975013476962, 0.9806988986636365, 0.9650434919407437, 0.36787944117144233, 0.9993920778486644, 0.9887563015410964, 0.993123349153114, 0.9917802521071245, 0.9981404174514426, 0.9918449224223892, 0.9400798476363359, 0.9767749664583364, 0.9724862367737735, 0.8794082797767027, 0.9907979252558793, 0.993586322664786, 0.9971557685165577, 0.9845382668657802, 0.9810118109128044, 0.9797446949706421, 0.9735001590939419, 0.936606500181632, 0.9993125808208473, 0.9905534469401276, 0.9646157958811363, 0.9920549135495514, 0.9915202475470094, 0.9287347111098209, 0.9946239601986371, 0.9669735562940373, 0.9952728323872738, 0.9860055502086785, 0.9809463344991869, 0.9893572461705513, 0.9906797364176742, 0.9959011819667236, 0.9933837216413103, 0.9735520811324186, 0.9528364281185768, 0.962437400204555, 0.9918912804047119, 0.9641982926830592, 0.9953262300463499, 0.9934515402842093, 0.990533646851972, 0.9974921754911609, 0.9869388599456543, 0.9623289396253072, 0.9288391983666945, 0.9916725955420832, 0.9762830566875315, 0.9959127446223117, 0.98522826355505, 0.9594451941850695, 0.9886741801940069, 0.9931273766810452, 0.9780690119587334, 0.9637607048289656, 0.9996869207880932, 0.9968635650606996, 0.974063929989113, 0.954077026781948, 0.9728571976969476, 0.9763524092089966, 0.9928501210964088, 0.9924829509596214, 0.9987638240245911], [0.9808413477357308, 0.9750337773206191, 0.9689437865103124, 0.9933910612223465, 0.972770819450767, 0.9645429430915989, 0.9947740726295469, 0.9642217320809036, 0.9950180036212901, 0.9833323940695929, 0.9642217320809036, 1.0, 0.9703845560844456, 0.967824431715903, 0.9962563244085404, 0.9940839279731132, 0.9685986120774248, 0.9674119996194862, 0.985323089342259, 0.9749316091051031, 0.9665296208585457, 0.993887370257632, 0.9676518342794994, 0.9703512265355086, 0.9683208585398805, 0.9712761482496765, 0.9930351862101093, 0.9736869564363807, 0.9719446777312205, 0.9353845768111473, 0.968100713816526, 0.9831543210143929, 0.9834463884027893, 0.9939719690939287, 0.9973159238809115, 0.9438572485591278, 0.9222792670155177, 0.9685697776537239, 0.9704073364945294, 0.9998389136483756, 0.4384579004072554, 0.9658815867020594, 0.9738985622572297, 0.9674705102253569, 0.970501353118107, 0.9685736027535035, 0.9681237471913413, 0.9935447815849245, 0.9667941072062892, 0.9972597190977839, 0.9490410291039604, 0.9672582864765947, 0.9741447755406563, 0.9711676387550491, 0.9785369248668679, 0.9938411238892856, 0.9934780611344776, 0.991272628965822, 0.9852265518669798, 0.9654876310875944, 0.9653671343934196, 0.9999275606193743, 0.9661438128035559, 0.9724221211688756, 0.9698493144486393, 0.9667019313482044, 0.9889112738851928, 0.9658003624455209, 0.9827309491395703, 0.9936084844175712, 0.9686013425658707, 0.9663609532727117, 0.9702780728942949, 0.9676942109283164, 0.9926678496617036, 0.9947101561769622, 0.9996388993784202, 0.9676205030897702, 0.9871001370576487, 0.9731529070045782, 0.9719351101806006, 0.9663355263717529, 0.9679218404874504, 0.9736811053251148, 0.9908204596073544, 0.9885466299181305, 0.9668436559012781, 0.9615950423839879, 0.9679933037768796, 0.9677363579034299, 0.9857960817261391, 0.97443585816481, 0.9837222269223557, 0.9927980406372466, 0.9643843458440416, 0.9649245272776641, 0.9654375542086652, 0.9629862307105121, 0.9885428446053235, 0.9919997542802758, 0.9921998388266038, 0.9661173109297811, 0.9773973427261318, 0.9649534500930755], [0.9915087373510301, 0.9963475277708638, 0.9981655299356629, 0.9843103182186377, 0.9651074610806795, 0.9942858532700952, 0.9658379760734257, 0.9938206471351461, 0.9823175936047128, 0.9933229307156806, 0.9938206471351461, 0.9703845560844456, 1.0, 0.997248301896242, 0.956933529217289, 0.9795689242103904, 0.9984508632837079, 0.9982268161241004, 0.9937250738837441, 0.9958339838882844, 0.9977828623195629, 0.9847205201447957, 0.9955156891640295, 0.9954244027413047, 0.9897545735418631, 0.9989246146588682, 0.9832080488526017, 0.9976858057219723, 0.991411215012699, 0.9624383378317451, 0.9980750298954231, 0.9930894540220693, 0.9766483660988173, 0.9851267124548359, 0.968681801493723, 0.9661181135610014, 0.9526390684672404, 0.9982757100635073, 0.9913369117628575, 0.9702020610971807, 0.4201609232591471, 0.9959627398476659, 0.997061214106077, 0.9974088300319277, 0.997754707410251, 0.9977073617311085, 0.9976752723437521, 0.954662828617471, 0.9924164887273564, 0.9773893185093988, 0.9079861987476687, 0.9980548015203171, 0.9976338848488312, 0.9978511015217196, 0.9931426423279848, 0.9847893035415954, 0.9843010248857016, 0.9829545789515063, 0.9578663271913636, 0.9952510914714163, 0.9966363853231374, 0.9702880804276938, 0.9973010189083611, 0.9972773428488328, 0.9570242768235179, 0.9975135577921792, 0.9804683059218773, 0.9966026652785375, 0.9941749757894446, 0.9842266960032086, 0.9981303956201334, 0.9971906230854427, 0.9987520205311263, 0.9977603959603891, 0.9829571544481145, 0.9665186993359849, 0.9701830679526294, 0.9977853406345881, 0.9795219765068728, 0.9974337742675231, 0.9989881187390852, 0.9974280364282512, 0.9982563955631919, 0.996626684708498, 0.9782766129236093, 0.9440625489855397, 0.9963814381408381, 0.9915476333880282, 0.9988701464762552, 0.9962779841125295, 0.9768015482916542, 0.9955940263688745, 0.9937145649442308, 0.9835645999499986, 0.9849731697599381, 0.994617343902709, 0.9953529540251732, 0.9904612981580265, 0.9704614987600578, 0.9833719513873189, 0.9832257497515065, 0.9974536831359663, 0.996526018349921, 0.9947463327256584], [0.9939473875822779, 0.9963168630388618, 0.9980775918890227, 0.9832730063468602, 0.9737099227540411, 0.9864272303313877, 0.9675445453271947, 0.9852986694650148, 0.9815523906432599, 0.9874807508277026, 0.9852986694650148, 0.967824431715903, 0.997248301896242, 1.0, 0.9561892645941393, 0.9788164335982498, 0.9944989556257748, 0.993098132883351, 0.9903588146898149, 0.9958003193211362, 0.9954755022197836, 0.9827978092874203, 0.9970221883433591, 0.9958845740860971, 0.9944372810185811, 0.9978184624387311, 0.9771270208806121, 0.996731822907738, 0.9934018880565666, 0.9761118887546472, 0.9975177546642965, 0.9869473107029176, 0.9810731351815415, 0.9827574887423106, 0.9698512917207367, 0.9773739461860688, 0.968445019899712, 0.9942866515336749, 0.9937287385016118, 0.9667565245929791, 0.4538035387650157, 0.9892442073355208, 0.9960281081315052, 0.9962531740350604, 0.9965984630236525, 0.9930677918927718, 0.9971273473114638, 0.9570573198567401, 0.9968165367283393, 0.9736859501238749, 0.9200371387755024, 0.9979375388698157, 0.9944061033734833, 0.9927686498653405, 0.9919113529773388, 0.981359076844083, 0.9819466986339553, 0.9835302359316672, 0.9650227201270485, 0.9885540339943912, 0.9960220395165315, 0.9673566811205012, 0.996097098473503, 0.9958180161475475, 0.9676149780043102, 0.9949684416603589, 0.9835879494596413, 0.9931476456579033, 0.9936098873449113, 0.9810610463217413, 0.9990079472159314, 0.996875318379462, 0.9953186882155504, 0.9965317057085106, 0.9836727419775722, 0.9688187760126546, 0.9689364877478628, 0.9972732562768548, 0.9833503285598421, 0.9936226365567287, 0.9967872337736621, 0.9969223246704533, 0.9938241710098127, 0.9966160700094759, 0.9817562745857417, 0.945025479765719, 0.9958989839727388, 0.9958702577085585, 0.9953994570602531, 0.9983566481343603, 0.9818571547606163, 0.9933747009164065, 0.9885678277275529, 0.9822141033374068, 0.9910426676705936, 0.9870627357397815, 0.9908652712089618, 0.9957996215163094, 0.9750338752642127, 0.984466925032339, 0.9827647017049078, 0.995547114581582, 0.9933018213067147, 0.9880524689988128], [0.9733703466743238, 0.966303011494571, 0.9559296736521796, 0.984011498578384, 0.9664797605064056, 0.9464803603286324, 0.9917669826923702, 0.94616516449902, 0.9883185749530837, 0.9721834025972528, 0.94616516449902, 0.9962563244085405, 0.956933529217289, 0.9561892645941393, 1.0, 0.990020319603616, 0.9529479957777263, 0.9512580197640679, 0.9773303743555488, 0.9657706465141437, 0.9505517170119867, 0.9851704568946357, 0.9554426015722375, 0.9588235331690476, 0.9611083659031777, 0.9594769184897366, 0.9817761847884531, 0.9627052936562861, 0.9662885652899943, 0.9333278910237668, 0.9534694979892377, 0.9720073485287004, 0.9760988698094964, 0.9840796582641911, 0.9947576017469195, 0.9388000585949688, 0.9170186855298742, 0.9534895701492281, 0.9613703278936836, 0.9959724105530612, 0.45825382834226824, 0.9483513446201548, 0.9647431188148159, 0.9521701064425184, 0.9573218008400716, 0.9528041130436965, 0.9539552342028015, 0.997842309315475, 0.9579398434692048, 0.9933766576691367, 0.9597077553681037, 0.9529246291767853, 0.9631415965096061, 0.9570259793311909, 0.9732018278558929, 0.9835798984834269, 0.9831840776503775, 0.982161860163663, 0.9858384947334938, 0.9477112995610752, 0.9501911801362004, 0.9961841562174558, 0.9506774422470013, 0.9603609579028042, 0.9714819722139105, 0.9505921158622191, 0.9814499244195392, 0.9493168956765898, 0.9735752822871984, 0.9830772690335718, 0.9558706423092178, 0.9515334193996295, 0.9558053563274177, 0.9525753855938685, 0.9848001434427415, 0.9927678448328572, 0.9962559805083773, 0.953030383241032, 0.9801273064529983, 0.9604178393233932, 0.9592829685342296, 0.9517181379585165, 0.9518467044442726, 0.9643936510515683, 0.987057974957925, 0.9973632660803995, 0.951897650689127, 0.9511968917078291, 0.9525408711477156, 0.9558297466349992, 0.9807193534756079, 0.9653276662685512, 0.9727303367107005, 0.9826143829549521, 0.9605729993190052, 0.9470664750247738, 0.9480568111094752, 0.9546929282494704, 0.9870696798582725, 0.9837543936725728, 0.9823479183429509, 0.9504283751121158, 0.9685072740160179, 0.9472381421466117], [0.9836540883654836, 0.9816678604231677, 0.9785480672041229, 0.9943477740834711, 0.9775115246574044, 0.9691294006962361, 0.9905772750425031, 0.9684135664505094, 0.9981707530930753, 0.9826098017456082, 0.9684135664505094, 0.9940839279731132, 0.9795689242103904, 0.9788164335982498, 0.990020319603616, 1.0, 0.9753970497085878, 0.973607402494923, 0.9878617026808918, 0.9810596029504386, 0.9730250799206043, 0.9956277993875539, 0.9772647596498547, 0.9783477779011928, 0.9764120273851924, 0.9820004646396726, 0.9921272413822562, 0.9824638510739765, 0.985057782177917, 0.9552128903326905, 0.9760612852062989, 0.9822554103885234, 0.9863526031379565, 0.9945068185176792, 0.9929190738290568, 0.9573835945792688, 0.9392708809641916, 0.9758913821606832, 0.9768630654803878, 0.9938315779549091, 0.4530234132409886, 0.9707230025841204, 0.9841467590659153, 0.9747938568821631, 0.9791709737991898, 0.9752562217616567, 0.9765365932156927, 0.9882387709605294, 0.9775099406479922, 0.9960961818599542, 0.949356830558929, 0.975519433955058, 0.9825224986036698, 0.9789199516576104, 0.9852443052934923, 0.9939308059879516, 0.9938578659192018, 0.9928834816328904, 0.983807640518227, 0.9701285946515628, 0.972723940793466, 0.9939196923079974, 0.9732786217627309, 0.9799847449765285, 0.9785124481814812, 0.9731376268950396, 0.9921673987964946, 0.971835974808016, 0.9839924003084468, 0.9936728795726562, 0.9783747603149776, 0.9741926226011061, 0.9783656099931526, 0.9751538710086621, 0.9955118611146326, 0.9904729476730685, 0.994020106443808, 0.9756739819780468, 0.9907920627028941, 0.9798629052089881, 0.9810168342677047, 0.9744681121342895, 0.9744139112858643, 0.9839252015387701, 0.9968432704487867, 0.984156817315339, 0.9746563452214972, 0.9738874885575077, 0.9749109943283235, 0.9786753585442958, 0.9911187272570317, 0.9845862021760022, 0.9829765438402195, 0.9931756286135349, 0.9794715713697185, 0.9693927269165954, 0.9705454510986391, 0.9770853299380283, 0.9902725584467126, 0.9943164162052668, 0.9929038974753304, 0.9731631059077644, 0.9836147969888448, 0.9697576447178651], [0.988872178999953, 0.9942092280843358, 0.9966972513782689, 0.9830866668455771, 0.9610489572659645, 0.9975605693002768, 0.9630158575472555, 0.9973087699107908, 0.9800607008814427, 0.9941940110887264, 0.9973087699107908, 0.9685986120774248, 0.9984508632837079, 0.9944989556257748, 0.9529479957777263, 0.9753970497085878, 1.0, 0.9992171435220453, 0.9920595636006038, 0.9944032934515277, 0.9982060213060946, 0.983147254498168, 0.9938194026462411, 0.9944840228170607, 0.9861807726746217, 0.9970211212542479, 0.9841636126238058, 0.9967957834722777, 0.9865673644266633, 0.9523604256775506, 0.9982483799840302, 0.9940546213688335, 0.9726429444020291, 0.9842078758611119, 0.9655471508054368, 0.9603017864278316, 0.9429415369045082, 0.999266085968472, 0.9897860836666683, 0.9686324410245646, 0.40351710490198045, 0.9988078594459481, 0.994809083994206, 0.9983113363132078, 0.9972811020223589, 0.9995233832202799, 0.997757723747036, 0.9498845486501242, 0.9886629345641635, 0.9758649572998405, 0.899064580542362, 0.99767761431159, 0.997038351470812, 0.9986423223927576, 0.9907120180638725, 0.9845762726399624, 0.9840856149617623, 0.9811860353838092, 0.9519460685950768, 0.9983709909129417, 0.9968367383936292, 0.9686450904043687, 0.9976382540578328, 0.9968344258074461, 0.9480611714945857, 0.9985358237832798, 0.977510591982838, 0.99830003328415, 0.9925356856831036, 0.9844059185772109, 0.9970336475217559, 0.997056654362058, 0.999046440250851, 0.9986351116545923, 0.9811276679012738, 0.9627408313795291, 0.9680993494139161, 0.9979994260221299, 0.9756146073002938, 0.9979750331623894, 0.998187211068198, 0.9971282771165283, 0.9996807224209513, 0.9940933453497124, 0.9735787001961491, 0.9378284766543941, 0.997165059663113, 0.9885102384594553, 0.9993662113936909, 0.9944047761222439, 0.9722826874193435, 0.9936936462731567, 0.9944338713000229, 0.983263861065825, 0.9780149182175991, 0.9979918998249396, 0.9980181198569881, 0.9865528453741721, 0.9660750092748953, 0.9811556173297126, 0.9825021014643828, 0.9976708136348266, 0.9959311463081781, 0.9979702986491243], [0.9874273129426233, 0.9934257084736317, 0.9955957808040262, 0.9822981134249359, 0.957558346537381, 0.9975197773580387, 0.9604997365892759, 0.9975923601698011, 0.9783670641867719, 0.9937224552514664, 0.9975923601698011, 0.9674119996194862, 0.9982268161241004, 0.993098132883351, 0.9512580197640679, 0.973607402494923, 0.9992171435220453, 1.0, 0.9909430229233648, 0.9931841866842039, 0.9979117525778584, 0.9828187723256683, 0.9920490208430245, 0.9926027133960453, 0.9846456996688354, 0.9957667546395913, 0.9838332884467423, 0.9951400101501185, 0.984256585808817, 0.9501367182007093, 0.9969325770225441, 0.9937209773785987, 0.9712189585279909, 0.9835794780359302, 0.9635282533901255, 0.9562842565251785, 0.9400831827791112, 0.9990044328173033, 0.9875068729749314, 0.967612750395164, 0.3971070593336927, 0.9986865769259237, 0.993686772947182, 0.9968695283939951, 0.9958518019563251, 0.9988230338719438, 0.9961315165561495, 0.9473857248112653, 0.9869559615636138, 0.9749327620760756, 0.8937609686743996, 0.996572252421243, 0.9960859303574202, 0.9978960950969818, 0.9892336648971969, 0.9838536157907937, 0.9828825228501238, 0.9797894015809392, 0.9491687588979427, 0.9981323996604007, 0.9959513535557672, 0.9675269682417357, 0.9969226995529366, 0.9954070862463492, 0.9461262061433349, 0.998058483415304, 0.9759117579650913, 0.9974905740524506, 0.9914916622419623, 0.9832834144027225, 0.9957977335435068, 0.9963871236641717, 0.9980205174463667, 0.9972138983027625, 0.9792401574064141, 0.960863312850808, 0.9666216775289272, 0.9968815140203264, 0.9741524431912927, 0.9969502105880051, 0.9974467759006528, 0.9965029309865177, 0.999423822826917, 0.9922642756304865, 0.9715795490383742, 0.9357715188901633, 0.9953776747842138, 0.9870907755601251, 0.999360567240964, 0.9920873478160522, 0.9708535049532165, 0.9921194102575549, 0.9939020198724906, 0.9817890916518591, 0.9753787213723054, 0.9979111476219138, 0.9972015689792774, 0.9842655264120268, 0.963489074024995, 0.9798324887264238, 0.9809408745163155, 0.9973429191219073, 0.9949797828527713, 0.9975407084966542], [0.9941307887514129, 0.9937049554597001, 0.9916451889153317, 0.9873882457942461, 0.9654054933821057, 0.9885453823846188, 0.9796588674973751, 0.988216178108471, 0.9884627912980812, 0.998227662087423, 0.988216178108471, 0.985323089342259, 0.9937250738837441, 0.9903588146898149, 0.9773303743555488, 0.9878617026808918, 0.9920595636006038, 0.9909430229233648, 1.0, 0.9934717676615971, 0.989345194924027, 0.9884007563095332, 0.9890903959117335, 0.9908123648559964, 0.9858889745542921, 0.9944912787964447, 0.9881161591292373, 0.9948809560230327, 0.991662629030154, 0.955855981127445, 0.9909136789454315, 0.9980468916270525, 0.9764336452075388, 0.9883014289978054, 0.9820862357633287, 0.9611638766496121, 0.9414380686288742, 0.9921289623840838, 0.9883612148293659, 0.9854361192471811, 0.4234285264095777, 0.9895792555664195, 0.9952718491100772, 0.9902511552528961, 0.9924972403276083, 0.9922397257870671, 0.9910020504165493, 0.9740435875414606, 0.9867491451273326, 0.9878188848760165, 0.9275546856796733, 0.9899651969447435, 0.9957960889258138, 0.9941308563523731, 0.9954762351259347, 0.9883766985064977, 0.987889072425151, 0.98513121819383, 0.9690620275097654, 0.9891456204387397, 0.9879883658508735, 0.9853487569916294, 0.988866445419979, 0.9933740949653758, 0.9605537347799189, 0.9896271167447486, 0.9824520959561609, 0.9889560183210948, 0.9966268062773899, 0.9881769305340601, 0.9914184065931484, 0.9890280248784034, 0.9935966769110981, 0.9905781085769143, 0.9868899562509515, 0.9790380091476879, 0.9846660129200029, 0.9904338019156189, 0.9806040465957776, 0.9945678900769795, 0.9943122959945521, 0.9891613378853427, 0.9914501947894329, 0.9945021385036652, 0.9837037181216787, 0.9676341755767848, 0.9896654572777019, 0.9839980764532801, 0.9912670090575102, 0.9902264686868161, 0.9792085994811804, 0.9952614293523403, 0.99835000287631, 0.9868736596898068, 0.9833963930685876, 0.9887721889641752, 0.9886098450600066, 0.9854167047658983, 0.9776829776007329, 0.9858684523986695, 0.9861126770736671, 0.9890523256998723, 0.9969031439412899, 0.9887090177188093], [0.9958896554109105, 0.9995783753748269, 0.9976596549873156, 0.9866683042125766, 0.9762367087783294, 0.9888848377362568, 0.9755167780921427, 0.9874438999365612, 0.9855593861660261, 0.99228419924848, 0.9874438999365612, 0.9749316091051031, 0.9958339838882844, 0.9958003193211362, 0.9657706465141437, 0.9810596029504386, 0.9944032934515277, 0.9931841866842039, 0.9934717676615971, 1.0, 0.9959677576230281, 0.9850248073812866, 0.9976468223774168, 0.9983342914602753, 0.9967174053474774, 0.9954566053116968, 0.9817554426283142, 0.997492228851108, 0.9933509369769574, 0.9644958310403571, 0.9969836527993912, 0.9916222488625202, 0.9820033194455469, 0.9863902600309019, 0.9766129910261684, 0.9786991603161789, 0.9621573788102712, 0.9932328336316305, 0.9984046223897504, 0.9738939902674575, 0.44972747730677426, 0.9911664402007813, 0.9947427067083953, 0.9966614616060778, 0.9977463582809485, 0.9932513475588461, 0.9969380394770228, 0.9669896301778717, 0.9961449495655041, 0.9807966126508193, 0.93087