[[1.0, 0.9951748659228847, 0.9951632674734142, 0.9952627699609765, 0.9951188614045848, 0.9951686126483659, 0.9951251146791036, 0.9952237090670989, 0.9951135162296331, 0.9952183638921469, 0.9951135162296331, 0.9953294648291795, 0.9951135162296331, 0.9954173688672715, 0.9952627699609765, 0.995063764985852, 0.9952627699609765, 0.9950140137420712, 0.9951632674734142, 0.9951632674734142, 0.9953676176234901, 0.9955115261798818, 0.9952797135853985, 0.9951251146791036, 0.995268115135928, 0.9952246171666657, 0.995268115135928, 0.9953178663797091, 0.9951188614045848, 0.9953125212047574, 0.9951135162296331, 0.9954617749361006, 0.9952627699609765, 0.9954120236923194, 0.9952743684104469, 0.9950691101608038, 0.9951304598540552, 0.9951135162296331, 0.9952130187171954, 0.9952299623416174, 0.995063764985852, 0.9954120236923194, 0.9952627699609765, 0.9951135162296331, 0.9953845612479124, 0.9951632674734142, 0.995063764985852, 0.9952627699609765, 0.9950140137420712, 0.9951632674734142, 0.9953125212047574, 0.9951632674734142, 0.9951135162296331, 0.9953125212047574, 0.9953622724485386, 0.9954173688672715, 0.9952627699609765, 0.9952627699609765, 0.9952681151359283, 0.9953241196542277, 0.9954733733855711, 0.9951251146791036, 0.9952627699609765, 0.995063764985852, 0.9954120236923194, 0.9952627699609765, 0.9953622724485386, 0.9953622724485386, 0.9951251146791036, 0.9952130187171954, 0.9951188614045848, 0.9952183638921469, 0.9951748659228847, 0.9950140137420712, 0.995268115135928, 0.9952246171666659, 0.9952246171666657, 0.9953125212047577, 0.9953622724485386, 0.9949642624982902, 0.9954787185605228, 0.9951632674734142, 0.995063764985852, 0.9951188614045848, 0.9954173688672715, 0.9950140137420712, 0.9952130187171954, 0.9951135162296331, 0.995372962798442, 0.9951135162296331, 0.9951135162296331, 0.9951632674734142, 0.9952627699609765, 0.9952627699609765, 0.9951686126483661, 0.9952627699609765, 0.995063764985852, 0.9954120236923194, 0.9955719677735662, 0.9952130187171954, 0.9951632674734142, 0.9955168713548334, 0.9952627699609765, 0.9951739578233175], [0.9951748659228847, 1.0, 0.9953125212047574, 0.9951135162296331, 0.9953125212047574, 0.995268115135928, 0.995063764985852, 0.9952130187171954, 0.9949642624982902, 0.9952130187171954, 0.9954617749361006, 0.9953285567296126, 0.9952183638921469, 0.995063764985852, 0.9951686126483659, 0.9953178663797093, 0.9952681151359283, 0.9952183638921469, 0.9950140137420712, 0.9953125212047574, 0.9951188614045848, 0.9953125212047574, 0.9954733733855711, 0.9952246171666659, 0.9952130187171954, 0.9952246171666657, 0.9954617749361008, 0.9951686126483659, 0.9953178663797093, 0.995063764985852, 0.9953676176234904, 0.9953622724485386, 0.9951632674734142, 0.9952627699609765, 0.995268115135928, 0.995268115135928, 0.9951748659228847, 0.9953622724485386, 0.995372962798442, 0.9951135162296331, 0.9951632674734142, 0.9949642624982902, 0.9952130187171954, 0.9952627699609765, 0.9952743684104469, 0.9951188614045848, 0.9954617749361008, 0.9953729627984418, 0.9951188614045848, 0.9952130187171954, 0.9952681151359283, 0.9951686126483659, 0.9955168713548334, 0.9952627699609765, 0.9952130187171954, 0.9951632674734142, 0.9953178663797093, 0.9954173688672715, 0.9951686126483659, 0.9952743684104469, 0.995324119654228, 0.9953125212047574, 0.9952130187171954, 0.9951686126483659, 0.9952183638921471, 0.9952627699609765, 0.9952130187171954, 0.9951632674734142, 0.9951632674734142, 0.9951632674734142, 0.9951632674734142, 0.9951188614045848, 0.995324119654228, 0.9952627699609765, 0.9951135162296331, 0.9953125212047574, 0.9952130187171954, 0.9951632674734142, 0.9954617749361006, 0.995063764985852, 0.9952246171666657, 0.9954173688672715, 0.9953178663797091, 0.995063764985852, 0.9951135162296331, 0.9954227140422229, 0.9951632674734144, 0.995372962798442, 0.9952130187171954, 0.995324119654228, 0.9954120236923194, 0.9953125212047574, 0.9951632674734142, 0.9951632674734142, 0.9951135162296331, 0.9951632674734142, 0.9952130187171954, 0.9951135162296331, 0.9950691101608038, 0.9951135162296331, 0.995118861404585, 0.995372962798442, 0.9952183638921469, 0.9952627699609765], [0.9951632674734142, 0.9953125212047574, 1.0, 0.9952743684104469, 0.9955115261798818, 0.9951864643723554, 0.9952627699609765, 0.9952130187171954, 0.995063764985852, 0.9952183638921471, 0.9951135162296331, 0.995063764985852, 0.9952183638921469, 0.995324119654228, 0.9953622724485386, 0.9955168713548334, 0.9952130187171954, 0.9952130187171954, 0.9951686126483659, 0.9954236221417901, 0.9951135162296331, 0.9952797135853985, 0.9952246171666657, 0.9952627699609765, 0.9951632674734142, 0.9953125212047574, 0.9952743684104469, 0.9951251146791036, 0.995063764985852, 0.995185556272788, 0.9950140137420712, 0.995373870898009, 0.9952627699609765, 0.9951632674734142, 0.9952627699609765, 0.9952627699609765, 0.9951686126483659, 0.9952627699609765, 0.9953622724485386, 0.9951686126483659, 0.9951686126483659, 0.9950140137420712, 0.9951135162296331, 0.9951632674734142, 0.9951632674734142, 0.995063764985852, 0.9951632674734142, 0.9953125212047574, 0.9954289673167419, 0.9952130187171954, 0.9950140137420712, 0.9950140137420712, 0.9953676176234901, 0.9951135162296331, 0.9952130187171954, 0.9952183638921471, 0.9952130187171954, 0.9952627699609765, 0.9951135162296331, 0.9956279722918661, 0.9952183638921469, 0.9954280592171749, 0.995063764985852, 0.9952246171666659, 0.9951686126483659, 0.9950753634353227, 0.995323211554661, 0.9953125212047577, 0.9953178663797091, 0.9953792160729606, 0.9952743684104469, 0.9951632674734142, 0.9952183638921469, 0.9953622724485386, 0.9951188614045848, 0.9952130187171954, 0.9955773129485179, 0.9953241196542277, 0.9950140137420712, 0.9950140137420712, 0.9950140137420712, 0.9951748659228847, 0.9953676176234901, 0.9952130187171954, 0.9951242065795367, 0.9952627699609765, 0.9950140137420712, 0.9951686126483659, 0.9952130187171954, 0.995373870898009, 0.9951304598540555, 0.9953622724485386, 0.9952850587603504, 0.9952130187171954, 0.9953792160729606, 0.9953125212047574, 0.9951686126483659, 0.9951632674734142, 0.9951135162296331, 0.9950256121915414, 0.9952183638921471, 0.9951135162296331, 0.9951686126483659, 0.9950140137420712], [0.9952627699609765, 0.9951135162296331, 0.9952743684104469, 1.0, 0.9950140137420712, 0.9953294648291795, 0.9953241196542277, 0.9949642624982902, 0.9952299623416174, 0.995063764985852, 0.9950140137420712, 0.9951251146791036, 0.995268115135928, 0.9952627699609765, 0.9951304598540552, 0.995063764985852, 0.9950691101608038, 0.9950140137420712, 0.9952681151359283, 0.9953792160729606, 0.9954617749361008, 0.9952850587603504, 0.9950753634353227, 0.9952627699609765, 0.9952130187171954, 0.9949642624982902, 0.9952859668599173, 0.9955284698043039, 0.995063764985852, 0.995810033642568, 0.9954173688672713, 0.9952183638921469, 0.9950256121915414, 0.9952743684104469, 0.9952743684104469, 0.9951632674734142, 0.9950140137420712, 0.995063764985852, 0.9951632674734142, 0.9951251146791036, 0.9952246171666659, 0.995372962798442, 0.995063764985852, 0.9951739578233177, 0.9953178663797091, 0.995268115135928, 0.9951686126483659, 0.9953241196542277, 0.995323211554661, 0.9949642624982902, 0.9952797135853985, 0.995268115135928, 0.9951632674734142, 0.9952627699609765, 0.995268115135928, 0.995174865922885, 0.9954236221417901, 0.9952246171666659, 0.9954733733855711, 0.9953241196542277, 0.995063764985852, 0.9950753634353227, 0.9951686126483659, 0.9954173688672713, 0.9953294648291795, 0.995063764985852, 0.995373870898009, 0.995063764985852, 0.9951135162296331, 0.9954352205912606, 0.9953178663797091, 0.9952627699609765, 0.9953125212047574, 0.9951632674734142, 0.9952627699609765, 0.9952353075165692, 0.9950753634353227, 0.9953178663797091, 0.9953792160729606, 0.9951686126483659, 0.9951188614045848, 0.9951632674734142, 0.995063764985852, 0.9956217190173474, 0.9952130187171954, 0.9952743684104469, 0.9953622724485386, 0.9951632674734142, 0.9952681151359283, 0.9952130187171954, 0.99534106327865, 0.9952627699609765, 0.9951632674734142, 0.9951251146791036, 0.9951135162296331, 0.995063764985852, 0.9952627699609765, 0.9951686126483659, 0.9954236221417901, 0.9952362156161363, 0.9951632674734142, 0.9953622724485386, 0.9949642624982902, 0.9953178663797093], [0.9951188614045848, 0.9953125212047574, 0.9955115261798818, 0.9950140137420712, 1.0, 0.9951135162296331, 0.9952130187171954, 0.9951686126483659, 0.9954236221417901, 0.9950193589170226, 0.9952743684104469, 0.995063764985852, 0.9951135162296331, 0.9950691101608038, 0.9952681151359283, 0.9951748659228847, 0.9950140137420712, 0.9951686126483659, 0.9952130187171954, 0.9951632674734142, 0.9950140137420712, 0.9952299623416174, 0.9953622724485386, 0.9951135162296331, 0.995268115135928, 0.995268115135928, 0.9951632674734142, 0.9953125212047574, 0.9953178663797091, 0.9951135162296331, 0.9952130187171954, 0.995323211554661, 0.9954831556359076, 0.9952237090670989, 0.9952130187171954, 0.9953125212047577, 0.995063764985852, 0.9954173688672713, 0.9955666225986145, 0.9951135162296331, 0.9956714702611283, 0.9953125212047577, 0.9951686126483659, 0.9952627699609765, 0.9953676176234904, 0.9950691101608038, 0.9955728758731333, 0.9952183638921469, 0.9953622724485386, 0.9952743684104469, 0.9954120236923194, 0.9952183638921469, 0.995063764985852, 0.995063764985852, 0.9951135162296331, 0.9950691101608038, 0.9955666225986145, 0.9952183638921469, 0.9953125212047577, 0.9950193589170226, 0.9952130187171954, 0.9952130187171954, 0.9952290542420505, 0.9953125212047574, 0.9952183638921471, 0.9952627699609765, 0.9951135162296331, 0.9951188614045848, 0.9953125212047577, 0.9950140137420712, 0.9950140137420712, 0.9953178663797093, 0.9950691101608038, 0.995063764985852, 0.9951748659228847, 0.9952130187171954, 0.9950691101608038, 0.9952130187171954, 0.9952627699609765, 0.9952130187171954, 0.9951135162296331, 0.9950691101608038, 0.9954617749361006, 0.9953676176234904, 0.9952246171666657, 0.9951632674734142, 0.995063764985852, 0.9954120236923194, 0.995268115135928, 0.9952130187171954, 0.995268115135928, 0.995268115135928, 0.9951686126483659, 0.9951188614045848, 0.9952183638921469, 0.9952627699609765, 0.9952130187171954, 0.9952681151359283, 0.9952183638921469, 0.9951686126483659, 0.9954236221417899, 0.9952627699609765, 0.9950140137420712, 0.9951748659228847], [0.9951686126483659, 0.995268115135928, 0.9951864643723554, 0.9953294648291795, 0.9951135162296331, 1.0, 0.9951632674734142, 0.9954671201110524, 0.9951135162296331, 0.9955115261798818, 0.9952130187171954, 0.9952183638921471, 0.9955222165297852, 0.9952246171666659, 0.9951135162296331, 0.9953125212047574, 0.9952130187171954, 0.9950140137420712, 0.9955168713548334, 0.9952246171666657, 0.9953622724485386, 0.9952743684104469, 0.9951251146791036, 0.9951686126483659, 0.9952183638921469, 0.9951188614045848, 0.9950753634353227, 0.9953241196542277, 0.9951632674734142, 0.9952797135853985, 0.9953178663797091, 0.9950753634353227, 0.9951632674734142, 0.9951632674734142, 0.9953178663797091, 0.9951686126483659, 0.995063764985852, 0.9952627699609765, 0.9951686126483659, 0.9951632674734142, 0.9951632674734142, 0.9951135162296331, 0.9950140137420712, 0.995268115135928, 0.9951135162296331, 0.9952183638921471, 0.995063764985852, 0.9949642624982902, 0.9952246171666657, 0.9952130187171954, 0.9952627699609765, 0.9951188614045848, 0.9950691101608038, 0.9952130187171954, 0.9952183638921469, 0.9953125212047574, 0.9950140137420712, 0.9951632674734142, 0.995063764985852, 0.9950753634353227, 0.9952130187171954, 0.9952130187171954, 0.9951632674734142, 0.9951251146791037, 0.9952627699609765, 0.9953792160729606, 0.9952183638921469, 0.9949642624982902, 0.9952627699609765, 0.9952743684104469, 0.9951251146791036, 0.9952130187171954, 0.995063764985852, 0.9951632674734142, 0.9953125212047574, 0.9952183638921469, 0.9953125212047574, 0.9951251146791036, 0.9951686126483659, 0.9950140137420712, 0.9951135162296331, 0.9951748659228847, 0.9954120236923194, 0.9951632674734142, 0.995063764985852, 0.9951135162296331, 0.995063764985852, 0.995063764985852, 0.9951135162296331, 0.9952743684104469, 0.9952246171666657, 0.9950140137420712, 0.995373870898009, 0.9951632674734142, 0.9955728758731333, 0.9952183638921471, 0.9951135162296331, 0.9950140137420712, 0.9951188614045848, 0.9953241196542277, 0.9950140137420712, 0.995268115135928, 0.9953125212047577, 0.9951632674734142], [0.9951251146791036, 0.995063764985852, 0.9952627699609765, 0.9953241196542277, 0.9952130187171954, 0.9951632674734142, 1.0, 0.9951686126483661, 0.9953294648291795, 0.9952183638921469, 0.9950691101608038, 0.9955454134287263, 0.9952130187171954, 0.9951632674734142, 0.9952246171666657, 0.995372962798442, 0.9952627699609765, 0.9952734603108799, 0.9951135162296331, 0.9952130187171954, 0.9951686126483659, 0.9954671201110522, 0.9951739578233177, 0.9951686126483659, 0.9951632674734142, 0.9952130187171954, 0.9952299623416174, 0.9953178663797091, 0.9952130187171954, 0.9951686126483659, 0.9951686126483659, 0.995063764985852, 0.9954236221417899, 0.9954787185605228, 0.9954956621849451, 0.9950140137420712, 0.9951135162296331, 0.9951188614045848, 0.9953125212047574, 0.9952362156161363, 0.995572875873133, 0.9952627699609765, 0.9951135162296331, 0.9951632674734142, 0.9953178663797091, 0.9953125212047574, 0.9952130187171954, 0.9952246171666657, 0.9951632674734142, 0.9952627699609765, 0.9956226271169142, 0.995268115135928, 0.9950691101608038, 0.995268115135928, 0.9952183638921469, 0.9952743684104469, 0.9951748659228847, 0.9955284698043039, 0.9952797135853985, 0.9954173688672713, 0.995268115135928, 0.9951864643723554, 0.995063764985852, 0.9951135162296331, 0.9952797135853985, 0.9953125212047574, 0.9954733733855711, 0.9951632674734142, 0.9954236221417899, 0.995373870898009, 0.9952130187171954, 0.9953622724485386, 0.9951632674734142, 0.9951188614045848, 0.9954617749361006, 0.9954956621849451, 0.9954352205912606, 0.9950140137420712, 0.9953738708980088, 0.9954173688672715, 0.9951632674734142, 0.9952627699609765, 0.995063764985852, 0.995268115135928, 0.9953622724485386, 0.9951304598540555, 0.9951632674734142, 0.9953178663797093, 0.9951242065795367, 0.9951135162296331, 0.9953294648291795, 0.9953622724485386, 0.9953622724485386, 0.9951748659228847, 0.9952130187171954, 0.9954120236923194, 0.9951135162296331, 0.9960587898614734, 0.9953241196542277, 0.9953792160729606, 0.9953125212047574, 0.9952130187171954, 0.9951135162296331, 0.9952130187171954], [0.9952237090670989, 0.9952130187171954, 0.9952130187171954, 0.9949642624982902, 0.9951686126483659, 0.9954671201110524, 0.9951686126483661, 1.0, 0.9951135162296331, 0.9961689826989393, 0.9949642624982902, 0.9952627699609765, 0.9951632674734142, 0.9954894089104264, 0.9950140137420712, 0.9951251146791037, 0.9953622724485386, 0.9950140137420712, 0.9950140137420712, 0.9952246171666657, 0.9952681151359283, 0.9952627699609765, 0.995268115135928, 0.9951251146791036, 0.9952237090670987, 0.9949642624982902, 0.9950193589170226, 0.9952130187171954, 0.995323211554661, 0.9949642624982902, 0.9951135162296331, 0.9950140137420712, 0.9952183638921469, 0.995063764985852, 0.9952130187171954, 0.9949642624982902, 0.9950140137420712, 0.9950140137420712, 0.9952246171666657, 0.9951632674734142, 0.9949642624982902, 0.9952130187171954, 0.9949642624982902, 0.9954352205912606, 0.9953676176234904, 0.995063764985852, 0.9951135162296331, 0.995063764985852, 0.9952130187171954, 0.9950140137420712, 0.995063764985852, 0.9950753634353227, 0.9950140137420712, 0.9954236221417901, 0.9951135162296331, 0.9951188614045848, 0.9951135162296331, 0.9951686126483661, 0.9951632674734142, 0.9952237090670989, 0.9952850587603504, 0.9951632674734142, 0.9952627699609765, 0.9951188614045848, 0.9952130187171954, 0.9953294648291795, 0.9953178663797091, 0.9953792160729606, 0.9949642624982902, 0.995063764985852, 0.995174865922885, 0.9952130187171954, 0.9953178663797093, 0.9955168713548334, 0.9953125212047574, 0.9950140137420712, 0.9952627699609765, 0.9951632674734142, 0.9952130187171954, 0.9950140137420712, 0.9950193589170226, 0.9952627699609765, 0.9949642624982902, 0.9952130187171954, 0.9951632674734142, 0.9950691101608038, 0.9951748659228847, 0.9951748659228847, 0.9961192314551578, 0.9952627699609765, 0.9953676176234904, 0.9950691101608038, 0.995063764985852, 0.9952130187171954, 0.9951135162296331, 0.9953125212047574, 0.9952130187171954, 0.9950256121915414, 0.9952734603108799, 0.9952237090670989, 0.9953125212047574, 0.9953125212047574, 0.9950691101608038, 0.9949642624982902], [0.9951135162296331, 0.9949642624982902, 0.995063764985852, 0.9952299623416174, 0.9954236221417901, 0.9951135162296331, 0.9953294648291795, 0.9951135162296331, 1.0, 0.9951135162296331, 0.9951748659228847, 0.9951251146791036, 0.9951632674734142, 0.9951135162296331, 0.9952353075165692, 0.9953125212047574, 0.9953676176234901, 0.9951135162296331, 0.995268115135928, 0.9952681151359283, 0.9951135162296331, 0.9953178663797091, 0.9952183638921469, 0.9951135162296331, 0.9952627699609765, 0.9950140137420712, 0.9951251146791036, 0.9951135162296331, 0.9951135162296331, 0.9951686126483659, 0.9953125212047574, 0.9950193589170226, 0.9952246171666657, 0.995324119654228, 0.9952743684104469, 0.9955666225986145, 0.9951632674734142, 0.9951632674734142, 0.9951632674734142, 0.9952743684104469, 0.9951748659228847, 0.995063764985852, 0.9953178663797093, 0.9952130187171954, 0.9952734603108799, 0.9955612774236627, 0.9952246171666659, 0.9951802110978366, 0.9952130187171954, 0.995063764985852, 0.9951748659228847, 0.9951135162296331, 0.9950691101608038, 0.9952627699609765, 0.9950140137420712, 0.9952797135853985, 0.9951251146791036, 0.995324119654228, 0.9950753634353227, 0.9951632674734142, 0.9952130187171954, 0.9954289673167419, 0.9951135162296331, 0.9951135162296331, 0.9953294648291795, 0.9951632674734142, 0.995373870898009, 0.9951632674734142, 0.9952681151359283, 0.9954289673167419, 0.9954120236923194, 0.995063764985852, 0.9955168713548334, 0.9951686126483659, 0.9952130187171954, 0.9952743684104469, 0.9953792160729606, 0.9954173688672715, 0.995174865922885, 0.9954173688672715, 0.9950193589170226, 0.9952130187171954, 0.995063764985852, 0.9951632674734142, 0.9951135162296331, 0.9951748659228847, 0.9951686126483659, 0.9951686126483661, 0.9950140137420712, 0.9951632674734142, 0.9952299623416174, 0.9952130187171954, 0.9951632674734142, 0.9954343124916935, 0.9951632674734142, 0.995063764985852, 0.9952627699609765, 0.9951135162296331, 0.995174865922885, 0.9952743684104469, 0.9952183638921469, 0.9951632674734142, 0.9953676176234904, 0.9951251146791036], [0.9952183638921469, 0.9952130187171954, 0.9952183638921471, 0.995063764985852, 0.9950193589170226, 0.9955115261798818, 0.9952183638921469, 0.9961689826989393, 0.9951135162296331, 1.0, 0.9950140137420712, 0.9953125212047574, 0.9953178663797091, 0.9951686126483659, 0.9951251146791037, 0.9950140137420712, 0.9953178663797093, 0.995063764985852, 0.9951864643723554, 0.9953125212047574, 0.9953676176234901, 0.9953125212047574, 0.9953676176234901, 0.9951135162296331, 0.9950140137420712, 0.9950140137420712, 0.9954617749361008, 0.9952130187171954, 0.9952734603108797, 0.995063764985852, 0.9952130187171954, 0.9952299623416174, 0.9955115261798818, 0.9952627699609765, 0.9953622724485386, 0.9950140137420712, 0.9950140137420712, 0.9951135162296331, 0.9951748659228847, 0.9954120236923194, 0.9950753634353227, 0.9953125212047574, 0.995063764985852, 0.9951135162296331, 0.9952183638921469, 0.9952130187171954, 0.9951135162296331, 0.9952246171666659, 0.9951632674734142, 0.9950140137420712, 0.9955284698043041, 0.9951632674734142, 0.9952130187171954, 0.995268115135928, 0.9952130187171954, 0.9956661250861767, 0.995063764985852, 0.9952734603108799, 0.9951748659228847, 0.9954173688672715, 0.9952681151359283, 0.9951632674734142, 0.9952130187171954, 0.995323211554661, 0.9952130187171954, 0.9953178663797091, 0.9952183638921469, 0.9952130187171954, 0.9950691101608038, 0.9951632674734142, 0.9950691101608038, 0.9952627699609765, 0.9951135162296331, 0.9953622724485386, 0.9949642624982902, 0.9951135162296331, 0.9953622724485386, 0.9950140137420712, 0.9952627699609765, 0.9951135162296331, 0.995063764985852, 0.995063764985852, 0.9950140137420712, 0.995063764985852, 0.9950193589170226, 0.9951251146791036, 0.9952627699609765, 0.9951632674734142, 0.9957709727486906, 0.9952183638921469, 0.9955222165297852, 0.995063764985852, 0.9952743684104469, 0.9951135162296331, 0.9951632674734142, 0.9950691101608038, 0.9951686126483659, 0.9952627699609765, 0.9953125212047574, 0.9951242065795365, 0.9952627699609765, 0.9951632674734142, 0.9950256121915414, 0.995063764985852], [0.9951135162296331, 0.9954617749361006, 0.9951135162296331, 0.9950140137420712, 0.9952743684104469, 0.9952130187171954, 0.9950691101608038, 0.9949642624982902, 0.9951748659228847, 0.9950140137420712, 1.0, 0.995268115135928, 0.9951739578233177, 0.995063764985852, 0.9949642624982902, 0.9955612774236627, 0.995063764985852, 0.9951188614045848, 0.9959592873739114, 0.9950140137420712, 0.9951632674734142, 0.995063764985852, 0.9951632674734142, 0.995268115135928, 0.9951632674734142, 0.995511526179882, 0.9950140137420712, 0.995063764985852, 0.9954120236923194, 0.9951135162296331, 0.9952130187171954, 0.9949642624982902, 0.9949642624982902, 0.9951135162296331, 0.9951739578233175, 0.995063764985852, 0.995063764985852, 0.9982141288689146, 0.9953622724485386, 0.995063764985852, 0.9949642624982902, 0.9951188614045848, 0.9949642624982902, 0.9951739578233177, 0.9953178663797091, 0.9951632674734142, 0.9953845612479124, 0.9953125212047574, 0.9951135162296331, 0.995063764985852, 0.9950691101608038, 0.9952183638921469, 0.9950140137420712, 0.9954280592171749, 0.9950140137420712, 0.9950140137420712, 0.9951188614045848, 0.9951686126483659, 0.9953178663797091, 0.9951135162296331, 0.9952183638921469, 0.9952627699609765, 0.9952183638921469, 0.9951135162296331, 0.9950140137420712, 0.9951135162296331, 0.9956110286674439, 0.995063764985852, 0.9951135162296331, 0.9951135162296331, 0.9950140137420712, 0.995063764985852, 0.9951135162296331, 0.9952130187171954, 0.9950140137420712, 0.9956163738423953, 0.9952627699609765, 0.9953125212047574, 0.9952130187171954, 0.9951135162296331, 0.9950140137420712, 0.9953178663797093, 0.9969703477743879, 0.9951632674734142, 0.9951632674734142, 0.9950140137420712, 0.9952130187171954, 0.9949642624982902, 0.9951188614045848, 0.9951188614045848, 0.9952130187171954, 0.9951135162296331, 0.9953676176234901, 0.9953676176234901, 0.9951632674734142, 0.995063764985852, 0.9951135162296331, 0.9952130187171954, 0.9952627699609765, 0.9953125212047577, 0.9952183638921469, 0.9952183638921469, 0.9949642624982902, 0.995174865922885], [0.9953294648291795, 0.9953285567296126, 0.995063764985852, 0.9951251146791036, 0.995063764985852, 0.9952183638921471, 0.9955454134287263, 0.9952627699609765, 0.9951251146791036, 0.9953125212047574, 0.995268115135928, 1.0, 0.9953676176234901, 0.9952130187171954, 0.9951748659228847, 0.9951739578233177, 0.9952183638921469, 0.9952183638921469, 0.9953622724485386, 0.9953622724485386, 0.9953622724485386, 0.9951632674734142, 0.9951135162296331, 0.9952130187171954, 0.9953178663797091, 0.9949642624982902, 0.9952353075165692, 0.9951188614045848, 0.9952627699609765, 0.9955115261798818, 0.9951135162296331, 0.9952627699609765, 0.995324119654228, 0.9953241196542277, 0.9957000123350211, 0.9951188614045848, 0.995063764985852, 0.9953125212047574, 0.9953178663797091, 0.9951864643723554, 0.9950256121915414, 0.9953622724485386, 0.995063764985852, 0.9950140137420712, 0.9952734603108797, 0.9952681151359283, 0.9951632674734142, 0.995677723535647, 0.9952130187171954, 0.995063764985852, 0.9951251146791036, 0.9951739578233177, 0.9951135162296331, 0.9952183638921469, 0.9952627699609765, 0.995373870898009, 0.9951748659228847, 0.9953294648291795, 0.995185556272788, 0.9952627699609765, 0.9952627699609765, 0.9953357181036984, 0.9954120236923194, 0.995063764985852, 0.9953792160729606, 0.9953622724485386, 0.9951251146791036, 0.9954120236923194, 0.9952743684104469, 0.9950753634353227, 0.9954617749361008, 0.9951188614045848, 0.995063764985852, 0.995268115135928, 0.995268115135928, 0.995445910941164, 0.9953854693474795, 0.9952627699609765, 0.995373870898009, 0.9953676176234901, 0.995063764985852, 0.9953676176234904, 0.9952627699609765, 0.9953676176234904, 0.9952627699609765, 0.995174865922885, 0.9951632674734142, 0.9951135162296331, 0.9952734603108797, 0.9951632674734142, 0.9951748659228847, 0.995063764985852, 0.9951632674734142, 0.9954733733855711, 0.9952130187171954, 0.995268115135928, 0.9951135162296331, 0.9950140137420712, 0.9952743684104469, 0.9952246171666657, 0.9954671201110524, 0.9951686126483659, 0.9951135162296331, 0.9951632674734142], [0.9951135162296331, 0.9952183638921469, 0.9952183638921469, 0.995268115135928, 0.9951135162296331, 0.9955222165297852, 0.9952130187171954, 0.9951632674734142, 0.9951632674734142, 0.9953178663797091, 0.9951739578233177, 0.9953676176234901, 1.0, 0.9952130187171954, 0.9953622724485386, 0.9951686126483659, 0.995063764985852, 0.9950140137420712, 0.9951739578233175, 0.9953622724485386, 0.9951632674734142, 0.9951135162296331, 0.9952627699609765, 0.9952130187171954, 0.9951632674734142, 0.9953676176234904, 0.9954173688672713, 0.9950140137420712, 0.9951686126483659, 0.9950140137420712, 0.995063764985852, 0.9951632674734142, 0.9952130187171954, 0.9951632674734142, 0.9951242065795365, 0.9952183638921469, 0.9951632674734142, 0.9951188614045848, 0.9953676176234901, 0.9956110286674437, 0.9951135162296331, 0.9952130187171954, 0.9954617749361006, 0.9954173688672715, 0.995063764985852, 0.9953178663797093, 0.9954173688672713, 0.9953125212047574, 0.9951135162296331, 0.9950140137420712, 0.9951135162296331, 0.9950691101608038, 0.9953125212047574, 0.9951135162296331, 0.9951686126483659, 0.9953178663797093, 0.9951686126483659, 0.9952627699609765, 0.9953622724485386, 0.9951632674734142, 0.9952627699609765, 0.9952627699609765, 0.995268115135928, 0.9951632674734142, 0.9951135162296331, 0.995063764985852, 0.9951686126483659, 0.9951632674734142, 0.9952743684104469, 0.9953125212047574, 0.995063764985852, 0.995063764985852, 0.9951135162296331, 0.9952130187171954, 0.9952627699609765, 0.9952183638921469, 0.9951632674734142, 0.9950691101608038, 0.9953178663797091, 0.995063764985852, 0.9951632674734142, 0.9950691101608038, 0.9950193589170226, 0.995268115135928, 0.9952183638921469, 0.9952627699609765, 0.9952130187171954, 0.995063764985852, 0.9952130187171954, 0.995268115135928, 0.9952130187171954, 0.9952246171666657, 0.9951632674734142, 0.9951135162296331, 0.9951632674734142, 0.9953622724485386, 0.9953125212047574, 0.9950140137420712, 0.995063764985852, 0.9953125212047577, 0.9950140137420712, 0.9953676176234901, 0.9953622724485386, 0.9950140137420712], [0.9954173688672715, 0.995063764985852, 0.995324119654228, 0.9952627699609765, 0.9950691101608038, 0.9952246171666659, 0.9951632674734142, 0.9954894089104264, 0.9951135162296331, 0.9951686126483659, 0.995063764985852, 0.9952130187171954, 0.9952130187171954, 1.0, 0.9951632674734142, 0.9951748659228847, 0.995063764985852, 0.9951632674734142, 0.9953125212047574, 0.995063764985852, 0.9952183638921469, 0.9951135162296331, 0.9952130187171954, 0.9955284698043039, 0.9952183638921469, 0.9952130187171954, 0.9952130187171954, 0.9954120236923194, 0.995372962798442, 0.9955231246293523, 0.9952130187171954, 0.9954289673167419, 0.9954173688672713, 0.9953178663797091, 0.9953125212047574, 0.9951686126483659, 0.9951632674734142, 0.995063764985852, 0.9951748659228847, 0.9951188614045848, 0.9951632674734142, 0.9951188614045848, 0.9952130187171954, 0.9951748659228847, 0.9952788054858316, 0.995063764985852, 0.9953125212047577, 0.9953676176234901, 0.995373870898009, 0.9954120236923196, 0.995063764985852, 0.9953622724485386, 0.9950193589170226, 0.9951135162296331, 0.9952130187171954, 0.9952237090670989, 0.9951135162296331, 0.9951632674734142, 0.995063764985852, 0.9953676176234901, 0.9953792160729606, 0.9952130187171954, 0.9950140137420712, 0.9952743684104469, 0.9951632674734142, 0.9955951646725071, 0.9952130187171954, 0.9952734603108797, 0.9954617749361008, 0.9951686126483659, 0.9955347230788227, 0.9951686126483659, 0.9951632674734142, 0.9951686126483659, 0.9952681151359283, 0.9951632674734142, 0.9951188614045848, 0.9951748659228847, 0.9952183638921471, 0.9953125212047574, 0.995268115135928, 0.9952797135853985, 0.9951188614045848, 0.9952130187171954, 0.9950140137420712, 0.9952130187171954, 0.9952183638921469, 0.9951632674734142, 0.9952183638921471, 0.9952743684104469, 0.995063764985852, 0.995323211554661, 0.9952797135853985, 0.9952627699609765, 0.9952743684104469, 0.995323211554661, 0.995063764985852, 0.9954236221417901, 0.9952130187171954, 0.9953125212047574, 0.9951632674734142, 0.9952627699609765, 0.9953676176234901, 0.9952130187171954], [0.9952627699609765, 0.9951686126483659, 0.9953622724485386, 0.9951304598540552, 0.9952681151359283, 0.9951135162296331, 0.9952246171666657, 0.9950140137420712, 0.9952353075165692, 0.9951251146791037, 0.9949642624982902, 0.9951748659228847, 0.9953622724485386, 0.9951632674734142, 1.0, 0.9949642624982902, 0.9955168713548334, 0.9950140137420712, 0.9951251146791036, 0.9953178663797093, 0.995063764985852, 0.995063764985852, 0.9952130187171954, 0.9953622724485386, 0.9951632674734142, 0.9957158763299576, 0.995174865922885, 0.9952681151359283, 0.9951632674734142, 0.9950140137420712, 0.9951632674734142, 0.9953845612479124, 0.9952850587603504, 0.9952743684104469, 0.995324119654228, 0.9953178663797093, 0.995063764985852, 0.9949642624982902, 0.995268115135928, 0.9951748659228847, 0.995136713128574, 0.9952627699609765, 0.9964674901616254, 0.9954173688672715, 0.995063764985852, 0.9951135162296331, 0.9954120236923194, 0.9955400682537745, 0.9951135162296331, 0.9960641350364251, 0.99534106327865, 0.9951135162296331, 0.9953125212047574, 0.9951632674734142, 0.995063764985852, 0.9951251146791036, 0.9951802110978366, 0.9954236221417899, 0.995136713128574, 0.9952130187171954, 0.9953178663797091, 0.9954236221417901, 0.9951135162296331, 0.9951135162296331, 0.9950807086102744, 0.9952627699609765, 0.9950753634353227, 0.9950140137420712, 0.995268115135928, 0.9954236221417901, 0.9951135162296331, 0.9951686126483661, 0.9952627699609765, 0.9952681151359283, 0.9951135162296331, 0.9952797135853985, 0.9952797135853985, 0.9952627699609765, 0.9952246171666659, 0.9953676176234904, 0.9960587898614734, 0.9951135162296331, 0.995063764985852, 0.9951135162296331, 0.9951632674734142, 0.9952913120348691, 0.9951188614045848, 0.9951135162296331, 0.9951135162296331, 0.9952627699609765, 0.9951748659228847, 0.9951135162296331, 0.9952743684104469, 0.9951304598540555, 0.9951632674734142, 0.9952130187171954, 0.9950691101608038, 0.9952237090670987, 0.9954787185605228, 0.9951748659228847, 0.9951135162296331, 0.9952130187171954, 0.9950691101608038, 0.9952130187171954], [0.995063764985852, 0.9953178663797093, 0.9955168713548334, 0.995063764985852, 0.9951748659228847, 0.9953125212047574, 0.995372962798442, 0.9951251146791037, 0.9953125212047574, 0.9950140137420712, 0.9955612774236627, 0.9951739578233177, 0.9951686126483659, 0.9951748659228847, 0.9949642624982902, 1.0, 0.9953622724485386, 0.9962133887677685, 0.9951686126483659, 0.9950691101608038, 0.9952627699609765, 0.9951304598540555, 0.995063764985852, 0.9952797135853985, 0.9951686126483661, 0.9950691101608038, 0.9950140137420712, 0.9950691101608038, 0.9952183638921469, 0.9950140137420712, 0.995063764985852, 0.9951632674734142, 0.9951135162296331, 0.9952183638921469, 0.9952130187171954, 0.9951632674734142, 0.995063764985852, 0.9961689826989393, 0.9952246171666657, 0.9952627699609765, 0.9950140137420712, 0.9951632674734142, 0.9949642624982902, 0.9951748659228847, 0.995063764985852, 0.995063764985852, 0.9951135162296331, 0.9952734603108799, 0.9952627699609765, 0.995174865922885, 0.995063764985852, 0.9951632674734142, 0.9951632674734142, 0.9951135162296331, 0.9950193589170226, 0.9953125212047574, 0.9951632674734142, 0.9951188614045848, 0.995268115135928, 0.9952627699609765, 0.9952797135853985, 0.9954173688672713, 0.9951135162296331, 0.995063764985852, 0.9951686126483659, 0.995174865922885, 0.9954617749361006, 0.995063764985852, 0.995063764985852, 0.995268115135928, 0.9951251146791036, 0.9952183638921469, 0.9950140137420712, 0.9953622724485386, 0.9952246171666659, 0.995063764985852, 0.9951686126483659, 0.9951632674734142, 0.995063764985852, 0.9951632674734142, 0.9951135162296331, 0.9952130187171954, 0.995760282398787, 0.995323211554661, 0.9953348100041314, 0.995268115135928, 0.9951135162296331, 0.9953178663797091, 0.9952627699609765, 0.9952681151359283, 0.9953622724485386, 0.9952627699609765, 0.9953622724485386, 0.9952130187171954, 0.9953622724485386, 0.9951188614045848, 0.9952627699609765, 0.9950256121915414, 0.9952130187171954, 0.9952627699609765, 0.9952743684104469, 0.9951686126483661, 0.9950140137420712, 0.9954671201110524], [0.9952627699609765, 0.9952681151359283, 0.9952130187171954, 0.9950691101608038, 0.9950140137420712, 0.9952130187171954, 0.9952627699609765, 0.9953622724485386, 0.9953676176234901, 0.9953178663797093, 0.995063764985852, 0.9952183638921469, 0.995063764985852, 0.995063764985852, 0.9955168713548334, 0.9953622724485386, 1.0, 0.9954617749361006, 0.9951632674734142, 0.9953676176234901, 0.9956226271169142, 0.9952130187171954, 0.9952627699609765, 0.9951135162296331, 0.995373870898009, 0.9950140137420712, 0.995063764985852, 0.9953125212047574, 0.9952183638921469, 0.9951135162296331, 0.9950753634353227, 0.995323211554661, 0.9951135162296331, 0.9950753634353227, 0.9952130187171954, 0.9953622724485386, 0.9949642624982902, 0.995063764985852, 0.9952681151359283, 0.9951632674734142, 0.9951135162296331, 0.9954120236923194, 0.9952797135853985, 0.9953125212047574, 0.9950140137420712, 0.9953738708980088, 0.9953241196542277, 0.9952130187171954, 0.9951188614045848, 0.9951748659228847, 0.995063764985852, 0.995268115135928, 0.9951135162296331, 0.9952797135853985, 0.9950140137420712, 0.9950140137420712, 0.9951632674734142, 0.9952130187171954, 0.9953178663797091, 0.9953622724485386, 0.9953178663797091, 0.9952130187171954, 0.9952743684104469, 0.9950691101608038, 0.995477810460956, 0.9949642624982902, 0.9953125212047574, 0.995174865922885, 0.9951135162296331, 0.995063764985852, 0.9951135162296331, 0.9951135162296331, 0.9951135162296331, 0.9954787185605228, 0.9950140137420712, 0.9952627699609765, 0.9953125212047577, 0.9951632674734142, 0.9951135162296331, 0.9952797135853985, 0.9951135162296331, 0.9951686126483659, 0.995268115135928, 0.9953792160729609, 0.9951632674734142, 0.9951632674734142, 0.9952183638921469, 0.9953622724485386, 0.9953125212047577, 0.9953676176234901, 0.9955168713548334, 0.9953125212047577, 0.9951135162296331, 0.995268115135928, 0.9953622724485386, 0.9951188614045848, 0.9954724652860041, 0.9951135162296331, 0.9951135162296331, 0.9951632674734142, 0.9952681151359283, 0.9951632674734142, 0.9949642624982902, 0.9951135162296331], [0.9950140137420712, 0.9952183638921469, 0.9952130187171954, 0.9950140137420712, 0.9951686126483659, 0.9950140137420712, 0.9952734603108799, 0.9950140137420712, 0.9951135162296331, 0.995063764985852, 0.9951188614045848, 0.9952183638921469, 0.9950140137420712, 0.9951632674734142, 0.9950140137420712, 0.9962133887677685, 0.9954617749361006, 1.0, 0.9951135162296331, 0.9952130187171954, 0.995324119654228, 0.9950193589170226, 0.9952627699609765, 0.9950140137420712, 0.9952627699609765, 0.9952246171666659, 0.9949642624982902, 0.9951739578233177, 0.9954671201110522, 0.9951135162296331, 0.9952130187171954, 0.9951188614045848, 0.9951632674734142, 0.9951739578233177, 0.9953178663797091, 0.995063764985852, 0.9951686126483659, 0.9951188614045848, 0.9953676176234901, 0.9952183638921469, 0.9950140137420712, 0.9951251146791036, 0.9950256121915414, 0.9955612774236627, 0.9953178663797093, 0.9951686126483659, 0.995063764985852, 0.9951632674734142, 0.9951188614045848, 0.9950140137420712, 0.9950193589170226, 0.9952627699609765, 0.9950140137420712, 0.9952183638921469, 0.9949642624982902, 0.9950140137420712, 0.9951686126483659, 0.9949642624982902, 0.9952183638921469, 0.9952183638921469, 0.9951632674734142, 0.9954617749361006, 0.9952183638921469, 0.9952681151359283, 0.9951135162296331, 0.995063764985852, 0.9953125212047574, 0.995063764985852, 0.9951135162296331, 0.9951135162296331, 0.9951135162296331, 0.9951632674734142, 0.9951632674734142, 0.9953178663797091, 0.9953125212047574, 0.9950193589170226, 0.9951135162296331, 0.9952130187171954, 0.9951135162296331, 0.995063764985852, 0.9950753634353227, 0.9951632674734142, 0.9961085411052544, 0.9951188614045848, 0.9951188614045848, 0.9960748253863286, 0.9951632674734142, 0.9967224996550492, 0.9955168713548334, 0.9952130187171954, 0.9953622724485386, 0.9951686126483659, 0.9950691101608038, 0.9952183638921469, 0.9952627699609765, 0.9952130187171954, 0.9952130187171954, 0.9951188614045848, 0.9952246171666659, 0.995063764985852, 0.9952130187171954, 0.9952246171666657, 0.9950140137420712, 0.9952130187171954], [0.9951632674734142, 0.9950140137420712, 0.9951686126483659, 0.9952681151359283, 0.9952130187171954, 0.9955168713548334, 0.9951135162296331, 0.9950140137420712, 0.995268115135928, 0.9951864643723554, 0.9959592873739114, 0.9953622724485386, 0.9951739578233175, 0.9953125212047574, 0.9951251146791036, 0.9951686126483659, 0.9951632674734142, 0.9951135162296331, 1.0, 0.9951188614045848, 0.9953622724485386, 0.9953125212047574, 0.9952627699609765, 0.9950140137420712, 0.9952627699609765, 0.9952681151359283, 0.9950691101608038, 0.9952183638921469, 0.9953178663797091, 0.995323211554661, 0.9951135162296331, 0.9952246171666659, 0.9952130187171954, 0.9953125212047574, 0.9951135162296331, 0.9950140137420712, 0.9956163738423955, 0.995859784886349, 0.9952797135853985, 0.9951135162296331, 0.9950753634353227, 0.9951135162296331, 0.9951188614045848, 0.9952183638921469, 0.9952681151359283, 0.995063764985852, 0.9951632674734142, 0.995373870898009, 0.9952627699609765, 0.9950140137420712, 0.9951251146791036, 0.9952130187171954, 0.995063764985852, 0.9955115261798818, 0.9956661250861767, 0.9951632674734142, 0.995063764985852, 0.9951632674734142, 0.9953738708980088, 0.9952681151359283, 0.9952130187171954, 0.9952681151359283, 0.9952627699609765, 0.995063764985852, 0.9951632674734142, 0.995063764985852, 0.995268115135928, 0.9950140137420712, 0.9952734603108799, 0.9954227140422229, 0.9952681151359283, 0.9952627699609765, 0.9950691101608038, 0.9952130187171954, 0.9953125212047577, 0.9951188614045848, 0.9952183638921469, 0.9951739578233175, 0.995268115135928, 0.9952130187171954, 0.995063764985852, 0.9951135162296331, 0.9952627699609765, 0.9953178663797093, 0.9951135162296331, 0.995324119654228, 0.9951632674734142, 0.9950691101608038, 0.995063764985852, 0.995268115135928, 0.995063764985852, 0.9949642624982902, 0.9955835662230367, 0.9951632674734142, 0.9950691101608038, 0.995063764985852, 0.9951632674734142, 0.9951135162296331, 0.995063764985852, 0.9952627699609765, 0.9951135162296331, 0.995063764985852, 0.9964844337860477, 0.9952627699609765], [0.9951632674734142, 0.9953125212047574, 0.9954236221417901, 0.9953792160729606, 0.9951632674734142, 0.9952246171666657, 0.9952130187171954, 0.9952246171666657, 0.9952681151359283, 0.9953125212047574, 0.9950140137420712, 0.9953622724485386, 0.9953622724485386, 0.995063764985852, 0.9953178663797093, 0.9950691101608038, 0.9953676176234901, 0.9952130187171954, 0.9951188614045848, 1.0, 0.9951632674734142, 0.9952743684104469, 0.9954236221417901, 0.9953125212047574, 0.9951188614045848, 0.9951135162296331, 0.9951748659228847, 0.9953294648291795, 0.9951135162296331, 0.995323211554661, 0.9951135162296331, 0.9951632674734142, 0.9951188614045848, 0.9955168713548334, 0.9951135162296331, 0.9951188614045848, 0.9951135162296331, 0.9951686126483659, 0.995323211554661, 0.9952627699609765, 0.995323211554661, 0.9951632674734142, 0.9952130187171954, 0.9953792160729606, 0.9950691101608038, 0.9952627699609765, 0.9952183638921469, 0.995268115135928, 0.995063764985852, 0.9951686126483659, 0.9953676