[[0.0, 0.06761565836299077, 0.08043217286914905, 0.09489051094890688, 0.0922330097087396, 0.08564535585042377, 0.07526881720430212, 0.09890109890110077, 0.07913669064748352, 0.09489051094890688, 0.0778443113772469, 0.1042944785276092, 0.08695652173913215, 0.07655502392344626, 0.08695652173913193, 0.0935601458080213, 0.08303249097473087, 0.10024449877750818, 0.0922330097087396, 0.10294117647059009, 0.08303249097473087, 0.08827085852479022, 0.0922330097087396, 0.08958837772397299, 0.08958837772397255, 0.08303249097473087, 0.09756097560975796, 0.0922330097087396, 0.08043217286914883, 0.08958837772397255, 0.08433734939759208, 0.09356014580802108, 0.09756097560975818, 0.09756097560975818, 0.09756097560975796, 0.08695652173913193, 0.08695652173913215, 0.09622411693057442, 0.08303249097473109, 0.09756097560975796, 0.08958837772397299, 0.0909090909090926, 0.0909090909090926, 0.08958837772397255, 0.0909090909090926, 0.0909090909090926, 0.0962241169305742, 0.07655502392344649, 0.08173076923077072, 0.08958837772397255, 0.08043217286914905, 0.09890109890110077, 0.09489051094890688, 0.08958837772397255, 0.0791366906474833, 0.08043217286914905, 0.09356014580802108, 0.08303249097473064, 0.08564535585042354, 0.08695652173913193, 0.07398568019093199, 0.08958837772397255, 0.09622411693057442, 0.08827085852478977, 0.09489051094890688, 0.08564535585042377, 0.07398568019093199, 0.10024449877750796, 0.08564535585042421, 0.07398568019093221, 0.08564535585042377, 0.08958837772397255, 0.08958837772397255, 0.08958837772397255, 0.0922330097087396, 0.09489051094890688, 0.08564535585042377, 0.0909090909090926, 0.09622411693057398, 0.08564535585042377, 0.0935601458080213, 0.09756097560975774, 0.0909090909090926, 0.0922330097087396, 0.08827085852479022, 0.10159118727050376, 0.06761565836299055, 0.09890109890110055, 0.08564535585042377, 0.0791366906474833, 0.0922330097087396, 0.0935601458080213, 0.10159118727050398, 0.0922330097087396, 0.09756097560975818, 0.0909090909090926], [0.06761565836299077, 0.0, 0.0909090909090926, 0.08303249097473087, 0.09756097560975818, 0.08043217286914928, 0.07913669064748352, 0.0909090909090926, 0.06761565836299077, 0.09756097560975818, 0.0909090909090926, 0.10159118727050376, 0.08695652173913215, 0.08043217286914928, 0.08043217286914905, 0.09756097560975818, 0.08564535585042377, 0.08958837772397299, 0.08695652173913215, 0.08827085852479022, 0.08958837772397255, 0.08173076923077094, 0.08695652173913215, 0.08173076923077094, 0.09489051094890688, 0.0909090909090926, 0.09756097560975796, 0.08433734939759208, 0.0778443113772469, 0.08958837772397255, 0.07784431137724712, 0.08827085852479022, 0.08564535585042354, 0.0922330097087396, 0.08043217286914905, 0.08303249097473064, 0.0909090909090926, 0.07526881720430278, 0.08958837772397255, 0.09756097560975796, 0.0962241169305742, 0.09090909090909238, 0.08564535585042354, 0.08958837772397255, 0.08173076923077072, 0.08827085852479022, 0.09489051094890688, 0.07913669064748352, 0.08043217286914905, 0.0778443113772469, 0.08303249097473087, 0.0935601458080213, 0.08827085852479022, 0.08043217286914928, 0.08043217286914905, 0.0817307692307705, 0.08043217286914883, 0.09090909090909238, 0.09223300970873938, 0.08043217286914905, 0.06888361045130753, 0.08827085852479022, 0.08564535585042377, 0.06888361045130775, 0.09890109890110077, 0.08564535585042354, 0.07913669064748352, 0.07913669064748352, 0.09890109890110077, 0.0804321728691495, 0.07398568019093221, 0.10024449877750796, 0.08958837772397255, 0.08303249097473087, 0.09356014580802108, 0.08433734939759163, 0.0909090909090926, 0.08564535585042377, 0.0922330097087396, 0.08695652173913215, 0.0922330097087396, 0.08695652173913193, 0.07913669064748352, 0.08303249097473087, 0.0935601458080213, 0.09622411693057442, 0.07142857142857251, 0.09489051094890688, 0.08173076923077094, 0.07913669064748352, 0.08695652173913215, 0.09489051094890688, 0.09489051094890688, 0.08827085852479022, 0.0935601458080213, 0.10024449877750796], [0.08043217286914905, 0.0909090909090926, 0.0, 0.08958837772397255, 0.0922330097087396, 0.0922330097087396, 0.06761565836299033, 0.10024449877750796, 0.0791366906474833, 0.08958837772397255, 0.07784431137724712, 0.09356014580802108, 0.10024449877750796, 0.08173076923077072, 0.10024449877750818, 0.09489051094890688, 0.08695652173913193, 0.09356014580802108, 0.07784431137724712, 0.09890109890110055, 0.08433734939759208, 0.0922330097087396, 0.0962241169305742, 0.0935601458080213, 0.08695652173913215, 0.08827085852478977, 0.08433734939759208, 0.08958837772397255, 0.08958837772397255, 0.0778443113772469, 0.07913669064748352, 0.08958837772397255, 0.0909090909090926, 0.10565110565110758, 0.08958837772397255, 0.08433734939759208, 0.08173076923077094, 0.08173076923077072, 0.09489051094890688, 0.09489051094890733, 0.09890109890110077, 0.09756097560975796, 0.08958837772397255, 0.09890109890110077, 0.08564535585042377, 0.0909090909090926, 0.0922330097087396, 0.08695652173913193, 0.07526881720430234, 0.0922330097087396, 0.08827085852478977, 0.10159118727050376, 0.10565110565110758, 0.08433734939759208, 0.07526881720430212, 0.07526881720430234, 0.08564535585042377, 0.08564535585042377, 0.09489051094890688, 0.08043217286914883, 0.08043217286914905, 0.08303249097473087, 0.08958837772397255, 0.08564535585042354, 0.0935601458080213, 0.09756097560975796, 0.06888361045130753, 0.0922330097087396, 0.08695652173913215, 0.08564535585042354, 0.0909090909090926, 0.0922330097087396, 0.0935601458080213, 0.09356014580802108, 0.0909090909090926, 0.09356014580802086, 0.08433734939759163, 0.08043217286914905, 0.09756097560975796, 0.08043217286914905, 0.08043217286914905, 0.0922330097087396, 0.09756097560975796, 0.0909090909090926, 0.0922330097087396, 0.08827085852478977, 0.07784431137724668, 0.09090909090909238, 0.08043217286914905, 0.0909090909090926, 0.09756097560975818, 0.09489051094890688, 0.10837438423645529, 0.0922330097087396, 0.09622411693057442, 0.09622411693057442], [0.09489051094890688, 0.08303249097473087, 0.08958837772397255, 0.0, 0.08564535585042377, 0.0909090909090926, 0.08695652173913215, 0.08043217286914905, 0.0922330097087396, 0.0962241169305742, 0.0909090909090926, 0.0922330097087396, 0.08695652173913193, 0.08958837772397255, 0.08695652173913215, 0.08827085852479022, 0.08827085852479022, 0.0817307692307705, 0.0778443113772469, 0.0922330097087396, 0.08827085852478977, 0.08958837772397232, 0.08043217286914883, 0.09756097560975818, 0.08564535585042399, 0.08433734939759208, 0.07398568019093221, 0.08173076923077072, 0.0922330097087396, 0.08695652173913215, 0.08564535585042377, 0.09090909090909238, 0.08827085852479022, 0.07913669064748352, 0.08958837772397255, 0.0909090909090926, 0.09622411693057442, 0.09622411693057442, 0.08564535585042377, 0.08303249097473087, 0.08827085852479022, 0.08958837772397255, 0.0922330097087396, 0.0909090909090926, 0.07655502392344649, 0.08958837772397255, 0.08827085852479022, 0.09356014580802086, 0.09356014580802108, 0.08827085852479022, 0.09890109890110077, 0.07526881720430278, 0.08303249097473087, 0.08564535585042377, 0.08958837772397255, 0.08303249097473087, 0.09489051094890688, 0.08433734939759208, 0.08958837772397255, 0.07913669064748352, 0.0935601458080213, 0.09356014580802108, 0.0817307692307705, 0.08827085852479022, 0.08958837772397255, 0.0909090909090926, 0.08564535585042377, 0.0909090909090926, 0.09890109890110077, 0.08173076923077072, 0.10024449877750796, 0.08173076923077072, 0.09756097560975796, 0.09356014580802108, 0.08303249097473087, 0.09489051094890688, 0.08958837772397255, 0.09223300970873938, 0.08958837772397255, 0.08695652173913215, 0.09622411693057398, 0.08695652173913215, 0.08827085852479022, 0.0922330097087396, 0.08433734939759208, 0.08303249097473064, 0.08303249097473087, 0.08695652173913193, 0.08827085852478977, 0.08695652173913215, 0.08564535585042377, 0.08958837772397255, 0.0922330097087396, 0.08433734939759208, 0.09489051094890688, 0.09489051094890688], [0.0922330097087396, 0.09756097560975818, 0.0922330097087396, 0.08564535585042377, 0.0, 0.0962241169305742, 0.09356014580802108, 0.08958837772397255, 0.0962241169305742, 0.10294117647059009, 0.09890109890110055, 0.08695652173913215, 0.0922330097087396, 0.08958837772397255, 0.0909090909090926, 0.08303249097473087, 0.08827085852479022, 0.09489051094890688, 0.08958837772397255, 0.09489051094890688, 0.09756097560975818, 0.09489051094890688, 0.07526881720430256, 0.08695652173913193, 0.08043217286914905, 0.08827085852479022, 0.09756097560975796, 0.08958837772397255, 0.08695652173913215, 0.08433734939759208, 0.08564535585042377, 0.08827085852479022, 0.08564535585042377, 0.09622411693057398, 0.08433734939759208, 0.08303249097473087, 0.08695652173913171, 0.09090909090909283, 0.08958837772397255, 0.08433734939759208, 0.0804321728691495, 0.08043217286914905, 0.09489051094890688, 0.09622411693057442, 0.0909090909090926, 0.0962241169305742, 0.08958837772397255, 0.08695652173913193, 0.08433734939759208, 0.08564535585042377, 0.09356014580802086, 0.08433734939759208, 0.08958837772397255, 0.08695652173913215, 0.08958837772397255, 0.08695652173913215, 0.09890109890110055, 0.0922330097087396, 0.08958837772397255, 0.0909090909090926, 0.09890109890110077, 0.0909090909090926, 0.09890109890110077, 0.08564535585042377, 0.08827085852478977, 0.0909090909090926, 0.08303249097473087, 0.09756097560975774, 0.08695652173913215, 0.09489051094890688, 0.0922330097087396, 0.08564535585042354, 0.08564535585042377, 0.08958837772397255, 0.0909090909090926, 0.08958837772397255, 0.0909090909090926, 0.09356014580802108, 0.09756097560975796, 0.0909090909090926, 0.0817307692307705, 0.09756097560975796, 0.10024449877750796, 0.09890109890110055, 0.10159118727050354, 0.08827085852478977, 0.08564535585042377, 0.09223300970873938, 0.10024449877750796, 0.0922330097087396, 0.09489051094890688, 0.09890109890110077, 0.08303249097473087, 0.0922330097087396, 0.09890109890110055, 0.07913669064748352], [0.08564535585042377, 0.08043217286914928, 0.0922330097087396, 0.0909090909090926, 0.0962241169305742, 0.0, 0.0922330097087396, 0.07784431137724668, 0.0778443113772469, 0.08564535585042354, 0.08433734939759208, 0.08695652173913193, 0.0909090909090926, 0.08173076923077072, 0.0909090909090926, 0.08827085852479022, 0.10024449877750796, 0.0922330097087396, 0.08043217286914905, 0.08303249097473087, 0.0922330097087396, 0.08958837772397255, 0.08958837772397299, 0.08958837772397255, 0.0935601458080213, 0.07655502392344604, 0.0909090909090926, 0.08433734939759163, 0.0922330097087396, 0.08827085852479022, 0.08173076923077072, 0.08827085852479022, 0.08827085852479022, 0.07655502392344649, 0.0909090909090926, 0.0962241169305742, 0.09756097560975796, 0.09756097560975796, 0.08958837772397255, 0.08564535585042377, 0.08695652173913193, 0.08958837772397255, 0.11386138613861596, 0.08564535585042354, 0.08827085852478977, 0.08695652173913193, 0.08827085852479022, 0.08173076923077072, 0.09489051094890688, 0.0778443113772469, 0.08958837772397255, 0.08433734939759208, 0.08827085852478977, 0.07655502392344626, 0.08433734939759208, 0.0817307692307705, 0.09890109890110077, 0.06888361045130775, 0.08564535585042399, 0.09756097560975796, 0.08958837772397255, 0.08695652173913215, 0.08564535585042377, 0.09890109890110077, 0.07270560190703335, 0.07784431137724668, 0.08695652173913193, 0.09489051094890688, 0.09489051094890688, 0.08303249097473064, 0.07913669064748374, 0.0909090909090926, 0.08958837772397255, 0.0909090909090926, 0.08827085852479022, 0.0935601458080213, 0.0935601458080213, 0.07913669064748352, 0.08695652173913215, 0.0909090909090926, 0.09622411693057442, 0.08695652173913193, 0.08958837772397255, 0.08827085852479022, 0.08827085852478977, 0.08695652173913215, 0.08695652173913215, 0.08043217286914905, 0.08173076923077072, 0.08433734939759163, 0.0909090909090926, 0.08564535585042377, 0.0909090909090926, 0.08173076923077094, 0.07913669064748352, 0.10294117647059009], [0.07526881720430212, 0.07913669064748352, 0.06761565836299033, 0.08695652173913215, 0.09356014580802108, 0.0922330097087396, 0.0, 0.09622411693057442, 0.07398568019093243, 0.08827085852479022, 0.08564535585042377, 0.09756097560975796, 0.0909090909090926, 0.07526881720430234, 0.09622411693057442, 0.09756097560975796, 0.08827085852478977, 0.0962241169305742, 0.08695652173913215, 0.08958837772397255, 0.0922330097087396, 0.09622411693057442, 0.0922330097087396, 0.08303249097473087, 0.0922330097087396, 0.08303249097473087, 0.08695652173913193, 0.08564535585042377, 0.08695652173913193, 0.0778443113772469, 0.07655502392344626, 0.07784431137724734, 0.08433734939759208, 0.10294117647059053, 0.08827085852478977, 0.08303249097473064, 0.07913669064748352, 0.08303249097473087, 0.09890109890110055, 0.10159118727050376, 0.09356014580802108, 0.08564535585042377, 0.08043217286914905, 0.10701107011070321, 0.08564535585042377, 0.0909090909090926, 0.08827085852478977, 0.08043217286914883, 0.07784431137724668, 0.07015457788347357, 0.08433734939759163, 0.10024449877750818, 0.10024449877750818, 0.08695652173913215, 0.08303249097473087, 0.08043217286914905, 0.08695652173913215, 0.08173076923077072, 0.0935601458080213, 0.06888361045130753, 0.07270560190703335, 0.08695652173913193, 0.0909090909090926, 0.07015457788347357, 0.09890109890110077, 0.08958837772397255, 0.06508875739645048, 0.08564535585042377, 0.08827085852479022, 0.0922330097087396, 0.08827085852479022, 0.10429447852760942, 0.08958837772397255, 0.08433734939759163, 0.08958837772397255, 0.09356014580802108, 0.07913669064748352, 0.08827085852478977, 0.08827085852478977, 0.08695652173913193, 0.08564535585042377, 0.10024449877750796, 0.08564535585042377, 0.08433734939759208, 0.0909090909090926, 0.09756097560975818, 0.06635071090047484, 0.0922330097087396, 0.08958837772397255, 0.07526881720430256, 0.08958837772397255, 0.08433734939759208, 0.10159118727050398, 0.09090909090909283, 0.08958837772397255, 0.10024449877750818], [0.09890109890110077, 0.0909090909090926, 0.10024449877750796, 0.08043217286914905, 0.08958837772397255, 0.07784431137724668, 0.09622411693057442, 0.0, 0.07655502392344649, 0.0909090909090926, 0.09756097560975774, 0.08564535585042377, 0.09890109890110055, 0.08433734939759208, 0.0909090909090926, 0.08827085852479022, 0.07913669064748352, 0.07784431137724712, 0.0922330097087396, 0.08564535585042377, 0.09489051094890688, 0.08173076923077072, 0.0922330097087396, 0.08695652173913215, 0.08827085852479022, 0.08958837772397255, 0.08695652173913215, 0.0962241169305742, 0.09756097560975818, 0.0935601458080213, 0.09756097560975818, 0.08564535585042354, 0.08695652173913193, 0.06761565836299033, 0.08564535585042377, 0.10159118727050376, 0.0935601458080213, 0.09489051094890688, 0.0909090909090926, 0.06508875739645048, 0.0909090909090926, 0.08173076923077072, 0.10294117647059009, 0.0701545778834729, 0.08564535585042354, 0.07655502392344626, 0.09356014580802108, 0.0922330097087396, 0.09489051094890688, 0.07655502392344626, 0.09489051094890688, 0.07655502392344604, 0.07398568019093199, 0.07015457788347357, 0.10159118727050354, 0.0935601458080213, 0.0922330097087396, 0.08303249097473064, 0.08695652173913215, 0.0909090909090926, 0.0962241169305742, 0.08958837772397255, 0.08958837772397255, 0.09356014580802152, 0.07655502392344626, 0.08827085852479022, 0.10701107011070321, 0.08564535585042377, 0.08564535585042399, 0.08958837772397255, 0.08695652173913193, 0.09756097560975796, 0.09356014580802108, 0.08958837772397255, 0.09489051094890666, 0.09489051094890688, 0.09890109890110077, 0.09356014580802108, 0.07913669064748374, 0.09756097560975818, 0.0922330097087396, 0.0922330097087396, 0.0922330097087396, 0.0935601458080213, 0.09489051094890688, 0.0922330097087396, 0.10024449877750818, 0.08827085852478977, 0.0935601458080213, 0.09622411693057464, 0.0778443113772469, 0.08564535585042377, 0.07913669064748352, 0.07913669064748374, 0.08433734939759163, 0.08303249097473064], [0.07913669064748352, 0.06761565836299077, 0.0791366906474833, 0.0922330097087396, 0.0962241169305742, 0.0778443113772469, 0.07398568019093243, 0.07655502392344649, 0.0, 0.08303249097473087, 0.08173076923077072, 0.0909090909090926, 0.08958837772397255, 0.08173076923077072, 0.0922330097087396, 0.0922330097087396, 0.08958837772397255, 0.08173076923077094, 0.09489051094890688, 0.08695652173913215, 0.0935601458080213, 0.08958837772397299, 0.09356014580802108, 0.08303249097473087, 0.0935601458080213, 0.07784431137724712, 0.08564535585042377, 0.08173076923077072, 0.0909090909090926, 0.08564535585042377, 0.07784431137724712, 0.08433734939759208, 0.09090909090909283, 0.09890109890110077, 0.08827085852478977, 0.08695652173913193, 0.08564535585042377, 0.0843373493975923, 0.09890109890110077, 0.0935601458080213, 0.0909090909090926, 0.08433734939759208, 0.08043217286914928, 0.09756097560975796, 0.08564535585042377, 0.0909090909090926, 0.08827085852478977, 0.07526881720430256, 0.08173076923077072, 0.07655502392344649, 0.0922330097087396, 0.08695652173913215, 0.07913669064748352, 0.07270560190703357, 0.0778443113772469, 0.08173076923077072, 0.08043217286914905, 0.09090909090909238, 0.08827085852478977, 0.07398568019093221, 0.07015457788347335, 0.09356014580802108, 0.08564535585042377, 0.06888361045130797, 0.10294117647059009, 0.0817307692307705, 0.08433734939759208, 0.08564535585042399, 0.09756097560975796, 0.08564535585042399, 0.08958837772397255, 0.09756097560975796, 0.08303249097473087, 0.0935601458080213, 0.08433734939759208, 0.0909090909090926, 0.08695652173913215, 0.0909090909090926, 0.09756097560975818, 0.08173076923077072, 0.08827085852478977, 0.0922330097087396, 0.0778443113772469, 0.08958837772397255, 0.0909090909090926, 0.10159118727050376, 0.07142857142857273, 0.10159118727050354, 0.08173076923077072, 0.07913669064748352, 0.08043217286914928, 0.08695652173913215, 0.08827085852479022, 0.08043217286914928, 0.08695652173913193, 0.09756097560975774], [0.09489051094890688, 0.09756097560975818, 0.08958837772397255, 0.0962241169305742, 0.10294117647059009, 0.08564535585042354, 0.08827085852479022, 0.0909090909090926, 0.08303249097473087, 0.0, 0.0935601458080213, 0.08564535585042377, 0.08695652173913193, 0.08958837772397255, 0.08433734939759208, 0.0922330097087396, 0.10024449877750796, 0.08564535585042377, 0.0909090909090926, 0.08433734939759208, 0.09356014580802086, 0.08564535585042354, 0.08958837772397255, 0.09489051094890688, 0.0935601458080213, 0.09489051094890666, 0.08958837772397255, 0.0922330097087396, 0.08564535585042377, 0.08564535585042377, 0.09489051094890688, 0.0909090909090926, 0.0962241169305742, 0.08433734939759208, 0.09356014580802108, 0.0922330097087396, 0.08827085852479022, 0.10159118727050354, 0.1042944785276092, 0.08564535585042377, 0.08433734939759163, 0.09356014580802086, 0.0922330097087396, 0.08695652173913215, 0.08827085852478977, 0.08173076923077072, 0.09489051094890688, 0.0909090909090926, 0.08827085852479022, 0.09756097560975774, 0.10429447852760942, 0.08958837772397232, 0.08958837772397232, 0.08695652173913215, 0.08433734939759208, 0.0922330097087396, 0.08564535585042354, 0.09489051094890688, 0.09489051094890688, 0.08958837772397255, 0.08827085852478977, 0.09356014580802108, 0.0817307692307705, 0.08958837772397255, 0.0935601458080213, 0.09489051094890688, 0.09890109890110077, 0.09090909090909283, 0.09890109890110077, 0.09223300970873938, 0.09223300970873982, 0.08564535585042377, 0.08695652173913215, 0.09356014580802108, 0.08958837772397232, 0.0922330097087396, 0.0922330097087396, 0.08827085852479022, 0.08827085852478977, 0.08827085852479022, 0.09756097560975818, 0.09489051094890688, 0.0922330097087396, 0.08958837772397255, 0.0962241169305742, 0.08827085852478977, 0.0935601458080213, 0.08173076923077094, 0.07784431137724712, 0.09223300970873938, 0.08303249097473087, 0.08695652173913215, 0.07913669064748352, 0.08433734939759208, 0.08827085852479022, 0.0922330097087396], [0.0778443113772469, 0.0909090909090926, 0.07784431137724712, 0.0909090909090926, 0.09890109890110055, 0.08433734939759208, 0.08564535585042377, 0.09756097560975774, 0.08173076923077072, 0.0935601458080213, 0.0, 0.08827085852479022, 0.09756097560975796, 0.0922330097087396, 0.0909090909090926, 0.08827085852478977, 0.08958837772397255, 0.0909090909090926, 0.1042944785276092, 0.09489051094890688, 0.09356014580802086, 0.09756097560975796, 0.08695652173913215, 0.08958837772397255, 0.08958837772397255, 0.08564535585042377, 0.08695652173913215, 0.08303249097473087, 0.08695652173913215, 0.09890109890110055, 0.09622411693057442, 0.08827085852479022, 0.0922330097087396, 0.08695652173913215, 0.0922330097087396, 0.09356014580802108, 0.08958837772397255, 0.1042944785276092, 0.08043217286914928, 0.09489051094890688, 0.0962241169305742, 0.09890109890110055, 0.0962241169305742, 0.0909090909090926, 0.08564535585042377, 0.09489051094890688, 0.09489051094890666, 0.0909090909090926, 0.08695652173913215, 0.0909090909090926, 0.07398568019093199, 0.09756097560975796, 0.09890109890110077, 0.08303249097473087, 0.06888361045130775, 0.08564535585042354, 0.08695652173913215, 0.08958837772397255, 0.0909090909090926, 0.08173076923077072, 0.08827085852479022, 0.09356014580802108, 0.09756097560975796, 0.08695652173913215, 0.0935601458080213, 0.08433734939759208, 0.08173076923077072, 0.0909090909090926, 0.08827085852479022, 0.08173076923077072, 0.09890109890110077, 0.0922330097087396, 0.09489051094890688, 0.0909090909090926, 0.09489051094890666, 0.08695652173913215, 0.08827085852479022, 0.08695652173913193, 0.09756097560975796, 0.08564535585042377, 0.08827085852479022, 0.09890109890110055, 0.0922330097087396, 0.07270560190703379, 0.09622411693057442, 0.0909090909090926, 0.0778443113772469, 0.09622411693057442, 0.0922330097087396, 0.07015457788347335, 0.08695652173913215, 0.0922330097087396, 0.0909090909090926, 0.08695652173913215, 0.09489051094890688, 0.0909090909090926], [0.1042944785276092, 0.10159118727050376, 0.09356014580802108, 0.0922330097087396, 0.08695652173913215, 0.08695652173913193, 0.09756097560975796, 0.08564535585042377, 0.0909090909090926, 0.08564535585042377, 0.08827085852479022, 0.0, 0.0935601458080213, 0.08958837772397255, 0.10024449877750796, 0.08827085852478977, 0.09622411693057442, 0.08433734939759208, 0.08564535585042399, 0.09489051094890688, 0.0909090909090926, 0.10024449877750796, 0.08433734939759208, 0.08827085852478977, 0.08303249097473064, 0.09489051094890666, 0.0922330097087396, 0.07913669064748352, 0.08958837772397255, 0.0935601458080213, 0.08695652173913215, 0.08043217286914928, 0.08173076923077072, 0.07913669064748352, 0.09622411693057442, 0.08695652173913215, 0.08827085852478977, 0.09356014580802086, 0.09489051094890688, 0.08695652173913193, 0.0909090909090926, 0.08958837772397255, 0.08827085852478977, 0.08827085852479022, 0.1056511056511078, 0.10024449877750796, 0.09756097560975774, 0.10024449877750796, 0.09622411693057442, 0.0922330097087396, 0.0935601458080213, 0.08958837772397255, 0.08564535585042377, 0.08695652173913215, 0.09090909090909283, 0.08827085852479022, 0.0909090909090926, 0.08173076923077072, 0.0962241169305742, 0.09622411693057442, 0.09489051094890688, 0.09489051094890688, 0.08827085852478977, 0.09489051094890688, 0.08303249097473087, 0.0778443113772469, 0.09622411693057442, 0.0935601458080213, 0.07655502392344649, 0.08958837772397232, 0.08695652173913215, 0.08827085852479022, 0.08958837772397255, 0.09489051094890688, 0.08827085852479022, 0.08303249097473087, 0.09489051094890666, 0.10024449877750796, 0.08695652173913215, 0.09489051094890688, 0.08043217286914928, 0.08958837772397255, 0.09489051094890688, 0.0935601458080213, 0.08827085852479022, 0.08827085852479022, 0.0909090909090926, 0.08173076923077094, 0.09756097560975796, 0.08958837772397255, 0.08827085852478977, 0.09489051094890688, 0.08564535585042377, 0.08564535585042377, 0.09622411693057398, 0.08564535585042399], [0.08695652173913215, 0.08695652173913215, 0.10024449877750796, 0.08695652173913193, 0.0922330097087396, 0.0909090909090926, 0.0909090909090926, 0.09890109890110055, 0.08958837772397255, 0.08695652173913193, 0.09756097560975796, 0.0935601458080213, 0.0, 0.08827085852479022, 0.07913669064748352, 0.0962241169305742, 0.10024449877750796, 0.0922330097087396, 0.09890109890110077, 0.08827085852478977, 0.08695652173913215, 0.08958837772397255, 0.0909090909090926, 0.0922330097087396, 0.08433734939759208, 0.0909090909090926, 0.09489051094890688, 0.08564535585042399, 0.0909090909090926, 0.08564535585042377, 0.08564535585042377, 0.08958837772397255, 0.10294117647059009, 0.0922330097087396, 0.10159118727050354, 0.08958837772397255, 0.08564535585042354, 0.07655502392344626, 0.09622411693057398, 0.08827085852479022, 0.10159118727050354, 0.09622411693057442, 0.09356014580802108, 0.08695652173913193, 0.08827085852478977, 0.09489051094890666, 0.08433734939759208, 0.08827085852478977, 0.09622411693057398, 0.08827085852479022, 0.10159118727050354, 0.08958837772397255, 0.0922330097087396, 0.0922330097087396, 0.08827085852479022, 0.0922330097087396, 0.0935601458080213, 0.09890109890110077, 0.08827085852478977, 0.08958837772397255, 0.08695652173913215, 0.10159118727050376, 0.09622411693057442, 0.09890109890110077, 0.08958837772397255, 0.0962241169305742, 0.0909090909090926, 0.08695652173913215, 0.09890109890110077, 0.08564535585042354, 0.0922330097087396, 0.09756097560975774, 0.0778443113772469, 0.0922330097087396, 0.08827085852479022, 0.08173076923077072, 0.08827085852479022, 0.08564535585042399, 0.08958837772397255, 0.08958837772397255, 0.10294117647059009, 0.09489051094890666, 0.0962241169305742, 0.08695652173913215, 0.08695652173913215, 0.0909090909090926, 0.0922330097087396, 0.08827085852479022, 0.08303249097473087, 0.0909090909090926, 0.08695652173913215, 0.09890109890110055, 0.08958837772397255, 0.09489051094890688, 0.0909090909090926, 0.0922330097087396], [0.07655502392344626, 0.08043217286914928, 0.08173076923077072, 0.08958837772397255, 0.08958837772397255, 0.08173076923077072, 0.07526881720430234, 0.08433734939759208, 0.08173076923077072, 0.08958837772397255, 0.0922330097087396, 0.08958837772397255, 0.08827085852479022, 0.0, 0.08173076923077094, 0.0935601458080213, 0.0909090909090926, 0.0935601458080213, 0.08958837772397255, 0.09890109890110077, 0.0909090909090926, 0.07913669064748374, 0.10159118727050354, 0.08433734939759208, 0.0909090909090926, 0.0817307692307705, 0.0935601458080213, 0.07655502392344671, 0.08043217286914905, 0.08958837772397255, 0.08827085852478977, 0.09622411693057442, 0.10159118727050376, 0.10024449877750796, 0.08433734939759208, 0.0922330097087396, 0.08173076923077094, 0.08827085852479022, 0.0922330097087396, 0.09489051094890666, 0.09890109890110055, 0.08303249097473064, 0.08827085852478977, 0.0922330097087396, 0.08303249097473087, 0.07913669064748374, 0.0922330097087396, 0.07526881720430256, 0.07655502392344626, 0.07655502392344626, 0.08564535585042377, 0.08433734939759208, 0.08958837772397299, 0.0791366906474833, 0.08043217286914905, 0.08303249097473087, 0.09756097560975796, 0.07015457788347335, 0.08043217286914905, 0.08827085852478977, 0.08827085852478977, 0.08433734939759208, 0.0922330097087396, 0.08564535585042377, 0.07655502392344649, 0.08827085852479022, 0.0817307692307705, 0.08958837772397255, 0.08695652173913215, 0.08433734939759208, 0.07913669064748352, 0.08695652173913215, 0.08827085852478977, 0.07913669064748352, 0.0909090909090926, 0.08827085852479022, 0.08564535585042377, 0.08695652173913215, 0.0869565217391326, 0.08173076923077072, 0.0909090909090926, 0.08827085852479022, 0.0909090909090926, 0.08695652173913193, 0.08303249097473087, 0.08695652173913215, 0.0791366906474833, 0.07913669064748352, 0.0962241169305742, 0.09622411693057398, 0.09489051094890666, 0.10024449877750796, 0.09356014580802108, 0.10565110565110758, 0.09756097560975796, 0.09756097560975796], [0.08695652173913193, 0.08043217286914905, 0.10024449877750818, 0.08695652173913215, 0.0909090909090926, 0.0909090909090926, 0.09622411693057442, 0.0909090909090926, 0.0922330097087396, 0.08433734939759208, 0.0909090909090926, 0.10024449877750796, 0.07913669064748352, 0.08173076923077094, 0.0, 0.0935601458080213, 0.09489051094890688, 0.08958837772397232, 0.0909090909090926, 0.09356014580802108, 0.0922330097087396, 0.08958837772397255, 0.09756097560975774, 0.08695652173913193, 0.0922330097087396, 0.08958837772397255, 0.08564535585042377, 0.08695652173913215, 0.08303249097473087, 0.09489051094890688, 0.10429447852760942, 0.09756097560975774, 0.09890109890110077, 0.09489051094890666, 0.08695652173913215, 0.08043217286914905, 0.09489051094890688, 0.08827085852478977, 0.09756097560975796, 0.0909090909090926, 0.09223300970873938, 0.08958837772397255, 0.08827085852479022, 0.08695652173913215, 0.08564535585042354, 0.08433734939759208, 0.09756097560975796, 0.10294117647059009, 0.09890109890110077, 0.09622411693057398, 0.10024449877750796, 0.0935601458080213, 0.08433734939759163, 0.08695652173913193, 0.08827085852479022, 0.08827085852478977, 0.09356014580802108, 0.08827085852479022, 0.08827085852478977, 0.10159118727050354, 0.0909090909090926, 0.10159118727050398, 0.09890109890110077, 0.08958837772397255, 0.08827085852479022, 0.08303249097473087, 0.09622411693057442, 0.08958837772397255, 0.09756097560975796, 0.09090909090909238, 0.08303249097473087, 0.08827085852479022, 0.0909090909090926, 0.08827085852479022, 0.08695652173913215, 0.08303249097473087, 0.09756097560975818, 0.08695652173913215, 0.08827085852478977, 0.0922330097087396, 0.10024449877750818, 0.0935601458080213, 0.08433734939759208, 0.08043217286914905, 0.08827085852479022, 0.09489051094890688, 0.08303249097473087, 0.0909090909090926, 0.09356014580802152, 0.08827085852478977, 0.08695652173913215, 0.10024449877750796, 0.0909090909090926, 0.0962241169305742, 0.08433734939759208, 0.08827085852478977], [0.0935601458080213, 0.09756097560975818, 0.09489051094890688, 0.08827085852479022, 0.08303249097473087, 0.08827085852479022, 0.09756097560975796, 0.08827085852479022, 0.0922330097087396, 0.0922330097087396, 0.08827085852478977, 0.08827085852478977, 0.0962241169305742, 0.0935601458080213, 0.0935601458080213, 0.0, 0.0909090909090926, 0.08564535585042377, 0.10159118727050354, 0.0909090909090926, 0.08827085852479022, 0.0909090909090926, 0.09489051094890688, 0.08827085852479022, 0.0922330097087396, 0.09489051094890688, 0.0922330097087396, 0.09489051094890688, 0.08564535585042377, 0.0909090909090926, 0.09223300970873938, 0.0922330097087396, 0.08827085852479022, 0.0909090909090926, 0.08827085852479022, 0.09890109890110055, 0.0922330097087396, 0.0962241169305742, 0.07142857142857295, 0.08695652173913215, 0.08827085852479022, 0.07913669064748352, 0.0909090909090926, 0.08958837772397255, 0.09489051094890666, 0.09756097560975774, 0.0922330097087396, 0.08958837772397255, 0.0922330097087396, 0.0909090909090926, 0.08695652173913215, 0.0909090909090926, 0.09622411693057442, 0.08827085852479022, 0.10159118727050376, 0.10159118727050354, 0.0909090909090926, 0.09356014580802108, 0.08043217286914883, 0.08958837772397255, 0.10024449877750818, 0.08695652173913193, 0.10024449877750796, 0.08303249097473087, 0.0909090909090926, 0.09756097560975796, 0.0922330097087396, 0.09756097560975774, 0.09489051094890688, 0.08827085852479022, 0.10024449877750796, 0.08827085852479022, 0.08958837772397255, 0.08958837772397255, 0.08173076923077072, 0.0935601458080213, 0.08958837772397255, 0.10294117647059009, 0.08303249097473087, 0.09622411693057442, 0.08173076923077094, 0.08564535585042354, 0.08564535585042399, 0.09622411693057442, 0.09356014580802108, 0.08303249097473087, 0.08564535585042377, 0.0909090909090926, 0.09489051094890688, 0.0922330097087396, 0.09356014580802108, 0.09356014580802108, 0.08433734939759163, 0.08695652173913215, 0.0922330097087396, 0.0922330097087396], [0.08303249097473087, 0.08564535585042377, 0.08695652173913193, 0.08827085852479022, 0.08827085852479022, 0.10024449877750796, 0.08827085852478977, 0.07913669064748352, 0.08958837772397255, 0.10024449877750796, 0.08958837772397255, 0.09622411693057442, 0.10024449877750796, 0.0909090909090926, 0.09489051094890688, 0.0909090909090926, 0.0, 0.09356014580802108, 0.0935601458080213, 0.0909090909090926, 0.0922330097087396, 0.08564535585042377, 0.09489051094890688, 0.07526881720430234, 0.09090909090909283, 0.08303249097473087, 0.08958837772397255, 0.0935601458080213, 0.08827085852479022, 0.08173076923077094, 0.08173076923077072, 0.08958837772397255, 0.08827085852478977, 0.08303249097473087, 0.08303249097473087, 0.08695652173913193, 0.09890109890110077, 0.0935601458080213, 0.09223300970873982, 0.08303249097473087, 0.08564535585042377, 0.08958837772397255, 0.0909090909090926, 0.08958837772397255, 0.08564535585042377, 0.07015457788347335, 0.0909090909090926, 0.08958837772397255, 0.07913669064748352, 0.0909090909090926, 0.10159118727050354, 0.08173076923077072, 0.08433734939759208, 0.08173076923077094, 0.08564535585042354, 0.0922330097087396, 0.08695652173913215, 0.08173076923077072, 0.0935601458080213, 0.09356014580802108, 0.08827085852479022, 0.08958837772397255, 0.08695652173913215, 0.0909090909090926, 0.08173076923077072, 0.08303249097473087, 0.08695652173913215, 0.0922330097087396, 0.0778443113772469, 0.07655502392344626, 0.0909090909090926, 0.0962241169305742, 0.09489051094890688, 0.08433734939759208, 0.08564535585042399, 0.0922330097087396, 0.08695652173913193, 0.09756097560975774, 0.09356014580802108, 0.09890109890110055, 0.08303249097473087, 0.08958837772397255, 0.09756097560975796, 0.10159118727050398, 0.08433734939759208, 0.0962241169305742, 0.09890109890110055, 0.08695652173913215, 0.07784431137724712, 0.0935601458080213, 0.08303249097473087, 0.10159118727050354, 0.0922330097087396, 0.08958837772397255, 0.08564535585042354, 0.08433734939759208], [0.10024449877750818, 0.08958837772397299, 0.09356014580802108, 0.0817307692307705, 0.09489051094890688, 0.0922330097087396, 0.0962241169305742, 0.07784431137724712, 0.08173076923077094, 0.08564535585042377, 0.0909090909090926, 0.08433734939759208, 0.0922330097087396, 0.0935601458080213, 0.08958837772397232, 0.08564535585042377, 0.09356014580802108, 0.0, 0.07913669064748352, 0.08827085852478977, 0.09356014580802108, 0.08695652173913215, 0.08043217286914883, 0.08043217286914905, 0.08695652173913215, 0.09489051094890666, 0.08827085852478977, 0.09489051094890688, 0.09489051094890688, 0.08564535585042377, 0.0935601458080213, 0.07784431137724712, 0.0922330097087396, 0.08433734939759208, 0.0922330097087396, 0.09890109890110077, 0.09489051094890688, 0.10159118727050376, 0.08958837772397255, 0.08303249097473087, 0.09890109890110077, 0.08695652173913215, 0.08827085852479022, 0.08043217286914905, 0.08564535585042377, 0.08695652173913215, 0.08827085852479022, 0.10159118727050398, 0.09223300970873982, 0.08827085852479022, 0.0909090909090926, 0.06761565836299033, 0.0791366906474833, 0.08433734939759163, 0.10024449877750818, 0.0909090909090926, 0.08695652173913215, 0.09890109890110055, 0.0909090909090926, 0.09090909090909283, 0.08564535585042377, 0.0843373493975923, 0.07784431137724668, 0.08043217286914928, 0.09356014580802108, 0.09356014580802108, 0.10159118727050376, 0.0935601458080213, 0.08173076923077072, 0.08173076923077094, 0.08173076923077094, 0.08958837772397255, 0.09890109890110077, 0.08433734939759208, 0.0909090909090926, 0.0909090909090926, 0.09356014580802108, 0.08958837772397232, 0.08827085852479022, 0.0962241169305742, 0.08564535585042377, 0.09489051094890688, 0.09489051094890688, 0.08695652173913215, 0.08958837772397255, 0.0778443113772469, 0.09622411693057398, 0.10159118727050376, 0.0935601458080213, 0.0909090909090926, 0.09890109890110077, 0.08827085852479022, 0.08173076923077094, 0.08303249097473087, 0.09890109890110077, 0.09090909090909238], [0.0922330097087396, 0.08695652173913215, 0.07784431137724712, 0.0778443113772469, 0.08958837772397255, 0.08043217286914905, 0.08695652173913215, 0.0922330097087396, 0.09489051094890688, 0.0909090909090926, 0.1042944785276092, 0.08564535585042399, 0.09890109890110077, 0.08958837772397255, 0.0909090909090926, 0.10159118727050354, 0.0935601458080213, 0.07913669064748352, 0.0, 0.0962241169305742, 0.08303249097473087, 0.08695652173913215, 0.08958837772397255, 0.08958837772397255, 0.09489051094890688, 0.0817307692307705, 0.09489051094890688, 0.0922330097087396, 0.08564535585042377, 0.07913669064748352, 0.08433734939759208, 0.08827085852479022, 0.0909090909090926, 0.08433734939759208, 0.08695652173913215, 0.08303249097473087, 0.09622411693057442, 0.08958837772397255, 0.0922330097087396, 0.08695652173913215, 0.0962241169305742, 0.09890109890110077, 0.0962241169305742, 0.08433734939759163, 0.08303249097473087, 0.07655502392344649, 0.0909090909090926, 0.0962241169305742, 0.09890109890110077, 0.08433734939759163, 0.09622411693057442, 0.08303249097473087, 0.08043217286914883, 0.09489051094890688, 0.08958837772397255, 0.06888361045130775, 0.08827085852479022, 0.07398568019093199, 0.08827085852479022, 0.08827085852478977, 0.08827085852478977, 0.08173076923077094, 0.08303249097473064, 0.08958837772397255, 0.0817307692307705, 0.08564535585042377, 0.08564535585042377, 0.10024449877750796, 0.08564535585042377, 0.08695652173913215, 0.09356014580802108, 0.08043217286914905, 0.10024449877750796, 0.08827085852478977, 0.08827085852479022, 0.09489051094890688, 0.08564535585042377, 0.08303249097473087, 0.09356014580802108, 0.0962241169305742, 0.0909090909090926, 0.0962241169305742, 0.0909090909090926, 0.08827085852479022, 0.0909090909090926, 0.08827085852479022, 0.08958837772397255, 0.08173076923077072, 0.0909090909090926, 0.08303249097473087, 0.09890109890110077, 0.08827085852478977, 0.09756097560975818, 0.09489051094890688, 0.08827085852478977, 0.0935601458080213], [0.10294117647059009, 0.08827085852479022, 0.09890109890110055, 0.0922330097087396, 0.09489051094890688, 0.08303249097473087, 0.08958837772397255, 0.08564535585042377, 0.08695652173913215, 0.08433734939759208, 0.09489051094890688, 0.09489051094890688, 0.08827085852478977, 0.09890109890110077, 0.09356014580802108, 0.0909090909090926, 0.0909090909090926, 0.08827085852478977, 0.0962241169305742, 0.0, 0.0962241169305742, 0.07655502392344626, 0.08827085852479022, 0.08173076923077072, 0.08564535585042377, 0.09489051094890666, 0.08695652173913215, 0.09756097560975796, 0.09890109890110077, 0.10294117647059009, 0.0909090909090926, 0.09489051094890688, 0.08173076923077094, 0.06888361045130775, 0.08958837772397255, 0.08695652173913215, 0.0922330097087396, 0.09756097560975796, 0.0922330097087396, 0.07655502392344626, 0.0922330097087396, 0.0909090909090926, 0.08564535585042354, 0.08827085852478977, 0.08043217286914905, 0.0922330097087396, 0.08695652173913215, 0.08303249097473087, 0.09489051094890688, 0.08303249097473087, 0.0935601458080213, 0.07913669064748352, 0.06635071090047506, 0.08433734939759208, 0.08695652173913215, 0.09756097560975796, 0.08173076923077072, 0.08958837772397232, 0.09356014580802108, 0.0922330097087396, 0.0922330097087396, 0.10159118727050354, 0.0909090909090926, 0.08303249097473109, 0.08303249097473087, 0.0922330097087396, 0.1042944785276092, 0.08695652173913215, 0.09090909090909238, 0.08433734939759208, 0.08173076923077072, 0.08433734939759208, 0.08827085852479022, 0.0922330097087396, 0.0909090909090926, 0.09489051094890688, 0.09756097560975818, 0.09489051094890688, 0.08043217286914905, 0.08827085852479022, 0.09489051094890688, 0.09090909090909238, 0.08433734939759208, 0.0909090909090926, 0.09489051094890688, 0.08564535585042377, 0.08695652173913215, 0.08173076923077072, 0.0922330097087396, 0.08827085852479022, 0.08433734939759208, 0.08958837772397255, 0.07913669064748352, 0.07398568019093221, 0.08173076923077072, 0.0909090909090926], [0.08303249097473087, 0.08958837772397255, 0.08433734939759208, 0.08827085852478977, 0.09756097560975818, 0.0922330097087396, 0.0922330097087396, 0.09489051094890688, 0.0935601458080213, 0.09356014580802086, 0.09356014580802086, 0.0909090909090926, 0.08695652173913215, 0.0909090909090926, 0.0922330097087396, 0.08827085852479022, 0.0922330097087396, 0.09356014580802108, 0.08303249097473087