[[0.0, 4.08204490997894, 1.4196045224238536, 1.6967484967417208, 3.6172953926950213, 1.814117826837419, 2.258206617717658, 3.7061134438184293, 5.9935057938280325, 1.1972646906254791, 1.5127685081479283, 1.515602941003432, 1.6278204654952242, 5.713449408377295, 1.4564158005412173, 1.2870697058642686, 1.433539769200629, 1.3138306558509927, 1.5062485876784486, 1.9642885648513515, 1.5334780874264742, 3.3762516249814563, 1.607378207655087, 5.726035761195945, 1.5448045832448898, 1.4742370341825644, 1.5762771733632572, 1.5021393282095803, 0.6772726581461794, 1.3910979883199204, 1.7977033571682939, 1.0067223734644166, 1.5602938936977166, 2.763772982107244, 1.3686072816977892, 1.2117703695004427, 2.1418443112177634, 1.9731756982539832, 1.628805328383768, 1.8872245744871294, 1.8790678059962513, 1.5530438943331983, 1.3266439318932817, 4.8533947972078675, 3.460320224047238, 1.535660245375697, 1.6288548422879756, 1.9763123541683332, 1.5112622428188938, 3.6034904969499952, 0.8797620236554478, 1.4862062872040958, 2.733367159310663, 3.2971998003145733, 1.4758834745524736, 1.9181252298270983, 1.215472784775265, 5.591971087967587, 1.4690118188730203, 2.352836851899002, 1.3390663591249583, 1.7818215709598613, 1.3470040487291794, 9.815529189961683, 4.075014511247634, 1.5660551760593595, 1.7897927532169131, 1.5012912976619552, 1.2313138656416818, 1.2399544087877854, 1.591216931154834, 1.466401352660075, 1.8920095359830253, 1.3139756350668106, 1.581204584121065, 1.4927500399841056, 1.5889157000187912, 1.4861268773328375, 1.3801551968260841, 1.6125915706080571, 2.995274825308932, 6.795760639213868, 2.4738940143272727, 1.424868710922755, 1.3910487173717454, 2.995949596811988, 2.275161040281225, 6.088368279985722, 1.112647098443717, 5.810261085742911, 1.6027242707789735, 6.026884538681224, 1.2741237333200404, 5.443153553414862, 1.2759978138867711, 1.3549631065184118], [4.08204490997894, 0.0, 4.764854389751218, 4.126068948026901, 3.3785293573457342, 3.807661638449957, 3.3938270043991703, 3.993708700961581, 2.772445703428837, 4.2547138508482165, 4.787959396785613, 4.692551729180069, 4.954484219143248, 3.4016987975190576, 4.577677801471726, 4.786814040055308, 4.43177849580462, 4.001922979867041, 4.251025145289066, 3.337113592690535, 4.724182446748504, 2.371037152970048, 4.279823926979131, 4.504917443859293, 4.509834910284219, 4.420336355623314, 4.818075526107629, 3.8840237939466378, 4.447262423092357, 4.744404413888143, 3.7114004460581005, 4.503733172395615, 4.7141230352711885, 3.8817025375302463, 4.5742410707582675, 4.394452523582565, 3.9025386943193685, 3.733725833011004, 4.9642129643091195, 3.3055792301158826, 3.352182502940484, 4.444071907123514, 4.207211136869947, 3.4982593605358003, 3.0549819214517617, 3.921847513189536, 4.937831292124768, 3.199183101780967, 4.8365404495299105, 3.6629994642382324, 3.8473208430145824, 4.581081043545541, 3.541675526274376, 3.9545865779656912, 4.731442640646989, 4.014532309772548, 4.041283903462766, 2.88401719251518, 4.669543140217444, 2.9899637858314083, 4.24446982502937, 4.630395823444601, 4.781947334904916, 6.686886524458673, 2.958281517697414, 4.124042740835423, 3.993695085683577, 4.641409452950655, 4.389243959787071, 3.724502918358663, 4.107805310109611, 4.7656223992931315, 4.1908742792718225, 4.189324865361939, 4.867543635916468, 4.786613535285953, 4.901026858520062, 4.708583188656447, 4.734028162176677, 4.07885615756428, 5.017704757915569, 5.596008332692255, 3.4920326664619354, 4.538220641431465, 4.731944501793241, 4.223133934768556, 2.4808154888437777, 3.6356009752172582, 4.383226815587078, 3.7530447736514776, 3.646183988374073, 5.492379324012218, 4.102479965769404, 4.993109096255156, 4.315573348042124, 4.347583377748536], [1.4196045224238536, 4.764854389751218, 3.371747880871523e-07, 1.493172529105215, 4.2469403335726295, 2.750656413805338, 3.1167168289320117, 4.462251364418998, 6.411263606355163, 1.0418675209216475, 0.5682241880813252, 0.6612188895152608, 0.6679185618748459, 6.400578006407425, 0.5514218026231685, 0.8848442778075937, 0.864743776071063, 1.3802785111307996, 0.9908173815553625, 2.5754951313744314, 0.64360313056178, 4.094831911042689, 2.1841655209866375, 6.405910541587525, 1.540357258465047, 2.335234049272459, 0.6611608878843743, 2.0137635512293506, 1.300681616990969, 1.1492706479735788, 1.6125129351258058, 1.54158175962188, 0.6865999671493823, 2.8390873724246704, 0.41541260274562336, 1.8109435276051826, 2.3442938763565704, 1.8217070837237022, 0.6720147149387371, 2.6404853150757006, 2.0816900107980265, 0.8170003038992563, 0.6951025382234984, 5.40797489621767, 3.8510421288405103, 1.1356480280385732, 0.6913679263454423, 2.7422199812909964, 0.5329151657470937, 4.370375062577376, 1.6501716657910648, 0.7761671117180442, 3.546199324954011, 3.9882411872430334, 0.554053821910728, 2.113427286693199, 1.1844125483610903, 6.198903513566801, 0.7036203468228204, 2.380982877029202, 0.7595684354134529, 1.8241415760737814, 0.8014868714178588, 10.408488553993898, 4.891201093091577, 1.0430251298798607, 1.5890213326267064, 0.629189248290258, 0.8734808221333673, 2.0099458192089203, 1.288446448656376, 0.37083053086630713, 2.7035118855501374, 1.3168940302074241, 0.6445367368419423, 0.4280799433877851, 0.619521768351051, 0.5796121647453519, 1.038211705586691, 1.1175875969957343, 3.6545728233855255, 7.374581747753108, 2.7609407207328625, 1.2447910155763917, 1.0652826435833473, 3.784174912469626, 3.013380196259755, 6.798080553188067, 1.711857409370442, 6.525363429553618, 2.067316562806756, 6.596222582403506, 1.403459513590524, 6.0044230988521665, 1.2655289950589177, 1.9886254008992603], [1.6967484967417208, 4.126068948026901, 1.493172529105215, 0.0, 3.7008484795667864, 2.35872167463474, 3.0316596392787916, 3.4833818794144435, 5.525205020074165, 1.5857593859551926, 1.5944867195613268, 1.388599622328382, 1.647106815284563, 5.59284747306631, 1.2253824710304697, 1.5042662296564442, 1.0641534279611247, 1.0263329229401599, 1.7853185393102537, 1.7333295274052305, 1.5595964721543865, 3.485083894609816, 1.55662051465645, 5.176796532471496, 1.2456906620941512, 2.346108141610741, 1.6234705138050238, 1.8253878765772154, 1.751094410251299, 1.6023834980884166, 1.2833629199634273, 1.551147890135254, 1.5301255925054194, 3.205627702749866, 1.347241899634452, 1.6944274131806856, 1.4407819166937235, 1.3026277424760313, 1.6429502454048641, 2.8621776425231578, 1.3505185912007422, 1.519734623501401, 1.2623387280850282, 4.192378227480361, 2.7009889217808416, 1.7585769624814196, 1.6054093185700835, 1.871868115886873, 1.6447769415445757, 3.3837898748493695, 2.182646454384978, 1.6723777983255474, 3.1687400773948227, 2.9183051567522726, 1.5913036795592643, 1.5365847510387363, 1.4417460612515443, 5.764536868022371, 1.211146771594148, 2.0129435214419864, 1.5003213779766251, 1.470067667920356, 1.5350520753262062, 9.35685188782073, 4.456119943251302, 1.3771935194198586, 2.096862249397874, 1.6092299459563402, 1.5526175818259653, 1.5715938093378095, 0.7268672282108969, 1.4852792409372275, 2.2262818195483343, 1.2912597668330648, 1.6221304198055888, 1.4221550136347931, 1.615554225970304, 1.414947496845882, 1.4079159888839878, 1.0669005933505014, 3.018669790632308, 6.0890272644955745, 1.6511005775166079, 1.5046193421670846, 1.5449289629332408, 3.1273085207945526, 2.9747140372198335, 6.371693117526458, 1.6593045537316553, 5.397639292390657, 1.8704114548334039, 5.287448779987624, 1.7987655081208636, 4.785127708449228, 1.4258989616434956, 1.7211266148470867], [3.6172953926950213, 3.3785293573457342, 4.2469403335726295, 3.7008484795667864, 0.0, 2.8802290638543195, 2.937890695849881, 2.715850293360576, 3.812438883066476, 3.6217130569092, 4.440616373188865, 4.347794908121334, 4.512180287325669, 3.289612444377401, 4.052699250315548, 3.979333652099982, 3.7729760773694996, 3.416566864061818, 4.21316991323188, 2.699993001596092, 4.380667312575807, 1.7213871022689706, 3.151632481415865, 4.357565107310389, 3.4445240625592928, 3.0772105134020133, 4.450662554122623, 2.68212875253381, 3.865733704628396, 3.675875582365673, 3.8714488348656126, 3.684150255769092, 4.3239990764220195, 4.772537548525704, 4.1443787053446925, 3.157403668570897, 3.003399773327606, 3.937380665205452, 4.519473287835827, 3.7203102599179503, 2.6820522475404145, 4.1637070668524325, 3.9118629026549008, 3.420959663561504, 3.2382347344736226, 3.7740044756207247, 4.507265124844297, 2.681836856948664, 4.518328655471085, 2.9341666926968, 3.6883227396202987, 4.41258428904465, 2.0903880807178874, 3.0922002834019424, 4.4511459328311505, 3.2343080868603478, 3.4778017100209446, 4.366146491181104, 3.979843010762244, 3.493379335370461, 4.104700780845291, 3.4575154603800335, 4.045096865511299, 7.171858031725167, 3.400331574126344, 3.9158800684097, 4.173217701014468, 4.357916345942142, 3.787413025279623, 2.89794680601703, 3.655664036802812, 4.212166976801382, 2.6110500767136027, 3.470735356161827, 4.478366861348527, 4.2053567613975495, 4.490390804901656, 4.3994413099850505, 3.897777092282521, 3.6048466576569327, 3.3892994373457164, 5.207872953645873, 2.7722175265295403, 3.4039111629172107, 3.7141186613209967, 2.81358408524514, 3.1637426461149887, 5.799411657188092, 3.283532772111505, 3.636278671986653, 2.8819990651722724, 4.711854499119127, 3.815608898239569, 3.5719547102455835, 3.4046797860691376, 3.3377011206993563], [1.814117826837419, 3.807661638449957, 2.750656413805338, 2.35872167463474, 2.8802290638543195, 0.0, 2.022476236138609, 2.431000270490201, 5.430622453786905, 2.156647310282734, 2.917563684225031, 2.877950150548817, 2.9846663826926907, 4.575815546443525, 2.6997906002313017, 2.3360290331202935, 2.37275206754796, 1.8243955853590268, 2.822324342210165, 2.1716480553247677, 2.904528089429227, 2.7423482444578697, 1.5262620411921493, 4.527807055185504, 1.800195053087282, 1.1528817655003387, 2.9291003875497785, 2.167065312896849, 2.0136921762575635, 2.087389845504134, 2.8291471508437263, 1.861675739219309, 2.9151512329976006, 3.5980999947068337, 2.637878205897116, 1.6418214545535519, 1.657811019287409, 2.8010207856262337, 2.9900725241291424, 2.524253093406632, 1.9992535695057017, 2.8558068392043787, 2.531435841379804, 4.266321684786791, 2.9790724179690047, 2.6212018150137655, 2.9828815963374207, 1.538507053947158, 2.9350867731149735, 2.630686213510983, 2.0634608091091917, 2.9018437598401152, 1.7356338540004888, 2.5445386770241853, 2.8959911217700625, 1.6193697337487394, 1.9122318195286347, 5.300986231913059, 2.548231323683823, 3.0438965862698075, 2.5550111063356007, 1.8127601877514166, 2.397039534009849, 8.978845335029009, 3.131309821059602, 2.8136826126221663, 2.8188911781374006, 2.8629463701648605, 2.283671353285799, 1.3371732720825515, 2.2706946015312797, 2.7526148974137854, 1.127701702022588, 1.7515787717813396, 2.9460227873684826, 2.7550994511484403, 2.9641865249776393, 2.8766273888397924, 2.1861379882147056, 2.6702877326627905, 1.8174655924484973, 5.8653441576398775, 2.0332402240418133, 2.045399233233351, 2.116525919232157, 1.5767836972894695, 2.6184886279429747, 5.596666527132061, 1.525155161233702, 4.711208313226126, 2.2823369709583563, 5.050080926280151, 2.156994368980813, 4.452316175599897, 1.8552344551762647, 1.3743286331073732], [2.258206617717658, 3.3938270043991703, 3.1167168289320117, 3.0316596392787916, 2.937890695849881, 2.022476236138609, 0.0, 3.163720330716464, 5.018108739563795, 2.697260467175458, 3.336222521505639, 3.357523716093719, 3.5239208675626275, 4.468938580692932, 3.18973959974592, 3.034982699544583, 2.9852826947561604, 2.5634763575007593, 2.882456816828392, 2.5358122210332983, 3.3723301817385893, 2.6838639372294515, 2.6242817875391604, 5.055365674801416, 2.811908475065728, 2.1891591175504, 3.4510508279884946, 2.531037871192778, 2.70079192738689, 2.7702980875513874, 2.7523219171463515, 2.8054128323265792, 3.382580257826534, 2.6441142754415665, 3.1169263655343293, 2.5647241708497868, 2.76155583880669, 3.1572540320502402, 3.528279696781588, 1.632279415026661, 2.3863685662872176, 3.2922461842113373, 2.8563370888487887, 4.33039469320197, 3.05770766239498, 2.707812684610798, 3.52987074730809, 2.1019394270123852, 3.2665999782892463, 2.938327995267875, 2.0184616326386577, 2.955760519531368, 1.7364243555388272, 3.27221837345113, 3.2331025725302056, 2.481803985116068, 2.41931924229111, 4.056787202898802, 3.1750548691400717, 2.6534281749405726, 2.7138859836386766, 2.8420363412005587, 3.061150941463901, 8.525572040931513, 2.5525875416093586, 3.0921384211896386, 2.348960286213882, 3.285216796722502, 2.8238739412101506, 2.193232317690088, 3.0494207436398684, 3.2752005004960947, 2.4240699580249707, 2.469047221147097, 3.463718274202009, 3.3057250771517546, 3.4647047705478236, 3.2935843931810673, 3.0334268893783722, 2.986722051056629, 3.2630292406446113, 6.247409477597246, 2.6488322214413347, 2.7312361038773214, 2.8686804223709776, 2.6265314699485347, 1.7498593196580514, 4.90938444420074, 2.5449836888486117, 4.731780461490574, 2.650725806450081, 5.667451803107206, 2.0831031332334824, 5.01856664580993, 2.452339848632584, 2.523346684958779], [3.7061134438184293, 3.993708700961581, 4.462251364418998, 3.4833818794144435, 2.715850293360576, 2.431000270490201, 3.163720330716464, 0.0, 4.538344261861369, 3.99559195944413, 4.6807931783610774, 4.545358352412838, 4.739492843862036, 3.5876358289884855, 4.279880398816995, 4.114236252704189, 3.9356831923696722, 3.3946462714636585, 4.566983493133629, 2.882749934602969, 4.656281361176638, 2.695598439631715, 2.786899487758753, 2.5713574118962628, 3.275619138489832, 3.09820212640879, 4.708097117523704, 3.4113858270212556, 3.970029587566292, 3.779586769652485, 4.026718918448296, 3.6517618350167633, 4.61255086627182, 5.038595003250917, 4.317084494370703, 3.2251028412599814, 2.5141706493132103, 3.876611769377712, 4.736705551884722, 4.109778055078982, 2.894602833728384, 4.556788232768551, 4.181894071965498, 2.8074826169531772, 2.344715599205113, 4.313361287714593, 4.71141424697541, 2.174677607069402, 4.69962261141092, 1.4174729579123748, 4.036075069190212, 4.6036796657731385, 2.2660700466525965, 1.7715280072434352, 4.647982431666322, 2.903970457351742, 3.7445801795222002, 5.138426585673601, 4.150526228834038, 3.9776962721015074, 4.2829585698842685, 3.1535634840403706, 4.225825929654778, 7.308804151195512, 3.4051150548578093, 4.382133045705752, 4.332845123812796, 4.64888475166736, 4.1015845042364845, 2.7905506985258617, 3.627767672977407, 4.476102539153797, 2.401117174614504, 3.44854402112579, 4.710609032605722, 4.428283293330373, 4.721356784360067, 4.5731911615508665, 3.960021239051125, 4.0103388036277074, 2.196520390081494, 3.8716321289407527, 2.35148707260271, 3.5939476777484036, 3.868357989867075, 1.761551167483711, 3.890872078638581, 5.691866788477876, 3.2369915882638924, 3.082909002945026, 3.553324674634275, 3.1421272331341714, 3.8890088919035404, 2.67597123273152, 3.4819029301886846, 3.061789117967398], [5.9935057938280325, 2.772445703428837, 6.411263606355163, 5.525205020074165, 3.812438883066476, 5.430622453786905, 5.018108739563795, 4.538344261861369, 2.384185791015625e-07, 5.922787385943238, 6.498872058999012, 6.361230714711644, 6.63435325465056, 2.8287673771771407, 6.165583065282678, 6.400350779552122, 5.945601912806175, 5.540215185740132, 6.023913701160534, 4.668219468506851, 6.430528756636574, 3.297320804324671, 5.726688708542925, 4.224029715632182, 5.911344590336133, 6.039276551809984, 6.5282367744115, 5.36364262925868, 6.32237802605931, 6.260715927107752, 5.278406566908534, 6.225401982709974, 6.377479994352606, 5.773389968414007, 6.2349025255007335, 5.956221055212982, 5.033188964897176, 5.271821869831003, 6.642342260634453, 5.414910620692026, 4.61109010967551, 6.137129929735503, 5.883476421781021, 3.2011120254254872, 3.7089477362147445, 5.637590659071404, 6.614650371339104, 4.652017435415307, 6.556547751962321, 4.430568988213309, 5.8768440808287865, 6.303436932649132, 4.686643032058656, 4.773215020278433, 6.459727242508508, 5.34352933787711, 5.681979603777309, 3.1888827612668265, 6.217649634607396, 4.428843043421448, 6.002702876118875, 5.970493522174646, 6.414812033398544, 4.497402060446165, 4.3355617828642306, 5.754835990572186, 5.736959394626921, 6.370714881660192, 6.049708097713602, 5.341270130511091, 5.565452752819192, 6.412590487334284, 5.548490709414462, 5.752495540130442, 6.5685541079940535, 6.403018260539088, 6.592013976983566, 6.398990104163026, 6.304607316792749, 5.531964350171085, 6.144581671819538, 4.858951370347448, 4.431769301276919, 5.981393923612949, 6.271768373175336, 5.320387543136882, 4.5590319303301055, 4.80618569007321, 6.006971686407041, 3.0040315215574434, 5.1889949721867, 5.101373140717304, 5.837605940525529, 4.536812572570236, 5.829356055725303, 5.957609329962541], [1.1972646906254791, 4.2547138508482165, 1.0418675209216475, 1.5857593859551926, 3.6217130569092, 2.156647310282734, 2.697260467175458, 3.99559195944413, 5.922787385943238, 0.0, 1.0996094883083658, 1.1347658621271657, 1.1792197981038632, 5.792948740726167, 1.0327213130293211, 0.7302653332219223, 0.9595384879135741, 0.9433745767525314, 1.133795280583157, 2.3270462157876, 1.0633222170330556, 3.472227347161075, 2.0049100370232456, 6.003280974577763, 1.207181368128532, 1.7710210545980547, 1.0915774106755904, 1.7162294662466873, 1.262546709189227, 0.9758975613060429, 1.7578940559331524, 1.464955135404906, 1.0822097606022743, 2.841580276860742, 0.9335277835228127, 1.5310797278526258, 1.9787623924142117, 1.8394868085387892, 1.1921870196872346, 2.350856499105879, 1.709242681114557, 0.99880772650441, 0.9361565198196453, 5.1303745874118185, 3.564455865003648, 1.0416430813818582, 1.1995913574514625, 2.404167373511106, 1.184770871645942, 3.9880548544082295, 1.4159150993265759, 1.3047153526164745, 2.986850746430056, 3.653293764125244, 1.1156362043238224, 1.7912780839899631, 0.5951791319010957, 5.809063708079799, 0.9844175264183355, 2.2461011572537846, 1.0958081813189702, 1.5482580329289597, 0.840631372771232, 9.960142097991975, 4.346166014139768, 1.1141447689621808, 1.7568020863415854, 1.000537244435108, 0.5097005979664444, 1.7170345733486059, 1.277736519998952, 0.9773047291448899, 2.141665348710396, 1.0423021567447623, 1.1248345511843134, 1.025838719840832, 1.1541119622985268, 1.1494569857223536, 0.8544855604692094, 1.2768863969722013, 3.2678595862570017, 7.056401320693873, 2.4554847127350494, 0.9352657909716118, 0.8815732878476934, 3.2788745317860997, 2.578587691755262, 6.340832922752839, 1.527457134464, 6.033093736856537, 1.7599491484074816, 6.316881512611264, 1.1596876483777676, 5.652567371919624, 0.9335814743572433, 1.7470417293010068], [1.5127685081479283, 4.787959396785613, 0.5682241880813252, 1.5944867195613268, 4.440616373188865, 2.917563684225031, 3.336222521505639, 4.6807931783610774, 6.498872058999012, 1.0996094883083658, 0.0, 0.3496881479140246, 0.2851532761461266, 6.561494677567336, 0.6910220489242989, 0.9712580458759488, 0.9854294311235021, 1.4451708939802095, 0.8857139630895198, 2.63361648336588, 0.20548419532642326, 4.210860002201623, 2.3670037521748855, 6.565580213949784, 1.7483687947677, 2.5217667937253063, 0.24499227361405918, 2.17045709878981, 1.3642470740184969, 1.4890186853120737, 1.6054786707293232, 1.6193171155218389, 0.31181280402486883, 2.8740787804205454, 0.593010270293048, 1.996100716644584, 2.5046989851824724, 1.760537935396512, 0.2953587497391496, 2.73377393066313, 2.263164652170761, 0.5388353961552724, 0.8324173626571649, 5.527077443322705, 3.982429648496695, 1.2378462920339168, 0.3241323745391541, 2.900154263276376, 0.2901565788579748, 4.590191235876925, 1.7551383997350047, 0.7462638954707007, 3.8217294879786317, 4.124211978807669, 0.22869759099559964, 2.318219389121312, 1.2701613399939244, 6.3219136535612686, 0.8038575947986257, 2.3731812415706934, 0.9637382137640355, 2.0625698938463306, 0.8966535920082572, 10.523300257904276, 5.089665206119418, 0.8748542255289584, 1.783461063294934, 0.2728917656417282, 0.9562622073240572, 2.244393991333241, 1.3637235413465032, 0.542675959757383, 2.860790967034445, 1.5825783487749514, 0.22304720179946563, 0.5880254997531583, 0.2176740420236621, 0.30183276072935683, 1.105836736036337, 1.2306679657548485, 3.8911980441873446, 7.508200223591335, 2.9384009620716354, 1.5495238135128917, 1.3321967652834148, 4.029676825999102, 3.0848086812045103, 6.8588684698712905, 1.9502898815726282, 6.677444656090921, 2.103113198539451, 6.74934794759924, 1.5640319598988328, 6.158496500164094, 1.5900061781858799, 2.1767198129000853], [1.515602941003432, 4.692551729180069, 0.6612188895152608, 1.388599622328382, 4.347794908121334, 2.877950150548817, 3.357523716093719, 4.545358352412838, 6.361230714711644, 1.1347658621271657, 0.3496881479140246, 3.371747880871523e-07, 0.38466406325795327, 6.4681098108108666, 0.5824829389256618, 0.9674000741376578, 0.9608664649573783, 1.3548741557872028, 1.0225573525635574, 2.456845374898919, 0.30412987895360005, 4.085972893636573, 2.2476205559550957, 6.380943075570934, 1.6737549751936387, 2.519655271300957, 0.36745328055956245, 2.0606580823679765, 1.354782080093984, 1.498867568575733, 1.4576843930888155, 1.5217712232210616, 0.2950536300695769, 3.003653101213901, 0.5926025715848796, 1.945100442022292, 2.369868673812524, 1.5578977795908675, 0.37587117328889075, 2.823467228352871, 2.1045848372956195, 0.50262673884441, 0.816989991281301, 5.3154956686922645, 3.8055271157078456, 1.3154234634113948, 0.36134961149963796, 2.7792844509898966, 0.5227088653856956, 4.442227098870389, 1.8371494076516723, 0.8906725213709811, 3.7869772663534316, 3.9251683051632575, 0.4463916194276803, 2.246783310420687, 1.2939277546684733, 6.302429990283859, 0.7858499939687118, 2.2762002801903023, 1.0601425324886127, 2.0029284354785775, 0.8796463260988652, 10.359675598682166, 5.094622657298816, 0.7824574555289477, 1.8809425888620492, 0.4411067983103872, 0.9515088426703627, 2.134739855066034, 1.20512498051091, 0.5730847439980876, 2.7716775966449836, 1.52700718048466, 0.3452828518380236, 0.54698686056372, 0.3499102798437976, 0.2221283891413588, 1.0649143724783163, 1.0713754497106998, 3.8096740509148543, 7.281656138011595, 2.777464239492304, 1.5106041993554782, 1.332789060546007, 3.970337259893718, 3.114671847924876, 6.856428889878329, 1.8988674114929929, 6.524919869422781, 1.957345207957379, 6.5312296746340515, 1.6586815632675176, 5.952974752738523, 1.578189960994456, 2.1250250663837402], [1.6278204654952242, 4.954484219143248, 0.6679185618748459, 1.647106815284563, 4.512180287325669, 2.9846663826926907, 3.5239208675626275, 4.739492843862036, 6.63435325465056, 1.1792197981038632, 0.2851532761461266, 0.38466406325795327, 7.539457464619588e-07, 6.681942130893295, 0.7127701244313267, 0.9421033112705579, 1.0406926548661164, 1.5266722084504745, 1.1263200970472975, 2.706500767842137, 0.27797621075403134, 4.309348595300998, 2.3856702511377734, 6.6294179376302464, 1.7533455793153672, 2.558491770856596, 0.1911665022489641, 2.209627076990448, 1.3962832430305654, 1.5086140178465783, 1.7852339525216214, 1.6090371579548766, 0.3165273599025065, 3.145932487090696, 0.6749610608079256, 2.008319070948439, 2.547564900157981, 1.847625891337068, 0.0626793291861057, 2.9702131741306594, 2.3571237842358586, 0.6075764578696524, 0.9997880549471629, 5.610861324122195, 4.099867306976726, 1.4256582837860217, 0.13680684188677295, 3.008802816229143, 0.4826538875427442, 4.677912990407981, 1.9303601394253296, 0.9924605720334789, 3.9391300491548624, 4.155982244277097, 0.4617965700740313, 2.4049807910190006, 1.3976216139744264, 6.54131206484295, 0.8032281957635088, 2.562337034793081, 1.1853968260137955, 2.0750511010223476, 0.8677690506405317, 10.64889542793352, 5.273742473721428, 1.0008871265366983, 2.028747857079839, 0.4180792668278759, 1.0085933228377812, 2.3151742714306707, 1.4019874092661002, 0.541644372018231, 2.8747229320272116, 1.6705231150524191, 0.12985718924035444, 0.5529891931595934, 0.12226998095160556, 0.4233294945747032, 1.0705907597674493, 1.3086535461807907, 3.8906727689159757, 7.5500274365201205, 3.0241355376431533, 1.5664052428699697, 1.3282311934501636, 4.094164145739525, 3.300247111815867, 7.0735422342090395, 1.9661866584626018, 6.787929168141996, 2.1403339664502385, 6.774662133906768, 1.777027520398493, 6.1861685950932905, 1.6687047422836758, 2.2067871900960743], [5.713449408377298, 3.4016987975190576, 6.400578006407428, 5.592847473066312, 3.2896124443773966, 4.575815546443527, 4.468938580692934, 3.5876358289884895, 2.8287673771771407, 5.792948740726169, 6.561494677567339, 6.468109810810869, 6.6819421308932965, 0.0, 6.268763883398524, 6.253983277244634, 5.843942923990948, 5.398025000784063, 6.093496396136027, 4.777964354182645, 6.516285472742149, 3.1969575791348537, 5.1682803026252255, 3.6546087285866635, 5.555527732069966, 5.2525649987631855, 6.582649341283045, 5.328218889072984, 6.0598870569479475, 5.959034868874004, 5.683295058318774, 5.821851412448365, 6.491793268443947, 5.8911990851616345, 6.258797456570332, 5.445194472056695, 4.64471560575444, 5.724227108481946, 6.694599032465232, 5.163866279180806, 4.7398039241210554, 6.278993258305443, 5.943495375328115, 3.7781635578160127, 4.061044498383564, 5.6928724773912185, 6.686583120212428, 4.204667790567954, 6.595184024232686, 4.0333825468431135, 5.581578383570917, 6.376115913719395, 3.578477588092955, 4.609161604811643, 6.524360497221898, 4.784241645608886, 5.471943385217561, 3.5891679053696306, 6.175563337918879, 5.025392263912171, 5.998913197466141, 5.4886852537460395, 6.302336405907574, 5.43326640768565, 3.175809987655834, 6.016356008742641, 5.790681012443908, 6.427183147878949, 5.997439973692512, 4.878449832978686, 5.541663314320776, 6.414330189628496, 4.858500702910222, 5.4395106547411824, 6.623529401482562, 6.4179760447477765, 6.647337588990011, 6.4817324301987895, 6.065955606206994, 5.7984383852322505, 4.962124089522679, 5.079555732937739, 4.222585246258592, 5.758595922255798, 6.004734685099074, 3.9689601833255916, 4.501346580052989, 4.39400591100381, 5.510460016769966, 2.4166542052018323, 5.275591037425918, 4.940537816108734, 5.638753257028553, 4.1660396484360405, 5.587711200943368, 5.270715727992662], [1.4564158005412173, 4.577677801471726, 0.5514218026231685, 1.2253824710304697, 4.052699250315548, 2.6997906002313017, 3.18973959974592, 4.279880398816995, 6.165583065282678, 1.0327213130293211, 0.6910220489242989, 0.5824829389256618, 0.7127701244313267, 6.268763883398521, 3.371747880871523e-07, 0.8814293785937151, 0.8080006136999386, 1.2051660816372616, 1.1866925911663717, 2.2872824281984716, 0.6395877036950546, 3.8809967058011545, 2.0581198334001627, 6.148035610591268, 1.427388359926471, 2.3390610049661453, 0.6964292697053475, 1.7615381484343244, 1.3023495520439312, 1.1933136126174297, 1.4523734938805533, 1.4802459316591507, 0.6035427597296643, 3.060196479886961, 0.41637530220820995, 1.729606348268813, 2.1650590478934366, 1.51855178120226, 0.7082084931572782, 2.7876967062120745, 1.8112462438662171, 0.6852172402498294, 0.6627271003734625, 5.095570130134856, 3.5951226063260817, 1.2186090211972676, 0.6673300067733847, 2.570892489128386, 0.8069058313516764, 4.1411745434798775, 1.8033345479898286, 1.071527373882001, 3.5421883079892442, 3.692297793992069, 0.7381644645561759, 2.0918604306372157, 1.2130280372591518, 6.159950210825999, 0.5822275268927465, 2.2320097501073266, 0.9847346296840698, 1.7583466788993294, 0.7935905466615318, 10.148991251789417, 4.889699694911565, 0.8415599691815097, 1.8193439384361685, 0.7299251545094776, 0.8314670420526608, 1.8943214617588786, 1.0577903265097326, 0.43758904934343507, 2.55034429620954, 1.30638667475489, 0.6874070267198394, 0.3695658851386169, 0.6879988527351762, 0.6343207238979314, 0.9911703891968316, 0.8173962818439541, 3.5767351434359456, 7.035637828774854, 2.5710809004042154, 1.1560397651312542, 1.0669695828898684, 3.7362480439626546, 3.0347428937721483, 6.793190746618672, 1.6321576457834854, 6.28988756470181, 1.7937575889479518, 6.281390204478828, 1.60958313117313, 5.698646529086699, 1.2480138583878557, 1.9680093330892625], [1.2870697058642686, 4.786814040055308, 0.8848442778075937, 1.5042662296564442, 3.979333652099982, 2.3360290331202935, 3.034982699544583, 4.114236252704189, 6.400350779552122, 0.7302653332219223, 0.9712580458759488, 0.9674000741376578, 0.9421033112705579, 6.253983277244632, 0.8814293785937151, 0.0, 0.9683656719875983, 1.0809752901726002, 1.4460007879628423, 2.442509928738062, 0.9661016447922054, 3.885422500878021, 1.9072666988291969, 6.140621207556464, 1.0814462575833756, 1.81941864031383, 0.9567946836606668, 1.8266808881845786, 1.1540535362594169, 0.7739466102199507, 1.9079816554075528, 1.276618233344701, 0.9753257286402652, 3.253246712591025, 0.8628345958514113, 1.474934438517527, 2.0939569061219485, 1.9492340951377873, 0.9412444851712859, 2.792293175484326, 1.9482924887079391, 1.0966189843697611, 1.1148204367091938, 5.2987656290904805, 3.748985834997828, 1.536680577702196, 0.9388361094513549, 2.608632240917733, 1.0420184282038616, 4.092983422944988, 1.7690286751286206, 1.3340028651575189, 3.3153931249964566, 3.6325181076867983, 1.0279452471407144, 1.945705541851672, 1.0165521310851013, 6.352115979076474, 0.8129549036790514, 2.645533232901941, 1.2919204000155025, 1.414384162897938, 0.4529456867859761, 10.325466232665278, 4.81036890703642, 1.3220785955757164, 2.07137001906121, 1.0208779960955423, 0.6646600365979086, 1.843673286434758, 1.3293945966018332, 0.8048250376500596, 2.1570407761167547, 1.1333610079614174, 0.9453392046425535, 0.8029933084746502, 0.9425338935519524, 0.9823435407447959, 0.5419946050512183, 1.3563413203424932, 3.1666767876378334, 7.104837227115961, 2.61250886677881, 0.8570947586384443, 0.6289256307052402, 3.4072508089674836, 3.12951175881, 6.886271554871433, 1.4564729307347961, 6.3347513687899175, 1.945947500836832, 6.292669279556344, 1.4405614679270966, 5.6955297382590535, 0.9972854313929591, 1.717644208238766], [1.433539769200629, 4.43177849580462, 0.864743776071063, 1.0641534279611247, 3.7729760773694996, 2.37275206754796, 2.9852826947561604, 3.9356831923696722, 5.945601912806175, 0.9595384879135741, 0.9854294311235021, 0.9608664649573783, 1.0406926548661164, 5.843942923990946, 0.8080006136999386, 0.9683656719875983, 0.0, 0.9502410204231487, 1.2174481570280868, 2.193865918399213, 0.9698064957560902, 3.7195688230357398, 1.713374947158492, 5.87799431771112, 1.072102035171065, 2.0891938399319905, 1.0070734031190296, 1.7893765621931212, 1.4470845330104651, 1.1060624461278588, 1.566090904053852, 1.388367137766616, 0.9612779222963717, 2.9718785202109985, 0.8071997276265841, 1.4407518116468012, 1.7407788386112728, 1.6986084075783323, 1.0478113808229048, 2.6411324834621377, 1.707017014369332, 0.9639154566952097, 0.8079010877665231, 4.915851005702721, 3.4084357440304816, 1.1986348191071259, 1.0465627584248995, 2.2618662083786707, 1.0516118260875764, 3.9745745021858303, 1.797794946287141, 1.1893297066424033, 3.1857505215547475, 3.587163477262141, 1.0134119989703674, 1.5926403983356396, 0.8866985867447087, 5.931479638159143, 0.4496665569768737, 2.2031793316387183, 1.0353579436825004, 1.3290917768053299, 1.051714271352152, 9.912858784212665, 4.548364241863938, 1.0302791821363038, 1.8027408649576073, 0.9649458508107539, 1.0396801652103846, 1.7106571535119686, 0.7960609646749729, 0.8396070784129802, 2.2721302569269604, 1.0934921734350367, 1.0144072089195717, 0.8509915489284887, 1.0171368518422201, 0.9705862008394109, 0.9029796025016628, 1.0327630647608261, 3.1844479820924727, 6.872104860130071, 2.2154354205955475, 1.0856566511914711, 0.9821538944389876, 3.278136385708235, 2.8689163832455153, 6.533941357214787, 1.475401919320628, 5.961835205942677, 1.8775184720957399, 6.077074414608692, 1.410699111277601, 5.42905384556137, 1.1056407489563727, 1.5728056211484711], [1.3138306558509927, 4.001922979867041, 1.3802785111307996, 1.0263329229401599, 3.416566864061818, 1.8243955853590268, 2.5634763575007593, 3.3946462714636585, 5.540215185740132, 0.9433745767525314, 1.4451708939802095, 1.3548741557872028, 1.5266722084504745, 5.398025000784061, 1.2051660816372616, 1.0809752901726002, 0.9502410204231487, 3.371747880871523e-07, 1.5061780784568364, 1.8417101000472922, 1.410486675474491, 3.1902951970257623, 1.4873454342690386, 5.29824745027003, 0.8647544365602866, 1.6984957909252534, 1.472512702745937, 1.6725477361459051, 1.4258029260575806, 1.1726152127524938, 1.4907413768694309, 1.3042497432405669, 1.3983192838328964, 2.9573978760419197, 1.2126463889111745, 1.3477030991186867, 1.2837004334909337, 1.5265230462443957, 1.5286178498438083, 2.453727550981749, 1.2830073653704503, 1.3647271498472258, 1.1256752283859006, 4.471351284845495, 2.8461266325380525, 1.4442383332915532, 1.5061381475743083, 1.767294477606228, 1.5029546425233433, 3.358329425453743, 1.6913686109409263, 1.5329003337838927, 2.760239821806275, 2.9881974323941347, 1.4382276258464761, 1.2059544543503762, 0.7318780951842732, 5.613367918639133, 1.1173976891691413, 2.022101192548892, 1.2992237325897462, 1.1467004950801687, 1.1372778104214358, 9.43952684406086, 4.072134760679509, 1.313782068747622, 1.8908564293455636, 1.4147899204024363, 1.0382411942818364, 1.3693592810132669, 0.8880525476312887, 1.358434309538927, 1.7661877554925387, 0.7775880937713183, 1.4842276667181686, 1.319732930204064, 1.50022881915638, 1.3698839868862438, 0.8777921760929028, 1.2528114242173036, 2.7965218211707596, 6.323974633731918, 1.776216783600465, 1.0549508998677952, 1.082337061700727, 2.8220359097148497, 2.608310578389997, 6.134648722459982, 1.3362186629064516, 5.402005297634178, 1.6810099512551804, 5.56379266217979, 1.2618282716486997, 4.9481132380317785, 0.9790874281685481, 1.4111280794228225], [1.5062485876784486, 4.251025145289066, 0.9908173815553625, 1.7853185393102537, 4.21316991323188, 2.822324342210165, 2.882456816828392, 4.566983493133629, 6.023913701160534, 1.133795280583157, 0.8857139630895198, 1.0225573525635574, 1.1263200970472975, 6.0934963961360245, 1.1866925911663717, 1.4460007879628423, 1.2174481570280868, 1.5061780784568364, 0.0, 2.6054339473150003, 0.9426282111715671, 3.8511773446852864, 2.535593536109782, 6.4050438873095, 1.9846191487634033, 2.5757191877763908, 1.0094576267009931, 2.2650690114558163, 1.6098966626537583, 1.7489654168689912, 1.39469569482165, 1.9222736958991735, 1.0080340679542583, 2.149163354748636, 0.966630869796374, 2.176653595397988, 2.49181978437141, 1.7131943992103937, 1.1427157184106025, 2.1468036834654365, 2.142347347058758, 0.8939294043868543, 0.8112433965428048, 5.36225523223731, 3.764754385306606, 0.7404640765349974, 1.1672238250722677, 2.718427631933693, 0.848244517162789, 4.482154147090027, 1.3691128220095474, 0.6913491881572983, 3.484468878609905, 4.177429006863343, 0.7910599051392443, 2.2146947026939565, 1.1301973974771422, 5.6305489258746855, 1.2806396822239314, 1.8933332484851337, 0.7285171715532422, 2.267249784556016, 1.3961467713675306, 10.117937600785167, 4.571549588673242, 0.9514120762892846, 1.155937001239077, 0.7599372722626145, 1.1466691959898732, 2.1966016255399854, 1.4977647433842245, 1.1048388037745924, 2.9590851104073415, 1.6032618787810247, 1.0418216495340658, 1.1794712956915296, 1.0568794175950915, 0.942276905882399, 1.530803197317951, 1.3328549447648135, 4.019697264727007, 7.476057870166107, 2.817231557455299, 1.7735827468084313, 1.6621248154755872, 3.914232870430376, 2.4613264126147594, 6.159108552702918, 2.1477394470389104, 6.378161974911477, 2.097522487014375, 6.7886149703425, 1.2105606545153484, 6.178740265219571, 1.6556818470570407, 2.287536778426603], [1.9642885648513515, 3.337113592690535, 2.5754951313744314, 1.7333295274052305, 2.699993001596092, 2.1716480553247677, 2.5358122210332983, 2.882749934602969, 4.668219468506851, 2.3270462157876, 2.63361648336588, 2.456845374898919, 2.706500767842137, 4.7779643541826475, 2.2872824281984716, 2.442509928738062, 2.193865918399213, 1.8417101000472922, 2.6054339473150003, 0.0, 2.585088976485918, 2.3845221613934227, 1.746798693597059, 4.463912345607138, 2.185471797863657, 2.3603335370980454, 2.6704119610211707, 1.4143263078039956, 2.1151967916995686, 2.4921143316186174, 1.851030081090102, 1.9619993387655896, 2.5155634248491925, 3.582203718763231, 2.430256492137167, 1.9560386567178574, 1.8541265804146772, 1.892818427590627, 2.7042220113626687, 2.780341007216702, 1.3459878539269512, 2.438582922630449, 2.2375685905348637, 3.198463472273294, 2.3273737425433856, 2.4452643162002623, 2.671317371128472, 1.4796999034857317, 2.7018248111814334, 2.6773150497508325, 2.3364299775803654, 2.611446494501352, 2.6438529481530484, 2.098308296320132, 2.633924204184331, 2.188937402139698, 2.1457780638596384, 4.930316068506217, 2.358155446775769, 1.9498374250299495, 2.484261170344665, 2.370544598530543, 2.4430394363108054, 8.248905057804288, 4.0055117816097, 2.120360676981433, 2.748474011379632, 2.614320904553556, 2.2977951427686274, 1.5720506908975562, 1.861031473291603, 2.563365250007366, 1.9204933048106267, 2.147900120409605, 2.678052193727089, 2.5205986978637633, 2.680378994219431, 2.507413401629798, 2.3809607942889146, 1.8069597077584205, 3.055694547793305, 5.265304141946427, 1.6360192269511777, 2.2739827304823423, 2.4435192537954302, 2.917200891446148, 2.541277533351048, 5.979862817825234, 1.95079632308467, 4.478912610091405, 1.273747128519052, 4.551375829683433, 2.4899415146414943, 3.9049038822066167, 2.1934077749302263, 2.106400216767878], [1.5334780874264742, 4.724182446748504, 0.64360313056178, 1.5595964721543865, 4.380667312575807, 2.904528089429227, 3.3723301817385893, 4.656281361176638, 6.430528756636574, 1.0633222170330556, 0.20548419532642326, 0.30412987895360005, 0.27797621075403134, 6.5162854727421475, 0.6395877036950546, 0.9661016447922054, 0.9698064957560902, 1.410486675474491, 0.9426282111715671, 2.585088976485918, 3.371747880871523e-07, 4.147754864653028, 2.3491405449721547, 6.521328776744407, 1.7326227355173225, 2.5216096548211198, 0.17329000423613372, 2.1042638783873135, 1.37173535732049, 1.5025827528689308, 1.5939271489942815, 1.6084936274571884, 0.19919714855668363, 2.9512591232294545, 0.5947339170878697, 1.9778939406930625, 2.4758127197030033, 1.699660466745109, 0.2877094414379356, 2.777521083467802, 2.212079073037077, 0.4115661787491842, 0.8250347727482384, 5.472142474820621, 3.9434082116296794, 1.225242250652109, 0.2897928125424225, 2.8804535234470268, 0.4505811900956116, 4.5605388459609415, 1.790016541459692, 0.8694665095929539, 3.8264084670300598, 4.080150001216537, 0.35444091644780584, 2.3247430783416503, 1.2613824312289592, 6.319292337937668, 0.7761324938058121, 2.3416033149757842, 1.025837831880239, 2.058717329134963, 0.8926075399552298, 10.466880924358044, 5.087612537754333, 0.7882834822357775, 1.8605984503886142, 0.2609956518090339, 0.92610512379314, 2.2261259970713483, 1.3149416686687192, 0.5332392975898207, 2.8297348178823114, 1.5864950661051263, 0.18954472797135652, 0.563378691867645, 0.23534040642593004, 0.34286999942057406, 1.0902173691580797, 1.1736863623728202, 3.886234682320463, 7.446102140911556, 2.914880865198568, 1.532456663203119, 1.3268760277470557, 4.028386866811866, 3.0813867232437784, 6.858899351679584, 1.9403691942096528, 6.629073761428496, 2.02463578032664, 6.700592991911918, 1.6364492229462726, 6.104409753457758, 1.5958177029577874, 2.1737929750215126], [3.3762516249814563, 2.371037152970048, 4.094831911042689, 3.485083894609816, 1.7213871022689706, 2.7423482444578697, 2.6838639372294515, 2.695598439631715, 3.297320804324671, 3.472227347161075, 4.210860002201623, 4.085972893636573, 4.309348595300998, 3.1969575791348492, 3.8809967058011545, 3.885422500878021, 3.7195688230357398, 3.1902951970257623, 3.8511773446852864, 2.3845221613934227, 4.147754864653028, 0.0, 3.225282849115464, 3.909912542916022, 3.5084686483480065, 3.2202668097888427, 4.225865036638214, 2.792590445896028, 3.6259649099563895, 3.7590340645961504, 3.3746762714247622, 3.5663021921827336, 4.094701643597143, 4.280791703860834, 3.920643500035634, 3.3005600185668884, 2.8707301029495436, 3.2643590069655666, 4.316471549251899, 3.3359060784894985, 2.4105973230797675, 3.899624320319316, 3.676445447416374