[[1.0, 0.6862758432218434, 0.6397013861097121, 0.5778992288541155, 0.597438405617064, 0.6133411852870844, 0.6522755735976776, 0.5637083996981073, 0.6331276441316175, 0.5888973009722047, 0.6535272950496291, 0.5504637209107438, 0.621709526068082, 0.6503177487794515, 0.6214612804595958, 0.5956915982004312, 0.6291319756534225, 0.5636665665767342, 0.5901155847935678, 0.5489027672389839, 0.6356653380389389, 0.6101562758789806, 0.5981013124556745, 0.5992745477092594, 0.6081463744170406, 0.6252117280824172, 0.5791008878534216, 0.5936884961046766, 0.6428679678006044, 0.6054415851011236, 0.6174905944816401, 0.5892557008943534, 0.5776234736288569, 0.5713666738434708, 0.5733141238373584, 0.6117332860477669, 0.6190156069361307, 0.5838623438406871, 0.6366367773931859, 0.5696296324343108, 0.6126661489870792, 0.6038486217449778, 0.5999815211754155, 0.6050980491996957, 0.5925031698510564, 0.6010018406818325, 0.580527341252401, 0.649393019719561, 0.630586466661981, 0.5911876425645097, 0.6448261080822292, 0.5675383880848999, 0.5766481551964736, 0.5929541860212685, 0.6390254241885407, 0.631001876041308, 0.5909372658073335, 0.619837176707782, 0.6318038355048723, 0.6087665213117878, 0.6603446822373346, 0.6077696001143826, 0.577697715774861, 0.596605394536401, 0.5832042841217493, 0.6169780606626677, 0.658533065212118, 0.5654304599348267, 0.6200728834460055, 0.6653347205303348, 0.6192167229136856, 0.6099111011080512, 0.611191570015912, 0.599740179918586, 0.5978067309725831, 0.5858121935125146, 0.615441359889581, 0.5995500532819648, 0.5893740965469241, 0.6227411750995561, 0.5897390726501777, 0.5816963774982509, 0.6004018453365859, 0.6000573344228313, 0.6160964659108509, 0.5665732740211258, 0.6847854602902681, 0.5684240455207962, 0.6226447287259048, 0.6428763535812938, 0.5912162831847577, 0.5943461700985606, 0.566853253579899, 0.5909778225233739, 0.5715835570560087, 0.6124622639291235], [0.6862758432218434, 1.0, 0.5855032643607518, 0.6159732464699725, 0.5646281464888776, 0.6264756655224072, 0.6239123613480431, 0.5851016429028962, 0.6734519781556892, 0.5651534980376115, 0.5924545426861654, 0.5471745403371383, 0.6119786375129503, 0.6243705437142807, 0.6405113692634972, 0.567365808500158, 0.6058271155827006, 0.5924527095491232, 0.6023736765558729, 0.597652407558183, 0.5982803430346244, 0.6282559858498723, 0.6073085411660021, 0.6226737712717281, 0.5774262144053839, 0.5820911932484387, 0.5651837492983294, 0.6163748406927577, 0.6462083821285364, 0.5934571436511429, 0.6347573010465689, 0.5964314406970439, 0.6136071335524448, 0.5812964470373638, 0.6335858460886444, 0.6178583613064709, 0.5917194728501824, 0.6581056519614854, 0.6017040241979824, 0.5582456090581409, 0.5756000059386962, 0.592605930396773, 0.6115628790676264, 0.5932686722774047, 0.619262766601617, 0.5993325332016544, 0.5719685312193127, 0.6273959033447265, 0.6258684185691874, 0.6307478483468388, 0.6230746873704788, 0.5783407060637814, 0.593077897493001, 0.6186570182266622, 0.6243111528765268, 0.6180106942811914, 0.6321967154099486, 0.5777108640442843, 0.5916024087289656, 0.6280649372785906, 0.6743404999709243, 0.6041871777707165, 0.6075041947787068, 0.6702792494936223, 0.554068759366234, 0.6057123250704295, 0.6276542896380456, 0.6378557591910773, 0.5552800071933176, 0.6266593276710074, 0.6570150464443615, 0.5573928734957141, 0.6013186183180589, 0.6170314799806731, 0.5788536281737096, 0.6174404728158532, 0.5810116325851796, 0.6087224778438691, 0.5900682665126067, 0.6052394980401279, 0.5811937171008074, 0.6124824779511187, 0.6393336333834222, 0.6280188951245718, 0.5837141732129835, 0.573745742044067, 0.6602737541174714, 0.5698290270933405, 0.6270025885421351, 0.6351338616636174, 0.6048945201946584, 0.5769882011285314, 0.5805562460779385, 0.594516451407881, 0.5742349241518193, 0.5637032141963133], [0.6397013861097121, 0.5855032643607518, 1.0, 0.602400520365179, 0.6006696552442303, 0.5870158839571515, 0.6890813767611526, 0.5621440436755528, 0.635616598443936, 0.6097214345084692, 0.6544454453162889, 0.5955657277792414, 0.5695750327164953, 0.63045716968928, 0.5683548866279037, 0.5912883292017573, 0.6186529126097573, 0.5887834303365815, 0.6525836863772535, 0.5641618730198134, 0.6312609307370123, 0.591816492698326, 0.5855029414159267, 0.5834235898239638, 0.6229844965999574, 0.6065898251317019, 0.6335240994108153, 0.6076619225029891, 0.6045588121925191, 0.653114815948416, 0.6400230188097153, 0.6056505094773307, 0.6039112175996891, 0.5390162244617653, 0.6047052602323706, 0.6228326556552739, 0.6412393956682262, 0.6431986641651791, 0.5927905565700688, 0.5813792007210264, 0.5759133006807351, 0.5800392470246676, 0.6071184885721223, 0.5683218856795522, 0.6143182833971205, 0.5995540117250812, 0.5959262833674966, 0.6083211734133371, 0.6607725526284833, 0.5810585945592197, 0.6132334395818922, 0.5610789148790366, 0.5348367266200226, 0.616963020256627, 0.6576563331589016, 0.6555983242534419, 0.6230911671234614, 0.611781928579945, 0.592090553197918, 0.6344069463823111, 0.6303869898632932, 0.636071224380848, 0.606126868015855, 0.610664923362755, 0.58775952042589, 0.5698136939399997, 0.6800163374265512, 0.5939066879016308, 0.6179816205721594, 0.6161493636215938, 0.5987614754742728, 0.6004640955542945, 0.5968836664032259, 0.585841647062121, 0.606496396213261, 0.594060610960533, 0.621988088298474, 0.6420920368850226, 0.5818902462955579, 0.6438700352289267, 0.643709179605755, 0.6047064924668545, 0.5746145233750206, 0.6033859120352801, 0.6025159146247536, 0.61853194334166, 0.6444093336224034, 0.6009345403979095, 0.6445336177487762, 0.5949515497881508, 0.5687448256439056, 0.5884899969361719, 0.5399060512213051, 0.59054789714474, 0.5774634376334375, 0.5894198336835252], [0.5778992288541155, 0.6159732464699725, 0.602400520365179, 1.0, 0.6239353665369526, 0.5894728569244306, 0.6048212081184337, 0.6369046327820702, 0.5768307341920788, 0.5808354942324322, 0.5958571616756848, 0.5974686501696161, 0.6193834132594624, 0.5941827435519629, 0.6193900227539826, 0.6133201157825712, 0.6034406692637126, 0.6347083948455945, 0.6503838104165213, 0.5903953758028381, 0.6093992027444696, 0.6008159427826292, 0.643028605190567, 0.5642803236023018, 0.6229688518683687, 0.6219348740855197, 0.6702209286736416, 0.6340438780199382, 0.5971617576865339, 0.6142415432697415, 0.6108508532794784, 0.5959338925707938, 0.6110183259217802, 0.6437521624091164, 0.6016023897233646, 0.5945305257637116, 0.5805439154687492, 0.5835795099139488, 0.6265382981484957, 0.6276469380418813, 0.6163132419802935, 0.6077874351625515, 0.5938084291769657, 0.5979809701134553, 0.6497079633171754, 0.6003850188804118, 0.6092090763440733, 0.576233022242528, 0.5837968995100451, 0.5963222586097728, 0.5680083904415573, 0.6636641982858033, 0.6204852123659786, 0.6067828619897944, 0.5953582967275177, 0.6211489443597091, 0.581903928475828, 0.6145299576231863, 0.6125389296573411, 0.6410390439988103, 0.5781615135402473, 0.5911405789504773, 0.6352894362211557, 0.5972768453800142, 0.600680233157241, 0.5927497349557693, 0.6101422953657768, 0.597803501777325, 0.5692814423275713, 0.6276846660706652, 0.5583941977868856, 0.638881185109877, 0.5780520354379665, 0.5839722004302176, 0.630932262786353, 0.5820541837442965, 0.5983711014156412, 0.5927447492951177, 0.6103058158717422, 0.6138811923941161, 0.5747910458058778, 0.6223170657247669, 0.6120510157000966, 0.5978952826598372, 0.6303973640386958, 0.6357229981332676, 0.6194173300250905, 0.6150407301567457, 0.607723577650946, 0.6058811865881922, 0.6157246458126323, 0.6059782770358978, 0.5970764778007932, 0.619671238503929, 0.5798526149225504, 0.5942167740327562], [0.597438405617064, 0.5646281464888776, 0.6006696552442303, 0.6239353665369526, 1.0, 0.5790444325024693, 0.5866505473999005, 0.6096384352312557, 0.5711477444150778, 0.5663592384575346, 0.5748264633065722, 0.6269865797561195, 0.6075310386031036, 0.6041673767016823, 0.6123821826146585, 0.6447285981736519, 0.6142918932385243, 0.5911790178716332, 0.6105497721631361, 0.5868881712435196, 0.5847567011816899, 0.5888157916667669, 0.6733868083944092, 0.6175665697375047, 0.6548267429780219, 0.6141624908097142, 0.5879076817115086, 0.6120655707137267, 0.6219313868862826, 0.634549617220152, 0.6172201106415571, 0.6162154893006614, 0.6334688755517821, 0.5818285417361593, 0.6301050630585983, 0.6341195189002138, 0.6272400605619507, 0.6132794514952602, 0.6216154467989553, 0.6278910830390252, 0.6526366750255339, 0.6537299059902757, 0.5936503681730866, 0.585337257570863, 0.6006166721437106, 0.5821272790326918, 0.617012801740512, 0.6146800864818306, 0.6289978974954541, 0.6132823761034418, 0.6000347702860115, 0.6357207184028917, 0.6037442203473912, 0.6118647426698262, 0.6048584090913189, 0.6118507633428116, 0.5760908578971183, 0.5914194061351494, 0.6229308263611049, 0.5994771567186958, 0.563679398621547, 0.6110436097335233, 0.5745135179310943, 0.6165864318288989, 0.615612819425141, 0.6012950578365484, 0.6282662875161019, 0.583261272562284, 0.6256925508302237, 0.5830575096783718, 0.5988104383504526, 0.6330901775926981, 0.6361833126640788, 0.6096629358276697, 0.6100683418230193, 0.6153289036981662, 0.6055072539769801, 0.59541885183465, 0.5867295366818291, 0.6064321246179779, 0.6447408259794394, 0.5909656803711282, 0.5735947607042585, 0.5785759387196228, 0.571583457825411, 0.6210611857392325, 0.6188146339410926, 0.6016333369636273, 0.5709560178161089, 0.5944896324012644, 0.5876042885081245, 0.5770143707431735, 0.643257529609051, 0.5969808632455049, 0.5718957731686979, 0.6633602627132889], [0.6133411852870844, 0.6264756655224072, 0.5870158839571515, 0.5894728569244306, 0.5790444325024693, 1.0, 0.5775423475052455, 0.6458169095539789, 0.6367400703493239, 0.6206175754244176, 0.6223362178327272, 0.6132578936444931, 0.6024247628877007, 0.6228042192773537, 0.5994809028878291, 0.6109653950269107, 0.5556147300723795, 0.5867248688266149, 0.6346540675685121, 0.6249033621443538, 0.5954775012085499, 0.5996681656346488, 0.6036869948603896, 0.593887730930169, 0.5892413638758688, 0.6497844554265326, 0.6005630560954818, 0.6210542050082098, 0.5924725250289703, 0.606244837648861, 0.6248871171573196, 0.6047581288314126, 0.6101410573857966, 0.653706951805168, 0.5920523248079228, 0.5707678016520756, 0.5722486636149029, 0.5742732990534662, 0.607361128693724, 0.6140327480380654, 0.6217109642226418, 0.6046549287952226, 0.5084253404266688, 0.61619347818379, 0.5991680085237102, 0.6102912034281096, 0.6078156234001117, 0.624780171284016, 0.5737144157010292, 0.637685441852396, 0.6033751742726701, 0.6235197613121698, 0.5985535937546896, 0.6447024655103968, 0.6139219140871734, 0.6235263184377358, 0.5622927671050888, 0.6802950364627488, 0.6245056667266703, 0.5607784725231978, 0.592058826690987, 0.6161525686392632, 0.6160554756911886, 0.54968052396711, 0.6699571952741512, 0.6440912215897091, 0.603045904652762, 0.5812120903281414, 0.5795517104309407, 0.6223413006266953, 0.6430698556493664, 0.6001305072423654, 0.6090111425792573, 0.5908491902128675, 0.6082145083996859, 0.5890199464531276, 0.5805734408668188, 0.6428680960598159, 0.6148704665446355, 0.5964030074291248, 0.5739207808657162, 0.6198398260218938, 0.5984007541950492, 0.6087351905018467, 0.6117546047950768, 0.6146980259445405, 0.6006961390317936, 0.6385166763893478, 0.6348167349270386, 0.6168209284794458, 0.5937248511069997, 0.6180338689769488, 0.6009295190775649, 0.6303753380968588, 0.6423552535256605, 0.5588289649204269], [0.6522755735976776, 0.6239123613480431, 0.6890813767611526, 0.6048212081184337, 0.5866505473999005, 0.5775423475052455, 1.0, 0.5687040211857844, 0.6488821908870895, 0.6072917239721127, 0.612857352758699, 0.5708800461645952, 0.5974770030844785, 0.6491487607155685, 0.5743228342422825, 0.5723670347683812, 0.6023639123852434, 0.5708216804441072, 0.6047658970005838, 0.5977580935766738, 0.5900117110623082, 0.5684303489070507, 0.5910538532807125, 0.6186210560453523, 0.5945129162706069, 0.6202063653715784, 0.6145478415446449, 0.6129252449532434, 0.6083559080787464, 0.646605684100728, 0.6420727444291182, 0.6418819147979973, 0.6216651601325065, 0.5402854386245112, 0.6002822266993181, 0.6182966273603976, 0.6426877186745725, 0.6318390095766416, 0.5705491158559728, 0.5466877636922691, 0.5907595142283245, 0.6191300197095516, 0.6389573699996265, 0.5300024934255214, 0.6061438963363746, 0.5902077089167996, 0.6048583935364416, 0.6269757414932542, 0.6417704213564175, 0.6657209790397469, 0.6217202959639351, 0.5577717483528902, 0.549519690524667, 0.601315794352962, 0.6165628154272919, 0.623804138871588, 0.6108797693876461, 0.6198617362423858, 0.5897704499888271, 0.6765688550634303, 0.6559759940157818, 0.6132327898535739, 0.5934799540944581, 0.668865276383361, 0.5573468490422833, 0.5924007461010787, 0.6905113827495091, 0.6110931411036373, 0.6084428746167272, 0.5798405462608037, 0.6000870162179499, 0.5422388066282361, 0.6032974001846841, 0.6144762529836627, 0.5998450423524426, 0.5846882911331012, 0.6363632848744573, 0.6004941417193237, 0.6098330079846216, 0.6096385823791555, 0.6119478634533767, 0.563539319307087, 0.6138374832269939, 0.6211651589702224, 0.5987857541398972, 0.5710886558846635, 0.6841994257147224, 0.5881545272322235, 0.5975871717269627, 0.6512491202043669, 0.5939792861018921, 0.6230834205584517, 0.5566889306483656, 0.588214276899486, 0.5986589685485458, 0.5665589214183376], [0.5637083996981073, 0.5851016429028962, 0.5621440436755528, 0.6369046327820702, 0.6096384352312557, 0.6458169095539789, 0.5687040211857844, 1.0, 0.6429836897447119, 0.6022520933738853, 0.5718413644277969, 0.6237536787823005, 0.5739691812115826, 0.6172029394305228, 0.6051327575743429, 0.615556842411422, 0.6441982752751074, 0.6499524831402849, 0.5935368523189215, 0.6177013303002219, 0.5879021421910496, 0.6337785409309077, 0.598251840780504, 0.6103630982572965, 0.6148786590448169, 0.6002207564778076, 0.6198199326188287, 0.5775134277486867, 0.5739671411985278, 0.5912778943823254, 0.5641359420788242, 0.6201982071961, 0.6192263313780754, 0.6913709205094016, 0.6193800874744391, 0.552300353915267, 0.592749970757639, 0.5927946302609185, 0.6087899219032827, 0.7017503940390695, 0.6081750794658322, 0.64174998665801, 0.5520635618485096, 0.6828173924310067, 0.6152823722606355, 0.6563161859951767, 0.5910744583807775, 0.5850421927389757, 0.577769052679317, 0.646646729062644, 0.586495675135388, 0.6576587642890095, 0.6620150663190101, 0.6760362272908509, 0.5477892834444616, 0.576180675035453, 0.5931791080797065, 0.6220005782145692, 0.6236456644687366, 0.5932278379720344, 0.567795821308163, 0.6120817535775503, 0.6024842618935247, 0.5760415273259532, 0.6563865828477732, 0.6025868434605589, 0.5238813793515028, 0.6218839891787925, 0.6243791088215769, 0.597647814160637, 0.6129594738566893, 0.5789758274654071, 0.5988172382558128, 0.6011641975392601, 0.5847163774395415, 0.5869885797530185, 0.5622152085946459, 0.5878576126444246, 0.6500361889595831, 0.5747849358655612, 0.5948960357708353, 0.60290043346914, 0.5966520673376127, 0.5937156611920349, 0.5908747288341892, 0.5984002970145973, 0.5511856852550183, 0.6126480321915693, 0.5891249522881838, 0.5719702634572149, 0.6493889878257949, 0.6222303324451397, 0.6513368640535326, 0.6437470976771618, 0.6231527902765268, 0.6400367269202746], [0.6331276441316175, 0.6734519781556892, 0.635616598443936, 0.5768307341920788, 0.5711477444150778, 0.6367400703493239, 0.6488821908870895, 0.6429836897447119, 1.0, 0.623170205602224, 0.628687059464116, 0.5940029251174223, 0.5993842509275633, 0.6175538648374207, 0.5867823554981516, 0.5876565520389231, 0.590936263398997, 0.6257155094576743, 0.5687163197559506, 0.6002745383622452, 0.5798055960328433, 0.59046321867015, 0.5835445792729493, 0.6142244466555329, 0.5827563165054438, 0.6384029376848354, 0.6137622950253852, 0.6252062081396955, 0.5865902686087843, 0.6101471391711544, 0.6354800951327096, 0.6148617757155617, 0.5896877575017597, 0.5512736551200886, 0.5953836678975353, 0.6004517474576998, 0.6135062354743053, 0.6198555612697129, 0.5622936137692972, 0.5751685995045391, 0.5970902897705518, 0.6200394853325019, 0.6324188733580325, 0.5617955864266082, 0.602885538452676, 0.5870365438442109, 0.6002333674636516, 0.6445318507469039, 0.6236617895184791, 0.6375584599826439, 0.5859782632475266, 0.6072429395671832, 0.6302560374144521, 0.6556740477077698, 0.636062534769468, 0.6173832442819838, 0.6307003350050738, 0.5765731173025052, 0.6075145699255791, 0.6506950686859608, 0.6675836689762993, 0.5827176147058821, 0.6118297854196179, 0.6715551658603384, 0.5356145259584758, 0.6205501722195925, 0.6071082727818431, 0.6100721737691926, 0.5619019120221571, 0.6047332769320819, 0.5917194526575172, 0.5677484495004236, 0.6265387760999693, 0.5733969270934938, 0.6186092960342382, 0.5917462807403726, 0.6023895209577708, 0.5864153194762224, 0.565008283631692, 0.6259906477852114, 0.5994108094024176, 0.590784697495987, 0.6425063685682899, 0.5958963762111799, 0.5940060976200543, 0.550279292259081, 0.6611683967902943, 0.5430311972532722, 0.626933515016124, 0.632343940180724, 0.6294561853101674, 0.6070514805565173, 0.6047121120079674, 0.6301361308934974, 0.6020408941522183, 0.5718132973812503], [0.5888973009722047, 0.5651534980376115, 0.6097214345084692, 0.5808354942324322, 0.5663592384575346, 0.6206175754244176, 0.6072917239721127, 0.6022520933738853, 0.623170205602224, 1.0, 0.5967688603176656, 0.6317363000409293, 0.6300806605974154, 0.6031097351696624, 0.6364653243788816, 0.6095279336911573, 0.5665458993766773, 0.6271961066960277, 0.604008502860394, 0.6293298923958122, 0.6007561390742109, 0.6261844878113576, 0.6168694797924994, 0.5854922413818548, 0.6034906311084062, 0.5871353377628423, 0.6146041356452713, 0.5995901400816238, 0.630045083480225, 0.6302954034854343, 0.5826425153378645, 0.6037279692896139, 0.5889384301599611, 0.6313065289713975, 0.5916729644817761, 0.5995006169485775, 0.6224455106202266, 0.5744398203013856, 0.5629553676368233, 0.6263736807322096, 0.6398738784700505, 0.6006284222228393, 0.6042344508258909, 0.6248896540548021, 0.6097138059018923, 0.6452081086646608, 0.594294844267048, 0.5965074722036819, 0.6117234559028124, 0.5652136068721512, 0.5595554271033207, 0.6127287158593959, 0.6051695187673987, 0.6127291108463131, 0.626487601319055, 0.5931334067409518, 0.6293865153725686, 0.5801319856932093, 0.6002878830677273, 0.6042487544587585, 0.6066509230324594, 0.6024628398292667, 0.6432263182681648, 0.6000464249624852, 0.5956017519785469, 0.585042042908835, 0.5639942610370215, 0.6070246774123088, 0.5778729085813846, 0.597002190136605, 0.5993642276111497, 0.6334454122106357, 0.6307455577408715, 0.5912079672336923, 0.6158450759805149, 0.6055328527401715, 0.5977000288028966, 0.6199896125728493, 0.6244495976851945, 0.6171947153144629, 0.5813545323042304, 0.5995055922855502, 0.6019125631542575, 0.6171196694009903, 0.5935036428405592, 0.622141973182958, 0.5870700674307417, 0.6428686867779976, 0.658457395303796, 0.5960573478407882, 0.6355756752170422, 0.6236118984932539, 0.6605050375015553, 0.6279242478640792, 0.6156310073442256, 0.6109095725458978], [0.6535272950496291, 0.5924545426861654, 0.6544454453162889, 0.5958571616756848, 0.5748264633065722, 0.6223362178327272, 0.612857352758699, 0.5718413644277969, 0.628687059464116, 0.5967688603176656, 1.0, 0.6176193648628562, 0.5842111829902524, 0.5882572718013362, 0.6079520088156382, 0.618688962620504, 0.6073056544121429, 0.6038614229760456, 0.5483990880147016, 0.585677942336004, 0.5984959199481007, 0.576591077192946, 0.6213798040079593, 0.6035824628246043, 0.6143523403265326, 0.6190568337666352, 0.6235095455963328, 0.6358635179482965, 0.6185922353024027, 0.5717298780235737, 0.5734343124039158, 0.6125227690822012, 0.6020623803230197, 0.6169734000222875, 0.5969733160020335, 0.5885903885512238, 0.6117766078099955, 0.5579841896906506, 0.6509148082357443, 0.5852122584212067, 0.5897492317809081, 0.5762529695177622, 0.5860935115445018, 0.6038218266798435, 0.617070512651813, 0.5841335055589271, 0.5883226858494387, 0.5957178633378274, 0.6153939156272973, 0.588503589101059, 0.6769759170236778, 0.5793016329560023, 0.5652005412281459, 0.6239963803950469, 0.6872868367617389, 0.6141712577236746, 0.6197736586649697, 0.5979736195263605, 0.6118346283077752, 0.632102403412358, 0.6033355571974808, 0.5979998531172055, 0.5784487589084764, 0.6092852627255667, 0.5917635617373967, 0.6243304477522692, 0.6313819487341629, 0.6042345365773022, 0.61555414909911, 0.6372395062820366, 0.5688428379159818, 0.6054264553230557, 0.5942567717121358, 0.6005305444600973, 0.59314708894345, 0.6242898084644863, 0.6097853045343146, 0.619644808820559, 0.5850165713342367, 0.624153902669128, 0.6150380094608987, 0.5809643093721617, 0.5998642891780268, 0.681282151108698, 0.5871293030463839, 0.6104689430897888, 0.645041661020143, 0.5800373040513326, 0.5998167881371456, 0.6876736225198589, 0.616366320001234, 0.6007230200602232, 0.6104722760977198, 0.6151505524093626, 0.5866360167102924, 0.6139876542037647], [0.5504637209107438, 0.5471745403371383, 0.5955657277792414, 0.5974686501696161, 0.6269865797561195, 0.6132578936444931, 0.5708800461645952, 0.6237536787823005, 0.5940029251174223, 0.6317363000409293, 0.6176193648628562, 1.0, 0.6002081510461649, 0.6006912600171592, 0.5743573305154455, 0.6209266262803679, 0.5840530150555128, 0.631469505290948, 0.6254982681148791, 0.5870229776648213, 0.6117126564657557, 0.5678973664511054, 0.6389516895053338, 0.6099278723459394, 0.6437930531235884, 0.5871485390872817, 0.6074899589190912, 0.6517522032298787, 0.6116665790649722, 0.5980208023430419, 0.6146054751826009, 0.6483009486722837, 0.6468840284361105, 0.6499166826717354, 0.5814164880998158, 0.6173549694602519, 0.6195523794637648, 0.601921103158958, 0.597432253440771, 0.6190663131745366, 0.6140740550686457, 0.6150797308737311, 0.6196037971894259, 0.6178283890996924, 0.5418601031605813, 0.5673324739220356, 0.5853355317172785, 0.5586639027634389, 0.581432472308969, 0.5853560722132926, 0.6009234148185623, 0.6131810699300593, 0.6198259022573389, 0.611032774181411, 0.5995597397912024, 0.606984860413828, 0.608098480579796, 0.6311010554998744, 0.5955180881038774, 0.5754575213918163, 0.5791388845760593, 0.5969320202810586, 0.6160262885781186, 0.5779549070492821, 0.6345253741819841, 0.653993470687211, 0.5727175721436621, 0.59701707749635, 0.665864406225036, 0.6058890479312329, 0.6166544754409136, 0.6240207257116812, 0.6156113352425276, 0.5875920692732354, 0.618553725324838, 0.6370473528772049, 0.5886289868033886, 0.5691421473469096, 0.6275504505296526, 0.5918070637948815, 0.6506864521349888, 0.6200725064403426, 0.59211424574059, 0.6010262042730447, 0.6241213360049163, 0.6225869023191921, 0.5960086964746943, 0.6419997211638413, 0.582258900477185, 0.6058276903841286, 0.6156223335574755, 0.5927924189019106, 0.6317345131081566, 0.6248038706512801, 0.5843034318616072, 0.6378335275631496], [0.621709526068082, 0.6119786375129503, 0.5695750327164953, 0.6193834132594624, 0.6075310386031036, 0.6024247628877007, 0.5974770030844785, 0.5739691812115826, 0.5993842509275633, 0.6300806605974154, 0.5842111829902524, 0.6002081510461649, 1.0, 0.6123523863294014, 0.6611682542389935, 0.596030821908809, 0.5696686637028343, 0.6046350718274845, 0.5752640998779687, 0.6169753818601891, 0.628389071365198, 0.6135377521134329, 0.6131923441653886, 0.5993435874138905, 0.6414981545089237, 0.6061027339382167, 0.5973589433427, 0.6272460414694355, 0.6126661160749989, 0.6324854038276293, 0.621419260427729, 0.6117724110655416, 0.5656657679656687, 0.6001980466587691, 0.5655800124536545, 0.6106752926063285, 0.6387489962895567, 0.6723004393334782, 0.5993884827255365, 0.6164651946722809, 0.5763331746074276, 0.5928710092416415, 0.6014507093862325, 0.6282507028458026, 0.6118513222980677, 0.5950316893075619, 0.6388893780481714, 0.6105009868113234, 0.5849547155070852, 0.6067345858444892, 0.5736912132257911, 0.6161350461813686, 0.5951711975237063, 0.5935495408552975, 0.61061827612656, 0.591966669803195, 0.5971188061491833, 0.5670288137175619, 0.6299533440903918, 0.6081901907740972, 0.6147423268909094, 0.5728577738221792, 0.5867353146953262, 0.5655137800671985, 0.6134585247699571, 0.5809449332014394, 0.602719246151403, 0.627408402501128, 0.5802267719547687, 0.6240366885278337, 0.6023914277069932, 0.5903452592133585, 0.6695117764468901, 0.6007649974585668, 0.6204964206849389, 0.6481837175998059, 0.6152744240911819, 0.6298731646898397, 0.6210031525325913, 0.6144201989123372, 0.5622485377196244, 0.6025367527672897, 0.5913651534455598, 0.6288169643546081, 0.6310209714541508, 0.6160125673439001, 0.5941808227149059, 0.6188448979448369, 0.6408719917244381, 0.6038209463502823, 0.6218520937455306, 0.5816879972538103, 0.6208506897531965, 0.5883285481002212, 0.6069865751656721, 0.6156278047261913], [0.6503177487794515, 0.6243705437142807, 0.63045716968928, 0.5941827435519629, 0.6041673767016823, 0.6228042192773537, 0.6491487607155685, 0.6172029394305228, 0.6175538648374207, 0.6031097351696624, 0.5882572718013362, 0.6006912600171592, 0.6123523863294014, 1.0, 0.6383768230691089, 0.5895157848698974, 0.5907832323820522, 0.5822654386991394, 0.5956236263729366, 0.5559945363690428, 0.5976003919731255, 0.6384786314130616, 0.5549896936960081, 0.6140045249827725, 0.5993593994308931, 0.6257625132103022, 0.5884751018607932, 0.6518231626759157, 0.6362029680034522, 0.6003682556902442, 0.5946625211004246, 0.5705479471336445, 0.5540834897359832, 0.5510774632789337, 0.61826305295144, 0.5838393848447992, 0.6369095076782563, 0.6104225845616278, 0.5945435585711107, 0.5737767072963992, 0.567440236307926, 0.629950923793622, 0.6053156745806854, 0.5879818421424673, 0.6188940515688232, 0.6412670528497143, 0.5905688192757138, 0.6490064711884379, 0.6486301778821373, 0.6409657057313045, 0.6173752392263455, 0.6201337589786257, 0.5916501547001061, 0.6338445827361829, 0.6291843275351711, 0.6145505808293933, 0.5664007247424164, 0.6707092787834495, 0.6426418727288129, 0.5993062502997959, 0.5949415433454898, 0.6243941510283223, 0.5870661559906674, 0.6025640319705358, 0.6500350933060922, 0.5978614910472236, 0.6214970592778796, 0.5994019673768229, 0.6106305369076054, 0.6140515164460056, 0.6396141670215109, 0.6149574932998453, 0.6116022272521923, 0.6387999945498668, 0.5969110577913095, 0.6068624068090537, 0.6114360245007582, 0.6095505026916215, 0.615834039467066, 0.6317212827424394, 0.5941012367564475, 0.6096369171175845, 0.5947966935198724, 0.6132514843291204, 0.6317663298148694, 0.6149180414665437, 0.6325924777256788, 0.6400559563368974, 0.5717939875651405, 0.5636844339198361, 0.5733743457452976, 0.5589958805524454, 0.5897819240134801, 0.5280682374887603, 0.563687478378025, 0.5778101692134165], [0.6214612804595958, 0.6405113692634972, 0.5683548866279037, 0.6193900227539826, 0.6123821826146585, 0.5994809028878291, 0.5743228342422825, 0.6051327575743429, 0.5867823554981516, 0.6364653243788816, 0.6079520088156382, 0.5743573305154455, 0.6611682542389935, 0.6383768230691089, 1.0, 0.6050003822992357, 0.5871892911729523, 0.6114744222608954, 0.6052417274800364, 0.5946063664819833, 0.6048393320823421, 0.6121513627180327, 0.5870889871353232, 0.6194235164816183, 0.6065042623094751, 0.6077102625906652, 0.6328572775391461, 0.6225913974842573, 0.6408060289323826, 0.5928458418144429, 0.5469746688597967, 0.580784715782161, 0.5815872289183603, 0.5882324211123992, 0.6243830386291338, 0.6469705113385916, 0.597947347645861, 0.6281329172165139, 0.5895530870833132, 0.6043362432091682, 0.6100638526694495, 0.6162424080883254, 0.6200988950755956, 0.6240152954684782, 0.6204929673296632, 0.6321370648557756, 0.5836798844193417, 0.5495625868866403, 0.5715137366082432, 0.5728971751228321, 0.5761918748215279, 0.5975552086680669, 0.6263786648302596, 0.6114698900836797, 0.6094032542543151, 0.606807010566211, 0.5968327280376005, 0.6071015784106728, 0.6297615658119351, 0.5603694308614651, 0.5981249022791115, 0.5734724146542951, 0.5745323429622228, 0.6030410525950256, 0.6183058813409181, 0.6314258857376546, 0.5750738616332556, 0.6142976541037102, 0.5857471852065623, 0.6005246651240919, 0.6376900020227874, 0.6250514027623505, 0.6182036777260599, 0.6162051886898582, 0.6259112670929982, 0.643312969134323, 0.5763869232300111, 0.623423032588989, 0.6256795083865847, 0.6028495072053046, 0.572749759512793, 0.6062680768027294, 0.6377943969617053, 0.6566494070569922, 0.6277120463124075, 0.5991840366810708, 0.6285964197779895, 0.6089234215252248, 0.5967683600492425, 0.6108170625038148, 0.6217163204024561, 0.5732040473176908, 0.6143941687153524, 0.5813719472621599, 0.6293548976853591, 0.6289707259271027], [0.5956915982004312, 0.567365808500158, 0.5912883292017573, 0.6133201157825712, 0.6447285981736519, 0.6109653950269107, 0.5723670347683812, 0.615556842411422, 0.5876565520389231, 0.6095279336911573, 0.618688962620504, 0.6209266262803679, 0.596030821908809, 0.5895157848698974, 0.6050003822992357, 1.0, 0.6052720101303066, 0.6276878831616862, 0.5634154743699289, 0.60541457600553, 0.6231163789829196, 0.6056213018235972, 0.5986177072277373, 0.6135100124074073, 0.6067223551706278, 0.5890107174400337, 0.6095138155666763, 0.591312111575235, 0.6309200319047233, 0.6117585087491401, 0.5938919554762288, 0.6017497197403722, 0.6203265525638608, 0.6049166492354572, 0.6181422629258222, 0.5731652379640578, 0.6111688315663841, 0.5969316120242706, 0.6932437423448344, 0.6199700823002469, 0.6270110491958732, 0.6584459869474565, 0.6103056544044022, 0.6128682502200037, 0.5859749257139747, 0.5805816092956572, 0.6059326975285035, 0.6048894456306049, 0.6000424214207665, 0.5959645571299634, 0.6278720704923774, 0.610330195937908, 0.5782589728190554, 0.6104361336948967, 0.5582292628318365, 0.5569304241317314, 0.6103157682261278, 0.588172234496878, 0.6583585857270287, 0.6070751220604033, 0.5614551379999362, 0.6288917702515872, 0.5707868622483139, 0.6287438555043893, 0.609381179253426, 0.5765327595969032, 0.5936789858377396, 0.5836812073161246, 0.5985031493336365, 0.612861835839826, 0.5700501706280058, 0.6252104550568294, 0.6222766727175941, 0.6105648690907716, 0.6497457015520055, 0.6012579503408281, 0.6094509065164131, 0.5636978610169902, 0.6468666320315798, 0.5890551947213858, 0.6476982569273133, 0.6412569965778079, 0.6304681422087013, 0.5924726977694801, 0.6040085284721283, 0.6468756427103524, 0.6189744817821364, 0.6091610382051801, 0.5924482813347112, 0.595242804290125, 0.5943910984781802, 0.5991770204074195, 0.6403635306612595, 0.6195276128550947, 0.6011876373494643, 0.6129881857459286], [0.6291319756534225, 0.6058271155827006, 0.6186529126097573, 0.6034406692637126, 0.6142918932385243, 0.5556147300723795, 0.6023639123852434, 0.6441982752751074, 0.590936263398997, 0.5665458993766773, 0.6073056544121429, 0.5840530150555128, 0.5696686637028343, 0.5907832323820522, 0.5871892911729523, 0.6052720101303066, 1.0, 0.5888627576487444, 0.5876421699001001, 0.5965147809705679, 0.601610825642918, 0.6172861051582604, 0.5900262261911547, 0.6580214777680391, 0.6064512613252749, 0.6300474689366902, 0.6132267159787892, 0.5885397216866816, 0.6109235576593605, 0.6398691519565864, 0.6289206143834417, 0.6038225174130675, 0.6147774216315578, 0.6269816911349845, 0.6289481454276846, 0.6118146289785953, 0.5718581347876504, 0.5946100867148814, 0.6024055365405565, 0.6268679509979388, 0.6286794689666708, 0.6101296765516813, 0.6008033218090855, 0.6028679114523664, 0.612571315687426, 0.681733881712432, 0.6017036241879435, 0.5988001861349437, 0.646148541937104, 0.5864001538106819, 0.559755990329939, 0.6394458719922718, 0.6186192233471018, 0.6276662035113447, 0.6144964757992124, 0.5844880184301902, 0.6163464274279126, 0.6278494460962698, 0.5958867048818743, 0.5800431415793925, 0.6006012841955685, 0.6089996493340222, 0.6155160770093374, 0.5866682131831512, 0.6350723348529174, 0.6284205746408422, 0.607360369938429, 0.5939149117138733, 0.6556639215826062, 0.6528021502437402, 0.596723534376957, 0.5835053633433849, 0.5914161203549522, 0.6250723713823593, 0.6235506602963522, 0.5964310213468956, 0.6100384912527307, 0.5735886450515932, 0.5962679087613468, 0.5703242092087367, 0.6341274797386531, 0.6156066493569611, 0.5759149544025606, 0.5609673914059542, 0.6304511396973896, 0.5865641771308933, 0.5572314521268634, 0.6126489060258595, 0.6546649521414293, 0.585298441145447, 0.6259824030554154, 0.5614141190986817, 0.5968903429511317, 0.6008248631801416, 0.6190079943536662, 0.6355787609836715], [0.5636665665767342, 0.5924527095491232, 0.5887834303365815, 0.6347083948455945, 0.5911790178716332, 0.5867248688266149, 0.5708216804441072, 0.6499524831402849, 0.6257155094576743, 0.6271961066960277, 0.6038614229760456, 0.631469505290948, 0.6046350718274845, 0.5822654386991394, 0.6114744222608954, 0.6276878831616862, 0.5888627576487444, 1.0, 0.6484991139197727, 0.6089380374269139, 0.5924404644352915, 0.6167769994049281, 0.6491439007297142, 0.6389153943096061, 0.620326854185815, 0.5785119704497665, 0.6172573093186315, 0.5862263510727611, 0.5877962790090893, 0.6247922848920956, 0.582221652357855, 0.6506740020900913, 0.599721238182906, 0.624112047069824, 0.5944704520296786, 0.5644993076731514, 0.592105381574305, 0.5674818803339986, 0.6154414207596816, 0.6312185218087616, 0.5799958293922307, 0.6213150055899532, 0.6118492965803836, 0.6436562443877292, 0.6162051642327605, 0.6160301506568177, 0.615583184865088, 0.5505014480812872, 0.590306646755813, 0.5979956235231328, 0.6068760945096404, 0.6978458655987978, 0.6408286506581745, 0.6147496348480546, 0.5559924879295376, 0.5897131460260505, 0.6171149018250461, 0.5576368036130429, 0.6117056094844703, 0.5935040003990424, 0.6143500226135596, 0.6333998539960617, 0.6569327711850602, 0.6335984209188639, 0.5864602771737827, 0.5832132385192829, 0.5486299854120986, 0.5926182600455858, 0.6412448344297268, 0.6328674936142015, 0.635793456662999, 0.6133606311878689, 0.574889186306739, 0.6258642228369424, 0.605895996761207, 0.6053459013876609, 0.5879973432443156, 0.6075214826040939, 0.6186170054751414, 0.5803181047099379, 0.6238502385661292, 0.5938233129966437, 0.5896092588286205, 0.6246535103441935, 0.6141004470555538, 0.6597954169847282, 0.5688976299137601, 0.5586041958201375, 0.5917272356842532, 0.5967212252857396, 0.5660662767250252, 0.6163341456009599, 0.6465805995270684, 0.6308433539264465, 0.5675873977462149, 0.6152454390128663], [0.5901155847935678, 0.6023736765558729, 0.6525836863772535, 0.6503838104165213, 0.6105497721631361, 0.6346540675685121, 0.6047658970005838, 0.5935368523189215, 0.5687163197559506, 0.604008502860394, 0.5483990880147016, 0.6254982681148791, 0.5752640998779687, 0.5956236263729366, 0.6052417274800364, 0.5634154743699289, 0.5876421699001001, 0.6484991139197727, 1.0, 0.5752760433283756, 0.6334690659748321, 0.6160212393302802, 0.6112086305078609, 0.5995462606509153, 0.5886219570895997, 0.6322723302677181, 0.5875138933848654, 0.5936357662136588, 0.6230869973148724, 0.6481069116256337, 0.6189850080987473, 0.610051034894638, 0.6059132762443329, 0.6237756197160113, 0.6157962294356105, 0.6293349590275251, 0.5826229413099328, 0.6136511731995814, 0.6034211389685572, 0.6122989410356171, 0.5873461147112629, 0.5747752809906258, 0.5802983219944705, 0.6269685202805652, 0.6257282892744204, 0.6572476914432934, 0.6009684115554266, 0.570154882529027, 0.5640965924917773, 0.6126694756511819, 0.5818944526742194, 0.63328907299666, 0.6352407748421472, 0.569797318434427, 0.5976668537785673, 0.680116369394046, 0.6110566130457015, 0.6600964069785705, 0.6181597042997568, 0.6040037765490699, 0.6012246816495995, 0.6410214232166286, 0.6310571059928597, 0.5967985860833616, 0.6351039156790788, 0.6161658162596938, 0.6116310579218168, 0.5649962814319481, 0.6238899554201079, 0.6102040176521465, 0.5860908151198293, 0.6474463443060752, 0.5719410673188206, 0.6067614159380788, 0.6112802254658007, 0.5872621323049526, 0.6166636437293379, 0.6313931424270545, 0.595239640778068, 0.5805577651435535, 0.6008312547383424, 0.5884556500801775, 0.6026456438209546, 0.6165490971813141, 0.606027604624799, 0.6161334742968191, 0.5936105525998161, 0.6362721439027214, 0.6015582971515716, 0.6273192269970839, 0.5653078884824405, 0.614391621287408, 0.5811120323142073, 0.581647077638682, 0.609782215068825, 0.6005684383827451], [0.5489027672389839, 0.597652407558183, 0.5641618730198134, 0.5903953758028381, 0.5868881712435196, 0.6249033621443538, 0.5977580935766738, 0.6177013303002219, 0.6002745383622452, 0.6293298923958122, 0.585677942336004, 0.5870229776648213, 0.6169753818601891, 0.5559945363690428, 0.5946063664819833, 0.60541457600553, 0.5965147809705679, 0.6089380374269139, 0.5752760433283756, 1.0, 0.58311765167192, 0.65599271529839, 0.6129631975704574, 0.6324970955435225, 0.6262843664311704, 0.579767917141277, 0.619681823044729, 0.5735575253993402, 0.5714839906865691, 0.5519569667880834, 0.5916790099665292, 0.5805007371525667, 0.6432131699967291, 0.6870123957236143, 0.6034049745670397, 0.6120407106195932, 0.5983763478520276, 0.5838712896497081, 0.602258497140726, 0.6549819892390379, 0.6050871993308061, 0.6036709837831982, 0.6266928151968009, 0.6106503990142356, 0.6357683134100223, 0.5923441260215393, 0.6182277960945632, 0.6227198746209507, 0.5789819071962485, 0.6184409283480434, 0.5936454786782772, 0.6487922440292965, 0.6964063948139538, 0.6156553894064434, 0.6080882919601641, 0.5605574244946765, 0.6387881905259718, 0.5945140117456936, 0.5973824007134368, 0.587793883617851, 0.584905049693533, 0.5658956137426274, 0.600174849747582, 0.6229573229208137, 0.6291605853964412, 0.5899940300345289, 0.538713848423555, 0.6161321507386769, 0.6056259927466384, 0.6190510292589694, 0.635150370460985, 0.6308861657701829, 0.6187045901924235, 0.5898042517228146, 0.6014667963658216, 0.5875177878347158, 0.569246055645381, 0.5845944376668863, 0.6441938637267737, 0.6104146739280909, 0.58282045301727, 0.6095524112481404, 0.6300966287577945, 0.6059430683773057, 0.5901008621433985, 0.6260646226068363, 0.6039647804895156, 0.6376160868824651, 0.5945748349599428, 0.6055230579018894, 0.6242370202071865, 0.6072622208992843, 0.653282950644701, 0.6656338442775145, 0.6382083245488891, 0.6109400449729697], [0.6356653380389389, 0.5982803430346244, 0.6312609307370123, 0.6093992027444696, 0.5847567011816899, 0.5954775012085499, 0.5900117110623082, 0.5879021421910496, 0.5798055960328433, 0.6007561390742109, 0.5984959199481007, 0.6117126564657557, 0.628389071365198, 0.5976003919731255, 0.6048393320823421, 0.6231163789829196, 0.601610825642918, 0.5924404644352915, 0.6334690659748321, 0.58311765167192, 1.0, 0.6260565661756765, 0.6213663286184271, 0.5888265012679634, 0.6187148542037539, 0.6211045209903928, 0.6342509453901982, 0.6141256653241426, 0.629283907117906, 0.596237459475524, 0.5984882920060521, 0.6198339282571853, 0.5943284368453368, 0.5946532031129496, 0.5860124644034023, 0.5972001029943598, 0.5792182253737208, 0.6166258482808898, 0.5771514143765227, 0.5983887142103027, 0.6177176817882531, 0.5851388474951822, 0.6302075146240321, 0.5802993123247467, 0.6033243718629335, 0.6202829987104286, 0.6097558318960122, 0.6133991655648279, 0.6243032757106155, 0.6074099537507318, 0.5947283163286506, 0.5901672716133608, 0.5676407822218111, 0.5969070744269839, 0.6150006928369398, 0.5878280331611457, 0.5917522810920653, 0.6072979119039605, 0.618580821207948, 0.6071345527133835, 0.5949462650692114, 0.6252295674740646, 0.6352674231381196, 0.5973333986175076, 0.6011169503968047, 0.6174888827298082, 0.5943767419975775, 0.6188989903786982, 0.6041201564029779, 0.6042538020983306, 0.6101848617913622, 0.6528211688507579, 0.5727743330955529, 0.5866608813757321, 0.6239298819592118, 0.5561474444901467, 0.6023196601639285, 0.6327158880959056, 0.6024576682899687, 0.6155673578188543, 0.5882649332883956, 0.6120379931409248, 0.6101169327273778, 0.5614336765452476, 0.605170449051826, 0.645142480104692, 0.6403218487297986, 0.5857369766754656, 0.6443500341634142, 0.6156815107222474, 0.619380557706099, 0.6126963425378366, 0.5880230636570758, 0.6080415706329563, 0.6302826918385265, 0.6430156350745525], [0.6101562758789806, 0.6282559858498723, 0.591816492698326, 0.6008159427826292, 0.5888157916667669, 0.5996681656346488, 0.5684303489070507, 0.6337785409309077, 0.59046321867015, 0.6261844878113576, 0.576591077