[[0.9999999999999998, 0.9787515273419438, 0.9958735523839921, 0.9567916936366252, 0.9946556544108923, 0.9342592308705877, 0.9971536452792993, 0.9953925643956858, 0.996394060202831, 0.9194179649370932, 0.9905657069489097, 0.9961973982018169, 0.986604842813836, 0.9940875662359043], [0.9787515273419438, 1.0000000000000002, 0.9782480006708263, 0.9394904143297753, 0.9674883036146025, 0.9147721271395876, 0.9795742768043068, 0.9771452338767672, 0.9782632834241543, 0.9453006437647224, 0.9562649181885097, 0.9743519956817369, 0.9704427450691729, 0.9746305114194105], [0.9958735523839921, 0.9782480006708263, 1.0, 0.9761352282369458, 0.99633730233969, 0.9575831419245753, 0.9957585628060427, 0.9978014535371289, 0.9964463907686913, 0.9367115080943805, 0.9937378789837376, 0.9916333220459101, 0.9957832424248239, 0.998481425795356], [0.9567916936366252, 0.9394904143297753, 0.9761352282369458, 1.0, 0.9711314931227306, 0.9934064283803501, 0.9599020925753532, 0.9734135725720541, 0.9649021182387153, 0.9524954535894105, 0.9740563668386756, 0.9490467904998745, 0.9811080831925294, 0.9778362639355815], [0.9946556544108923, 0.9674883036146025, 0.99633730233969, 0.9711314931227306, 1.0, 0.9547910011345956, 0.9922891592275387, 0.9959313498210005, 0.9954801080341158, 0.9293231601501524, 0.9962645584279237, 0.9923013096919046, 0.9876818146183364, 0.9944352904507506], [0.9342592308705877, 0.9147721271395876, 0.9575831419245753, 0.9934064283803501, 0.9547910011345956, 1.0, 0.9395335258773307, 0.9553166180571051, 0.946630581766176, 0.936534030265971, 0.9548260157006281, 0.9292039133213728, 0.9640503646709249, 0.9584340612080036], [0.9971536452792993, 0.9795742768043068, 0.9957585628060427, 0.9599020925753532, 0.9922891592275387, 0.9395335258773307, 1.0, 0.9978212444457286, 0.9978241336980872, 0.9177403004782192, 0.9876609585585449, 0.9973461493996594, 0.9892158945595637, 0.9942622599965847], [0.9953925643956858, 0.9771452338767672, 0.9978014535371289, 0.9734135725720541, 0.9959313498210005, 0.9553166180571051, 0.9978212444457286, 1.0, 0.998384918760648, 0.9334306342006091, 0.9921787804888128, 0.9949446448640635, 0.9917813016965905, 0.996436316559626], [0.996394060202831, 0.9782632834241543, 0.9964463907686913, 0.9649021182387153, 0.9954801080341158, 0.946630581766176, 0.9978241336980872, 0.998384918760648, 1.0000000000000002, 0.9292209763859749, 0.9913268570046442, 0.9974939127907319, 0.9875548007648658, 0.9930692002610807], [0.9194179649370932, 0.9453006437647224, 0.9367115080943805, 0.9524954535894105, 0.9293231601501524, 0.936534030265971, 0.9177403004782192, 0.9334306342006091, 0.9292209763859749, 0.9999999999999998, 0.9264677012140594, 0.9068324808064033, 0.9377089351960861, 0.937059835749875], [0.9905657069489097, 0.9562649181885097, 0.9937378789837376, 0.9740563668386756, 0.9962645584279237, 0.9548260157006281, 0.9876609585585449, 0.9921787804888128, 0.9913268570046442, 0.9264677012140594, 0.9999999999999999, 0.9864588117805954, 0.9869480173109961, 0.9930515650978188], [0.9961973982018169, 0.9743519956817369, 0.9916333220459101, 0.9490467904998745, 0.9923013096919046, 0.9292039133213728, 0.9973461493996594, 0.9949446448640635, 0.9974939127907319, 0.9068324808064033, 0.9864588117805954, 1.0, 0.9797521365269488, 0.987449106930702], [0.986604842813836, 0.9704427450691729, 0.9957832424248239, 0.9811080831925294, 0.9876818146183364, 0.9640503646709249, 0.9892158945595637, 0.9917813016965905, 0.9875548007648658, 0.9377089351960861, 0.9869480173109961, 0.9797521365269488, 0.9999999999999999, 0.9970004494811728], [0.9940875662359043, 0.9746305114194105, 0.998481425795356, 0.9778362639355815, 0.9944352904507506, 0.9584340612080036, 0.9942622599965847, 0.996436316559626, 0.9930692002610807, 0.937059835749875, 0.9930515650978188, 0.987449106930702, 0.9970004494811728, 1.0000000000000004]]