[[1.0, 0.8993939393939382, 0.9150505050505038, 0.9257575757575747, 0.9070707070707057, 0.9008080808080794, 0.9001010101010085, 0.9030303030303015, 0.9170707070707059, 0.9005050505050493, 0.9059595959595947, 0.913232323232322, 0.9033333333333318, 0.9140404040404028], [0.8993939393939382, 1.0, 0.9108080808080797, 0.8960606060606046, 0.9140404040404029, 0.8945454545454531, 0.9195959595959584, 0.9221212121212109, 0.9103030303030293, 0.9520202020202011, 0.9060606060606047, 0.9167676767676758, 0.8989898989898977, 0.9008080808080794], [0.9150505050505038, 0.9108080808080797, 1.0, 0.9098989898989887, 0.9123232323232313, 0.9037373737373725, 0.9022222222222209, 0.9056565656565646, 0.9037373737373725, 0.9038383838383826, 0.9045454545454533, 0.915151515151514, 0.9034343434343423, 0.9136363636363625], [0.9257575757575747, 0.8960606060606046, 0.9098989898989887, 1.0, 0.9092929292929278, 0.9188888888888878, 0.8963636363636349, 0.9063636363636348, 0.9044444444444428, 0.889393939393938, 0.9214141414141402, 0.9111111111111098, 0.909191919191918, 0.903333333333332], [0.9070707070707057, 0.9140404040404029, 0.9123232323232313, 0.9092929292929278, 1.0, 0.9187878787878777, 0.9199999999999992, 0.9232323232323222, 0.9108080808080797, 0.9137373737373727, 0.9126262626262615, 0.9172727272727261, 0.9096969696969686, 0.9188888888888878], [0.9008080808080794, 0.8945454545454531, 0.9037373737373725, 0.9188888888888878, 0.9187878787878777, 1.0, 0.9140404040404028, 0.9095959595959584, 0.9005050505050493, 0.9055555555555544, 0.9218181818181806, 0.9210101010101, 0.9155555555555542, 0.9115151515151503], [0.9001010101010085, 0.9195959595959584, 0.9022222222222209, 0.8963636363636349, 0.9199999999999992, 0.9140404040404028, 1.0, 0.917777777777777, 0.9077777777777764, 0.9258585858585849, 0.923636363636363, 0.9101010101010092, 0.9332323232323226, 0.9122222222222212], [0.9030303030303015, 0.9221212121212109, 0.9056565656565646, 0.9063636363636348, 0.9232323232323222, 0.9095959595959584, 0.917777777777777, 1.0, 0.9129292929292917, 0.9177777777777766, 0.917070707070706, 0.9129292929292916, 0.9074747474747464, 0.9127272727272718], [0.9170707070707059, 0.9103030303030293, 0.9037373737373725, 0.9044444444444428, 0.9108080808080797, 0.9005050505050493, 0.9077777777777764, 0.9129292929292917, 1.0, 0.9063636363636352, 0.907373737373736, 0.9085858585858573, 0.9147474747474734, 0.9101010101010092], [0.9005050505050493, 0.9520202020202011, 0.9038383838383826, 0.889393939393938, 0.9137373737373727, 0.9055555555555544, 0.9258585858585849, 0.9177777777777766, 0.9063636363636352, 1.0, 0.9145454545454537, 0.9108080808080797, 0.9108080808080797, 0.9177777777777766], [0.9059595959595947, 0.9060606060606047, 0.9045454545454533, 0.9214141414141402, 0.9126262626262615, 0.9218181818181806, 0.923636363636363, 0.917070707070706, 0.907373737373736, 0.9145454545454537, 1.0, 0.9081818181818169, 0.9515151515151508, 0.9247474747474739], [0.913232323232322, 0.9167676767676758, 0.915151515151514, 0.9111111111111098, 0.9172727272727261, 0.9210101010101, 0.9101010101010092, 0.9129292929292916, 0.9085858585858573, 0.9108080808080797, 0.9081818181818169, 1.0, 0.9041414141414127, 0.8981818181818167], [0.9033333333333318, 0.8989898989898977, 0.9034343434343423, 0.909191919191918, 0.9096969696969686, 0.9155555555555542, 0.9332323232323226, 0.9074747474747464, 0.9147474747474734, 0.9108080808080797, 0.9515151515151508, 0.9041414141414127, 1.0, 0.9254545454545445], [0.9140404040404028, 0.9008080808080794, 0.9136363636363625, 0.903333333333332, 0.9188888888888878, 0.9115151515151503, 0.9122222222222212, 0.9127272727272718, 0.9101010101010092, 0.9177777777777766, 0.9247474747474739, 0.8981818181818167, 0.9254545454545445, 1.0]]