[[3.371747880871523e-07, 4.411350170954495, 2.8503686373399377, 4.9645168979850585, 2.520565802498759, 6.2210553392195465, 2.161739184953398, 3.033091160576503, 2.651436714807771, 9.000872220629466, 2.287483573532224, 1.6335718374372115, 3.0577131138900757, 3.0918384487574406], [4.411350170954498, 0.0, 6.426235861552346, 5.1332618823470115, 6.336149733177964, 7.419166642259862, 5.80463635597799, 6.608519185037279, 6.278248279017937, 5.716373597677922, 5.363434260820752, 5.163448790202516, 5.7316479288515385, 6.623678405452945], [2.8503686373399377, 6.426235861552348, 0.0, 5.520713829940483, 1.7105207830410893, 5.546777872936347, 1.8371335850268844, 1.2766605069383827, 1.6062636258369547, 10.915491309353534, 3.165460993141751, 2.881782389736667, 2.062371662694611, 1.052470731139482], [4.9645168979850585, 5.1332618823470115, 5.520713829940483, 2.384185791015625e-07, 5.316371205872647, 3.0959745403455856, 5.8408174252629825, 5.782425494835098, 5.946653617082651, 6.776895027063987, 3.9437525415763166, 5.693047871145319, 4.323026005134219, 5.482193240448269], [2.520565802498759, 6.336149733177963, 1.7105207830410893, 5.316371205872647, 0.0, 5.485566471831242, 2.2878258046458035, 1.85497693911005, 1.825259455052468, 10.468216176616806, 2.4027133811028816, 2.464877492422967, 2.9071717806451813, 2.085537925998926], [6.2210553392195465, 7.419166642259862, 5.546777872936347, 3.0959745403455856, 5.485566471831242, 0.0, 6.302284858878015, 5.747502378419351, 6.0999434599527715, 9.371789192248754, 5.172082163412566, 6.542731704746991, 4.74894955629129, 5.521968020380311], [2.161739184953398, 5.804636355977987, 1.8371335850268844, 5.8408174252629825, 2.2878258046458035, 6.302284858878015, 0.0, 1.4703028910394562, 1.3164650818754455, 10.616329224515336, 3.296473493666803, 1.6600820246892958, 2.7167584968316905, 2.1252674774165703], [3.033091160576503, 6.608519185037277, 1.2766605069383827, 5.782425494835098, 1.85497693911005, 5.747502378419351, 1.4703028910394562, 0.0, 1.1273900549985425, 11.114814557775228, 3.438853155882984, 2.5841815044559726, 2.721306661023727, 1.6187912776849975], [2.651436714807771, 6.27824827901794, 1.6062636258369547, 5.946653617082651, 1.825259455052468, 6.0999434599527715, 1.3164650818754455, 1.1273900549985425, 0.0, 10.878583788819736, 3.2728190836401976, 1.973439331005172, 3.0683271965392724, 2.246301530261546], [9.000872220629466, 5.716373597677924, 10.915491309353534, 6.776895027063989, 10.468216176616808, 9.371789192248754, 10.616329224515336, 11.114814557775228, 10.878583788819737, 1.6858739404357614e-07, 8.77158162740176, 9.83481733164993, 9.779683598245693, 10.967868127763143], [2.287483573532224, 5.363434260820752, 3.165460993141751, 3.9437525415763166, 2.4027133811028816, 5.172082163412566, 3.296473493666803, 3.438853155882984, 3.2728190836401976, 8.771581627401758, 3.371747880871523e-07, 2.9041615151947116, 3.0625629894453246, 3.2816890142050648], [1.6335718374372115, 5.163448790202513, 2.881782389736667, 5.693047871145319, 2.464877492422967, 6.542731704746991, 1.6600820246892958, 2.5841815044559726, 1.973439331005172, 9.834817331649928, 2.9041615151947116, 0.0, 3.5776409126970803, 3.3621036385010763], [3.0577131138900757, 5.731647928851536, 2.062371662694611, 4.323026005134219, 2.9071717806451813, 4.74894955629129, 2.7167584968316905, 2.721306661023727, 3.0683271965392724, 9.779683598245692, 3.0625629894453246, 3.5776409126970803, 0.0, 1.8917628088516965], [3.0918384487574406, 6.623678405452942, 1.052470731139482, 5.482193240448269, 2.085537925998926, 5.521968020380311, 2.1252674774165703, 1.6187912776849975, 2.246301530261546, 10.967868127763143, 3.2816890142050648, 3.3621036385010763, 1.8917628088516965, 0.0]]