[[1.0, 0.5091865069698447, 0.5776525515575048, 0.625777080157315, 0.5239160984324678, 0.5179757776474089, 0.49315543492210784, 0.5076725638919616, 0.598257503509782, 0.491645835085785, 0.504788104561526, 0.5546232950320367, 0.501970474251295, 0.5579815337353243], [0.5091865069698447, 1.0, 0.5594739930706384, 0.49208396393434334, 0.536865689824052, 0.4609166977872138, 0.5771727415940926, 0.5835035927204267, 0.5419979980646741, 0.7328633658723218, 0.4925157705726676, 0.593865874665895, 0.46770560612723683, 0.4812863030220623], [0.5776525515575048, 0.5594739930706384, 1.0, 0.5590855562021732, 0.5639263053842013, 0.5306752274695852, 0.49336868221431723, 0.530979388845447, 0.5346613540930244, 0.5151458237131598, 0.5015856073977902, 0.5747077187517999, 0.5086496183421432, 0.5531141214223666], [0.625777080157315, 0.49208396393434334, 0.5590855562021732, 1.0, 0.5395953518096477, 0.5972275086674145, 0.468734396750714, 0.5263664291274668, 0.5364591994939922, 0.43373057416689287, 0.5794660924222763, 0.5686553346041242, 0.524089733873267, 0.5124812070962604], [0.5239160984324678, 0.536865689824052, 0.5639263053842013, 0.5395953518096477, 1.0, 0.5594385151785122, 0.5704093055376119, 0.5778381967910079, 0.5422556688852583, 0.5309986544641871, 0.5160999284544163, 0.5466219951946044, 0.5109493303585247, 0.5670777264649401], [0.5179757776474089, 0.4609166977872138, 0.5306752274695852, 0.5972275086674145, 0.5594385151785122, 1.0, 0.5484052360379141, 0.5304480290204068, 0.5185256455851249, 0.5072949752155732, 0.5803458261760976, 0.5801089328901224, 0.5602568096300804, 0.5508524896723612], [0.49315543492210784, 0.5771727415940926, 0.49336868221431723, 0.468734396750714, 0.5704093055376119, 0.5484052360379141, 1.0, 0.5625834391636655, 0.5192077181212864, 0.6000244451237742, 0.5721303155748259, 0.5336394784396815, 0.6358553579454694, 0.5337262213161826], [0.5076725638919616, 0.5835035927204267, 0.530979388845447, 0.5263664291274668, 0.5778381967910079, 0.5304480290204068, 0.5625834391636655, 1.0, 0.5557702426824953, 0.5668957871294974, 0.5503760138878483, 0.5431287788100274, 0.5083537672756921, 0.5584555295342442], [0.598257503509782, 0.5419979980646741, 0.5346613540930244, 0.5364591994939922, 0.5422556688852583, 0.5185256455851249, 0.5192077181212864, 0.5557702426824953, 1.0, 0.5269941396032917, 0.5002665666214658, 0.5557016874046607, 0.5484759299079817, 0.5495570967912506], [0.491645835085785, 0.7328633658723218, 0.5151458237131598, 0.43373057416689287, 0.5309986544641871, 0.5072949752155732, 0.6000244451237742, 0.5668957871294974, 0.5269941396032917, 1.0, 0.5333705846835105, 0.5322605794104653, 0.520299040045871, 0.5671750850556398], [0.504788104561526, 0.4925157705726676, 0.5015856073977902, 0.5794660924222763, 0.5160999284544163, 0.5803458261760976, 0.5721303155748259, 0.5503760138878483, 0.5002665666214658, 0.5333705846835105, 1.0, 0.49675990552018706, 0.7094312758485852, 0.5910661633302826], [0.5546232950320367, 0.593865874665895, 0.5747077187517999, 0.5686553346041242, 0.5466219951946044, 0.5801089328901224, 0.5336394784396815, 0.5431287788100274, 0.5557016874046607, 0.5322605794104653, 0.49675990552018706, 1.0, 0.49633370516655284, 0.4635766152360596], [0.501970474251295, 0.46770560612723683, 0.5086496183421432, 0.524089733873267, 0.5109493303585247, 0.5602568096300804, 0.6358553579454694, 0.5083537672756921, 0.5484759299079817, 0.520299040045871, 0.7094312758485852, 0.49633370516655284, 1.0, 0.5969837913086424], [0.5579815337353243, 0.4812863030220623, 0.5531141214223666, 0.5124812070962604, 0.5670777264649401, 0.5508524896723612, 0.5337262213161826, 0.5584555295342442, 0.5495570967912506, 0.5671750850556398, 0.5910661633302826, 0.4635766152360596, 0.5969837913086424, 1.0]]