[[1.0, 0.05, 0.034482758620689655, 0.02631578947368421, 0.04, 0.05, 0.05, 0.045454545454545456, 0.029411764705882353, 0.047619047619047616, 0.041666666666666664, 0.03571428571428571, 0.047619047619047616, 0.03333333333333333], [0.05, 1.0, 0.034482758620689655, 0.058823529411764705, 0.03333333333333333, 0.06666666666666667, 0.02857142857142857, 0.027777777777777776, 0.038461538461538464, 0.01639344262295082, 0.038461538461538464, 0.02857142857142857, 0.05263157894736842, 0.05], [0.034482758620689655, 0.034482758620689655, 1.0, 0.04, 0.03225806451612903, 0.045454545454545456, 0.05, 0.04, 0.045454545454545456, 0.041666666666666664, 0.041666666666666664, 0.03225806451612903, 0.043478260869565216, 0.034482758620689655], [0.02631578947368421, 0.058823529411764705, 0.04, 1.0, 0.037037037037037035, 0.02857142857142857, 0.0625, 0.04, 0.045454545454545456, 0.09090909090909091, 0.027777777777777776, 0.03571428571428571, 0.04, 0.047619047619047616], [0.04, 0.03333333333333333, 0.03225806451612903, 0.037037037037037035, 1.0, 0.030303030303030304, 0.027777777777777776, 0.02702702702702703, 0.034482758620689655, 0.03225806451612903, 0.03333333333333333, 0.03225806451612903, 0.03571428571428571, 0.02857142857142857], [0.05, 0.06666666666666667, 0.045454545454545456, 0.02857142857142857, 0.030303030303030304, 1.0, 0.03333333333333333, 0.038461538461538464, 0.047619047619047616, 0.043478260869565216, 0.02702702702702703, 0.02857142857142857, 0.03125, 0.034482758620689655], [0.05, 0.02857142857142857, 0.05, 0.0625, 0.027777777777777776, 0.03333333333333333, 1.0, 0.029411764705882353, 0.04, 0.025, 0.02631578947368421, 0.034482758620689655, 0.021739130434782608, 0.034482758620689655], [0.045454545454545456, 0.027777777777777776, 0.04, 0.04, 0.02702702702702703, 0.038461538461538464, 0.029411764705882353, 1.0, 0.034482758620689655, 0.029411764705882353, 0.029411764705882353, 0.034482758620689655, 0.038461538461538464, 0.03125], [0.029411764705882353, 0.038461538461538464, 0.045454545454545456, 0.045454545454545456, 0.034482758620689655, 0.047619047619047616, 0.04, 0.034482758620689655, 1.0, 0.04, 0.041666666666666664, 0.037037037037037035, 0.03333333333333333, 0.034482758620689655], [0.047619047619047616, 0.01639344262295082, 0.041666666666666664, 0.09090909090909091, 0.03225806451612903, 0.043478260869565216, 0.025, 0.029411764705882353, 0.04, 1.0, 0.030303030303030304, 0.034482758620689655, 0.034482758620689655, 0.029411764705882353], [0.041666666666666664, 0.038461538461538464, 0.041666666666666664, 0.027777777777777776, 0.03333333333333333, 0.02702702702702703, 0.02631578947368421, 0.029411764705882353, 0.041666666666666664, 0.030303030303030304, 1.0, 0.038461538461538464, 0.017241379310344827, 0.02564102564102564], [0.03571428571428571, 0.02857142857142857, 0.03225806451612903, 0.03571428571428571, 0.03225806451612903, 0.02857142857142857, 0.034482758620689655, 0.034482758620689655, 0.037037037037037035, 0.034482758620689655, 0.038461538461538464, 1.0, 0.043478260869565216, 0.058823529411764705], [0.047619047619047616, 0.05263157894736842, 0.043478260869565216, 0.04, 0.03571428571428571, 0.03125, 0.021739130434782608, 0.038461538461538464, 0.03333333333333333, 0.034482758620689655, 0.017241379310344827, 0.043478260869565216, 1.0, 0.02564102564102564], [0.03333333333333333, 0.05, 0.034482758620689655, 0.047619047619047616, 0.02857142857142857, 0.034482758620689655, 0.034482758620689655, 0.03125, 0.034482758620689655, 0.029411764705882353, 0.02564102564102564, 0.058823529411764705, 0.02564102564102564, 1.0]]