[[1.0, 0.8231637727155464, 0.921966847078714, 0.7815592780983984, 0.9384436009495655, 0.6790807080793831, 0.954343926028793, 0.9121084149934734, 0.932113056378468, 0.4447882257326194, 0.9490196154447295, 0.9736673441264735, 0.910741573984815, 0.9088323366636064], [0.8231637727155461, 1.0, 0.6616853927903813, 0.7683547214893193, 0.6693367820327643, 0.5766958141562082, 0.7139530805969582, 0.6461489311530448, 0.6742434614467369, 0.7212501370934354, 0.7500133514315809, 0.7659701841460409, 0.7199900548303331, 0.6448541213675923], [0.921966847078714, 0.6616853927903812, 1.0, 0.7372834861878839, 0.9711650813111787, 0.7351597564179345, 0.9668125994781626, 0.9838334833381583, 0.9745291688564068, 0.30377149990691515, 0.9046551722842278, 0.9203081702013952, 0.9583581024185266, 0.9889841770763842], [0.7815592780983984, 0.7683547214893193, 0.7372834861878839, 1.0, 0.7537925903051248, 0.9085997656831329, 0.7109512037724566, 0.7157928668144071, 0.7021368910888268, 0.6317490338246449, 0.8559598217996692, 0.7231721785051388, 0.8295386812674, 0.7404150088202367], [0.9384436009495655, 0.6693367820327645, 0.9711650813111787, 0.7537925903051248, 1.0, 0.740141129691317, 0.9490047556864359, 0.9661758766210374, 0.967233135774678, 0.33426021610502277, 0.9439044691259365, 0.9410526305386504, 0.9189565130342077, 0.9574376434255109], [0.6790807080793831, 0.5766958141562082, 0.7351597564179345, 0.9085997656831329, 0.740141129691317, 1.0, 0.6722076760749038, 0.7186808962077459, 0.6892900651523192, 0.41548684466684493, 0.7652870099963289, 0.6517635855871643, 0.7980969330817234, 0.7371813822531071], [0.954343926028793, 0.7139530805969584, 0.9668125994781626, 0.7109512037724566, 0.9490047556864359, 0.6722076760749038, 1.0, 0.9786140862783433, 0.9828185114257377, 0.3239829260247042, 0.8970287421155145, 0.9728175538316989, 0.9288502320673052, 0.9558372523928786], [0.9121084149934734, 0.6461489311530451, 0.9838334833381583, 0.7157928668144071, 0.9661758766210374, 0.7186808962077459, 0.9786140862783433, 1.0, 0.987370348622066, 0.29072106048946494, 0.8884675890975442, 0.9354010225897803, 0.9286205259668886, 0.9741355155523355], [0.932113056378468, 0.6742434614467366, 0.9745291688564068, 0.7021368910888268, 0.967233135774678, 0.6892900651523192, 0.9828185114257377, 0.987370348622066, 1.0, 0.30622478582774065, 0.8984237432428753, 0.9618039647468579, 0.9101495813675057, 0.9507931902498317], [0.44478822573261934, 0.7212501370934353, 0.3037714999069151, 0.6317490338246448, 0.3342602161050227, 0.4154868446668448, 0.32398292602470413, 0.2907210604894649, 0.3062247858277406, 1.0, 0.46328797478658024, 0.38013215155481034, 0.3842652872082874, 0.3003096071449135], [0.9490196154447295, 0.7500133514315809, 0.9046551722842278, 0.8559598217996692, 0.9439044691259365, 0.7652870099963289, 0.8970287421155145, 0.8884675890975442, 0.8984237432428753, 0.4632879747865803, 1.0, 0.9191172861860731, 0.9104712825283315, 0.8979015691676687], [0.9736673441264735, 0.7659701841460411, 0.9203081702013952, 0.7231721785051388, 0.9410526305386504, 0.6517635855871643, 0.9728175538316989, 0.9354010225897803, 0.9618039647468579, 0.3801321515548104, 0.9191172861860731, 1.0, 0.8798576508413742, 0.8931172490820659], [0.910741573984815, 0.7199900548303332, 0.9583581024185266, 0.8295386812674, 0.9189565130342077, 0.7980969330817234, 0.9288502320673052, 0.9286205259668886, 0.9101495813675057, 0.38426528720828745, 0.9104712825283315, 0.8798576508413742, 1.0, 0.9648451418865667], [0.9088323366636064, 0.6448541213675925, 0.9889841770763842, 0.7404150088202367, 0.9574376434255109, 0.7371813822531071, 0.9558372523928786, 0.9741355155523355, 0.9507931902498317, 0.3003096071449135, 0.8979015691676687, 0.8931172490820659, 0.9648451418865667, 1.0]]