[[1.0, 0.8932730918739787, 0.8894656595558726, 0.9572377861594218, 0.9182467363584712, 0.8936814309818096, 0.9693160311495753, 0.8883718209466239, 0.9052646692065218, 0.8575238179630169, 0.9482708574852398, 0.9822766167932723, 0.9652782870862873, 0.8880875236593342], [0.8932730918739787, 1.0, 0.793502209421805, 0.8901773066301111, 0.8217332327935234, 0.8091433540439602, 0.8552152186997737, 0.7965118094613913, 0.8025399605684177, 0.884157478181343, 0.9297066968533343, 0.8764747310491342, 0.8498575537009648, 0.7888143277080355], [0.8894656595558726, 0.793502209421805, 1.0, 0.8796773877707518, 0.9780951362614821, 0.9873114469894018, 0.955605518589237, 0.9939381222966526, 0.9851175879998874, 0.7942853570457632, 0.9183059386567053, 0.9112904817493778, 0.958417870575042, 0.9922975564150461], [0.9572377861594218, 0.8901773066301111, 0.8796773877707518, 1.0, 0.9231053657485154, 0.9204984625264638, 0.9144430017073059, 0.8817043941656486, 0.9108791216190313, 0.9072541952159168, 0.9581708552808363, 0.959993793157551, 0.9392000974625919, 0.892663304862882], [0.9182467363584712, 0.8217332327935234, 0.9780951362614821, 0.9231053657485154, 1.0, 0.9775894022591091, 0.9422359347580579, 0.9833087794438475, 0.9825106041107606, 0.7992642062292752, 0.9472628236023297, 0.9249410066311144, 0.9603500923874395, 0.9743361265955668], [0.8936814309818096, 0.8091433540439602, 0.9873114469894018, 0.9204984625264638, 0.9775894022591091, 1.0, 0.9500127997715061, 0.986253964993717, 0.9751224158433643, 0.8231978318595038, 0.9313062431337564, 0.9102645518749363, 0.9558509609990034, 0.9867536562953524], [0.9693160311495753, 0.8552152186997737, 0.955605518589237, 0.9144430017073059, 0.9422359347580579, 0.9500127997715061, 1.0, 0.9532293810961254, 0.9639464899143029, 0.8045564815591094, 0.9417822403965083, 0.9785815246454248, 0.9813799825402779, 0.9527977583235312], [0.8883718209466239, 0.7965118094613913, 0.9939381222966526, 0.8817043941656486, 0.9833087794438475, 0.986253964993717, 0.9532293810961254, 1.0, 0.9770260794107656, 0.7805461224488898, 0.9187294450833113, 0.9086097251271746, 0.9538844450726028, 0.992272348315314], [0.9052646692065218, 0.8025399605684177, 0.9851175879998874, 0.9108791216190313, 0.9825106041107606, 0.9751224158433643, 0.9639464899143029, 0.9770260794107656, 1.0, 0.7759136704324802, 0.9408198262258378, 0.9293708007828726, 0.9723060211304183, 0.9795855613553176], [0.8575238179630169, 0.884157478181343, 0.7942853570457632, 0.9072541952159168, 0.7992642062292752, 0.8231978318595038, 0.8045564815591094, 0.7805461224488898, 0.7759136704324802, 1.0, 0.8516151572869552, 0.8234799679821295, 0.8253995183954902, 0.7862884403528874], [0.9482708574852398, 0.9297066968533343, 0.9183059386567053, 0.9581708552808363, 0.9472628236023297, 0.9313062431337564, 0.9417822403965083, 0.9187294450833113, 0.9408198262258378, 0.8516151572869552, 1.0, 0.9470423225352079, 0.956447573248737, 0.9196239747959425], [0.9822766167932723, 0.8764747310491342, 0.9112904817493778, 0.959993793157551, 0.9249410066311144, 0.9102645518749363, 0.9785815246454248, 0.9086097251271746, 0.9293708007828726, 0.8234799679821295, 0.9470423225352079, 1.0, 0.9766671575184369, 0.9094300421409778], [0.9652782870862873, 0.8498575537009648, 0.958417870575042, 0.9392000974625919, 0.9603500923874395, 0.9558509609990034, 0.9813799825402779, 0.9538844450726028, 0.9723060211304183, 0.8253995183954902, 0.956447573248737, 0.9766671575184369, 1.0, 0.9561136892367995], [0.8880875236593342, 0.7888143277080355, 0.9922975564150461, 0.892663304862882, 0.9743361265955668, 0.9867536562953524, 0.9527977583235312, 0.992272348315314, 0.9795855613553176, 0.7862884403528874, 0.9196239747959425, 0.9094300421409778, 0.9561136892367995, 1.0]]