[[1.0, 0.9985140954277176, 0.999877228553218, 0.9200729800419573, 0.999308271829, 0.8549266788300759, 0.9964530876556359, 0.5893985403146819, 0.9843132411029466, 0.9984597586541921, 0.9913353213839143, 0.9989991210352221, 0.976679832975221, 0.9990212704189096, 0.9843370569398983, 0.9884292419377838, 0.9977303602919321, 0.9929859471879737, 0.9907682639178251, 0.9980216476085282, 0.999204649008357, 0.9744511746833592, 0.9966368701202694, 0.9987953065398868, 0.9976961049428432, 0.9423169326416255, 0.9121461831514407, 0.9993353689320709, 0.9977666107743977, 0.9987284481789909, 0.966598203402399, 0.9078247803456365, 0.99661726435118, 0.9977411146898276, 0.998908695780008, 0.9967854510841248, 0.9236325827191996, 0.9786025284783417, 0.9980235033103951, 0.9210697053911804, 0.43554263630843854, 0.9982248365535485, 0.9916362033799458, 0.9940336385747726, 0.9995944536902935, 0.9773477107228576, 0.9490802279659472, 0.9952226771042022, 0.9843401732447289, 0.973632232847779, 0.9988803180290177, 0.9975942130530638, 0.9951737105729619, 0.9836297967767459, 0.989001349990131, 0.9967967602573113, 0.9985643111247658, 0.9990358829988402, 0.9966341922509476, 0.9973718175453092, 0.9989694380152062, 0.9975962809955885, 0.9972681271926298, 0.9991235514657757, 0.9990178099048442, 0.9944403341988808, 0.9860127440548425, 0.9916782313652395, 0.9952066785068784, 0.9948215449879174, 0.9991096774139444, 0.9937462941428592, 0.9943550582456006, 0.9990739269342995, 0.9879270148568381, 0.901819958537061, 0.9981355456198664, 0.9981036465359626, 0.9979606279286135, 0.9973953817238634, 0.9953551890159416, 0.9986472922355439, 0.8967918343222845, 0.9974711008739133, 0.9773506447761431, 0.9928022671354908, 0.9909684861016054, 0.9877445416130388, 0.9817165498794304, 0.999028226777655, 0.9713713786789147, 0.9383966746750844, 0.9978039188672563, 0.997378120757623, 0.9992972273234633, 0.9977558003555089, 0.997872418133846, 0.9950964073395222, 0.9960058426564455, 0.9972981243080401, 0.9962264564334786, 0.9984649379442218, 0.9950182268281688, 0.9548130547994961], [0.9985140954277176, 1.0, 0.998691109407433, 0.9078600384526676, 0.998880194539837, 0.8318397690268475, 0.9928335681946326, 0.5654906295348865, 0.9840047581510789, 0.9979732351312167, 0.9959365745178285, 0.9978195188668948, 0.9654738149878148, 0.9985397450527603, 0.9783166572678867, 0.9859865908799009, 0.9992946718081882, 0.9932010994626432, 0.9877573786241405, 0.9988006303585468, 0.9992815876636776, 0.9669288632118204, 0.9991847243701303, 0.9996528348076397, 0.9995584824276186, 0.9357811013697788, 0.8950283292784379, 0.9990358588406535, 0.9969288868881933, 0.999461252598799, 0.9623059348139329, 0.8940076535092866, 0.9945847085488958, 0.9995964683877147, 0.9974905228158977, 0.9978486732864045, 0.9099146855564991, 0.972010918919227, 0.9986269541342728, 0.9061034146396694, 0.41208120152684735, 0.9990033498411883, 0.99161266578962, 0.9940403049253417, 0.9990085212450037, 0.970681800104812, 0.9382872182012779, 0.9963777044803714, 0.9840197659196516, 0.9736091226017566, 0.999512896047105, 0.996516741253773, 0.997468733089979, 0.9804712211594724, 0.9853164818782212, 0.9979913855950048, 0.9985874677601921, 0.9992062700135314, 0.9984611315134585, 0.9993843395173264, 0.9996362056983237, 0.997015485982718, 0.9977875013588223, 0.9979717992633973, 0.9987699532995464, 0.9931828330097593, 0.9786246577579495, 0.9885589825518454, 0.9899026195459866, 0.9900132038023465, 0.9986689316736123, 0.9909466247835647, 0.9894384828951415, 0.9971237047476262, 0.9835661738954135, 0.8904329240031883, 0.9986591713777145, 0.9958053205887125, 0.9948435221872441, 0.9982093585594857, 0.99601177933944, 0.9966471191004129, 0.8833387341520309, 0.9958897793203976, 0.9723357442461626, 0.9962285976210772, 0.9838644690485193, 0.9853278635894861, 0.9801930880458212, 0.9978665852471955, 0.9630391098076099, 0.9295620420282907, 0.9972309476829041, 0.9947729111113972, 0.997766169032196, 0.9992514325665637, 0.9973815650878434, 0.9984127156419607, 0.9930450042293891, 0.9937119838900837, 0.9920162576738423, 0.9986872231259495, 0.9973128907759315, 0.9443670778300811], [0.999877228553218, 0.998691109407433, 1.0, 0.9178191080856325, 0.9994693842711917, 0.8519983384654907, 0.9958354233709076, 0.5848442431794507, 0.9844317472703438, 0.9984058351443353, 0.9922225098781337, 0.9991685517575871, 0.9754741233748349, 0.9988348887729941, 0.983097255552377, 0.9877111019276439, 0.9980874562043955, 0.9932152241181392, 0.9902573746834271, 0.9979671413937423, 0.9991783429047478, 0.972779556189091, 0.9970397760080333, 0.998978047370355, 0.9979285361166376, 0.9409934619099051, 0.9096421914150044, 0.9993164516912724, 0.9975443691056164, 0.9988696081891357, 0.9660187501381733, 0.9046328395488422, 0.9964286599839475, 0.9980224956743585, 0.9986647343199438, 0.9972361937733606, 0.9210284295855052, 0.978395498851474, 0.9983636861992022, 0.9181948140779557, 0.43160391955910693, 0.9981556823898355, 0.9920846175984408, 0.9941830477182056, 0.9995441068900937, 0.9756346603152548, 0.9471899414654052, 0.9956697793203593, 0.9844349442914072, 0.9740725057374797, 0.9989940184482669, 0.9974500767085986, 0.9958440049542996, 0.9832164149777299, 0.9882757206220195, 0.9971473702588374, 0.9987153537927735, 0.9992021550512868, 0.9969943950335065, 0.9976945792142612, 0.999031713885179, 0.9975616526624832, 0.9975063207431643, 0.9990569644879576, 0.9990753817276993, 0.9943120325833307, 0.9851704865673969, 0.9910153485898775, 0.9944107179172252, 0.9943206773157022, 0.9989937189334247, 0.9934129044088998, 0.9937922352918632, 0.9987884332029111, 0.9865760239841646, 0.8997942067903169, 0.9980565573272938, 0.9977286634311251, 0.9974724659987159, 0.9976976767589533, 0.9955850129956345, 0.9987219919706143, 0.8943752068926115, 0.9972803456377919, 0.9769997665890168, 0.9932910521757581, 0.9900899695406312, 0.9873079742365306, 0.9817864431866826, 0.9990203247080913, 0.9702677829186772, 0.937263001663149, 0.9978115041718338, 0.9970095547328628, 0.9991991143436717, 0.9980762007110066, 0.9978320592314956, 0.9956970797743803, 0.9956158583377306, 0.9969428304462523, 0.9957990846417313, 0.99841875507387, 0.9956884164841913, 0.9531514890538199], [0.9200729800419573, 0.9078600384526676, 0.9178191080856325, 1.0, 0.9147803366187467, 0.9134668432201096, 0.9418745095799318, 0.7800629574505209, 0.9077140154155998, 0.9081048750847587, 0.874602446296311, 0.9134902257080458, 0.9635354845421011, 0.924351384492302, 0.9679702241800582, 0.9508294751829603, 0.9070123144693144, 0.9056060622580759, 0.9342498517667333, 0.9185311903341047, 0.9163537988866292, 0.9728286965367164, 0.9025380659047539, 0.911397737282558, 0.9069324929181583, 0.9817607293244485, 0.9256655965584358, 0.9157880010134805, 0.9338415744031442, 0.9049299280549776, 0.9284343904692252, 0.9705745878247519, 0.9301778592281301, 0.9022560936830287, 0.9243882588748557, 0.8932002464124985, 0.9835884758276928, 0.9100842195555326, 0.9098175987221767, 0.9716661373423586, 0.6249774079839788, 0.9173872906414526, 0.8992544023603728, 0.9171218614453375, 0.918861143905527, 0.9699845158466326, 0.9543779509625508, 0.9049254812160661, 0.9137256022650294, 0.8896854528153123, 0.907608959498397, 0.9291495584547189, 0.884540327306101, 0.9252363875983345, 0.9572300884029568, 0.9004115788235061, 0.9166154962340121, 0.9117317765765663, 0.9116698966821691, 0.9070907860273734, 0.91489644977644, 0.9133784060234591, 0.9117684272379357, 0.9215597567809565, 0.9159887330448316, 0.9230318526838698, 0.9524129075255209, 0.9480580387457457, 0.9462741643651849, 0.9439223824248211, 0.9162231879461746, 0.9401822978224454, 0.9364107176076113, 0.9236791332036856, 0.9472620219436438, 0.9878621485102267, 0.918346239106007, 0.9278483708630451, 0.9299908583917573, 0.9050096890697583, 0.9031160014732893, 0.9190854881410926, 0.9794079785613342, 0.918754486817128, 0.9161426430999243, 0.8941156912364091, 0.9384098393535035, 0.9523126836827372, 0.9057233419318284, 0.9236659289121588, 0.9333083748906381, 0.9655216236841858, 0.927415729087687, 0.9380731623227281, 0.9243666034909436, 0.8980522523043232, 0.9223479433304523, 0.8884749539606123, 0.9369193448807346, 0.9359826833044728, 0.9328072819106595, 0.9238961517860159, 0.8849550527782144, 0.9461527316882221], [0.999308271829, 0.998880194539837, 0.9994693842711917, 0.9147803366187467, 1.0, 0.8456393182153406, 0.9949423552283141, 0.5761014618875948, 0.984656728474349, 0.9982085058026161, 0.9937376555857778, 0.9991947563674429, 0.9719514656349963, 0.9981694642853909, 0.9809068469104008, 0.9854837539880404, 0.9983713260331948, 0.9935728849824693, 0.9901055898444704, 0.9975977231194778, 0.9988596036301997, 0.9701271761736321, 0.9976477120797271, 0.9992070016923009, 0.9981102574978461, 0.9392734082776779, 0.9055196261468391, 0.999372810932519, 0.9970601664448034, 0.9988825857073785, 0.9651500499428437, 0.8987003138662978, 0.996343006046498, 0.9982743619263948, 0.9984693127863714, 0.9980815877690881, 0.9163574313993722, 0.9781484348056758, 0.9989590452824098, 0.9126208170592516, 0.4242720842775309, 0.998004165824852, 0.9927068435868163, 0.9944436378739008, 0.999179697872537, 0.9726080389777133, 0.9434685641036915, 0.996373057052367, 0.9846286868978966, 0.9749880708717484, 0.9988775939903017, 0.9960865720756589, 0.9967607780569909, 0.9824091089576938, 0.9872912419326142, 0.9976082386705872, 0.9990422363981122, 0.9993908631439861, 0.9974259444372646, 0.9981188164907995, 0.9988550228948261, 0.9974209749082742, 0.9980209700527453, 0.9988049372605404, 0.9989367378430402, 0.9942056861795536, 0.9835668931631701, 0.9911056596477793, 0.9926802457239496, 0.9935417041926877, 0.9991303421260276, 0.9925785990722475, 0.9927626395692496, 0.9982044400147662, 0.9840345083980825, 0.8965786048107137, 0.9975390187944349, 0.9969000843255414, 0.9965755830118739, 0.99810070246405, 0.9960451593063869, 0.998749492261076, 0.888238383028044, 0.9969058864729287, 0.9761344029636374, 0.9950820910494113, 0.9878818583881505, 0.9854663002041798, 0.9819902156636284, 0.9987236521505021, 0.967375241149781, 0.9337417623216858, 0.9982152669450508, 0.9956643714415722, 0.998902264980436, 0.9983457664914032, 0.9979044472353069, 0.9965941997362262, 0.9947921682140412, 0.9958063656039284, 0.9944491755191349, 0.9982217287249602, 0.9969165340966861, 0.9499588276207022], [0.8549266788300759, 0.8318397690268475, 0.8519983384654907, 0.9134668432201096, 0.8456393182153406, 1.0, 0.8759867532355786, 0.8315507808430848, 0.8386037878497704, 0.8496504890559242, 0.7920178168946177, 0.8523683769209219, 0.9295230954418998, 0.8510902435474005, 0.8959814392046274, 0.8651932852665639, 0.8272114354980371, 0.8412782338519901, 0.8756711052415077, 0.8376068833668846, 0.8443485690817838, 0.9127725509244101, 0.8167760802061845, 0.8348397128844356, 0.8262242289304425, 0.8591833997017484, 0.962119688093305, 0.846141415464242, 0.8505677202087377, 0.8355495829940933, 0.8699852171119452, 0.9367196823007468, 0.8659994189891648, 0.826685178030305, 0.8611803186888123, 0.8309450998298683, 0.938610891932035, 0.8954506743208918, 0.8360320929750649, 0.9598242474099071, 0.7286432802672953, 0.8394894977864618, 0.8358665474640419, 0.8430226414690716, 0.8477875688853491, 0.906922667758176, 0.9316219098519822, 0.8316124340278735, 0.8376380157643457, 0.8270441888339074, 0.8386209546391139, 0.8556210957922089, 0.8135303604673099, 0.86647676974698, 0.8675461446939018, 0.8336003109801148, 0.8429788838157578, 0.8381430084133773, 0.8216716135223872, 0.8228857877691043, 0.8399523568958073, 0.8545995584691132, 0.8397085235688159, 0.8584708778132235, 0.8469958808272151, 0.8556305616391207, 0.9148539375267711, 0.8706189823299724, 0.8903962974932638, 0.8913694510604809, 0.8501728739562601, 0.8709452781842745, 0.8955836042830896, 0.8658182612231058, 0.8914513325977331, 0.8789648552292799, 0.8411207057247257, 0.8697916377757217, 0.8754838647255602, 0.8363041876090236, 0.839288193177083, 0.8597860680589741, 0.9101673288599803, 0.8659255027101881, 0.8806191596700064, 0.8023423247543383, 0.9095346032776481, 0.8591722545232948, 0.8493232118723334, 0.858530356980692, 0.9102625437815508, 0.8907174414147955, 0.849497897309574, 0.8674976829825535, 0.8585729710529838, 0.8312187833752254, 0.8512816836661172, 0.8088494074291499, 0.8760589025906848, 0.8794778788151195, 0.8882332312248044, 0.8436866595465977, 0.8146751923079425, 0.9299531146489518], [0.9964530876556359, 0.9928335681946326, 0.9958354233709076, 0.9418745095799318, 0.9949423552283141, 0.8759867532355786, 1.0, 0.6280027824924485, 0.9789442648922174, 0.9941900874769765, 0.9800110509725659, 0.99411208867369, 0.9853953666779267, 0.9966057263114012, 0.9922068773512481, 0.9911729019225567, 0.9916081085575842, 0.9860535607816432, 0.9900631751146644, 0.993887485480866, 0.9953063548108219, 0.9852125542945427, 0.9896794153282962, 0.9941013235407313, 0.9917144430575044, 0.9593448845909003, 0.9286887219149887, 0.9947330998128874, 0.9970837128404653, 0.9925133437341506, 0.9667465476332526, 0.9305514634101109, 0.9949810261261463, 0.9909515899353284, 0.9963050032072891, 0.9884666646898579, 0.9458314128866454, 0.9749481835594598, 0.9919175292610738, 0.9411420542232071, 0.46826562500389624, 0.994762377040734, 0.9832541691529487, 0.9887344143081094, 0.9957345540941916, 0.9862756605142825, 0.9599338501849314, 0.9878648573923261, 0.9800723318250629, 0.965402381343345, 0.9934860160120706, 0.9956442682837726, 0.9852825753244687, 0.9823814552448317, 0.9947793153822487, 0.9888480276881692, 0.9936384486275377, 0.9942853556719216, 0.991225556292037, 0.9913743388361446, 0.9946019470797763, 0.9922116426578029, 0.9913048328500639, 0.9953897002847769, 0.9939307456167344, 0.99072975311697, 0.9892345546505151, 0.9952200422183916, 0.9983164346055136, 0.9960229459729277, 0.9951049963825991, 0.9929521476235424, 0.9948208291428728, 0.9965559907700386, 0.9910615208993611, 0.9255337040291739, 0.9942128571240226, 0.9966281291336138, 0.9966803153029586, 0.9900866553489094, 0.9881996486535397, 0.9945166115763815, 0.9184495850213005, 0.9937274494111734, 0.9749468667943223, 0.9864032934387204, 0.9935668685097435, 0.9904949471027997, 0.9764228083861087, 0.9957500684774003, 0.9751609405299033, 0.9471398927270595, 0.9951458023740851, 0.9974947646400825, 0.9967160502590539, 0.9907090027102213, 0.9939956489608827, 0.9860541038525652, 0.9954973081421166, 0.9963072291398622, 0.9956381919377729, 0.9958328953966962, 0.9851286369488231, 0.9651942207365197], [0.5893985403146819, 0.5654906295348865, 0.5848442431794507, 0.7800629574505209, 0.5761014618875948, 0.8315507808430848, 0.6280027824924485, 1.0, 0.5692823495702735, 0.5785865931696228, 0.5128101301080134, 0.578051404835915, 0.7073133407286987, 0.5955369530109825, 0.6851884063491147, 0.6446986821607392, 0.5622743840216752, 0.562153996473727, 0.6106615728735049, 0.5819117701405442, 0.5822565699767326, 0.7117380297607383, 0.5509957312440813, 0.5694376837245775, 0.5624421377684108, 0.707008480766617, 0.7504242289762777, 0.5803181862572437, 0.6027008178466297, 0.5648408678838749, 0.6166336564745082, 0.830423645451938, 0.6019761398451786, 0.5584885761121883, 0.5972756746316954, 0.5481640572595742, 0.8115567986661403, 0.6016163449381172, 0.5638393530095077, 0.8164075026031996, 0.9151709093297302, 0.5820642664927603, 0.5502826728289623, 0.5727753495512282, 0.5847615107185206, 0.7035808616948012, 0.7280455444992465, 0.5555941943554304, 0.5739080550576942, 0.5441617814944338, 0.5703395169048424, 0.6052179029611766, 0.5312926647671177, 0.6065457572320301, 0.6451363714834224, 0.5549226088097373, 0.5751130598335972, 0.5701443519316571, 0.5620178424336263, 0.5593174355431645, 0.5782669030316355, 0.5810330956504083, 0.5667247808845044, 0.5918947515200209, 0.580439913996648, 0.5859537446003765, 0.6632397508329624, 0.6234118542711685, 0.6442819550576647, 0.6345156402921274, 0.5823385990586433, 0.6146381258774732, 0.6321775743996008, 0.6014875616104756, 0.6624591435261696, 0.7763787072414335, 0.5853609052639015, 0.6111963408030507, 0.6134030597128447, 0.5601778234140423, 0.5611622025928218, 0.5879000366913296, 0.8202182920907996, 0.5936478411500856, 0.6050713411274992, 0.5327423945633176, 0.6540109168144208, 0.6402578509993303, 0.5724219886218035, 0.5937586107746298, 0.660385709456812, 0.7029810143575757, 0.587219194934094, 0.6213364055776581, 0.5973080200720513, 0.556885945552017, 0.5851276765555631, 0.5349743803353276, 0.6178046836049155, 0.6191983572510231, 0.6250840588192843, 0.5894373940274639, 0.5317078993413525, 0.7093759231254675], [0.9843132411029466, 0.9840047581510789, 0.9844317472703438, 0.9077140154155998, 0.984656728474349, 0.8386037878497704, 0.9789442648922174, 0.5692823495702735, 1.0, 0.9838237931966433, 0.9791329225419577, 0.984729086572643, 0.9566050538766082, 0.9832098536020134, 0.964936262778254, 0.9700325036162942, 0.9833403095638725, 0.9894291018741546, 0.9830988618765695, 0.9826397066569739, 0.9839938457853671, 0.9597385066540131, 0.9825394337103914, 0.9839793928854237, 0.9832528708206103, 0.9200371354772066, 0.9193377571471978, 0.9845149406642575, 0.9812175025817261, 0.9843535700554621, 0.9901598484631651, 0.8845059477600643, 0.9860972189781054, 0.9836436331717517, 0.9845324198255339, 0.9840706977943842, 0.9007768191613129, 0.9725078186371071, 0.9847270511190885, 0.9014468758099333, 0.43917868219594475, 0.9830616001627445, 0.9884379738015304, 0.9897086614720497, 0.9842282588467859, 0.959145226932747, 0.9594178585839012, 0.98670783416123, 0.9995130631536742, 0.9956060749993064, 0.9843191888371334, 0.9811134096560031, 0.9822394897412655, 0.9976417520378974, 0.9702380443682457, 0.9849977302326715, 0.9848253929520877, 0.9841296569079392, 0.9818602215247312, 0.9829747951174441, 0.9839741516465984, 0.9861534824133222, 0.9859817866839786, 0.9850013997766672, 0.9846366353060073, 0.9894858668015918, 0.9733982086427633, 0.9793648355937208, 0.9772210376860251, 0.9812354196006616, 0.9846785318384883, 0.9875430233187937, 0.980293330667663, 0.983932045289017, 0.9704406251100862, 0.8786488243970849, 0.9828481800412111, 0.9827816378379081, 0.9828932241743253, 0.9852770104900688, 0.9869439880334727, 0.9841919318248535, 0.8729822216290608, 0.985496255754399, 0.9935670253599715, 0.9789843037355422, 0.9740614395707404, 0.9695218574698126, 0.9984858116302958, 0.9847341582063452, 0.9830809809644594, 0.9565560111482998, 0.984153141874307, 0.9804075623595567, 0.9839100401541957, 0.9839352808377242, 0.985830920176627, 0.981987365391622, 0.9849722163178274, 0.98263304414705, 0.9816685695381295, 0.982922428375325, 0.9823929766523903, 0.9646339803444126], [0.9984597586541921, 0.9979732351312167, 0.9984058351443353, 0.9081048750847587, 0.9982085058026161, 0.8496504890559242, 0.9941900874769765, 0.5785865931696228, 0.9838237931966433, 1.0, 0.9922376456818155, 0.9979962618651133, 0.9705777871457705, 0.9976746134452995, 0.9786043835495731, 0.9830949398686755, 0.9969623982034437, 0.9937652814374509, 0.9888076181841375, 0.9965484509264162, 0.9985078584148235, 0.9706579377542214, 0.9955496374532684, 0.9981193871204032, 0.9970996928517274, 0.9297989940415196, 0.9114902618037993, 0.9982820309506227, 0.9945132224942246, 0.9987378030848562, 0.9654571978578369, 0.9013250784665167, 0.9953531797136649, 0.9977745413835456, 0.998180802493885, 0.9975962052045818, 0.9154293028106282, 0.9783545521093173, 0.9967492499744552, 0.9154890867896802, 0.426830146826378, 0.9977287536794094, 0.991979111488719, 0.9934933550099628, 0.9982141061212694, 0.9720944057845384, 0.9472541210189936, 0.9946469864735122, 0.9831523353147564, 0.9739689151779203, 0.9990269859748819, 0.9950100651660121, 0.9957986456809713, 0.982638905072229, 0.9834116118140714, 0.9968045667536265, 0.9968462412385026, 0.9979803204085868, 0.9944327209269411, 0.9964094468253218, 0.9981496402161084, 0.9974963353211745, 0.9962085040241727, 0.9979150214952311, 0.9977291191928839, 0.9934679129130609, 0.9825457494938116, 0.9878624862294232, 0.992025802650834, 0.9921874442037427, 0.9986547374637589, 0.9912898521845648, 0.9932645008629996, 0.9983271792616424, 0.9852008504425461, 0.8869136306249689, 0.9972291410051175, 0.9976532265933826, 0.9967161161616653, 0.996904403690243, 0.9961961486248732, 0.9969771764505939, 0.8836013523812847, 0.9975185205035115, 0.9770674533118843, 0.9919895521072114, 0.9900587684511948, 0.9815764534516854, 0.9818145913282446, 0.9976116532936876, 0.9705737958556113, 0.9300153690844584, 0.9952792073798411, 0.9946534884467375, 0.998167279894197, 0.9985332715096009, 0.9963341679303626, 0.9958063847641534, 0.994211127774586, 0.9948996933430193, 0.9948989562745435, 0.996866509789158, 0.9956430642976958, 0.9541603400161753], [0.9913353213839143, 0.9959365745178285, 0.9922225098781337, 0.874602446296311, 0.9937376555857778, 0.7920178168946177, 0.9800110509725659, 0.5128101301080134, 0.9791329225419577, 0.9922376456818155, 1.0, 0.9925317516550561, 0.9424018480950999, 0.9902469835467329, 0.9575446762013968, 0.9702607686055115, 0.9961108920444379, 0.9900529124074413, 0.9778109681380023, 0.9925444728233517, 0.9930333186230644, 0.9430896340957962, 0.9975226671962688, 0.9952491293666661, 0.9962053826261624, 0.9101326514976603, 0.8637128551954022, 0.993278030417246, 0.98756130380822, 0.9958176892038589, 0.9502114635645106, 0.8543659513503278, 0.9859018694896349, 0.9967904402384475, 0.9893615412190732, 0.9967995404757622, 0.8729014671927511, 0.9633092680390744, 0.9955223663212861, 0.8688769407156853, 0.36787944117144233, 0.9926968698875919, 0.9904690160605705, 0.9895782824414501, 0.9925616954567652, 0.9472522427824114, 0.9117108118655801, 0.9946122106173338, 0.9786493602762281, 0.9724862367737735, 0.9949890066484516, 0.9868660491373068, 0.9989249597898994, 0.9702805241672439, 0.9700030749223653, 0.9960341211209868, 0.9937839460761114, 0.9949205475118045, 0.9952858362278756, 0.9965673407995165, 0.9938442207355928, 0.9912087051393266, 0.9942655798939964, 0.9905761009807632, 0.9930571342874839, 0.9865716099116552, 0.9617175253204319, 0.9763282928595787, 0.9748046282774623, 0.9769521278238674, 0.9925073177107062, 0.9804119712428162, 0.9764178080457211, 0.988205251064907, 0.9652946985258132, 0.8564128992231435, 0.9919553492451271, 0.9856548366558561, 0.9844579179759584, 0.9956129379395318, 0.9932944049112763, 0.9900960811627467, 0.8448117087219101, 0.9880646965817599, 0.9622917866388843, 0.9970173776043973, 0.9676194422351128, 0.9705677162385276, 0.9750596968212447, 0.990261178171694, 0.945030029657595, 0.9059297930567163, 0.9906053059946439, 0.9831395246822693, 0.98969289555267, 0.9964496901828771, 0.9911664901018544, 0.9991877718778541, 0.9821492771644167, 0.9826585086244176, 0.9798017167324915, 0.9913325396550421, 0.9987688899582052, 0.919226693600963], [0.9989991210352221, 0.9978195188668948, 0.9991685517575871, 0.9134902257080458, 0.9991947563674429, 0.8523683769209219, 0.99411208867369, 0.578051404835915, 0.984729086572643, 0.9979962618651133, 0.9925317516550561, 1.0, 0.9734530739191345, 0.9972310685128799, 0.9798820625279951, 0.9841184994061775, 0.9970019566244192, 0.9939189412226471, 0.9908961702842839, 0.996365684583304, 0.9980398212729403, 0.9696578851852327, 0.9962682099526968, 0.9980026388463763, 0.9969344142119839, 0.9352925552211248, 0.9085735672959766, 0.9988674081658546, 0.9955435044093688, 0.9985814335530752, 0.9663327216939916, 0.8983824507939816, 0.9959625605754324, 0.9971709997589017, 0.998401724295016, 0.9982182916736388, 0.9154773553579075, 0.9826459046166547, 0.9986588397606413, 0.9145090851511777, 0.42871723219795377, 0.9968283976872967, 0.9935624483386012, 0.9943545514407964, 0.9987001618293049, 0.9724736610084046, 0.9450415217992881, 0.9963014898726777, 0.9844556419607098, 0.9762267825828813, 0.9982325212991152, 0.9953665942649842, 0.9963816405064262, 0.9831972583119745, 0.9849076412968409, 0.9978538733843701, 0.9988314781017671, 0.9985567620164765, 0.9957502095903868, 0.9967272384060262, 0.9977834538103831, 0.9977319219188677, 0.9978086862339173, 0.9989042846490734, 0.9990218323986859, 0.9944658784607002, 0.9854389128237506, 0.989864776665657, 0.9927510276943529, 0.9940438982046531, 0.9990449132192208, 0.9928168535456555, 0.9941730905323488, 0.9983795830122816, 0.9846242367692379, 0.8936394611719721, 0.9964691900940935, 0.9970994528639283, 0.997387956454203, 0.9981875913117672, 0.9962904091531075, 0.9993877105066129, 0.8879458933694295, 0.9972614255459203, 0.9784583676697244, 0.9928412237698919, 0.9897729406560591, 0.9837224483072683, 0.98331476707995, 0.9987478276859062, 0.9697852873635909, 0.9342805172195672, 0.9975997401807741, 0.9950109670940482, 0.9984184983522751, 0.9975198707440641, 0.9977260832437151, 0.9954500383060002, 0.9951640308849355, 0.9965924460668797, 0.9951554942011511, 0.996832587769154, 0.9965373373012506, 0.9507966852094629], [0.976679832975221, 0.9654738149878148, 0.9754741233748349, 0.9635354845421011, 0.9719514656349963, 0.9295230954418998, 0.9853953666779267, 0.7073133407286987, 0.9566050538766082, 0.9705777871457705, 0.9424018480950999, 0.9734530739191345, 1.0, 0.9758476776796053, 0.9915186336482422, 0.9813504400180908, 0.9647888766718693, 0.9609170795281679, 0.9741167657524403, 0.9701068920195682, 0.9721180941990657, 0.9885611894525571, 0.9595228262784317, 0.9675881898819201, 0.9636979929812349, 0.9630355566530203, 0.9540538986993771, 0.9725351038948651, 0.977520693492393, 0.9666714847133145, 0.9568952848647492, 0.9609247070204292, 0.9766539814841331, 0.9626996684884309, 0.9769705657266131, 0.960489348417304, 0.9740734608253744, 0.9682071639168901, 0.9666376523325658, 0.9717678536173748, 0.5485358085348239, 0.9698192903769524, 0.95778481976538, 0.9650258831419998, 0.9741036534822454, 0.9882041651759993, 0.9745812055363704, 0.9607497917290777, 0.9580663103000238, 0.9406893684334976, 0.9682377289933237, 0.9783100584028879, 0.9534470917844287, 0.9683324621135839, 0.9847066031463949, 0.961727750478492, 0.970582123256543, 0.9690440997292226, 0.9640916315346699, 0.9629006559693106, 0.9702183009892282, 0.9707146799429562, 0.9662016505975627, 0.9761338316340523, 0.9724541804601916, 0.969874521382481, 0.9900986445726048, 0.9779672775798344, 0.9907512249731653, 0.9876998706925574, 0.9721180064300614, 0.9789590907592711, 0.9860405621148562, 0.978968628630532, 0.9849630048203095, 0.949118143960181, 0.971350709735852, 0.9809298665249487, 0.9826607807237082, 0.9644620762826054, 0.9619311612197982, 0.9767614914349718, 0.9547234926841645, 0.9745482961857656, 0.9649049763642464, 0.9496054646557467, 0.9909780337363409, 0.9818901375938442, 0.956368752898362, 0.976647018760554, 0.9770348136405081, 0.9615755546366238, 0.9735027015042604, 0.9845575400483444, 0.97852964511976, 0.9624919555747845, 0.9723312949988837, 0.9527435755885971, 0.9812901566192668, 0.9842883185304384, 0.9857075934435383, 0.9733782408512942, 0.9535960795318846, 0.9745126985113614], [0.9990212704189096, 0.9985397450527603, 0.9988348887729941, 0.924351384492302, 0.9981694642853909, 0.8510902435474005, 0.9966057263114012, 0.5955369530109825, 0.9832098536020134, 0.9976746134452995, 0.9902469835467329, 0.9972310685128799, 0.9758476776796053, 1.0, 0.9869740442383628, 0.9915965966420263, 0.9978598209105641, 0.9912999464408788, 0.9895844491909408, 0.9990608542000762, 0.999457459681012, 0.9779054320173549, 0.9967878476533335, 0.998745925044631, 0.9981734858808046, 0.9478040469504102, 0.9086522411101747, 0.9988489698724172, 0.9989205742761273, 0.9980445586804666, 0.9657610078656879, 0.9143330316487326, 0.9956716361029911, 0.9977044889811266, 0.998594723049448, 0.9947702463976444, 0.928497884822816, 0.9731440243378747, 0.9970003696542538, 0.9247377245110476, 0.4375816091486941, 0.9993674344322022, 0.9886704728821547, 0.9931278772509371, 0.9992831345344716, 0.980582372125463, 0.9508912745752465, 0.9939473073678443, 0.9838373136963361, 0.9707203476254089, 0.9986764803708692, 0.9985383996387994, 0.9931388328943901, 0.9826499970979214, 0.9912268655206565, 0.995493797011785, 0.997955623302608, 0.9981731193832997, 0.9972308883904305, 0.9978064428694597, 0.9994164261686987, 0.9966095186305468, 0.99630891295904, 0.9985619167277767, 0.9986289824031154, 0.9931413864940384, 0.9848704875663136, 0.9914949381647552, 0.9948228421494747, 0.9940556755669966, 0.9984426369498991, 0.9935096214559818, 0.993142927263102, 0.998463665307506, 0.9901228239000794, 0.9082650976039509, 0.9993355710803024, 0.9982920728871081, 0.9973020605815205, 0.9962572857359792, 0.9940013384066204, 0.9968490316382274, 0.9037220724460223, 0.9963358224659397, 0.9742168783723683, 0.9921196638641728, 0.9894347785346145, 0.9911177285718791, 0.9795371514932607, 0.9986403506264758, 0.9698318320062606, 0.9409616745143942, 0.9975887406195507, 0.9982179484120343, 0.9990992791992671, 0.9969872994906988, 0.9975464734904894, 0.9946943062048564, 0.9956757114389989, 0.9964820489409216, 0.9952359920797984, 0.999571736347942, 0.9929836670743958, 0.9549342510382034], [0.9843370569398983, 0.9783166572678867, 0.983097255552377, 0.9679702241800582, 0.9809068469104008, 0.8959814392046274, 0.9922068773512481, 0.6851884063491147, 0.964936262778254, 0.9786043835495731, 0.9575446762013968, 0.9798820625279951, 0.9915186336482422, 0.9869740442383628, 1.0, 0.995486344594589, 0.9775904868829863, 0.968680991648535, 0.980738663040689, 0.9840622015552771, 0.9829931690939474, 0.9943671394207114, 0.97448046914987, 0.9795111879293001, 0.9778999169658589, 0.9786125755339883, 0.9325446723005477, 0.9825759133862504, 0.989819240387296, 0.9770578615199326, 0.9604187891179385, 0.9617511709012032, 0.9839422046586106, 0.9756692665090684, 0.9856764701208007, 0.9691719125387729, 0.9726874028952973, 0.9608614154822533, 0.9771892903547744, 0.9663328246133814, 0.5164138899199342, 0.9834341506038244, 0.9639528491251472, 0.9747305155674252, 0.9840752433579685, 0.9969617207358269, 0.9699844427618767, 0.9712817524561769, 0.9676897294596724, 0.9467473049586768, 0.9785975137457726, 0.989253481282564, 0.9641663666111042, 0.9732250897130472, 0.995419226215621, 0.9722370704682863, 0.9809851797360881, 0.9797152306210466, 0.9785986201549953, 0.977263182530595, 0.9822781126477047, 0.9788322364380796, 0.9767429541023434, 0.9843978830499724, 0.9824202831247307, 0.9774496992445314, 0.9889121146732134, 0.9882102402777394, 0.9939969182241662, 0.9907069382183439, 0.9821768156335163, 0.9855854936114775, 0.9876970111345187, 0.9861118458701501, 0.9944111168646231, 0.9575455357563035, 0.9844213761871015, 0.9882875692916618, 0.9879833562934286, 0.974584821260272, 0.9712224479711545, 0.9826010636458281, 0.9569622311343341, 0.9811089609958843, 0.9633806613103445, 0.9664854655312255, 0.9888654650921886, 0.9947925270631097, 0.9616332016572788, 0.9853572561247457, 0.9708502229679411, 0.9632584910760856, 0.9844370948077904, 0.9927658585999081, 0.9867294844884222, 0.9732320276788056, 0.9825340558027256, 0.9670026420643274, 0.9875141489684255, 0.9895510450738466, 0.9875385170616746, 0.986160288148007, 0.9643170293761092, 0.9678152160188493], [0.9884292419377838, 0.9859865908799009, 0.9877111019276439, 0.9508294751829603, 0.9854837539880404, 0.8651932852665639, 0.9911729019225567, 0.6446986821607392, 0.9700325036162942, 0.9830949398686755, 0.9702607686055115, 0.9841184994061775, 0.9813504400180908, 0.9915965966420263, 0.995486344594589, 1.0, 0.98590339248857, 0.9746483589812418, 0.9812177400663367, 0.9918187933061566, 0.9886300408837386, 0.9859192958662859, 0.9842436716848417, 0.9859110162758249, 0.986738937742343, 0.9709476072932639, 0.9092080271067723, 0.9879028942583895, 0.9936698113013734, 0.9841487959717772, 0.9592744885982275, 0.94301292651625, 0.9860232027078123, 0.9844416156222048, 0.9886575915868786, 0.9765557011413569, 0.9530644995128906, 0.9575379780627544, 0.9841225407400916, 0.9462627713241665, 0.476110612815228, 0.9896809793369712, 0.9703537423142897, 0.9808050390401226, 0.9891539473691678, 0.9926262953799662, 0.9576299214303662, 0.9791112474261611, 0.9728071673903212, 0.9527361723598469, 0.9851163810644873, 0.9953636255013733, 0.9739164377909084, 0.9740146225871458, 0.9943074930886655, 0.9805147146762316, 0.9866072438339855, 0.985822115772388, 0.9873417372880489, 0.9859977807822292, 0.9887742179215152, 0.983963746889954, 0.9833372553633016, 0.9884391431299842, 0.9883948238401764, 0.9814174393535678, 0.9835031777002787, 0.9871997521172294, 0.9914253981936282, 0.9885619561121725, 0.9868994918864726, 0.9870818835203836, 0.985454899322743, 0.9890420227423945, 0.9938868413992111, 0.9413189229028739, 0.991299292412498, 0.9903226968442848, 0.9889003654232529, 0.9821998200925667, 0.9778394160549799, 0.9860314428896264, 0.9415353091151466, 0.9842644729486737, 0.9620902122690489, 0.9764124855650338, 0.9845438388606761, 0.9979191446265607, 0.9653727643295192, 0.9895131819640421, 0.9642417532363905, 0.957757756012427, 0.9883004285406718, 0.9951235680758653, 0.9897148164569506, 0.9811688859486369, 0.9873242419045284, 0.9778139700341757, 0.9883602792140948, 0.9909536247647579, 0.9871770880996512, 0.9914774078537061, 0.9737642752355128, 0.9548168939392427], [0.9977303602919321, 0.9992946718081882, 0.9980874562043955, 0.9070123144693144, 0.9983713260331948, 0.8272114354980371, 0.9916081085575842, 0.5622743840216752, 0.9833403095638725, 0.9969623982034437, 0.9961108920444379, 0.9970019566244192, 0.9647888766718693, 0.9978598209105641, 0.9775904868829863, 0.98590339248857, 1.0, 0.9923016446330041, 0.9860655770199751, 0.9987614816440903, 0.9986807282516541, 0.9657838414416444, 0.9993708889198887, 0.9992215139025196, 0.9995863077414424, 0.9362669870848367, 0.8902874289821163, 0.9985763266627262, 0.9965221400469003, 0.9988469431395536, 0.9610319804218541, 0.8916886137489675, 0.9937135235235993, 0.9996205625374203, 0.9966680602742581, 0.9972791414045318, 0.908759832627629, 0.9701222639628279, 0.9985414901291229, 0.9030015660257162, 0.4086964577784243, 0.9984641018629485, 0.9909455711157558, 0.9936665480876555, 0.9984847794746846, 0.9690012815287713, 0.9372264069262738, 0.9961235178683056, 0.9837147469922567, 0.9729541395801389, 0.9989569739755343, 0.996432542795892, 0.9972204191719675, 0.9792317912140064, 0.9858840095978055, 0.997453196380961, 0.9983888425247455, 0.9989032386480052, 0.9991746630650382, 0.9996165123551921, 0.9991957994457138, 0.9962379874797715, 0.9974831671031008, 0.9972488852354516, 0.9983794865227135, 0.9919523257428178, 0.9775837302556601, 0.9867858142729334, 0.9881890176675815, 0.9890901220680193, 0.9976160565437984, 0.9901279558573606, 0.9879118026147418, 0.9961220826291757, 0.9813562568865359, 0.8913453017598882, 0.9986331836854546, 0.9950967619166916, 0.9936903668867504, 0.9979797876029579, 0.9952997932802702, 0.9961690835602808, 0.8835692262970142, 0.9945650497464352, 0.9705533214702682, 0.9959596962175742, 0.9820131944564411, 0.9866818892155271, 0.9791768496308972, 0.9973614763108468, 0.960683282582354, 0.9310911453173651, 0.9967637345207097, 0.9949496252817328, 0.9975712773511215, 0.9985455366629592, 0.9968882498713723, 0.9985470929435304, 0.9918066357109345, 0.9928397108188233, 0.990824972604757, 0.9984794782026969, 0.9970646156539387, 0.9415388636188626], [0.9929859471879737, 0.9932010994626432, 0.9932152241181392, 0.9056060622580759, 0.9935728849824693, 0.8412782338519901, 0.9860535607816432, 0.562153996473727, 0.9894291018741546, 0.9937652814374509, 0.9900529124074413, 0.9939189412226471, 0.9609170795281679, 0.9912999464408788, 0.968680991648535, 0.9746483589812418, 0.9923016446330041, 1.0, 0.991278379198288, 0.990792419236738, 0.9928620269534353, 0.963826039170936, 0.9915404758245339, 0.9929964507796764, 0.9922784958687514, 0.9183027547470713, 0.9071487472750737, 0.9934205160381354, 0.9880543554948498, 0.99400468250769, 0.9785198795411617, 0.8841022186698679, 0.9945539135690994, 0.9931723910684996, 0.9931147984055276, 0.9947042929932008, 0.899979183717748, 0.9827611800289003, 0.9938369652236558, 0.9027099177272101, 0.42478455013513955, 0.9916695029363757, 0.9992207166700622, 0.999061173141479, 0.9928259059515823, 0.9629207722778202, 0.945307885645415, 0.9964326319389241, 0.9884231010842629, 0.9865376316174032, 0.993791693726626, 0.988543847115852, 0.9930743629827724, 0.9862293232003261, 0.9746782463887803, 0.9950473684237653, 0.9934041805941843, 0.9932491649765909, 0.9899906024437408, 0.9918518124400589, 0.9927490184908175, 0.9956378932746762, 0.9951717859260585, 0.993565082123093, 0.9934001096157696, 0.9986010623323721, 0.9798699834115921, 0.9859032501157815, 0.983938319371518, 0.9884647593813712, 0.9937415251571757, 0.9951884332758008, 0.9885188235815972, 0.9926981047421229, 0.9765334691911899, 0.874201607483733, 0.9911953078961674, 0.991151969724059, 0.9912826807594594, 0.9949551433769431, 0.9972823055046667, 0.993035597446655, 0.8692229457456682, 0.9949105320743413, 0.9834781024586361, 0.9885003039605947, 0.9819196926651076, 0.9736078231785997, 0.9886204655101359, 0.9930912611821552, 0.9716845196324391, 0.9395647559625551, 0.9919611022849605, 0.9872481508564735, 0.9922572289284981, 0.9941171670068225, 0.9943403160099605, 0.9923115288836774, 0.9927541192841436, 0.9904324978210168, 0.98991588468535, 0.990737700256204, 0.9932295429751097, 0.9516005952291944], [0.9907682639178251, 0.9877573786241405, 0.9902573746834271, 0.9342498517667333, 0.9901055898444704, 0.8756711052415077, 0.9900631751146644, 0.6106615728735049, 0.9830988618765695, 0.9888076181841375, 0.9778109681380023, 0.9908961702842839, 0.9741167657524403, 0.9895844491909408, 0.980738663040689, 0.9812177400663367, 0.9860655770199751, 0.991278379198288, 1.0, 0.9877423414527635, 0.9891803555110569, 0.9805222064724171, 0.9849003268165466, 0.988065697092908, 0.986539980629863, 0.939806457659187, 0.9244252693703299, 0.990448739967237, 0.988769108161905, 0.9882541019617841, 0.9774441216936302, 0.9122527071927532, 0.9969806741887827, 0.9863569090129847, 0.9927957249581209, 0.9869156460367944, 0.926792314886832, 0.9892045988417265, 0.989886961258873, 0.9318562611678154, 0.46933383505134385, 0.9883711086900996, 0.9898859684253044, 0.9927269923962347, 0.9902964725304298, 0.9786662409397143, 0.9581918218476467, 0.9929490702733701, 0.9833393140938319, 0.9805775662544818, 0.9882253549877591, 0.9881970936281329, 0.9831173170651621, 0.9850376385969823, 0.9821360331070728, 0.9899882206864714, 0.991020307304614, 0.9893634362703451, 0.9850969128236977, 0.9859600197886852, 0.9885970416803246, 0.9945472020855317, 0.9935463974235976, 0.9923968603625625, 0.9906206137897242, 0.9944867805063203, 0.9925890484209574, 0.9948112500564916, 0.9895621207959465, 0.9954265097577835, 0.9915635782959492, 0.9945671428829612, 0.9933972767992942, 0.9919638632160258, 0.9849855439332411, 0.9050379935905088, 0.987940984127889, 0.991325795249258, 0.9932157846267552, 0.9906256799913782, 0.9936435468079683, 0.9918385152142369, 0.899334859947421, 0.9952530024659568, 0.9834592228681398, 0.981627429407686, 0.9874983936685987, 0.9794401490150401, 0.9840421025645685, 0.9923598759081617, 0.9754907553960418, 0.9509246202191745, 0.9928364094967481, 0.9889522681122506, 0.990779834609754, 0.9863703488216807, 0.9951627625554909, 0.982570984390518, 0.9970196604446838, 0.9941232614428178, 0.9924423577240639, 0.988643758373611, 0.983578261332909, 0.9609341200681204], [0.9980216476085282, 0.9988006303585468, 0.9979671413937423, 0.9185311903341047, 0.9975977231194778, 0.8376068833668846, 0.993887485480866, 0.5819117701405442, 0.9826397066569739, 0.9965484509264162, 0.9925444728233517, 0.996365684583304, 0.9701068920195682, 0.9990608542000762, 0.9840622015552771, 0.9918187933061566, 0.9987614816440903, 0.990792419236738, 0.9877423414527635, 1.0, 0.9990503281075374, 0.9732654624129361, 0.998293915854886, 0.9986033589953922, 0.9992462281309158, 0.9454455546659281, 0.8968565634590518, 0.9986943384789249, 0.9981303792287659, 0.9981381796535049, 0.9633326152728025, 0.9065617610311535, 0.9942076863282219, 0.9985727039226158, 0.9974624880999782, 0.9948686867008345, 0.9204340251807146, 0.9694727521957796, 0.9974965443498678, 0.9161385059188338, 0.42445332124292373, 0.9994182331731508, 0.9885504248484429, 0.9932498719733561, 0.9989291641536965, 0.977696441147656, 0.9443512111113472, 0.9945552160391511, 0.98364281923