[[1.0, 0.9891307983970287, 0.9988362191162817, 0.8959729143808361, 0.9961369587877297, 0.8467981414341303, 0.9838331402123517, 0.7430519369266761, 0.9796480487014779, 0.9898738532747172, 0.9575013390467569, 0.9933293139775434, 0.9370034675361736, 0.9943877900275933, 0.952596192608766, 0.9630433325382443, 0.987392701378455, 0.9804502914125671, 0.9845963374359474, 0.9948662667349861, 0.9964003569484053, 0.9369962133505013, 0.9846328152934799, 0.9929669616306421, 0.9887132169512497, 0.9221169438461699, 0.8843731180218833, 0.995766014964373, 0.9852697893606087, 0.9880578630272524, 0.9635687103914575, 0.8789504118197814, 0.992276525105353, 0.9852553292253861, 0.996706151641184, 0.9789169545494766, 0.8891209474383385, 0.9692776409890067, 0.988027969842546, 0.8827103376722966, 0.6869948263686251, 0.9982795029146052, 0.9740921014059959, 0.9880599198809848, 0.9974753880150601, 0.9415366343350619, 0.9091969000082577, 0.9792918997192513, 0.9826415925507102, 0.9590739001487336, 0.9908751662289452, 0.9880019746255112, 0.9702799531003592, 0.9801189438069263, 0.9646000685453093, 0.9820700048787168, 0.9941495066313476, 0.9925231930797286, 0.9959162409828897, 0.9885182383692788, 0.9955776894932944, 0.9903450024184639, 0.9886164524335184, 0.9971261373820492, 0.9943846656430366, 0.9919109969567709, 0.9552699048494756, 0.9794141843971687, 0.9736927147007192, 0.9773606828065541, 0.995963708626249, 0.9857735516219728, 0.9815287209558645, 0.996692886657382, 0.9590942044775694, 0.8935300025577755, 0.9945030045692828, 0.9949719202739912, 0.9914006553892969, 0.984165361947335, 0.9827203868433375, 0.9959269522796744, 0.882969780469511, 0.9928032240921659, 0.9705003641939107, 0.9932726920884979, 0.9700493209196138, 0.9640538495526568, 0.9728693578844849, 0.9970320568225448, 0.9529374176940181, 0.9158301775367826, 0.9899775095811872, 0.9838458329480045, 0.9956796861276638, 0.985091662517458, 0.9957507730189561, 0.9716686593989071, 0.9874697567401051, 0.9868825595864029, 0.9906731701607034, 0.992938789944941, 0.9702799531003592, 0.9190644602093528], [0.9891307983970287, 1.0, 0.9920311647357726, 0.8841910403860902, 0.9949896280359902, 0.8367651947791657, 0.9672288537210274, 0.7351531238708869, 0.9808054831079812, 0.9923452029471433, 0.9714545734340796, 0.992701215547009, 0.9237802874437528, 0.9859969899729971, 0.9416693419868098, 0.9548064224872499, 0.9974046826175564, 0.9835400619843161, 0.9711109580668967, 0.9901158923248335, 0.9937518142505303, 0.9257618342468246, 0.9967127565974464, 0.9972892195644621, 0.9980324938062237, 0.9158614919138298, 0.8725851724445786, 0.9955258103003368, 0.9827986110197768, 0.9963375405478805, 0.9436274404645932, 0.869349861189554, 0.9817839305277991, 0.9954482283898008, 0.9858554549172845, 0.9863005835083654, 0.8785344250511952, 0.961073616230481, 0.9963796409532986, 0.8718138389836351, 0.6799872595970341, 0.9923642555069893, 0.977943377480003, 0.9916741069655042, 0.9923174432232031, 0.9307400308256353, 0.8969635404926455, 0.9892811765160744, 0.9807948702310488, 0.9625713978474733, 0.9960946625403949, 0.9791415832388488, 0.9808249007868526, 0.9596754838674558, 0.9605733004813617, 0.9907943066541212, 0.9947614256903732, 0.9967770421413586, 0.9939660784454417, 0.9974143389086036, 0.9956821190424286, 0.9897302897731919, 0.9957380572319569, 0.9899883994239731, 0.9955580169371603, 0.9858608228747174, 0.9425213113302396, 0.9702781012591404, 0.9580305161431092, 0.9613400608151652, 0.9941604937408699, 0.969901209861621, 0.961196793237632, 0.9825026528704988, 0.9501283833476728, 0.8882629866772562, 0.9918402949234629, 0.9772301300344541, 0.973789483181435, 0.9928753668630931, 0.9872702352273803, 0.9881406308681355, 0.870693243704509, 0.9868805826249453, 0.9567059928435124, 0.9928243669634511, 0.9498192155438411, 0.9568722354547532, 0.9721514039343815, 0.9879306506813306, 0.9283263663121425, 0.9038185484065552, 0.9880779583807634, 0.9740491118146194, 0.9869420677168869, 0.9910210951654121, 0.9911483840024662, 0.9855514985848417, 0.9707652042235105, 0.9705080803546587, 0.9666986424089157, 0.9896324895284058, 0.9805672852126829, 0.9052474388841836], [0.9988362191162817, 0.9920311647357726, 1.0, 0.8939746924872118, 0.997386601603717, 0.8450130235288108, 0.9814747848581049, 0.7416770795881205, 0.9811275423561228, 0.9907829952915771, 0.959794006316813, 0.995714124537675, 0.9348182634990507, 0.9928107623276403, 0.9507097153278656, 0.9606183546374438, 0.9884079226270103, 0.9811477180854354, 0.9839161090515132, 0.9944418233408685, 0.9970235193194937, 0.9349697116678767, 0.9875434141552468, 0.9956360804676287, 0.9913673280441972, 0.9200473825779258, 0.8824262453139221, 0.9969875929707215, 0.9846733557915581, 0.9899969314357958, 0.9612579960392543, 0.8770196645459558, 0.9913995923935538, 0.9872059437528031, 0.9950662670152981, 0.9807847314672795, 0.8870939125873535, 0.9702559342699851, 0.9923368836836538, 0.8807707709949543, 0.6858194232066298, 0.997624325212076, 0.9759414946325309, 0.9899980950102002, 0.9979704938274216, 0.9402692607097684, 0.9071393256058253, 0.9824240931341944, 0.9838935432109684, 0.9608666539482482, 0.992815412396498, 0.9855578157075646, 0.9733546731666459, 0.9772943658348456, 0.9641857959388169, 0.9841678620682093, 0.9962367392039623, 0.9939255414151303, 0.9955379960897651, 0.990495843535641, 0.9963405847762461, 0.9906091643659684, 0.9924887683925309, 0.9967492001354276, 0.9956779826861428, 0.9923608298159138, 0.9529987745802506, 0.9783450311476766, 0.9713332483785094, 0.9749834281550429, 0.9966251048506515, 0.9836296030878584, 0.9791311719281482, 0.99586539994273, 0.958385245547036, 0.8931764190019336, 0.9949824796588904, 0.9930147047304628, 0.9889546446011871, 0.9874120529280446, 0.9836866216335894, 0.9967087502588601, 0.8813297365531793, 0.9945157998115575, 0.9716986716126728, 0.9925865401555235, 0.9677074577769347, 0.9623318967916346, 0.973440976057397, 0.9959530529511728, 0.950677351624165, 0.9150749012851671, 0.9910497210226292, 0.9821074706034588, 0.9947684222468441, 0.9865805682290105, 0.996178790030315, 0.9740297574772512, 0.9847007148181912, 0.9843650375745998, 0.988627502207128, 0.992103907216997, 0.9733546731666459, 0.9167908666514218], [0.8959729143808361, 0.8841910403860902, 0.8939746924872118, 1.0, 0.8891671652873443, 0.9279288299152205, 0.9448397220090029, 0.8877882956350217, 0.8908889755305414, 0.8914355423746606, 0.8576428508253848, 0.8922675258839852, 0.9495846990967636, 0.8993146950255997, 0.949707929550233, 0.9340912336965882, 0.8875094172557908, 0.8900217451897126, 0.9304354462034088, 0.8974150942631974, 0.8923155377819176, 0.953198876563399, 0.8813511740742541, 0.8858015490194043, 0.8851239174412998, 0.9886217175326166, 0.948475805140764, 0.8905762307861705, 0.9137551176765325, 0.8837922914594106, 0.9102105362449768, 0.9740394823514086, 0.910049150137963, 0.881987292926534, 0.9004726661051521, 0.8786875583191792, 0.9792277319257044, 0.8984176452776261, 0.8849189848567784, 0.9662568004611167, 0.7496176105699695, 0.8960651840855574, 0.8843819023532193, 0.8934111850133368, 0.8919735281304937, 0.9485622856031297, 0.9407715824261405, 0.8846083746605823, 0.8921720626506442, 0.8800227157075016, 0.8868803541345925, 0.9069731845379397, 0.8697542749732339, 0.90706482448693, 0.9466062188019254, 0.8826834373452452, 0.8896760824471746, 0.8931324244395936, 0.8936201034210198, 0.8837942569874476, 0.8899432401995321, 0.8962561243148267, 0.8885415122833903, 0.8976707808462678, 0.8913394960995782, 0.9001097747912388, 0.9295281803149972, 0.9574789202927846, 0.93054451091124, 0.9212276766701429, 0.8931933141155975, 0.9149223082132897, 0.9137838394030099, 0.9021728331884729, 0.9237079956236763, 0.9820351962888809, 0.8989784517122303, 0.9064363389600848, 0.9078336354051703, 0.8847351817789888, 0.8877814606921564, 0.8981602212813942, 0.9812044928149788, 0.9013382124286556, 0.9024399848169675, 0.9207519971257391, 0.9176632294441199, 0.9351267979795631, 0.893027131784629, 0.8983694265945754, 0.9154527270302258, 0.9490032657502344, 0.9032397246838347, 0.9133603026910516, 0.8993106275836392, 0.8833517956178145, 0.896437046257299, 0.8702521138481845, 0.9152323210881971, 0.9123576459910158, 0.9120579508448446, 0.8983826648268356, 0.8703448973722593, 0.9312832284339293], [0.9961369587877297, 0.9949896280359902, 0.997386601603717, 0.8891671652873443, 1.0, 0.8408604327192164, 0.9767017321470514, 0.7384201696253727, 0.9827177701612793, 0.9936044906115478, 0.9641105709270379, 0.9945335346769671, 0.9283070605419754, 0.9928726060746981, 0.9514956898100424, 0.960937842268386, 0.9898717029469992, 0.9847126760508126, 0.9831369730168317, 0.992247081810287, 0.9938957926226165, 0.9360695017721137, 0.9912542220481905, 0.9974188557717897, 0.9936402884341742, 0.9206423091152616, 0.8785966446552768, 0.9950213994057684, 0.9869001511323087, 0.9925413921725913, 0.9550356539589075, 0.8777141059864048, 0.9903084882092499, 0.9891537557859394, 0.9936409408119685, 0.9855488612407588, 0.8870733041896317, 0.9673817621406912, 0.995407266606154, 0.8762602384749504, 0.6836323377827543, 0.9960212965582578, 0.9792338170999425, 0.9913587397731711, 0.996280720343239, 0.9409599204162623, 0.9033168258886329, 0.9882450609383079, 0.9845888240607339, 0.9651228505665775, 0.9927735859368031, 0.9862577238378818, 0.978827451227096, 0.9728867232331015, 0.966295547908597, 0.9872806142197503, 0.9973382781678252, 0.9968609227420467, 0.9942219016650062, 0.9916647430135598, 0.9944201559753457, 0.9909542947424738, 0.9948140756327145, 0.995033522467271, 0.9947089119236135, 0.9930102284108826, 0.9477203494340101, 0.9789673229002471, 0.964524897903541, 0.9684053306584735, 0.9976520744302676, 0.9821501002408864, 0.9707071096983079, 0.9918444496950249, 0.9594947641448233, 0.8947431697362996, 0.992520796115038, 0.9881581523650057, 0.9845554095016362, 0.991186826777468, 0.9862837454474779, 0.9936889854972971, 0.8803215807204315, 0.9938002574338658, 0.9676870941471458, 0.9923101268880236, 0.9567038058853462, 0.9622816379188567, 0.9778137159408644, 0.9965444174727457, 0.9401732200472038, 0.9156035267716465, 0.9932857323469833, 0.9822658372426761, 0.9948788932444741, 0.9887030186030207, 0.9952658742535023, 0.9787036245663784, 0.980748192649924, 0.9802904719038026, 0.9817850553889301, 0.993182598418539, 0.9788939906930635, 0.9147850983009298], [0.8467981414341303, 0.8367651947791657, 0.8450130235288108, 0.9279288299152205, 0.8408604327192164, 1.0, 0.8723398306112334, 0.8441095892897134, 0.8582359082843717, 0.8451793126169282, 0.8135702877817717, 0.843159330972534, 0.9268960900951052, 0.8491536454671683, 0.9052157016837769, 0.8915300867916716, 0.839631164038524, 0.8611153502537771, 0.8903465209439156, 0.8485300989807665, 0.8438677171741572, 0.9084860706262595, 0.8343544709046795, 0.8381806536882217, 0.8376205655198633, 0.9401972172441037, 0.9631050846541288, 0.8420512268593189, 0.8591171717408829, 0.8363143828047311, 0.8951603179747465, 0.9549913175717072, 0.8529836472005609, 0.8347808804733686, 0.8491604669110786, 0.8308123174096141, 0.944709805719144, 0.8996073259329689, 0.8357635924503356, 0.966728339856983, 0.786874987703244, 0.8472204817871322, 0.8572976282701347, 0.8643469213724863, 0.843608343575333, 0.9073803303357915, 0.9333573304209546, 0.834368418798702, 0.859477607292897, 0.8669893863479428, 0.8390511151447909, 0.8612823602358454, 0.8237064565739357, 0.8746324470441534, 0.9085494444496924, 0.8329589822512281, 0.8400056081068707, 0.8406683991278321, 0.8451148170105129, 0.8364827056807034, 0.8418707797230378, 0.8434917245201741, 0.8371212091999366, 0.8470794145998969, 0.8421632398711568, 0.8705347515840302, 0.9016651378081749, 0.8979508535424449, 0.8718584611397786, 0.8659030098506943, 0.8432281981273289, 0.8820011614127481, 0.8668739016685675, 0.8512652563839098, 0.8940642874619706, 0.9213131842166586, 0.8490708194429124, 0.8551812011077655, 0.856824689638307, 0.8347858355598459, 0.8371907436809737, 0.8480595704266035, 0.9526384508516965, 0.8489616095481973, 0.8852323292959715, 0.8727093020207043, 0.878808437092544, 0.8937851636679485, 0.8625478833886523, 0.8476118338705116, 0.9059607650331508, 0.9273480294996117, 0.8462056881818458, 0.8604192063437254, 0.8490214337266158, 0.8356921587675725, 0.8441257469521493, 0.8245844444432663, 0.8593128515406553, 0.859071175178335, 0.8629177390167388, 0.8482175989432886, 0.8239421115868374, 0.9332956674101023], [0.9838331402123517, 0.9672288537210274, 0.9814747848581049, 0.9448397220090029, 0.9767017321470514, 0.8723398306112334, 1.0, 0.7742287097110023, 0.9616923244656131, 0.9757501344727573, 0.9386428280906499, 0.9762941458163004, 0.9801260053157137, 0.9852430582174883, 0.9932066004737949, 0.9887350668088841, 0.9707754470992249, 0.9658598649744433, 0.9888132928672378, 0.9822869806411609, 0.9793973861049483, 0.9863742007000759, 0.9643312821318002, 0.9708476793389209, 0.9682387451623358, 0.9583078452025154, 0.9292162610086788, 0.9765579155733384, 0.9881816557924895, 0.96844162492654, 0.9674495480533036, 0.9312119553711707, 0.9885774292297522, 0.9648089084966736, 0.9852174658016714, 0.9621974341891469, 0.9461093585363181, 0.9582956895211007, 0.9683059391376451, 0.9389640728786766, 0.6970428485368657, 0.9824706355358684, 0.959397942128533, 0.9704224980345895, 0.9800432789270423, 0.9878101618770577, 0.9563079304297262, 0.962422307058528, 0.9633551571695466, 0.9429927769822901, 0.9720798485294415, 0.9850978379293245, 0.9515182747900611, 0.9746883086893273, 0.9857371828669368, 0.9640782902606343, 0.9745115542385666, 0.979525657853683, 0.9794091768246185, 0.9669311063695162, 0.9748880660711665, 0.975596428129783, 0.9690320074012065, 0.9822682561754997, 0.9769640366343326, 0.9796988966640423, 0.9762227366768839, 0.9916026081190901, 0.9934772528579009, 0.9910088201702725, 0.9793276666592878, 0.9876613260239878, 0.9856548376077898, 0.985308685312264, 0.9789596120278841, 0.9307208247000638, 0.9814979611922326, 0.9856597019040481, 0.9877675687970693, 0.9665264007425756, 0.9660709725654599, 0.98041144982301, 0.928620992689019, 0.9792233383653779, 0.958577628125877, 0.990817616864704, 0.9810876114337546, 0.9893837966664454, 0.9594159686720537, 0.9824895621600521, 0.9587816972220043, 0.9571442156721772, 0.9824391046931538, 0.9888246311733696, 0.9843393002633825, 0.9676670222858603, 0.9805376060273444, 0.9520377588137144, 0.989308402243674, 0.9901586802816348, 0.9851046569303179, 0.9843794556533846, 0.95255025907784, 0.9600366055072815], [0.7430519369266761, 0.7351531238708869, 0.7416770795881205, 0.8877882956350217, 0.7384201696253727, 0.8441095892897134, 0.7742287097110023, 1.0, 0.73516354098453, 0.7419059783252019, 0.716948001587716, 0.740375131364713, 0.7935371934479687, 0.7447849922133415, 0.7895700826844285, 0.7777062872789666, 0.737405013901643, 0.7354678724110923, 0.7525673610700265, 0.7443234855462331, 0.7407154744311012, 0.7911565665577119, 0.7332402785106539, 0.7362557893973973, 0.7358055928164768, 0.8817904502527417, 0.8107845103415265, 0.7393155600817477, 0.752594508480736, 0.7348412878504182, 0.7500344742197299, 0.8441249040055877, 0.7470197575733669, 0.7336250395311482, 0.744905822905814, 0.730685326869086, 0.8525554343835352, 0.7529096978207385, 0.7345765746387608, 0.8342224783067156, 0.9048146673854943, 0.7432974152587704, 0.732860157549753, 0.7378239019103257, 0.7404775492690923, 0.7894251768596466, 0.7977505261329269, 0.7327034787412573, 0.7360744621605024, 0.7283200480921423, 0.7369641317745608, 0.7542853386238522, 0.7250998754195462, 0.7471618084633722, 0.7940558428707956, 0.7324985036804945, 0.7378515853335713, 0.7382940945465486, 0.7416249492148509, 0.7349069372727426, 0.7391081632540742, 0.7407685712755827, 0.7358506944698467, 0.7433039174040018, 0.7394507235317048, 0.742328051218582, 0.7691840570933666, 0.7855308018600088, 0.762331524988908, 0.7582852439507052, 0.7402716259302767, 0.7506496224092083, 0.7586122162693286, 0.7464785812871088, 0.777759615863992, 0.9036580975326887, 0.7447552593291381, 0.7495552595422996, 0.7508910732164186, 0.7339108950842759, 0.734879027574334, 0.7440123873590999, 0.8735901752128811, 0.7449839713335389, 0.7503409086599143, 0.763004580013589, 0.767502257006182, 0.779667742596147, 0.7383660572615536, 0.743713842883825, 0.7695799323018961, 0.8020136476296983, 0.742577861359459, 0.7536082154519533, 0.7447147913239766, 0.7344314811620104, 0.7412575256256961, 0.7256129634750262, 0.7518696459763562, 0.7527417441754581, 0.7565805111741956, 0.7440696783078613, 0.7253190123885139, 0.7903533497855584], [0.9796480487014779, 0.9808054831079812, 0.9811275423561228, 0.8908889755305414, 0.9827177701612793, 0.8582359082843717, 0.9616923244656131, 0.73516354098453, 1.0, 0.9822885921499073, 0.9527804522930443, 0.9848455342873136, 0.9230261640658742, 0.9720543897959695, 0.9324617379480072, 0.934979594812821, 0.9778521522990568, 0.9886370837411246, 0.9789141492263446, 0.9738668478867041, 0.9804128162496912, 0.923931276983412, 0.9722102908822845, 0.9794505968955373, 0.9778216228865644, 0.8959510883749213, 0.9208075546444938, 0.9830288623139057, 0.9650629280130828, 0.9830477794251296, 0.9768557567420154, 0.8618234643360718, 0.9831003245074623, 0.9783179888056717, 0.9797236477309473, 0.9776734729776226, 0.8722133496514994, 0.9843373740494608, 0.9833543830254383, 0.8702843175524244, 0.6894458357495963, 0.9756422455877235, 0.9828859296991288, 0.9930406116135935, 0.9792841522330588, 0.924012826132642, 0.9255420603872504, 0.9856071415750528, 0.9947874754888428, 0.9870727178976905, 0.9838102166096307, 0.9661626822551502, 0.9687650001504727, 0.983920948079624, 0.9451329493661195, 0.9818291397670041, 0.9818620713154788, 0.9808963899642343, 0.9687445796717803, 0.97501916756346, 0.9791989598286733, 0.98830612062676, 0.9867838336806787, 0.9843198958641256, 0.9840786663345331, 0.9902962746106763, 0.9470476165777979, 0.9699031920720624, 0.9525146146069567, 0.9628270491667196, 0.9832787999632997, 0.9752702860760314, 0.9679368266523339, 0.9792002017608984, 0.9399287948502985, 0.8793422230948544, 0.9766995267666898, 0.9757578421411475, 0.9731291106889519, 0.9848648869341524, 0.9865222667582079, 0.982607743158053, 0.8657788458549731, 0.9872839137303768, 0.9936286482029534, 0.954568879235333, 0.959419947474063, 0.9368505781277912, 0.9953610098521959, 0.9802384118912933, 0.971304889736545, 0.9264085131107013, 0.9766544398571217, 0.961800043996001, 0.9767316953633036, 0.9791208050031242, 0.9831897159211305, 0.9641441300696, 0.9740846798158024, 0.9679816126572741, 0.9731195706323451, 0.9716815618912541, 0.9693519215344796, 0.9268253654343979], [0.9898738532747172, 0.9923452029471433, 0.9907829952915771, 0.8914355423746606, 0.9936044906115478, 0.8451793126169282, 0.9757501344727573, 0.7419059783252019, 0.9822885921499073, 1.0, 0.9623658392107161, 0.9941518385387383, 0.9351292761396818, 0.9842965239073344, 0.9442071408154056, 0.9557120968341568, 0.9918155801635621, 0.9890600271698278, 0.9775105995116588, 0.9888979475773294, 0.9915036507624203, 0.9312632133968933, 0.9880847481163859, 0.9908566444922049, 0.9914674444852912, 0.9135203662031459, 0.8835660504594494, 0.9908608693540749, 0.9739425541275394, 0.9947199094524813, 0.9577332810987607, 0.8749592657428078, 0.9850026176903041, 0.9920522049951802, 0.9886748888542828, 0.9902838365106453, 0.8857014581896687, 0.977730348947275, 0.9928540778242934, 0.8810492174823762, 0.6845123029246604, 0.9890460633241026, 0.9859762692520743, 0.989347385555242, 0.9878385672960179, 0.9342049658452168, 0.9058185607559137, 0.9915297824539803, 0.9753103874673994, 0.9684983656007238, 0.9947863643373029, 0.9845513886515005, 0.9820570596565632, 0.9710820970271188, 0.9550685590151643, 0.9896592763108754, 0.9895476457465866, 0.9909560701557469, 0.9875099900373698, 0.9875481698666693, 0.9888288806712582, 0.9945087483761281, 0.9929046351207659, 0.9908600831679417, 0.9917843408927891, 0.9883186274306178, 0.9562888419544059, 0.9715176347487262, 0.9687885719518294, 0.9706609405929505, 0.9935488753072446, 0.974114581535015, 0.9773737403711457, 0.9894338261774772, 0.9590862400356895, 0.8849901647937853, 0.9921722129502176, 0.988483989445716, 0.9840711692578086, 0.9927387966570813, 0.9895882969578284, 0.9897142062426844, 0.8740137320630936, 0.9940840773735795, 0.9703857200896299, 0.9837016571221657, 0.9714321816543965, 0.9534320394703327, 0.9793161900921539, 0.9868922333243371, 0.9554538890494854, 0.9049937671693239, 0.9831781277098313, 0.9757970984737501, 0.9869173614622555, 0.9938237990777357, 0.9856331489078314, 0.976451486255909, 0.9780391939294212, 0.9776861469678068, 0.9848955251606062, 0.9820879204414484, 0.9824855983054493, 0.9156685116758246], [0.9575013390467569, 0.9714545734340796, 0.959794006316813, 0.8576428508253848, 0.9641105709270379, 0.8135702877817717, 0.9386428280906499, 0.716948001587716, 0.9527804522930443, 0.9623658392107161, 1.0, 0.9614139941193122, 0.8970981768686448, 0.9561808987665872, 0.9127135152858891, 0.9328172563273339, 0.9734458252730617, 0.9629681658020759, 0.9376469578889457, 0.963732292109118, 0.9624966981227411, 0.8965414848794625, 0.9798481048315859, 0.9692743618262505, 0.973602639093006, 0.8982366882501891, 0.8507712054544706, 0.9623954610303811, 0.9531340382448477, 0.970672844498598, 0.9181686902102767, 0.8446219841084966, 0.9468364457246289, 0.9751182328737654, 0.9525172874896605, 0.977167538909858, 0.8533513449662636, 0.9311366152770854, 0.9699576664981954, 0.8466643603557452, 0.6666666666666666, 0.9633484486115989, 0.9677876811260012, 0.9589587954493832, 0.9606257532406908, 0.9023459056433474, 0.8739297530111091, 0.9708806618916344, 0.9512547676607861, 0.9575115957226125, 0.9681637249999446, 0.9513598104410774, 0.9878030018038703, 0.9333555051502797, 0.9319428628417185, 0.973131080672785, 0.9643060290365192, 0.9679676973860214, 0.9742605257225665, 0.975409796456948, 0.9649535165561881, 0.9582196927282902, 0.96657584650288, 0.9551494536432056, 0.961918611093215, 0.951455490288627, 0.9131955749760365, 0.9365021103360837, 0.9297689294621655, 0.9308505165255064, 0.9605329985702564, 0.938125748916537, 0.9311224156267858, 0.950409415780293, 0.9213736864328446, 0.8622951362346358, 0.9617386133690138, 0.9458960865582431, 0.9433515413834727, 0.9706494408982109, 0.9670870217232288, 0.9558057863554971, 0.8466847046481266, 0.9512570788126571, 0.9272833805623836, 0.9891307644727959, 0.9212366660901253, 0.9349971258665145, 0.9474546269454319, 0.9544734207967134, 0.903675773661275, 0.8793738168251285, 0.957580204247349, 0.9430345839958932, 0.9536558901663604, 0.974781853719248, 0.9574027785643646, 0.9877807467025222, 0.9391580453332785, 0.9398574987549686, 0.9361474843807902, 0.9597933680008971, 0.9871935313453549, 0.8815709514660542], [0.9933293139775434, 0.992701215547009, 0.995714124537675, 0.8922675258839852, 0.9945335346769671, 0.843159330972534, 0.9762941458163004, 0.740375131364713, 0.9848455342873136, 0.9941518385387383, 0.9614139941193122, 1.0, 0.9351776852908286, 0.9862799347399336, 0.9461255762253833, 0.9534743096336641, 0.9897456794383679, 0.9857352523499961, 0.9815526307950251, 0.9897242401534221, 0.9927503496946144, 0.9327608060579632, 0.9891753110464023, 0.9931256544602437, 0.9916139497442505, 0.9155031324220515, 0.8850442087043903, 0.995930663458602, 0.9794396568819368, 0.9932125360669176, 0.9604996212151684, 0.8732725273080753, 0.9883085553529581, 0.9895077115440497, 0.9908795910852489, 0.9857087598843716, 0.8831909242140643, 0.9777855150541434, 0.9952296688977492, 0.8789907366210523, 0.684994677147283, 0.9933914345646159, 0.9832427525646782, 0.9948357987953848, 0.993685760950756, 0.9368003511058078, 0.9056969440223074, 0.9897483460676848, 0.9844844665131012, 0.968918496856427, 0.9938777234298152, 0.9798972618719394, 0.9788598268515296, 0.9746519108869326, 0.9595463596148622, 0.9899127105195611, 0.9954680843858302, 0.993752002773958, 0.9908680757880592, 0.9897514033208841, 0.9926024480761543, 0.9926167864451112, 0.9949039204531006, 0.9945996308835037, 0.9966689886928156, 0.9921641778816552, 0.9551853892458668, 0.9755244846701869, 0.9681747002342087, 0.972405819905415, 0.9943263370631125, 0.9790782358131611, 0.9790684323211469, 0.991002511716352, 0.9552901686936051, 0.8913883853947355, 0.992451875170076, 0.9876112762259646, 0.985767444479378, 0.9923768936360806, 0.9886669494478599, 0.9963317956596455, 0.8773777126805001, 0.9957596550401026, 0.9781816824250958, 0.9878324240606873, 0.9727393547815325, 0.9567043359703198, 0.9804215109108269, 0.993045181544001, 0.9587277601705206, 0.9138269223075384, 0.9887867736390422, 0.9754863060105321, 0.9896703637197214, 0.9903386576774321, 0.9938352397713379, 0.9761517368938564, 0.9803004958730966, 0.9794627922882607, 0.9863468138968595, 0.986891726657493, 0.9793924312435668, 0.9133301823118964], [0.9370034675361736, 0.9237802874437528, 0.9348182634990507, 0.9495846990967636, 0.9283070605419754, 0.9268960900951052, 0.9801260053157137, 0.7935371934479687, 0.9230261640658742, 0.9351292761396818, 0.8970981768686448, 0.9351776852908286, 1.0, 0.9383518958142547, 0.9819891502411756, 0.9828021281716202, 0.9270176113978515, 0.9308752865282391, 0.9717381544084117, 0.9375973933038068, 0.9319013525287368, 0.9852888244237531, 0.9211674167932233, 0.9254404611817, 0.924871517663756, 0.9533472585423933, 0.9596788395123598, 0.9296865923284653, 0.956532447317233, 0.9230026184797365, 0.9403349410927833, 0.9314092838372046, 0.9502573714489628, 0.9213371496673577, 0.940700238707153, 0.9164634328805847, 0.9438838913585055, 0.9439056987418858, 0.9243875808994406, 0.9504481791006744, 0.7218680080620756, 0.9359918322667358, 0.9248496699002301, 0.9347202632295248, 0.9318261818080217, 0.9834654628359154, 0.9749332204739637, 0.9265175002117662, 0.9244625741074615, 0.9105331786050284, 0.926269140604227, 0.9498968927034442, 0.9076040559556362, 0.9387971250885938, 0.9776359307980177, 0.9230333947569146, 0.9295797327039432, 0.9313015358639504, 0.9337469825923752, 0.9236136907356546, 0.9298987909727255, 0.9380464793150242, 0.9301985074444127, 0.9382503948505105, 0.9302948832630682, 0.9414468996104801, 0.97578421693427, 0.9771981490377177, 0.9764452492835738, 0.9647674534272253, 0.9315945702295685, 0.9561960908894773, 0.9593382987071614, 0.9423796117252142, 0.975080305630112, 0.9213883411306447, 0.9394743284518019, 0.9487527028372142, 0.9497885595643142, 0.9252772471556768, 0.9299989554576409, 0.9422437370887228, 0.922730705592019, 0.9425265474312331, 0.9376067288906959, 0.9650829331066936, 0.9702700264303481, 0.9843920038623618, 0.9283911005187524, 0.9389036342980545, 0.9600891436501033, 0.9638373182752736, 0.9402032150591879, 0.9567414000240002, 0.9387165426206502, 0.9217994706741905, 0.9388553257127078, 0.9097198162167419, 0.9577620000617952, 0.9549741272108702, 0.9588630010622542, 0.9375415975968212, 0.9076612640837415, 0.9770833719580273], [0.9943877900275933, 0.9859969899729971, 0.9928107623276403, 0.8993146950255997, 0.9928726060746981, 0.8491536454671683, 0.9852430582174883, 0.7447849922133415, 0.9720543897959695, 0.9842965239073344, 0.9561808987665872, 0.9862799347399336, 0.9383518958142547, 1.0, 0.9572118521455277, 0.9678871005944683, 0.9879404508203813, 0.9743292224571694, 0.982711667848641, 0.996178409686188, 0.9943095268712864, 0.9408961201051197, 0.9833136969883711, 0.9920025581030272, 0.9864103759917362, 0.9272327496337325, 0.8852871981661871, 0.9920976270127598, 0.9909024590269683, 0.9848050564725765, 0.9608285277190133, 0.8830940094042581, 0.9901447172998471, 0.9835100466456828, 0.9955412906215305, 0.973145627382554, 0.8928804902255822, 0.9595476473118624, 0.9847360902388582, 0.885270171191077, 0.6876761865695561, 0.9954412501872668, 0.9660901063148242, 0.9815845804475013, 0.9962593997941291, 0.9452648325108942, 0.9103906821028711, 0.9744112730383095, 0.9781320627076986, 0.9503103253861589, 0.9875209034832013, 0.9924393666747343, 0.9654423015127764, 0.9773167152885441, 0.9691651601821873, 0.9775955828695404, 0.9924293086548706, 0.993755179376577, 0.9961388210422745, 0.9866630130222684, 0.9925112738827133, 0.9864008855408922, 0.9835567429937736, 0.9940945352204887, 0.9928851558091445, 0.9889769944311284, 0.9582685910909862, 0.9779148043436977, 0.9764067121799535, 0.979195544678471, 0.9938241606887351, 0.9879246063573857, 0.9789678200780974, 0.9940324865243505, 0.9644666753584549, 0.8973874783977365, 0.9958304628416288, 0.992509193627725, 0.991585338574892, 0.979091729717446, 0.9765681062849046, 0.9890833631135036, 0.8859233227966121, 0.9861908111525746, 0.9588248752489731, 0.9948470676262169, 0.9653763195971516, 0.9688316242778969, 0.9656296747466174, 0.9954906666430325, 0.9459784149142384, 0.9157634655762573, 0.9924286184698237, 0.9876711216629216, 0.9971505635926513, 0.9796602579749297, 0.9938839177114727, 0.9694130447777267, 0.9887463505250615, 0.9889636002124689, 0.9855982758579005, 0.9970923393131247, 0.9652182960865178, 0.9216910607424543], [0.952596192608766, 0.9416693419868098, 0.9507097153278656, 0.949707929550233, 0.9514956898100424, 0.9052157016837769, 0.9932066004737949, 0.7895700826844285, 0.9324617379480072, 0.9442071408154056, 0.9127135152858891, 0.9461255762253833, 0.9819891502411756, 0.9572118521455277, 1.0, 0.987515117152152, 0.9431419982027589, 0.9334346115503609, 0.9760908372815582, 0.953148184198815, 0.9503498489312016, 0.9921940027315946, 0.9386918531296298, 0.9480783256539509, 0.9420606993197228, 0.9666962672894351, 0.9345453138613686, 0.9487761240552558, 0.9759356925386716, 0.9404378296243978, 0.9422828747178186, 0.9425948229228062, 0.9619371209642654, 0.9395735338853013, 0.9553113235336265, 0.9311844157727825, 0.9551856059323115, 0.9253182615705582, 0.9420408262108629, 0.9497900188799864, 0.7120651108851381, 0.95221220475517, 0.9255883575086373, 0.9405546483555149, 0.9536108631736635, 0.9933270349938993, 0.9599385932951368, 0.9315801778357299, 0.9375768384927808, 0.9130475849332637, 0.9430592018245296, 0.9645923676764384, 0.9235905359001733, 0.9453202818901961, 0.994240878024672, 0.9352852200382741, 0.9492501995465664, 0.9633130624796611, 0.9517728959410802, 0.9412903710621795, 0.9479247251526006, 0.945786461504544, 0.9418124908731826, 0.951752210306676, 0.9500986333418331, 0.9498474654667259, 0.9669480652998346, 0.9926211342505236, 0.9803743102355889, 0.966141530701622, 0.950476573307612, 0.96030286342716, 0.9575942786565249, 0.9552881825794888, 0.9774555428160872, 0.9414823423391272, 0.9554165717506392, 0.9609010847491516, 0.9579808082311391, 0.9373823794093171, 0.9354526498060112, 0.9489550443100774, 0.9368748813486534, 0.9485496213271225, 0.929265523736264, 0.9774455394270455, 0.9658626761442718, 0.9900817611716136, 0.9280807551122475, 0.953810217900194, 0.9541141562093494, 0.9640841039440831, 0.9652180462576926, 0.9728910584868288, 0.9571950102479279, 0.9367103847037886, 0.9534848846404548, 0.925781576275701, 0.9623015585869096, 0.9625773121079574, 0.9609574827578142, 0.958019205221591, 0.9236497771635535, 0.9644638785797038], [0.9630433325382443, 0.9548064224872499, 0.9606183546374438, 0.9340912336965882, 0.960937842268386, 0.8915300867916716, 0.9887350668088841, 0.7777062872789666, 0.934979594812821, 0.9557120968341568, 0.9328172563273339, 0.9534743096336641, 0.9828021281716202, 0.9678871005944683, 0.987515117152152, 1.0, 0.9575488838515858, 0.9423453202715742, 0.9784869842733528, 0.9654800085822642, 0.9611172914048364, 0.9804176972834617, 0.9540322482329595, 0.9598608250856613, 0.9558194927819719, 0.951970016083673, 0.9223398841813081, 0.9585470006389275, 0.9855250110819658, 0.9514166852233683, 0.9443734949539294, 0.9189563208409147, 0.9681995097726993, 0.9523285580195187, 0.9632472048820132, 0.9411314558950483, 0.9321117860417941, 0.9514211544990773, 0.952754806000778, 0.9289534735972443, 0.7002905744886475, 0.9630092722619524, 0.9373929109239652, 0.9491120672942817, 0.9641234794192258, 0.9829045722975113, 0.9488495839041567, 0.9426444877004021, 0.9424006855375328, 0.9155715168585666, 0.953971530127756, 0.9770969535760253, 0.9361127888226868, 0.9465235331162918, 0.9900406803565813, 0.944967916459452, 0.9591428598013035, 0.9732246570934295, 0.964470803914162, 0.9561019036276216, 0.9597381956102795, 0.9539221887502761, 0.9522622227124596, 0.9613568564465423, 0.9596740226262441, 0.9563721614141749, 0.9874914291832297, 0.9826955236829715, 0.9893310658983894, 0.980495306198167, 0.9583762830172824, 0.9688685098207501, 0.9786786628357387, 0.9649829572453607, 0.990822800688433, 0.9207323302663862, 0.9661519290133133, 0.9692665136624936, 0.97012616458255, 0.9481124237750296, 0.9440419326713211, 0.9583329622667901, 0.9138023371378131, 0.9584062500172189, 0.931366692608038, 0.9889507830548071, 0.9850913310912485, 0.9959781399318074, 0.9275663855136632, 0.9628099021424714, 0.9592774341050518, 0.9381191429484093, 0.9733540043540096, 0.9826155896134268, 0.9658299991752454, 0.9474164156261159, 0.962216358222589, 0.9425032035880081, 0.9710715410394817, 0.9731862690783348, 0.9769928468564749, 0.9687217490866269, 0.9358478515820845, 0.9605064206967698], [0.987392701378455, 0.9974046826175564, 0.9884079226270103, 0.8875094172557908, 0.9898717029469992, 0.839631164038524, 0.9707754470992249, 0.737405013901643, 0.9778521522990568, 0.9918155801635621, 0.9734458252730617, 0.9897456794383679, 0.9270176113978515, 0.9879404508203813, 0.9431419982027589, 0.9575488838515858, 1.0, 0.9834584433668259, 0.9718203673976151, 0.9930796565767338, 0.9944939565927494, 0.9281461811291942, 0.9961929414318652, 0.9936696892170944, 0.9974376793217193, 0.9179787482796004, 0.8709848395567534, 0.9942585224229757, 0.9811575458712848, 0.9971397649821232, 0.9417561941729455, 0.8709101038732705, 0.9801007141535886, 0.9966575693337419, 0.986619058535799, 0.9847470479064304, 0.8803829415243669, 0.964187128029957, 0.994695166271918, 0.8749253700340827, 0.6790150227771067, 0.9921493508312791, 0.9782204701169791, 0.9887767377437412, 0.9923074721286494, 0.9337855215386592, 0.8952726246193322, 0.9883081982876367, 0.9773673661076371, 0.9595137925360783, 0.9960524836255993, 0.9821643930832291, 0.981597837794542, 0.9581085331733619, 0.9586020731154693, 0.9916643401287896, 0.99272002027081, 0.9937605235069269, 0.9937987973434019, 0.9973116191353228, 0.9946809378101074, 0.9898416360336735, 0.9920141677060416, 0.9892194518872853, 0.9959402320121261, 0.9839158358789198, 0.9461590769122625, 0.9682915192412891, 0.9614839078452732, 0.9651248343847422, 0.9918912150359538, 0.9726850702669314, 0.9649108556034025, 0.985077996524394, 0.9533864387811523, 0.8880931913842094, 0.994313538844828, 0.9814968817674413, 0.9779281759175094, 0.9927842737825461, 0.9868246715059092, 0.986318259225615, 0.8726653060474523, 0.986544557104279, 0.9534151628154754, 0.9912332152466594, 0.953309861158625, 0.9583046421239121, 0.9680154760559113, 0.9867943300783201, 0.9265152549068623, 0.9031206678212659, 0.9842907797958074, 0.9731461567249391, 0.9867094529777453, 0.9903490417066277, 0.9886931126364481, 0.9864679804578864, 0.9745065551121425, 0.9734814284870607, 0.9717704356519629, 0.9872166667682287, 0.9812968256563236, 0.9057672393987316], [0.9804502914125671, 0.9835400619843161, 0.9811477180854354, 0.8900217451897126, 0.9847126760508126, 0.8611153502537771, 0.9658598649744433, 0.7354678724110923, 0.9886370837411246, 0.9890600271698278, 0.9629681658020759, 0.9857352523499961, 0.9308752865282391, 0.9743292224571694, 0.9334346115503609, 0.9423453202715742, 0.9834584433668259, 1.0, 0.9792188803638483, 0.9778148448340575, 0.9811876632987471, 0.9239254336397621, 0.9803988864173303, 0.9821241234926029, 0.9841170346132071, 0.9043758827903141, 0.9114880716918561, 0.9837677707521154, 0.9651974652238928, 0.9897754124268398, 0.9636101900033582, 0.8637094251204248, 0.9827244697663586, 0.9880242850481802, 0.9808161864125735, 0.9946728125675733, 0.8738792102612307, 0.9906794277084607, 0.9865345057925388, 0.8713430723608312, 0.6842078996989887, 0.9807440384353489, 0.9965943481535777, 0.9904828384640785, 0.9798372213570913, 0.9245026208685039, 0.9161269852473933, 0.9938967957322855, 0.9803251282871741, 0.9909802820372651, 0.9888313692260062, 0.9683953224292825, 0.989254293201397, 0.9727480662710317, 0.945207506065266, 0.9938067914789934, 0.9823087029255021, 0.9846101478451281, 0.9787494357939538, 0.979496082151391, 0.9800665054319632, 0.9950504186203774, 0.9886132867104992, 0.984756049299783, 0.9860040371899393, 0.9900726291166141, 0.9490515069271406, 0.9701415428537064, 0.9581210220735303, 0.9636889945527974, 0.9863025738471993, 0.9732415073636631, 0.9701432435839543, 0.980552668045763, 0.9447193738170933, 0.8783153201808553, 0.9821778704945595, 0.9774624072943701, 0.9754728768242981, 0.9933645627589078, 0.9982976446977806, 0.9852213072091347, 0.8666151995041067, 0.9889585224631529, 0.9818924577018006, 0.9766160279865345, 0.964318584108478, 0.9434420668693186, 0.9907472509976071, 0.9803472154625474, 0.9605875048329753, 0.9125234880651548, 0.9772869752277744, 0.9622454014196201, 0.9785680834920908, 0.9934922861675385, 0.9822000822731618, 0.9816685651536993, 0.974363791140048, 0.9701888208743692, 0.9745227873987975, 0.9730482114734462, 0.9897302421068002, 0.9173842965195862], [0.9845963374359474, 0.9711109580668967, 0.9839161090515132, 0.9304354462034088, 0.9831369730168317, 0.8903465209439156, 0.9888132928672378, 0.7525673610700265, 0.9789141492263446, 0.9775105995116588, 0.9376469578889457, 0.9815526307950251, 0.9717381544084117, 0.982711667848641, 0.9760908372815582, 0.9784869842733528, 0.9718203673976151, 0.9792188803638483, 1.0, 0.9808837357768486, 0.9790304019740356, 0.9734189594121674, 0.9657099428039205, 0.9742998126014041, 0.970962127014009, 0.9365148416589002, 0.9417084059954621, 0.9801377920613239, 0.9797134972789804, 0.9725350322986275, 0.9803206891876919, 0.9047792992356503, 0.9942683927365895, 0.9675627473809658, 0.987834303596676, 0.9684671083149358, 0.9167202063986554, 0.9835510813257589, 0.9763366751420383, 0.9108141908372316, 0.6975930536801234, 0.9832971797363081, 0.9733600748364821, 0.983402189837548, 0.9815691426034803, 0.9702486281037818, 0.9464003077658786, 0.9753170441763394, 0.9801794178711074, 0.9653073945082664, 0.9749455336335584, 0.9800615583219338, 0.9569082057849804, 0.9839103820711352, 0.9727365159037819, 0.972031601114929, 0.9814435122993583, 0.9804491893081774, 0.9799090470487893, 0.969447655060077, 0.9762750826751416, 0.9834807314148657, 0.9804158174985913, 0.9859123483918428, 0.9798214124380118, 0.9916448712516258, 0.977684201582252, 0.9902737115630189, 0.9874473681567402, 0.9879780135715112, 0.9849611303089466, 0.9939534426312061, 0.9861493910900271, 0.9860587108183301, 0.9746395665423525, 0.9132645261950267, 0.9811010777442711, 0.9859962740537219, 0.9887306078347075, 0.9752982806486368, 0.9774999695852888, 0.9876928344181234, 0.9069180320279101, 0.9877896030523762, 0.9799611792121987, 0.9826028965712891, 0.9829598411467169, 0.9774230798044612, 0.976737584215765, 0.986554381814942, 0.9733975582010644, 0.9534968538254871, 0.986044872523789, 0.9821814298925814, 0.9854476343778311, 0.9714435537240952, 0.9872669626942593, 0.9525230482358638, 0.9918675147927216, 0.9876086515623149, 0.9865155885055076, 0.9801079434018929, 0.958198269178667, 0.9599094894262375], [0.9948662667349861, 0.9901158923248335, 0.9944418233408685, 0.8974150942631974, 0.992247081810287, 0.8485300989807665, 0.9822869806411609, 0.7443234855462331, 0.9738668478867041, 0.9888979475773294, 0.963732292109118, 0.9897242401534221, 0.9375973933038068, 0.996178409686188, 0.953148184198815, 0.9654800085822642, 0.9930796565767338, 0.9778148448340575, 0.9808837357768486, 1.0, 0.9967530706300959, 0.9380285022543579, 0.9882666295713074, 0.9946586215095587, 0.9911009876296709, 0.9245553633711806, 0.8789110306730821, 0.9950366159223798, 0.9872052118771545, 0.9880410880139743, 0.9540117403408197, 0.880751676453228, 0.9882921561399718, 0.9882135129091854, 0.9955867956739324, 0.9772435039562944, 0.8907798974190441, 0.9641441010936511, 0.9881568452366547, 0.8845924760403722, 0.683822662351636, 0.9971326296476012, 0.9704715734940571, 0.9842181199376403, 0.995607955702737, 0.9424923117603757, 0.9036491552508118, 0.9774190380748399, 0.9782813817094886, 0.94953