[[1.0, 0.3293612829949364, 0.25901739960635844, 0.1329536156531207, 0.2384552794126171, 0.07618773423555858, 0.2808946172999818, 0.03424091165882431, 0.21728629953673712, 0.08560455897746093, 0.0317746845882139, 0.2223863551876766, 0.21385931302829492, 0.36329389380020033, 0.1035168623951501, 0.1337323966299789, 0.16441107629835802, 0.08132559199180649, 0.15904296480694055, 0.30838851140960893, 0.3872634236752494, 0.2880989671475363, 0.4629206655809742, 0.2792664038176115, 0.41033085440426653, 0.09373035061452362, 0.10093848152457136, 0.38064045099667176, 0.22541987837562608, 0.11966806734357847, 0.30037013409767377, 0.09486492143281079, 0.14029133719679493, 0.45727569500849324, 0.20283711852514125, 0.19385698165847362, 0.1205030922865539, 0.05305614916754601, 0.32259456465391767, 0.1769988334418357, 0.025736685773755354, 0.3904094349812195, 0.05020779230756647, 0.346419186167263, 0.24104578770281457, 0.21842230255490047, 0.3790083201191838, 0.368272950003841, 0.3797936879509387, 0.07581286721651677, 0.20188058419068525, 0.3324695594877747, 0.08329518702256458, 0.36486619448583757, 0.15305382252641325, 0.09235106108350047, 0.41947093348636943, 0.31385939364474275, 0.29715455564413557, 0.1197469839850321, 0.30766661424921277, 0.37467537441829035, 0.27212066330968065, 0.42484063563732344, 0.35663347707600557, 0.42690164098787375, 0.4733849964959078, 0.22194794010692168, 0.4397619890355704, 0.5246481251657017, 0.36487359281528614, 0.34959372001702477, 0.364602931631814, 0.272492653330883, 0.2196723608119158, 0.09478962061931265, 0.3099956241418179, 0.28617188198647736, 0.33480632945827504, 0.11153029349460018, 0.13856760802647752, 0.2867818919333893, 0.07393221585214739, 0.2503850414966979, 0.40242179124766664, 0.1356577054298083, 0.40497285550609635, 0.08779219841331828, 0.23362177365103748, 0.31000346522830013, 0.40654379961888726, 0.20211017015572125, 0.21357900769805216, 0.29438362007855584, 0.4044890792494557, 0.28382975456817, 0.566250678007127, 0.1038744083048292, 0.22965044297327078, 0.25422027951916726, 0.48219802136912854, 0.424107257747373, 0.06140411780123688, 0.15539979470324322], [0.3293612829949364, 1.0, 0.3024484018976758, 0.11913423285008932, 0.3555582056635316, 0.06651221421969304, 0.36336688755452845, 0.03269058730405286, 0.29773570843057573, 0.07737342431728489, 0.03011792808178828, 0.34351099141084784, 0.15967907688227354, 0.531197001371663, 0.09398437124505532, 0.11431684322613625, 0.13287308581644822, 0.07729992718775248, 0.14963779423728313, 0.450563485045818, 0.5385331209924001, 0.21746205626679777, 0.4384815387354015, 0.4796972366241637, 0.3645396302218973, 0.08137233504767472, 0.08639276237281747, 0.49249012445521867, 0.18578153571048117, 0.0985445266642024, 0.3708323991520454, 0.08484735354743426, 0.1169385482217792, 0.30993522232662846, 0.31522161767940254, 0.163357431235495, 0.10422407129519769, 0.04998399138313115, 0.33425932776032596, 0.14365628948636225, 0.024684223469659938, 0.4047171453367368, 0.04750227450220199, 0.21464382907961108, 0.3993578756032894, 0.16568870176613096, 0.29247366093150745, 0.3180839878345079, 0.4616992967105393, 0.07176008512264707, 0.1875621608189744, 0.43291043277568597, 0.07663575326164, 0.453793919265687, 0.15652514000699722, 0.08108421101367727, 0.46951970170211027, 0.36175050317087304, 0.2063725824695761, 0.09759546303286766, 0.5661079379611107, 0.3119123163656046, 0.5150387818245336, 0.4084580850116897, 0.2293974125583179, 0.37582048372007354, 0.3291322964915339, 0.177018895913772, 0.28151221800822096, 0.3675110133286971, 0.5255787722602779, 0.37190932626752393, 0.4035282031191477, 0.40005686555808545, 0.18154946012036358, 0.09062064372935612, 0.3542516725329276, 0.4711449101110583, 0.5572142332007959, 0.09278112177102932, 0.1279472753909194, 0.5799986743442356, 0.06864112632452943, 0.3741340308907241, 0.24435520999214289, 0.1158680370887, 0.2889663258446924, 0.07645996373337241, 0.20968555032179867, 0.5085840953999983, 0.2898647736607696, 0.17474748308747923, 0.1818248271189698, 0.405758720295614, 0.3040420410670802, 0.19497010954043262, 0.359932544291709, 0.08988925499333697, 0.36942405491774016, 0.4567621720646386, 0.3054832188685136, 0.4984794597434026, 0.057653484455361746, 0.12145158131732207], [0.25901739960635844, 0.3024484018976758, 1.0, 0.1116940860755477, 0.2560901969894255, 0.066689346979535, 0.2498638924576115, 0.03195469960470893, 0.2391762322830425, 0.07440026749042879, 0.0299284679429867, 0.26236504218943796, 0.15195331979537485, 0.3196486949967635, 0.08913072200284354, 0.10787298278482585, 0.11834921826651223, 0.07380503150062016, 0.13146467546688176, 0.3782107843240233, 0.3010470534370345, 0.18829435203113876, 0.30692094811745296, 0.2807804841179304, 0.2788716428725943, 0.07848754979799472, 0.08251417498006286, 0.31428105107063636, 0.2246271796030749, 0.09778065334529039, 0.39946449831070513, 0.07975556541216366, 0.11212475329622379, 0.23484367294867123, 0.26627179222111724, 0.140229222700536, 0.10089512791882542, 0.04892318468742331, 0.23342090555586625, 0.1262117242583049, 0.024490411419708903, 0.28331943123910147, 0.04596656209581309, 0.19356163967990195, 0.30437607602562705, 0.1518094471454944, 0.21111666725324857, 0.3093541314847161, 0.3030325680826125, 0.06832582404830391, 0.2026424721378001, 0.28510422076461395, 0.07179985818803804, 0.31819955721349125, 0.1409903167226583, 0.07702964776444832, 0.29812148367770597, 0.3932863299220794, 0.22011072711847382, 0.0972472633893959, 0.3256409626656615, 0.26848239323984474, 0.3029564337649193, 0.27452883939152606, 0.20763977482209134, 0.31037042852000674, 0.2500388873714212, 0.15666148187737194, 0.22668250435374904, 0.2948237933751031, 0.29131614133469175, 0.3047288458618974, 0.359846554911834, 0.34913775065616337, 0.1568137480323014, 0.08617481964311524, 0.2596652929022942, 0.3537968046441028, 0.3328205017999141, 0.09018621778422503, 0.12231135531180154, 0.31418153019136746, 0.06571727831112271, 0.28696031394293914, 0.24381743447452894, 0.11132567060333838, 0.2502950376356504, 0.08114000678781509, 0.19517833435496115, 0.2969684485170747, 0.24894185497095267, 0.16263636622350686, 0.16492116821612374, 0.3663381825498117, 0.29779108310447294, 0.16685643457709817, 0.2511864792201509, 0.0910251492197823, 0.2885769913466411, 0.29585790900805786, 0.2720462709071396, 0.29928749812257377, 0.056073479957495634, 0.11370665448348748], [0.1329536156531207, 0.11913423285008932, 0.1116940860755477, 0.9999993256508786, 0.12457379793820773, 0.07555133645918488, 0.13469600871037987, 0.04125001971692084, 0.12771830439532997, 0.1287397563230998, 0.0362660405634679, 0.1194660874488773, 0.16859348083729314, 0.1190539707604049, 0.20560100873316906, 0.28790596682994096, 0.1772708774863986, 0.16560104488238836, 0.19861015635824275, 0.11701203995848222, 0.12245185383746911, 0.18515552104522465, 0.1277721001697248, 0.12323175750864461, 0.13487875841936073, 0.1446183159071879, 0.13351699776361772, 0.12253974816863557, 0.12719388917494848, 0.14165698235563914, 0.12318222589526838, 0.15944649289195748, 0.23240374243364031, 0.14258831154270155, 0.1063745352408467, 0.22288139578042207, 0.21876647027256754, 0.07700130200029798, 0.1505499154730779, 0.17907790357148756, 0.028959694998294414, 0.13407026574854125, 0.06993025867598017, 0.15048022840969932, 0.11397690385788625, 0.1491024395998696, 0.13910692717442347, 0.13244260836610308, 0.124276291954761, 0.14385713265564012, 0.16665764756075377, 0.13524874304470377, 0.13530583626550313, 0.12849139451578892, 0.2103085409704025, 0.1470149045074868, 0.13007769222886179, 0.12058737572445194, 0.11839913288258239, 0.10668094973597093, 0.12081312307776544, 0.14665898716912634, 0.114230390487876, 0.1329446554543641, 0.13407950594931106, 0.12437298694410795, 0.1396960560103387, 0.2075789117415227, 0.1557972462173405, 0.13357701105028139, 0.1299378378911655, 0.1290788980186898, 0.12477431671884585, 0.12194664656193104, 0.20255834198589256, 0.22276535777443282, 0.14586973099680622, 0.11642165794041325, 0.11677160923380599, 0.11769214359797964, 0.3607031304294848, 0.11341827672592829, 0.12481582630356595, 0.12327243840749859, 0.13192189948416758, 0.2270180730520503, 0.12026474759372621, 0.09413208428322668, 0.1938064141696335, 0.12500541719086122, 0.13177667612782168, 0.1768237389467652, 0.22987397100277768, 0.11823458315653375, 0.12299722457438923, 0.14839235396142877, 0.12902531093067715, 0.16163794030806375, 0.11407014096872155, 0.11383901164144275, 0.12380301684247454, 0.12496086341005151, 0.09685223120712877, 0.13154321497086355], [0.2384552794126171, 0.3555582056635316, 0.2560901969894255, 0.12457379793820773, 1.0, 0.06257820895035374, 0.4860539327457144, 0.032731618476523804, 0.5009340834829524, 0.07871646310790344, 0.029804079957484048, 0.5441439555786436, 0.14609258989340074, 0.3207399193523724, 0.09759471383379284, 0.11528436824766373, 0.12711791522123894, 0.08092624727695226, 0.16350655568092598, 0.3352101388473915, 0.31360125959653945, 0.19799145130099066, 0.2821737306071378, 0.504556493339862, 0.29694809172395853, 0.07940006010734156, 0.08199042180828313, 0.31541811468450004, 0.16912489149864052, 0.09292838163856743, 0.32160567847703647, 0.08529305715272666, 0.11521175091451896, 0.24524368972827754, 0.3902160804712282, 0.16448720012607457, 0.10261472983464931, 0.051092644357339054, 0.32655875721304684, 0.138599196075694, 0.024563651727250512, 0.31404457768985417, 0.04824964632205248, 0.17934171966342688, 0.4526944292135311, 0.14827892969418377, 0.2322121218191518, 0.26312954663031174, 0.32386121027716125, 0.07471766806936188, 0.19821494037802567, 0.4102511364481402, 0.07852527057548903, 0.3499993760257648, 0.18369880183027512, 0.08011455471087314, 0.3415924621263265, 0.2950552620155653, 0.1655521277081339, 0.08938017034844115, 0.3863001720207106, 0.26166458174345764, 0.40940946226943775, 0.3110792310846766, 0.1781031457833823, 0.2602422834181945, 0.2612535697682658, 0.1689517693821881, 0.23713769775382804, 0.26735558735833703, 0.3539849171682831, 0.332436075624248, 0.29703588883622223, 0.4023226429790816, 0.1881879733472881, 0.09707535011704979, 0.35499149384075773, 0.38013468550852336, 0.34166181247560684, 0.08718668430051876, 0.13728890040166444, 0.3555289805129373, 0.07043257466567328, 0.5319009532880482, 0.1975690306690387, 0.11527269685510547, 0.20440856537346555, 0.07293204660858654, 0.2219822105428952, 0.4531136540576854, 0.22980722845885757, 0.17496855722967203, 0.18963859255817186, 0.3424382217051114, 0.22022216239139863, 0.17236715986505693, 0.24754807064359394, 0.08857737235038263, 0.47702638865384345, 0.46575503712872, 0.23037732413552298, 0.305917218688897, 0.058856714069662884, 0.10945035615482698], [0.07618773423555861, 0.06651221421969306, 0.06668934697953502, 0.07555133645918488, 0.06257820895035375, 1.0, 0.06598139093311481, 0.04384126656505857, 0.061380164192259085, 0.0871201678889546, 0.046070923910852234, 0.060996625099199106, 0.0946761014601714, 0.06822571294746757, 0.07900439264484979, 0.08883705250299795, 0.09499366538126898, 0.0629562590493203, 0.0715667714897747, 0.06623474691375551, 0.06913431845149563, 0.07915809716087652, 0.07147329460445506, 0.06444725923969324, 0.07253330896464034, 0.10991005269954718, 0.1208064869354228, 0.06929867344661547, 0.07961170534286105, 0.13053827447443778, 0.06799928776444229, 0.08920027559136182, 0.09386234789978355, 0.07621837856381376, 0.05914083739342041, 0.08011820243335947, 0.09276812762729783, 0.059864890270449514, 0.06991505079155924, 0.08955719770935647, 0.033856633074357684, 0.07073989398707908, 0.057665730780901626, 0.08627173129587987, 0.06211347817078908, 0.09163647190683848, 0.07609503422723328, 0.07337577811342304, 0.06955450009180257, 0.06350110794510884, 0.07132291634323855, 0.06764411930855128, 0.07691821832482527, 0.06902707669372768, 0.06293249990410893, 0.10325952800635516, 0.06992396728538773, 0.06804952658718362, 0.08490912802966204, 0.16451240357949484, 0.0657265223243013, 0.07214638171190271, 0.06374263314977646, 0.071417363863832, 0.08298694538909601, 0.07203116817099514, 0.07505383819310839, 0.08212041418137309, 0.0771683338429868, 0.07336332177267633, 0.06830493984680747, 0.06945520318075325, 0.06985424490458038, 0.06496784855257504, 0.07827199018430793, 0.06308699524311911, 0.06799798483601938, 0.06492057280636812, 0.06679794829943744, 0.1500395656221112, 0.07068183233197912, 0.06454082410464748, 0.07248344473414048, 0.06338391575352097, 0.08086405891942465, 0.09036473923607624, 0.07656845578589512, 0.12124373575688063, 0.07229607210730699, 0.06616795664743275, 0.07640758404762324, 0.078879387885648, 0.07658879518002415, 0.06615945338667124, 0.0749413180374769, 0.08741609989939866, 0.07461544890683795, 0.09700509409641894, 0.06130355193957733, 0.06275237009245437, 0.07592909351003264, 0.0703397778931067, 0.06495876450758123, 0.11833489587801042], [0.2808946172999818, 0.36336688755452845, 0.2498638924576115, 0.13469600871037987, 0.4860539327457144, 0.0659813909331148, 1.0, 0.03355522755516622, 0.41925297016098306, 0.08293830880660649, 0.03054276952146473, 0.37397479767586594, 0.16325552246027547, 0.3497286553612803, 0.10411873151770183, 0.12544754592511512, 0.14311421113398767, 0.08381740527646041, 0.17593151510574281, 0.32243977179105177, 0.34939121638586995, 0.22869297573865535, 0.31409048208457196, 0.4567470819460235, 0.3523179440035091, 0.08501648989057667, 0.08808971091434578, 0.3432985841699313, 0.18192192773780716, 0.10012751069699127, 0.333687711197979, 0.09102093562801516, 0.12467991703527762, 0.29396944723127055, 0.29548360311143396, 0.18853215525782197, 0.11067083144574245, 0.05270817042042677, 0.4014497825057202, 0.15575610192981387, 0.02505582813222714, 0.36812949729641575, 0.04978827189810582, 0.20625604556746524, 0.35693580226395333, 0.16929145738727006, 0.2716497608071518, 0.3052709065705258, 0.3677972073075947, 0.07760383625046838, 0.21447229788502084, 0.4538835345716302, 0.08290410093346372, 0.398296846446701, 0.18928202233252253, 0.08582311427994865, 0.4020212145462876, 0.2993913100557289, 0.18362691165291317, 0.09627907853595315, 0.3783921945740896, 0.29624614946049743, 0.3679559045809942, 0.3771707455698416, 0.20178111975243246, 0.28651216528587603, 0.3143190572698356, 0.19458010397264966, 0.2878276278072476, 0.30720031838648426, 0.4001718937091271, 0.37387723082232815, 0.3184609085924622, 0.3718651997257074, 0.21950900136747503, 0.10076521814116185, 0.4019454160623419, 0.3510676488652863, 0.34768011841413105, 0.09368573250654429, 0.14564612246662997, 0.3340712793374277, 0.07359882547233523, 0.42100438350529934, 0.22274609116020536, 0.12499448975312719, 0.22711081446358783, 0.07649474750013545, 0.24458853651021573, 0.46951349101120454, 0.2649276711193585, 0.19312249919968594, 0.2158597581106772, 0.33173244080788067, 0.24052746109561135, 0.20151382905422693, 0.29213151064532966, 0.0941470186818033, 0.3519151548916257, 0.3805830068960741, 0.26171865330069366, 0.34296878276136156, 0.06100981249771846, 0.12071210156862602], [0.03424091165882431, 0.03269058730405286, 0.03195469960470893, 0.04125001971692084, 0.032731618476523804, 0.04384126656505857, 0.03355522755516622, 1.0, 0.03269086892914974, 0.050986933215474345, 0.0839534755199091, 0.032208288096795594, 0.038142245060412715, 0.03276868444690991, 0.04619452018190264, 0.04292144474153129, 0.04100226057352955, 0.04690755329822872, 0.03858976416038421, 0.032291279957415556, 0.03308402833834102, 0.036511349839337064, 0.033484086249355234, 0.032791988232629896, 0.03405268187927796, 0.04908397503543027, 0.046704000238233075, 0.03303881530164451, 0.03438968991883447, 0.04258161587616313, 0.03295608803473331, 0.05011595156199834, 0.042005334207400186, 0.03485834364898186, 0.031208665612076737, 0.03909849261338581, 0.04401281420142503, 0.07148710314061896, 0.03467573993565707, 0.04015571608960997, 0.0711146463792008, 0.03380861971001213, 0.08535303101748948, 0.03614175289880427, 0.03192854632026871, 0.03784727196852787, 0.03506766884065241, 0.033946213057255994, 0.033268355292851784, 0.05049976805861482, 0.03530318779842074, 0.03353085073557883, 0.052503907455314754, 0.03331813979428332, 0.036296762011944, 0.05116514178229776, 0.033556923813930745, 0.03254767571820896, 0.034207967239203475, 0.04026056289674806, 0.03257444998268162, 0.03416478999400483, 0.032121734321451906, 0.03386308468341252, 0.03492823455369234, 0.03323533759624894, 0.034597107527319974, 0.03794087776298091, 0.03531468283530129, 0.03387760661535224, 0.033356946690953314, 0.03335899092205574, 0.03303577094830952, 0.03256487857849384, 0.03789195278552639, 0.04280023434968797, 0.033978653064424984, 0.03222383735623795, 0.032461563734175636, 0.04375739840371348, 0.03922142630461416, 0.032108245944498987, 0.055892374370084874, 0.03261497293791333, 0.0344269857767526, 0.042533457908687, 0.03356044639438517, 0.039881646329973146, 0.0360176018727497, 0.03299598169216352, 0.034195346488521045, 0.03759290495792203, 0.03760361737288985, 0.03236230641236966, 0.03338865973317643, 0.03683987479109485, 0.03403274681657226, 0.04321655042862594, 0.03187885825730123, 0.03203494200089883, 0.03370582018634712, 0.033302110458812255, 0.063024086289612, 0.04005240891048986], [0.21728629953673712, 0.29773570843057573, 0.2391762322830425, 0.12771830439532997, 0.5009340834829524, 0.061380164192259085, 0.41925297016098306, 0.03269086892914974, 0.9999988319936362, 0.07752030482936258, 0.02971170675267828, 0.4840544064572856, 0.14016871414163742, 0.2794118566739813, 0.09753811221605954, 0.1148390350140164, 0.12344100599714472, 0.08254736754999933, 0.15882459006351984, 0.2953312011753505, 0.2712895994617459, 0.19334197595077307, 0.25020829782863735, 0.38565298738353415, 0.25690594491312146, 0.07946800702627793, 0.08150169592843534, 0.2715948859751152, 0.1624844933541364, 0.09172122121273434, 0.28248881880481247, 0.08459611842855697, 0.11393773977011495, 0.22192459943994472, 0.35187336450747686, 0.1603825168349185, 0.1023930387807457, 0.0513468857077879, 0.29076845148522384, 0.13293341537547745, 0.024511394659126592, 0.27617959714757595, 0.04833539143435924, 0.16885782740231325, 0.3781438520155429, 0.14137851543522556, 0.20651908204078367, 0.23982020971056023, 0.27494523985948255, 0.07579302442574168, 0.20113584468524545, 0.34704089117942016, 0.07801250727967522, 0.2980807072828494, 0.1959853742663828, 0.07974618482657503, 0.2903176325894333, 0.27282583403903515, 0.1561990469776937, 0.08692220074823905, 0.3285763609277558, 0.25374460763562784, 0.33552883939567063, 0.26935432296979367, 0.1691248174681808, 0.23655103719578982, 0.23312319861064376, 0.1665929315101614, 0.2219073988191819, 0.2435108516366367, 0.3107874656020593, 0.2895678160593908, 0.26673088095421227, 0.3484269591723013, 0.18102153516756686, 0.1000549253803002, 0.32870431254973714, 0.322153941632675, 0.29113881475311454, 0.0849353684377021, 0.14203618654780853, 0.30242519940593127, 0.07051851922274353, 0.4192822957622927, 0.1849025044791623, 0.11369903604334544, 0.18979460426979092, 0.07262801313866685, 0.22019155172076213, 0.35230034927122655, 0.21126419896908163, 0.16509213814315682, 0.18743147281577086, 0.30192569397035957, 0.20406239321385553, 0.16074498716729071, 0.22228003105103955, 0.08928576713469721, 0.3973850505983292, 0.36749891219637265, 0.2087057376269663, 0.26420844823997874, 0.059253727356404856, 0.105682588524666], [0.08560455897746093, 0.07737342431728489, 0.07440026749042879, 0.1287397563230998, 0.07871646310790344, 0.0871201678889546, 0.08293830880660649, 0.050986933215474345, 0.07752030482936258, 1.0, 0.04349074940463786, 0.07551779897583229, 0.11349462771480427, 0.07779597243568644, 0.2085946790543354, 0.16172821570025764, 0.1328119095669655, 0.1237640598657052, 0.12234559715010009, 0.0760338139743916, 0.07923527109136431, 0.09936026713110037, 0.08172363379920408, 0.07852872034515544, 0.08674456312154606, 0.13826878138112902, 0.12188312927430103, 0.07987039951562078, 0.08819234706676475, 0.12282648039432513, 0.08010514663639574, 0.24415092427378668, 0.1465991318349643, 0.08977456858615057, 0.07060871355989747, 0.12199583088266627, 0.1529625320014107, 0.10545477841907139, 0.08940075553992255, 0.1332709797102074, 0.0337579047715164, 0.08405472754030287, 0.09594334021493083, 0.09706006563959664, 0.07416718505824076, 0.10709105360829475, 0.09093518320552048, 0.08541536695632532, 0.08110698364242319, 0.13340020115764478, 0.093351959689932, 0.08284483934707443, 0.2391647313364582, 0.08202621296895239, 0.09457502431556111, 0.18082564159789566, 0.08291301885012958, 0.07742215472128083, 0.08332729182937236, 0.1020929019194869, 0.07693643370847035, 0.08478294892913735, 0.07474169211605407, 0.08437266252321807, 0.0866059216992405, 0.07982915827155247, 0.08900004909761582, 0.10784653363345414, 0.09226312245238087, 0.083992910721779, 0.08077020344945693, 0.08270481467068791, 0.07999567163257973, 0.07813792405580322, 0.11540177628532906, 0.1170622977353074, 0.08456534084090107, 0.07583348891356087, 0.07647609893429815, 0.1332675889512736, 0.11490583208997712, 0.07433991121602299, 0.19908772887699758, 0.07815400950307375, 0.08695080671155096, 0.1607449163247178, 0.07995007382531567, 0.08787501009046535, 0.09941631803471147, 0.07988403916999189, 0.08539370671856324, 0.11475283226008419, 0.11213206540060638, 0.07654624443072096, 0.08078504711041296, 0.1020658634725075, 0.08392747598047468, 0.12361687062838725, 0.07401215472419481, 0.07464211345171376, 0.0830117847601903, 0.08084113020830935, 0.12549832441307607, 0.11135396856298321], [0.0317746845882139, 0.03011792808178828, 0.0299284679429867, 0.0362660405634679, 0.029804079957484048, 0.046070923910852234, 0.03054276952146473, 0.0839534755199091, 0.02971170675267828, 0.04349074940463786, 0.9999998314126344, 0.0294001133060442, 0.03548484896676893, 0.030289641126361063, 0.03935849664780965, 0.038247434800247, 0.03681200763953801, 0.03849475323314563, 0.033903326468436676, 0.02996970208739138, 0.030540595492857224, 0.0334650237490364, 0.031026394278268175, 0.029992837447934663, 0.0314301970379317, 0.04423269723301364, 0.04293496036086211, 0.030597474393664628, 0.03265384672834022, 0.04067315211461344, 0.030505863608716526, 0.04257374229529495, 0.038167931944122796, 0.03207331574623692, 0.028660664965536174, 0.03479423907632421, 0.03960642957962193, 0.05257549913019817, 0.03150037322650301, 0.0360809833033664, 0.10856635736732634, 0.031090058078144734, 0.05446714527099117, 0.03360949572327411, 0.029319465211668904, 0.03490345401280264, 0.032183337162217614, 0.03149455687953924, 0.030662163721751262, 0.04029387333474258, 0.03250365489466512, 0.03071954461350679, 0.04230034031428902, 0.030761911584111006, 0.032054101484095016, 0.044475918810659994, 0.030887906234786364, 0.030346304157652066, 0.0324821713343966, 0.0394009469018598, 0.030012723659626185, 0.03158379511823593, 0.029562287499302113, 0.03114957815584154, 0.03276641503925952, 0.030935067590604298, 0.03184346187908901, 0.03440511456499692, 0.03247244497400368, 0.031403454345382296, 0.030651522142552786, 0.030842816549303684, 0.030708726305755697, 0.030046998318493556, 0.03399292515130474, 0.03607393816029813, 0.03102358406874018, 0.02979572704054196, 0.030035990060831873, 0.04180469535188709, 0.03476310308650976, 0.029640974386191152, 0.044373570819859556, 0.029823199948242646, 0.032336489024045637, 0.03824992643621872, 0.031421418120980295, 0.041363344914753894, 0.03277413235962826, 0.030243566815321234, 0.031739022021121235, 0.03403328218466957, 0.033956789249868, 0.029981172762848392, 0.03134217424096319, 0.03392390514027576, 0.03150213921157302, 0.04087508838089014, 0.029225199431602896, 0.02942337950168599, 0.03146841266946689, 0.030781339936824047, 0.047969045092568136, 0.03763506098298055], [0.2223863551876766, 0.34351099141084784, 0.26236504218943796, 0.1194660874488773, 0.5441439555786436, 0.06099662509919909, 0.37397479767586594, 0.032208288096795594, 0.4840544064572856, 0.07551779897583229, 0.0294001133060442, 0.9999990463265931, 0.13828089431257817, 0.3028107099980129, 0.09325008484087126, 0.10983186455993982, 0.11861916218353856, 0.07922949393925585, 0.15310109590655635, 0.34239840555483037, 0.2950735663708984, 0.18718553936404128, 0.2701509543358086, 0.4506610363794537, 0.2656717968241842, 0.07686857552039625, 0.07940301699401349, 0.29786095503078713, 0.16288689153627783, 0.08999892310807954, 0.30432000667626385, 0.08176165103865303, 0.11071221224980851, 0.22423765370166476, 0.4725666840197247, 0.151699820084383, 0.0989334171819926, 0.050020629703912016, 0.28542015984687574, 0.12877158199745126, 0.024271797098057303, 0.2873879705722835, 0.04721076354726795, 0.16860996213839677, 0.4998439277475102, 0.137659682588412, 0.2132976765767981, 0.24290256371584806, 0.2962298336689918, 0.07291411403787977, 0.1870668661540111, 0.37194317875657046, 0.07533553814450752, 0.3175800265355267, 0.17825144472681723, 0.07707292952798678, 0.30759042472999626, 0.2961686088580251, 0.15888579405364822, 0.08629818140103489, 0.3871298622504496, 0.25231900839284743, 0.4136079087970127, 0.2782616706716102, 0.17066184679623778, 0.2530605507636486, 0.23760420559943263, 0.1591580249109556, 0.21743424474541545, 0.2527046684669623, 0.3359634069059086, 0.2987456943130342, 0.28764072378740224, 0.39865719379753667, 0.17001516494696786, 0.09487569416473123, 0.32593004537953724, 0.386437708919562, 0.3345286695994686, 0.08389438119063153, 0.13312178688820941, 0.36797968119770147, 0.06832956336362135, 0.5150479602446691, 0.18774226427913066, 0.10982317615002765, 0.19747766645669007, 0.07177243921201532, 0.2098140594614241, 0.39910905600821656, 0.21634296017250987, 0.1632993634555069, 0.17560084109748902, 0.3450853988388194, 0.21401355802517108, 0.1584155359231075, 0.2293249769255619, 0.08628853531422553, 0.559413227319912, 0.46880273734342476, 0.21629836612612544, 0.2871554196983322, 0.057540481395667094, 0.10408259010454889], [0.21385931302829492, 0.15967907688227354, 0.15195331979537485, 0.16859348083729314, 0.14609258989340074, 0.09467610146017146, 0.16325552246027547, 0.038142245060412715, 0.14016871414163742, 0.11349462771480427, 0.03548484896676893, 0.13828089431257817, 1.0, 0.1655656227917477, 0.13545631589229365, 0.20618925469105517, 0.2370634022955237, 0.09557936062311824, 0.18151207950399242, 0.15740808381573093, 0.17288233988317495, 0.27955525948579063, 0.18960869626577273, 0.15397705244144294, 0.20767778033317152, 0.12651537824378342, 0.1364637942746314, 0.17706375903891908, 0.20811124090568262, 0.18956121914722238, 0.16807577470610977, 0.12705488926759498, 0.2312630479580052, 0.22993606768544284, 0.12582579568178065, 0.24013366071316383, 0.17921178836992108, 0.0625207913704055, 0.19366488223185216, 0.2505521081990496, 0.028104759176339165, 0.19068074013804714, 0.05822778934728015, 0.32934688844441523, 0.13992209120634233, 0.2656043868355917, 0.22334618793417804, 0.19877950774903697, 0.17712381144565265, 0.08978580868406316, 0.18502626534221972, 0.1749916424966168, 0.10378849003823487, 0.1809260651563157, 0.14369435785345108, 0.12449835012671982, 0.1831729350208148, 0.1678855616432965, 0.21229974778344587, 0.16655419010020148, 0.15787928559585082, 0.2013146529013057, 0.1457515366783959, 0.19289006752736923, 0.2440379361286426, 0.18672444727169496, 0.22220491150233823, 0.2727303793223994, 0.24555410214932602, 0.2030643251762972, 0.17471932233249085, 0.18137454169158676, 0.1817047850395447, 0.15645517028452213, 0.24165947537442536, 0.10889017914667358, 0.17944884684917597, 0.15304719925681828, 0.15856893047263548, 0.16289362214067568, 0.16465175389093806, 0.14804121828121503, 0.09214368027737577, 0.14969171019232713, 0.23976000514476822, 0.20921705911951158, 0.19435557740715392, 0.11322070298221733, 0.21629623895806308, 0.16284634242941867, 0.21597549888229092, 0.2450513096490505, 0.2448145346308409, 0.15798838793033543, 0.19995931972645936, 0.28297687900908025, 0.20105116306020057, 0.14588432381411418, 0.13716393158214527, 0.14208354183627508, 0.20160188275937188, 0.18128840656435494, 0.0734346306228764, 0.2260205118792888], [0.36329389380020033, 0.531197001371663, 0.3196486949967635, 0.1190539707604049, 0.3207399193523724, 0.06822571294746756, 0.3497286553612803, 0.03276868444690991, 0.2794118566739813, 0.07779597243568644, 0.030289641126361063, 0.3028107099980129, 0.1655656227917477, 1.0, 0.09386929602783561, 0.11532648541892902, 0.13643024030703155, 0.07659300325824742, 0.14687881108435674, 0.4416358944630181, 0.5974080533332703, 0.2172969215847399, 0.45256950042702665, 0.40984053742242504, 0.38150195987333974, 0.08284134150891932, 0.08799487040794547, 0.4947264596434502, 0.19193616635892227, 0.10114235780561737, 0.3748706062073135, 0.08503225487581935, 0.11812051549155277, 0.3313904308530617, 0.28850960771144674, 0.1638897760536968, 0.10451951575289588, 0.05003796922804488, 0.3205976134123373, 0.14496986110247526, 0.02478395011135509, 0.43809585522727684, 0.04750094046732047, 0.22695978504153408, 0.37040055608114414, 0.17168641941532026, 0.28556517831518247, 0.334086944044411, 0.5539609188772574, 0.07124981989372793, 0.1886427138042502, 0.4009143873396037, 0.07662103010410048, 0.44228865561509195, 0.15139058982717404, 0.08206172184674847, 0.4870405265349065, 0.38386184625045816, 0.22647255500989472, 0.10160560593287045, 0.49953257395978423, 0.317610373404682, 0.442233260546155, 0.46075765894221393, 0.2453099079170123, 0.42844456117534874, 0.36125046759636, 0.18010550201878406, 0.2964592758282268, 0.4006496997571901, 0.48554192081789516, 0.3861516482793313, 0.444158597149298, 0.3696165627723179, 0.1845284032537073, 0.08968871992208922, 0.3419234367684158, 0.43679955308560137, 0.546829096564864, 0.09458243448924587, 0.1270051467158789, 0.4688961630978782, 0.06863746753248666, 0.35126121977501584, 0.2698516635961615, 0.11622214583031203, 0.3314060233758585, 0.07822171341415016, 0.20660154937149192, 0.47298335016601506, 0.3353461557135258, 0.17371037712545978, 0.18168984044502318, 0.42765921602082063, 0.33438441832751425, 0.20475064831253084, 0.3878241075178474, 0.09121722728730901, 0.3390214885272665, 0.4002557740145708, 0.35264792939640155, 0.5240267450917828, 0.05763575003619649, 0.12540595169004795], [0.1035168623951501, 0.09398437124505532, 0.08913072200284354, 0.20560100873316906, 0.09759471383379284, 0.07900439264484979, 0.10411873151770183, 0.04619452018190264, 0.09753811221605954, 0.2085946790543354, 0.03935849664780965, 0.09325008484087126, 0.13545631589229365, 0.09386929602783561, 1.0, 0.23349413735387028, 0.16553241061096588, 0.16763790506607185, 0.17197718027065573, 0.0915023130302439, 0.09611300300555571, 0.12870785536015847, 0.09916874768640488, 0.09675739935135359, 0.10595459298566579, 0.1461756027687775, 0.12929652952687423, 0.09655866585668232, 0.10494856575967305, 0.1281250099579494, 0.0983994340931328, 0.2685930234998427, 0.18784548390195657, 0.11022797436608239, 0.085228342331179, 0.17126661121287434, 0.2175805769410925, 0.09300195920386224, 0.11353345484830626, 0.16969229856842152, 0.03116416804360049, 0.10310564268920021, 0.08500434067166182, 0.1169629029940256, 0.09001042536245034, 0.1315668336910687, 0.11177901049792267, 0.10557669705804192, 0.09822357070517039, 0.16943008668198484, 0.12205416669423169, 0.10285273689488074, 0.22896288825062588, 0.10028259803009615, 0.13256298360683902, 0.18122400850051987, 0.1014479078112594, 0.09323838019207922, 0.09750377667494965, 0.10183030229853873, 0.0937626473172833, 0.10562026239821161, 0.09063839631461622, 0.10324003246472194, 0.10343408246917456, 0.0960822170957801, 0.1088704093254826, 0.14331727204819528, 0.11549227011124645, 0.10228218885453566, 0.09972254823884281, 0.10066252897688928, 0.09661910809313895, 0.09562256135545344, 0.1552746642794905, 0.17506504110173285, 0.10659737991433667, 0.0915889218433291, 0.09223216032916531, 0.12596646200699643, 0.17026287984831814, 0.08982548368424792, 0.18402904334360176, 0.09606135611756982, 0.10279080135370076, 0.23552758051972383, 0.09462140733947702, 0.0882150921396307, 0.13147800767547127, 0.09793948022235857, 0.10270940874089987, 0.1512104263328037, 0.1555994596942682, 0.09214525531735876, 0.09577335500905679, 0.12317795263959795, 0.10172182246909262, 0.13870584239692343, 0.09001451383265702, 0.09058422969155824, 0.09861220174804923, 0.09809655971391404, 0.1215285491961353, 0.12178246840514324], [0.1337323966299789, 0.11431684322613625, 0.10787298278482585, 0.28790596682994096, 0.11528436824766373, 0.08883705250299795, 0.12544754592511512, 0.04292144474153129, 0.1148390350140164, 0.16172821570025764, 0.038247434800247, 0.10983186455993982, 0.20618925469105517, 0.11532648541892902, 0.23349413735387028, 1.0, 0.22520702055498373, 0.1419843595626214, 0.19669134230982008, 0.11245158807450371, 0.11856566977398376, 0.18226844232045905, 0.1253936625434647, 0.11564097480112677, 0.13393055144147648, 0.17250156759385477, 0.15895489123568984, 0.11968143270502242, 0.13248150085783264, 0.18550923842920172, 0.11852011071676509, 0.19956030943705863, 0.35726026150347334, 0.1435394600837941, 0.0993027259836215, 0.2331222355377042, 0.27793020540481056, 0.0801004784951896, 0.14177895132319734, 0.22665266318677899, 0.0300936747400943, 0.13020101934193226, 0.0726836839554007, 0.16276150049271193, 0.1068766279356848, 0.16797444262705555, 0.1419079733917654, 0.1310852473499264, 0.12138411446072986, 0.13245413382305804, 0.1511880346783522, 0.12760093259527042, 0.1528965309234605, 0.124095964606205, 0.15501173047565922, 0.18375870908071523, 0.12632155632341246, 0.11621326280930522, 0.12491848425086227, 0.1306803484311312, 0.1144988394116786, 0.1384017334999236, 0.10821341192111504, 0.13000314291176923, 0.1382824119127845, 0.12227926082484825, 0.1402125898470436, 0.21080962584930385, 0.15435122983224792, 0.1314875723887202, 0.12358775845569814, 0.125560949464532, 0.12144963614319637, 0.1151233757780634, 0.2058466337128055, 0.16204368660440274, 0.13421172752565205, 0.11095989757240893, 0.11258217063668971, 0.15487930253062301, 0.2224931451726863, 0.10814211676504602, 0.13480995419000794, 0.11502226410468677, 0.13721586993047932, 0.3190004338608768, 0.12167221726015409, 0.10639148722900886, 0.17492403456113068, 0.11885214183604974, 0.13367952945179554, 0.1903982010324404, 0.21404264093041783, 0.1135038015486006, 0.12386247470388054, 0.16496193058206665, 0.12892865569259457, 0.18546943950170508, 0.10630717986959545, 0.10740049510767363, 0.12587991263806006, 0.12221626054749078, 0.09905756480735027, 0.16186953980436583], [0.16441107629835802, 0.13287308581644822, 0.11834921826651223, 0.1772708774863986, 0.12711791522123894, 0.09499366538126898, 0.14311421113398767, 0.04100226057352955, 0.12344100599714472, 0.1328119095669655, 0.03681200763953801, 0.11861916218353856, 0.2370634022955237, 0.13643024030703155, 0.16553241061096588, 0.22520702055498373, 0.9999993256508786, 0.10377666536202723, 0.18514701553594776, 0.12516622406806793, 0.1411159755350033, 0.19779758881527337, 0.14584616426792243, 0.13150059844756667, 0.15787462627268214, 0.1477241267379837, 0.15942349901065545, 0.1395008947230604, 0.14145302383556138, 0.16659385731983273, 0.1344060657752381, 0.16459191393655653, 0.20814069557511874, 0.1784867436510455, 0.10849412046848882, 0.2858882651713685, 0.1876901456718108, 0.0677044072225614, 0.16418526055547894, 0.3667205361204603, 0.029154589737667908, 0.15166876722694184, 0.06476374735676114, 0.20621378088683023, 0.11865505661707729, 0.2649252259082491, 0.17920489906319007, 0.15385190107637667, 0.1438385138379893, 0.10078889010550973, 0.14861409099901576, 0.1431156464696992, 0.132006382680616, 0.1423507214541866, 0.13693741967238865, 0.1578865365663378, 0.14840492791564722, 0.12787381470331557, 0.1544392132066639, 0.1536731829945632, 0.12945886752822192, 0.1514393811263823, 0.12347348618406319, 0.15592712549483803, 0.1712678721175392, 0.14169455207707052, 0.17151806024114882, 0.22824572795295567, 0.18646247682534742, 0.15278998727889204, 0.14288489053544873, 0.14257737996363365, 0.13721621550955673, 0.1268120426027351, 0.2455039692962539, 0.11601487829549784, 0.1477965426704916, 0.1241892469026417, 0.12978120067394022, 0.16801235560711994, 0.1528268494122729, 0.12351307885609644, 0.10623291087787126, 0.12603117529299498, 0.16039430516532296, 0.2216650273153592, 0.14838268797248058, 0.09603061452002894, 0.16800374901456389, 0.13628811053677747, 0.1615251925660615, 0.2013504199021838, 0.20692455559425943, 0.1258936379768385, 0.14262745739300897, 0.24562631132926815, 0.16123315350262296, 0.13182228184496644, 0.11703407002483694, 0.12142519073700414, 0.15267721457214437, 0.14429673008701582, 0.08140941115421478, 0.24227103508300254], [0.08132559199180651, 0.0772999271877525, 0.07380503150062018, 0.16560104488238866, 0.08092624727695229, 0.0629562590493203, 0.08381740527646045, 0.04690755329822872, 0.08254736754999938, 0.1237640598657052, 0.03849475323314563, 0.07922949393925588, 0.0955793606231183, 0.07659300325824743, 0.16763790506607185, 0.1419843595626214, 0.10377666536202731, 0.9999991740944971, 0.11860425047172933, 0.07607517749471009, 0.07803186161087738, 0.09883000390643665, 0.0800570111888562, 0.07965059477741321, 0.0825935485581044, 0.11822930817409713, 0.10332014076840222, 0.07784205496056637, 0.07991219914552547, 0.09685923064701032, 0.07873036078309796, 0.14234954910285363, 0.1262765182029539, 0.08553429051152786, 0.07299664565787634, 0.11372266076077082, 0.1375834141660522, 0.10331833397509814, 0.08983552847312166, 0.10436423109594385, 0.03095001631128402, 0.08290595484153897, 0.09187134988164312, 0.0878338495535592, 0.07593861810498813, 0.08965896084082726, 0.08521057538827, 0.08154500518364215, 0.07899142243412577, 0.35543310154495233, 0.09553276956559732, 0.08381455362394456, 0.14693652562530674, 0.08041006433501943, 0.12062753232335666, 0.1270101774568967, 0.08115116481948809, 0.07700753040285985, 0.07529985212725654, 0.07637765254938925, 0.07804021621214043, 0.08661693907527375, 0.07538863076659107, 0.08202416015884004, 0.08156632808680528, 0.0782396924374887, 0.08455826065541523, 0.10673666888337306, 0.08935343221025435, 0.0819450159984878, 0.08143276918540746, 0.08021107191002867, 0.0787559658498962, 0.07872005431615987, 0.10592500403801032, 0.28684463187066156, 0.087844404818716, 0.07598800417718418, 0.07583058499893996, 0.08701357444911853, 0.15271251236314182, 0.07495210029966456, 0.17465450703502994, 0.08020054131444022, 0.08055287027671794, 0.12945814734459501, 0.07646217433908727, 0.07414227471640511, 0.10355292019915022, 0.07994844136317776, 0.08102915470545997, 0.1031037573807576, 0.11131747701750688, 0.07669316153602472, 0.07740465197245151, 0.08763085980984786, 0.07999275309799445, 0.11447915896139314, 0.07627085611879204, 0.07555073179247766, 0.07751325693593297, 0.07900978525850674, 0.14752253031320184, 0.08576795473070964], [0.15904296480694055, 0.14963779423728313, 0.13146467546688176, 0.19861015635824275, 0.16350655568092598, 0.07156677148977468, 0.17593151510574281, 0.03858976416038421, 0.15882459006351984, 0.12234559715010009, 0.033903326468436676, 0.15310109590655635, 0.18151207950399242, 0.14687881108435674, 0.17197718027065573, 0.19669134230982008, 0.18514701553594776, 0.11860425047172923, 1.0, 0.14264998022802997, 0.15231588589619505, 0.20425109902503524, 0.15701232557664715, 0.15976442069936225, 0.17481656613070543, 0.10642267475837176, 0.10531839895313794, 0.15263903262633338, 0.13989493908783462, 0.11767684893632803, 0.1539203906118864, 0.134647659918429, 0.18180161773578823, 0.18060019705086805, 0.13282448855395534, 0.2931097396296588, 0.15624230008090362, 0.0666019033310502, 0.20382095986131812, 0.2187520846234131, 0.027496904077924357, 0.1712878293291693, 0.06242385878659979, 0.17142722747483918, 0.1439174925684317, 0.1662614122867795, 0.1861117868996339, 0.16256716446175515, 0.1598063581108773, 0.10929040635279658, 0.1698328175886561, 0.17397142582620453, 0.12300227124803259, 0.16189047905186832, 0.2099113290283998, 0.1152293875835504, 0.16655060205162245, 0.14252948497561152, 0.13026100627774376, 0.102168282309313, 0.15008113155370295, 0.16392029850679116, 0.14328745634854764, 0.1696934580475282, 0.14358