[[0.9999999999999994, 0.7694180126357281, 0.7429063776523873, 0.6652588334648639, 0.7050913016707415, 0.6200557096776569, 0.7233233455123249, 0.6037426749104382, 0.8146789675452225, 0.7313776944627578, 0.7901186640122124, 0.7760065617743936, 0.7367790714014033, 0.7599524815463353, 0.737134038099042, 0.7688817520668676, 0.7194534344073888, 0.82369439156758, 0.7149040762050621, 0.7939916275834527, 0.7562606994322575, 0.6615993674413918, 0.7722793595381071, 0.775893145701311, 0.7803732701196591, 0.6485908819518164, 0.6430784276508733, 0.7859594901671756, 0.6895516058392339, 0.7901946007952181, 0.7635499240642187, 0.6744826013093038, 0.7565757135167379, 0.7546482286590045, 0.7820550512007763, 0.8328092011036602, 0.6195328655942538, 0.8290733559791664, 0.7445250301915219, 0.6674296151502566, 0.8740889003456018, 0.7892581750254676, 0.7402211802736981, 0.7504049527972662, 0.7746623740504706, 0.7928052977593685, 0.7273033595459083, 0.7874816041902364, 0.7150625234651835, 0.7487406896906409, 0.801694533508192, 0.7353701744954678, 0.7957078254069964, 0.7391278217024945, 0.6462790707560614, 0.7755628163052236, 0.7500473819598374, 0.773563745162403, 0.8294694434280074, 0.7828813413416653, 0.7327942527299149, 0.8019534446307518, 0.7315311312035315, 0.7790999022650624, 0.786893693239932, 0.7797513193072609, 0.7818000751232544, 0.6608391078503911, 0.7448388616712689, 0.6653606180314514, 0.7675803614761106, 0.7843770433733126, 0.7245123686036096, 0.7455884696961118, 0.8014869733533946, 0.5979715409672326, 0.7971138686966468, 0.7661288695413521, 0.7834806149438349, 0.7566450903383961, 0.8035181712365769, 0.8098614693539434, 0.6763407623851083, 0.7813879569457693, 0.7671653094017019, 0.7190156620099248, 0.7228602730757661, 0.7289434294427773, 0.7830008377236543, 0.7756349350880053, 0.7285468225677804, 0.7194600483433444, 0.7021788729378987, 0.7461521090568717, 0.7110603536394848, 0.7542225876093444, 0.7579087686714764, 0.6731383630135446, 0.7683516152346118, 0.7672721860534222, 0.7640588082587361, 0.7535425041256246, 0.8179482125796648, 0.6863488935347447], [0.7694180126357281, 1.0000000000000002, 0.7816203316256511, 0.6392012366535172, 0.7985191110900415, 0.7329240619475079, 0.687854209865242, 0.6523856280114153, 0.80731158586266, 0.7876994320085888, 0.8160514782528269, 0.7870359444471008, 0.7640339372415874, 0.761429426263442, 0.7057379646764156, 0.7765287189773123, 0.714487418915125, 0.8539566055302737, 0.7067428997139674, 0.7591747765131326, 0.7954633144753454, 0.675889198762649, 0.7957238251649587, 0.7790473911017056, 0.8066821215192925, 0.6759383770353126, 0.7279745437539898, 0.7595685627901222, 0.7314242743367301, 0.8038330210774769, 0.7598682652468788, 0.6296653834353172, 0.8112386554210398, 0.8127260705815111, 0.7787958749727198, 0.8421693681325076, 0.632813040927689, 0.8335071597908409, 0.7774819226584349, 0.6435985182148898, 0.8881878573268791, 0.8109394161171327, 0.7029898911222192, 0.7808796803294946, 0.7523994630174761, 0.7582089492447953, 0.7147760769350089, 0.7930749485560339, 0.7662388605896194, 0.78269835977347, 0.8046451838145567, 0.7550780845017878, 0.7908526846473259, 0.7731031427974759, 0.6547824620564949, 0.8053001314593207, 0.746457701079303, 0.7444069735019058, 0.7563462288502983, 0.7847997905569882, 0.8098840312168453, 0.804791454517938, 0.7767822490325206, 0.7829038219463101, 0.7859610775183995, 0.8044457989669503, 0.7841079830408537, 0.6873885004693737, 0.7713240127762638, 0.7143453841098998, 0.7881090961693292, 0.745179304748054, 0.7619917789266661, 0.7865401404347601, 0.7902984254515066, 0.5598050685207694, 0.7711312872323454, 0.7603528715107091, 0.755436092540591, 0.7785352275154017, 0.7915229321639226, 0.7760480614671392, 0.6427118984926928, 0.8114639007641116, 0.7649625842497242, 0.6920640897024134, 0.7673925015577537, 0.7532294926411491, 0.8085391249751854, 0.7933830920296644, 0.7425468376174813, 0.7301180448588269, 0.7215295258394694, 0.7685967738655068, 0.7586506617683854, 0.8003570823823629, 0.7365757326636346, 0.7117789625309054, 0.7868596969717618, 0.795766271829903, 0.7864828558878293, 0.769408588602945, 0.8629045843933267, 0.7061921358886861], [0.7429063776523873, 0.7816203316256511, 0.9999999999999999, 0.6397532522004129, 0.7406521950804956, 0.6496989652864407, 0.7874161546116881, 0.645468019036015, 0.8184857265819647, 0.7394115764448321, 0.7692915530641601, 0.7448725447843112, 0.7519237217385022, 0.7630968138467996, 0.7422230182563531, 0.7599491497971257, 0.792417712461702, 0.7963569331524238, 0.6937007687843976, 0.7690736271227389, 0.7534914337822125, 0.6688055471941386, 0.7254147699288517, 0.8113008021804529, 0.7676078374226254, 0.6245741224016116, 0.6709680897341841, 0.8022104358708672, 0.7326820116670361, 0.8299410802153551, 0.7517042025839906, 0.6500897475698602, 0.7632273425915802, 0.75067253724031, 0.7422162919779737, 0.8383676527684348, 0.6614471019521287, 0.8375127884902033, 0.7613667176292275, 0.7268463449858601, 0.8823876574339344, 0.7448856177161767, 0.691577285209612, 0.7237230626295513, 0.7805447704176075, 0.720724172232847, 0.7125892029711078, 0.7771579906576452, 0.759791954017046, 0.7807097020014371, 0.7980180382660282, 0.760928208794414, 0.8052291615254172, 0.7787686329956094, 0.7026382103367933, 0.7889244614029713, 0.7739261034499714, 0.7576532788155413, 0.7524004855371346, 0.8142373458444372, 0.8150520430160952, 0.7872175060494716, 0.7939942061960398, 0.7944215695262429, 0.7366313250347887, 0.7458800801685895, 0.7622309625080265, 0.7268099977449783, 0.7641341509027019, 0.7284361566889894, 0.7895508775972611, 0.7364006286953185, 0.7770297129340897, 0.7588733001704377, 0.7795559997998569, 0.5440011459584247, 0.7905628340792384, 0.7906707876093534, 0.7935747243376648, 0.75607046359041, 0.8235648475608927, 0.7673155736414115, 0.581522954616038, 0.7855316315345924, 0.781362550384849, 0.7243000206624858, 0.7609503700807458, 0.7168551444185726, 0.7797355958948291, 0.79682990342702, 0.7718880057684941, 0.6861214565725672, 0.752118352044431, 0.7582216007289365, 0.7619117932676545, 0.7936640630849031, 0.7761593367393453, 0.6758255630360657, 0.7541115607986819, 0.7467147601068883, 0.7096412794053972, 0.7519907796336881, 0.8558671067697247, 0.6755224084077072], [0.6652588334648639, 0.6392012366535172, 0.6397532522004129, 0.9999999999999998, 0.5855849224818381, 0.4843450796185002, 0.6691191702308816, 0.56630338428484, 0.6681716990503686, 0.5191834128305048, 0.7442803325605775, 0.6218166987472503, 0.666239280450116, 0.6176302811511867, 0.6543399728408416, 0.6985547937627464, 0.6098932479505956, 0.7289282478695457, 0.6334965460233517, 0.6241787155999592, 0.6361440824843921, 0.6150582360215794, 0.6225502356433612, 0.5455613138753964, 0.6126663000222909, 0.7589715207188996, 0.6546962250900383, 0.5768051625739552, 0.6216417971170627, 0.6871140236788791, 0.6032841879032199, 0.6049722076564255, 0.70724419939167, 0.5854962100122741, 0.6578877410163566, 0.6323334349398338, 0.6529126420074175, 0.6955941012931663, 0.6074770814138752, 0.4719555772730821, 0.7141100427477234, 0.5735702585587632, 0.7224016434122204, 0.6493586041057099, 0.6426269494778467, 0.6078704405903866, 0.5840497616232836, 0.6641355533638679, 0.5896587691277964, 0.7166183905037717, 0.6993444898348343, 0.6166870943096779, 0.6414499889967553, 0.6062884028172834, 0.671292857766919, 0.7320161392583212, 0.6674124856558064, 0.6150785693768722, 0.6665061462522802, 0.7287488259583131, 0.6195451540595943, 0.6420058867943671, 0.6399359828280183, 0.5720640246438607, 0.6297777471644619, 0.6137573689195442, 0.6393848568191937, 0.6602990849625331, 0.6165128182187913, 0.6066411253330416, 0.6532052631185732, 0.6539940913264282, 0.557821221047998, 0.635274563039142, 0.5943690407151204, 0.709179276605981, 0.6187556105316442, 0.6080739589083665, 0.615564831689438, 0.6345497776309261, 0.7333434652322345, 0.6309329047518067, 0.6619721841152835, 0.597255296771328, 0.6544156915691381, 0.7106651172782901, 0.5663911438058549, 0.6250814828432601, 0.6056418610285221, 0.6001422796489361, 0.6097926536968324, 0.6219915603469024, 0.6924126421955012, 0.6324317161110403, 0.5827313815890235, 0.6697859173665012, 0.6197710897618608, 0.7253930820765249, 0.6438771958058483, 0.5947635328894365, 0.5842566327099289, 0.6196374637671437, 0.718442873445454, 0.5329690457926123], [0.7050913016707415, 0.7985191110900415, 0.7406521950804956, 0.5855849224818381, 1.0000000000000004, 0.7147055929993826, 0.6838384017548834, 0.6000259244752527, 0.7959478274540989, 0.7374349125127831, 0.77729442743654, 0.7559232047806539, 0.6896212286180855, 0.7308493829831393, 0.7315542640259114, 0.7480636616438738, 0.7154536711272147, 0.769550889222632, 0.7141457409939502, 0.7038720203456416, 0.7812895740215839, 0.6861181974742411, 0.7829416975185337, 0.7729495246917066, 0.7402755384074745, 0.5905799216676199, 0.6417319452307556, 0.7940754651286136, 0.7172481486383111, 0.7328312581070585, 0.6840963926331025, 0.6889641278885057, 0.7434223546665129, 0.8259431689749348, 0.7715151640583857, 0.8271513655493027, 0.6183791628540374, 0.8119050059245125, 0.7687208172948345, 0.6599785273584193, 0.8586607845620655, 0.7920524128694203, 0.6232909348316412, 0.7849851784528278, 0.7435545964164912, 0.6762635149898127, 0.7137185467861057, 0.7916701256302859, 0.7491981032487681, 0.7708087981830358, 0.769770444930967, 0.7146918300917305, 0.7521931575163135, 0.8123858339501784, 0.6356088440648376, 0.7783500139132954, 0.7585338933052579, 0.7485545637234703, 0.7566452925152525, 0.7720445936939695, 0.7171415424167357, 0.7919407038775045, 0.7589876860966616, 0.7791749144628319, 0.7832547136316215, 0.7563543670362215, 0.7848431654328232, 0.6909488105039455, 0.7163586127778498, 0.7395220445701767, 0.764596224275931, 0.7364789986018597, 0.7342564947294495, 0.7643261595602807, 0.7501606444566641, 0.4769062319035141, 0.7190534991517885, 0.7435069354034328, 0.7656296983543945, 0.755951951992012, 0.7619657058055778, 0.7839737800215936, 0.5615069738236719, 0.7735184612805018, 0.7466306539681692, 0.6828717568046295, 0.7467727722949221, 0.7020237355275601, 0.7325674792599595, 0.7789995139440863, 0.724411385238318, 0.6674658639331664, 0.6823551198048357, 0.7644636116346584, 0.6894592880390767, 0.776628773334196, 0.7209201366438821, 0.6900082193180328, 0.7410126822219897, 0.8023760253855902, 0.7392469549901097, 0.7480531385368906, 0.8447476836191836, 0.6922853053916604], [0.6200557096776569, 0.7329240619475079, 0.6496989652864407, 0.4843450796185002, 0.7147055929993826, 0.9999999999999992, 0.6115385654716805, 0.5170572439086702, 0.6782047466286851, 0.6531759302761105, 0.6581547731008337, 0.6882186125505613, 0.5953401853830402, 0.6935767345359664, 0.6569875152146396, 0.6417055849582254, 0.6379295105297195, 0.6792082817474865, 0.6552054022005557, 0.6713081790177766, 0.6445789114999506, 0.5168748884121985, 0.6755051017659311, 0.6184503354087625, 0.7116965804109051, 0.49764405769446496, 0.5859126337782964, 0.6889247865537048, 0.6754660669494874, 0.6504280400845612, 0.5692666938549598, 0.47005280938396654, 0.6461530533796263, 0.6644754159060855, 0.6525483772502476, 0.7604795545403277, 0.5465494326773637, 0.6973082991766371, 0.6192196878461996, 0.57936036167309, 0.7535555804532702, 0.6472539296943798, 0.5296290905133255, 0.6323109916953406, 0.677855706174717, 0.551779567652896, 0.6182554173824658, 0.6362492657385245, 0.6985738620778532, 0.5968687724835208, 0.6264143730016098, 0.6190038909490524, 0.6655936648867314, 0.6509318967451984, 0.5038007880907015, 0.6504922367184617, 0.7083129973827823, 0.6588645623797774, 0.6064628205778021, 0.6433495891287792, 0.6303679016228253, 0.6826327940336524, 0.6473408741571286, 0.6561075635216758, 0.672179112735198, 0.6965312631132362, 0.6623448550576001, 0.6265521589055969, 0.5956333913911086, 0.6540325204990993, 0.6076449155940229, 0.6740202893181948, 0.672089449805628, 0.6596202255583944, 0.6687267579878662, 0.39565370487879414, 0.6088712402471368, 0.6532244897388063, 0.6770878459785893, 0.6967174899866857, 0.699257852408823, 0.6989209672291052, 0.4917209400072943, 0.6991029651859509, 0.6745111560394889, 0.5642012272309209, 0.6866722324550955, 0.6266371774432054, 0.6384106111984761, 0.6947660423484171, 0.6850341144691304, 0.6177494956127799, 0.6037223481706234, 0.6093974808472594, 0.6441793028791232, 0.6994396799411116, 0.7066903043156332, 0.6479011817052763, 0.5906308828678087, 0.6469973492818294, 0.7026081094217822, 0.6441387240355001, 0.7550310854570793, 0.5549390902615576], [0.7233233455123249, 0.687854209865242, 0.7874161546116881, 0.6691191702308816, 0.6838384017548834, 0.6115385654716805, 1.0000000000000004, 0.634639631762575, 0.7529420458541646, 0.6585061445818666, 0.7031727890445005, 0.6690184099431118, 0.6680482839560183, 0.7088534237882377, 0.6879271546601214, 0.706565980031001, 0.6894999850243206, 0.740683301221893, 0.6948354989453706, 0.7033065049654186, 0.704610176280927, 0.6019306483714743, 0.7163480093587702, 0.7174524711482023, 0.7003112452292116, 0.6059044041095868, 0.7086399047968682, 0.6837058080254701, 0.6515974520231685, 0.7576150477577018, 0.71005635170461, 0.5709930800659919, 0.7064367126004361, 0.7084961237327658, 0.7339704456918174, 0.7853347234800622, 0.633247721927501, 0.7939015274794912, 0.6759990797834661, 0.6429044839023432, 0.809120092863429, 0.7010766659278365, 0.636071452029482, 0.6751576959467618, 0.6702340630061256, 0.7119950122401739, 0.6882834419326921, 0.7482163239027528, 0.6847035391257668, 0.73395123397748, 0.7236395960476668, 0.721134359822368, 0.742672391177472, 0.6931898920583753, 0.605682228349453, 0.8024230869046468, 0.7451768660369108, 0.7784478258286306, 0.6837928921185277, 0.7475069624968709, 0.7144251753702604, 0.7111807495862817, 0.7289550391114008, 0.7495653383265002, 0.6911345260414541, 0.6833212624946722, 0.7415306434825865, 0.707853662406226, 0.6908079324727034, 0.6427591545659441, 0.69998798874225, 0.6727539439385977, 0.7314409959690599, 0.7371386981576897, 0.6636653555107662, 0.5350535531369466, 0.6851978874183836, 0.7306609631322319, 0.7849743418383245, 0.7380815411629434, 0.7944871186375193, 0.7030829533790824, 0.49333109490067484, 0.6859298350515175, 0.7145587156058857, 0.7384807814674919, 0.6560000311867773, 0.6833889589704331, 0.7506959852532132, 0.6818762645814415, 0.7357069245580479, 0.5829842695322598, 0.7043237277100475, 0.7035099977241985, 0.6912498019172846, 0.6877595052712919, 0.7227733443113109, 0.6871818904049888, 0.6598849860359774, 0.7042457637100046, 0.6390912905610399, 0.69910912591028, 0.7290024212465407, 0.6092012779981586], [0.6037426749104382, 0.6523856280114153, 0.645468019036015, 0.56630338428484, 0.6000259244752527, 0.5170572439086702, 0.634639631762575, 0.9999999999999988, 0.6453405542599626, 0.6812133453554514, 0.7053371004002685, 0.5879235115271186, 0.6542571956741369, 0.6638714339191224, 0.6952013112544072, 0.6669038844485635, 0.6179617478054542, 0.6535626879763895, 0.6288443455587094, 0.6198670776713163, 0.6293435798968658, 0.5235261007597622, 0.591314261247482, 0.5910057523328942, 0.5848471835515457, 0.5952055844830756, 0.6531409780858204, 0.6452692588367815, 0.6420512768417305, 0.6858109965543474, 0.594159727656355, 0.5104414229479051, 0.5921490737385898, 0.6321227956489647, 0.6283033327902521, 0.6540775207780245, 0.5952909626798952, 0.7220049113915787, 0.6804404685703769, 0.5615637366048741, 0.7031441990842868, 0.5825626913418169, 0.5679225713743797, 0.588389345925475, 0.6252155831248865, 0.6352780826429044, 0.6188825068081973, 0.6822899683498607, 0.6197169557407901, 0.6726024879629858, 0.6057768904956125, 0.6349330486999935, 0.6313689923382406, 0.65204865047733, 0.5096867944709151, 0.6337664257620197, 0.6444583813197654, 0.528843953648357, 0.6421392171458729, 0.6860510441194433, 0.6823648424206871, 0.6480492970400075, 0.5911060286673832, 0.6457449188941218, 0.6120121106068179, 0.5432481086432673, 0.5366662209999676, 0.6068491296323766, 0.596611678771414, 0.5343925932402639, 0.6043114282564519, 0.5721648082511427, 0.5879675068888466, 0.6100532902980663, 0.549708040823837, 0.5372259548289637, 0.6085393440707603, 0.6064035805436797, 0.6215341326688472, 0.6809498833451582, 0.747909741440172, 0.5998332160134202, 0.5060848370698096, 0.5920605363766966, 0.601255043630334, 0.7132502747064683, 0.5960561604856138, 0.5429974992508622, 0.6483131511429733, 0.6257352301430867, 0.6633632485411715, 0.6112693398636867, 0.6954989416805789, 0.6816081737232224, 0.5644714722302127, 0.692986035430947, 0.5811882110244535, 0.5542243965254735, 0.56288070561283, 0.6387762492192495, 0.5523053894541189, 0.6264436489628482, 0.6518873639828415, 0.6172651587901273], [0.8146789675452225, 0.80731158586266, 0.8184857265819647, 0.6681716990503686, 0.7959478274540989, 0.6782047466286851, 0.7529420458541646, 0.6453405542599626, 1.0000000000000007, 0.7498977448231078, 0.7986972387288203, 0.804955899876415, 0.7571224938143847, 0.7752415144149094, 0.7102986368532572, 0.7715132350996061, 0.7507896249752752, 0.8237159557626916, 0.7180420758926014, 0.7911216779148685, 0.8093817893036109, 0.7448222618837591, 0.836849811914115, 0.7890671597783562, 0.7964441206442282, 0.6126581279429484, 0.71963551950041, 0.8162772332190896, 0.7477647162127817, 0.8376037784032331, 0.754528631593085, 0.6755870178647543, 0.7993043271363729, 0.8089908564948055, 0.7530943924413789, 0.8657371650148162, 0.6476796239116827, 0.8167621994599169, 0.7846263093000454, 0.7389871427592115, 0.9012142656996716, 0.7663864268508211, 0.7094162372316594, 0.7560510313006855, 0.8346730132550103, 0.7462969819361066, 0.7383727490679433, 0.7944803698734185, 0.7718022726163621, 0.8083278752197554, 0.798575538609653, 0.7677814441280888, 0.820466934781558, 0.8030001468072251, 0.6592155776867088, 0.7857364261270627, 0.797369153670099, 0.8059533826743583, 0.7972182242659244, 0.8047910016419542, 0.7598162689296643, 0.8043808322532646, 0.810425647112058, 0.7957666851093508, 0.7737536718003825, 0.7940779589984837, 0.7536810357564083, 0.6661799868977528, 0.762798196319431, 0.7339281656546197, 0.7600881001820724, 0.7984411226684629, 0.7659539302869313, 0.7707171567780147, 0.7809478891295586, 0.48765773987213595, 0.8029312627888028, 0.8221788626090046, 0.8195006688129461, 0.8128535823537153, 0.8111755319730038, 0.7958444839661807, 0.6254716879081497, 0.7815720313041473, 0.803544462375254, 0.7356821588641591, 0.8190812547752413, 0.7910086739625327, 0.7457866971386845, 0.7899847782083432, 0.755035219240323, 0.739574804287287, 0.781327748093094, 0.7719720908257726, 0.7714596640541792, 0.7922752784213088, 0.7777714639720247, 0.6771930366856765, 0.7923624082484185, 0.8097346289308577, 0.7857979841991668, 0.7707800317670169, 0.8542354020101157, 0.7569788848020914], [0.7313776944627578, 0.7876994320085888, 0.7394115764448321, 0.5191834128305048, 0.7374349125127831, 0.6531759302761105, 0.6585061445818666, 0.6812133453554514, 0.7498977448231078, 0.9999999999999997, 0.7882623063771438, 0.7784429778218237, 0.7380033303574954, 0.7371271528875047, 0.7263837431467138, 0.7172444575608876, 0.6840009239325848, 0.7832128331330614, 0.680095982360188, 0.7340069325237814, 0.7476075949494562, 0.5982858408653224, 0.7360199268193242, 0.7573902631200817, 0.7754870054888847, 0.5204744279830781, 0.5996193938908014, 0.7770032328507318, 0.6927935808647206, 0.7894717465296122, 0.7484517540299022, 0.5960447154079416, 0.7069924933588496, 0.7563881733122828, 0.7452900482726565, 0.7944556184452075, 0.5945975533982828, 0.8128107775831873, 0.7433199864384098, 0.6444309935342842, 0.8469305469837962, 0.7623858674051117, 0.6000690238516645, 0.7251863410920779, 0.7440265319330983, 0.754216608853089, 0.7346355169553596, 0.7665177379536758, 0.7559009124482908, 0.7342588048237257, 0.7510935791731131, 0.7419453353608159, 0.7775160519570612, 0.7532596081377819, 0.5508495092242246, 0.6947880742847338, 0.7302366168778057, 0.7006439131472492, 0.7803279795257334, 0.7293723530303319, 0.7515595892804635, 0.746460270052094, 0.7294409592763681, 0.7907857115728186, 0.7696671447862897, 0.7460691208023965, 0.6934200703713216, 0.6235466166041285, 0.6660658595249185, 0.6685790389183025, 0.7042557636868068, 0.7380856447272917, 0.7587293755446551, 0.7292031726554076, 0.7257036072072345, 0.42247245294523633, 0.787891433513232, 0.7260711529692468, 0.7386197471397434, 0.7585442881806578, 0.7385760595625398, 0.7740481032863886, 0.5483120616724328, 0.7615452586888315, 0.7283157837813641, 0.5904320374678088, 0.7241887731964262, 0.6800640402947004, 0.7581385067807538, 0.7108721876422281, 0.7434073760901098, 0.7831017372302309, 0.6153085499885379, 0.7853468974349272, 0.7467355435309151, 0.7657883598290971, 0.7483617975363697, 0.554989570217303, 0.7345950003624035, 0.7744622892982417, 0.6948137757111128, 0.7426830388558866, 0.7892433039736118, 0.6349144844238724], [0.7901186640122124, 0.8160514782528269, 0.7692915530641601, 0.7442803325605775, 0.77729442743654, 0.6581547731008337, 0.7031727890445005, 0.7053371004002685, 0.7986972387288203, 0.7882623063771438, 0.9999999999999997, 0.8007199032600371, 0.7985665826094195, 0.7980004219144893, 0.8064346626331168, 0.8301019227620724, 0.6966581022077826, 0.8773279428253123, 0.7953792683120635, 0.7918445590165548, 0.7591362044347619, 0.7090163416136559, 0.8004276640917477, 0.7376034099983952, 0.811676075399865, 0.7801356538703296, 0.6751679767126041, 0.782064206716584, 0.7884107022152405, 0.8371009840365069, 0.7376345367131993, 0.7114753488531707, 0.8142807234673456, 0.7934929396966346, 0.8091568194294818, 0.8266341840100173, 0.7348746846868, 0.8559600400452015, 0.7724647224434925, 0.6593336668480279, 0.8889072695332142, 0.7508750647094309, 0.8269456109711605, 0.7657489347845631, 0.8027574919836997, 0.7650965488332698, 0.7622378959832107, 0.7885842664589716, 0.7843675749433517, 0.8466325531688241, 0.7895298698210699, 0.7956463708150865, 0.79940432509434, 0.7974373031316285, 0.7254686621210901, 0.821961209622324, 0.796831703299595, 0.7612607929420493, 0.8192926467363786, 0.7948850258648226, 0.7757264817660775, 0.793469828064699, 0.8132293934858769, 0.7925732377596689, 0.8246343864686735, 0.7807423065021288, 0.7464594334592414, 0.7574174532039931, 0.7787511214825964, 0.7422552151778106, 0.7936897173779476, 0.7590297421998563, 0.7212520817126812, 0.7904200207198109, 0.8004669700066614, 0.6883422556695147, 0.7814339550903123, 0.7865140050584636, 0.795727750560282, 0.7743616894125815, 0.8544746069635437, 0.8130723759696942, 0.721385380202694, 0.7937510569508451, 0.7720649424239344, 0.7750990736184772, 0.7318280540779807, 0.7820050564429596, 0.7883111632600971, 0.8059358265541698, 0.701993139921027, 0.81493649357938, 0.7628740139584727, 0.7790534147550378, 0.7420381195318987, 0.7600286584456512, 0.7731250499053927, 0.7343817155653094, 0.7388122919679246, 0.7807001747539755, 0.7582861766747714, 0.801623076128782, 0.8804102058860417, 0.6831386864722561], [0.7760065617743936, 0.7870359444471008, 0.7448725447843112, 0.6218166987472503, 0.7559232047806539, 0.6882186125505613, 0.6690184099431118, 0.5879235115271186, 0.804955899876415, 0.7784429778218237, 0.8007199032600371, 1.0000000000000002, 0.705840291452335, 0.7414462025562814, 0.6704820735032546, 0.7774780736676458, 0.7197231852558872, 0.8056231544055517, 0.7050433443681223, 0.7659079815487014, 0.763018395862806, 0.6539541114638228, 0.7873716764492781, 0.7723297107253402, 0.7713472709078499, 0.590355175020621, 0.6250345134657808, 0.7761710447248384, 0.712854178250339, 0.8023507717693044, 0.7277244795441541, 0.6561221072029645, 0.773357494223265, 0.7591536568079134, 0.7474776501695, 0.8403570316382036, 0.6615629109332082, 0.8351070545974868, 0.7854661612952644, 0.6849534414090929, 0.882903700740972, 0.7432222927986492, 0.6535576158131312, 0.7801990868463691, 0.776045524823751, 0.7568178369069155, 0.7162123164941436, 0.7969972415685075, 0.7534090214715913, 0.7855670442706013, 0.7794298526234106, 0.7437011692073083, 0.8094956689743776, 0.8017670187881157, 0.6310742272264265, 0.7539530712297019, 0.75305259814503, 0.7520897040039447, 0.793659215413174, 0.7696089028439762, 0.7166815610423386, 0.810911772022953, 0.7915771182608444, 0.773467780214429, 0.8101600345990257, 0.7764683644634186, 0.7232436888849879, 0.6607119352861639, 0.7133699174126977, 0.7338568487720742, 0.7681026605730957, 0.7923433475420789, 0.7386015253384997, 0.7508312481023334, 0.7239882319590095, 0.5469110243156775, 0.7751474774804622, 0.7890615393625678, 0.7307395890855052, 0.8013869472673129, 0.7691148813413702, 0.7741895497993898, 0.6127527871990401, 0.8092962510956938, 0.7487321789136847, 0.6688731952155659, 0.7760667159104616, 0.7079757754317023, 0.7719610636716222, 0.7739438008977353, 0.7614168653037029, 0.7791585422847582, 0.6916142043117302, 0.7642556488685067, 0.738682237142708, 0.8161061203029267, 0.7923317728556432, 0.6712681185193764, 0.7311159818105637, 0.7789750192065343, 0.8152827964925637, 0.7956428967198537, 0.8315526609159841, 0.7323516224394719], [0.7367790714014033, 0.7640339372415874, 0.7519237217385022, 0.666239280450116, 0.6896212286180855, 0.5953401853830402, 0.6680482839560183, 0.6542571956741369, 0.7571224938143847, 0.7380033303574954, 0.7985665826094195, 0.705840291452335, 1.0000000000000002, 0.6951708201072296, 0.6684530836523294, 0.6831164342984957, 0.6925542640241821, 0.792780826221753, 0.6870097961246285, 0.7452482400077219, 0.7329397335144957, 0.6407345845544127, 0.744766666533184, 0.7110244279073823, 0.7429868800256785, 0.5708020059998651, 0.6730452513122, 0.7550138479980112, 0.7106713854613075, 0.7489571841181079, 0.72428359391431, 0.64610752465268, 0.7675350933045455, 0.7757693693937251, 0.6879179473231943, 0.7649763345121552, 0.5753526980414667, 0.794801021613293, 0.7371662828070874, 0.6607346971224956, 0.8428544283824732, 0.7149134925230092, 0.6781654479125685, 0.7167625298228509, 0.7724466955147375, 0.675310318432011, 0.7232082397397718, 0.7471861265421907, 0.7518531265964962, 0.6925814178184232, 0.7322212952901591, 0.7311854113027123, 0.7546288167899775, 0.7421466775480894, 0.6684890173894396, 0.7439393453411234, 0.7251782781919341, 0.7082851408490232, 0.7244875345890911, 0.7599484841107809, 0.740787748316367, 0.7418562696515254, 0.7530596792364507, 0.7042791605319969, 0.7121388702966553, 0.7069811314609008, 0.7176933938677915, 0.6359184315965786, 0.7616847331862627, 0.7545922363994602, 0.7312917129291111, 0.7265038506136395, 0.6815866085509502, 0.7288202535990698, 0.7296171125757293, 0.5830464939679418, 0.7557540159302772, 0.7413748018219007, 0.7531176640114148, 0.735260519407444, 0.7423224632340168, 0.7209370015152137, 0.621835501085781, 0.7196239178203708, 0.7659417497991444, 0.6636670037647683, 0.7437089141252479, 0.7104829803996957, 0.7768787048023058, 0.7251747609199608, 0.7405567293854082, 0.7760600743059277, 0.7038802389424167, 0.7231145518637354, 0.6998856189931117, 0.7411585133283067, 0.6818791458134198, 0.6386116455603236, 0.7151263537471922, 0.736163718341624, 0.7036456108015087, 0.731306115617109, 0.8058869208594537, 0.6455132962151833], [0.7599524815463353, 0.761429426263442, 0.7630968138467996, 0.6176302811511867, 0.7308493829831393, 0.6935767345359664, 0.7088534237882377, 0.6638714339191224, 0.7752415144149094, 0.7371271528875047, 0.7980004219144893, 0.7414462025562814, 0.6951708201072296, 0.9999999999999999, 0.719206176075501, 0.7773657257964767, 0.6795514434136692, 0.8404827201056733, 0.7753955537533136, 0.8034396956889631, 0.75210992315809, 0.642998242654984, 0.7647855923119065, 0.7137855436455218, 0.7720597390890107, 0.6562424413175221, 0.6402480685879883, 0.7363358910713401, 0.7383803525889665, 0.7960471828233676, 0.7469709209791645, 0.6034513368787608, 0.7202333199331611, 0.7608448222031496, 0.7034695061318039, 0.8046012341937122, 0.6190386913193964, 0.8118981442562863, 0.7315259962472775, 0.7091980006073066, 0.85906945907428, 0.7860469529974933, 0.7081937631550053, 0.7230141414542096, 0.7867695519580393, 0.6953345738827542, 0.715775197752085, 0.7612843145781085, 0.7757776405571964, 0.7530546229243884, 0.8022401988438841, 0.7708725764251125, 0.7583630472160615, 0.7497719850141206, 0.6506561046289552, 0.769675527246805, 0.7087008982411438, 0.7058765059824427, 0.7621283264133224, 0.7465308180773755, 0.7039460404304859, 0.8113586853130571, 0.7421320704531222, 0.7486664960597095, 0.7559872679681908, 0.7202007395823737, 0.6978889549825718, 0.7102116918730957, 0.7596476457946095, 0.6942070124921437, 0.7256920771825002, 0.7408645239612104, 0.741688908782963, 0.7230078652316498, 0.7600920734194707, 0.5710996338853644, 0.7490438604135147, 0.7609680660757779, 0.7442671856830382, 0.7579169759308432, 0.8183938247218531, 0.7602644494602074, 0.5812796491085971, 0.7604481458016827, 0.7536316302692525, 0.7603667478135738, 0.712981370230002, 0.685848312091868, 0.7752934614760505, 0.7880686030991315, 0.7062101604749397, 0.7229628636983398, 0.7105833012977711, 0.7143889870731189, 0.7218288691036749, 0.7696497253371614, 0.7597301444699733, 0.7012283920277262, 0.745643265129106, 0.7693623436380774, 0.7127955239904505, 0.7415156366100737, 0.8216374394308513, 0.6920374252665218], [0.737134038099042, 0.7057379646764156, 0.7422230182563531, 0.6543399728408416, 0.7315542640259114, 0.6569875152146396, 0.6879271546601214, 0.6952013112544072, 0.7102986368532572, 0.7263837431467138, 0.8064346626331168, 0.6704820735032546, 0.6684530836523294, 0.719206176075501, 1.0000000000000013, 0.7553673798887697, 0.6541191219280499, 0.7900812517793125, 0.7033735318537901, 0.652153196514757, 0.7261939832718831, 0.6855543596481296, 0.6770797489189886, 0.7012252213171529, 0.7231018540117389, 0.6477672341613655, 0.6607403687384593, 0.7330827506850189, 0.7230523885823122, 0.7701984708711148, 0.6851053930189659, 0.6510354333820275, 0.7009079100469472, 0.6741500313286516, 0.7823625764959629, 0.7770076050574832, 0.6873714153947103, 0.7857730404436386, 0.664840852293274, 0.6953616561614743, 0.816316531159998, 0.7054845045850057, 0.7279638432549589, 0.7061308920766741, 0.7344074422640124, 0.6981174091172834, 0.7619717505428828, 0.7267970024393183, 0.7216170177626371, 0.7356165891591043, 0.7053250570582886, 0.7088132170946261, 0.7562955121910827, 0.7147218533980052, 0.6542204053718509, 0.7507761000645147, 0.7001085487786961, 0.7150309716654337, 0.75568923035966, 0.7675932742035787, 0.7356873880862266, 0.7238260355201469, 0.686083669194366, 0.716255173573635, 0.755196270612974, 0.6416838683849613, 0.7539711592963781, 0.7874700097996269, 0.677505179294928, 0.6401143588115711, 0.6964227993187818, 0.7020189347084845, 0.6932859189993008, 0.6939826946934986, 0.7441066162273103, 0.6291255225230724, 0.703101074398042, 0.7168451817411471, 0.6798858530110391, 0.7288410083636143, 0.7549371426493967, 0.7523908925773238, 0.612571480425503, 0.7522176052225193, 0.6991226535759362, 0.7096946904408824, 0.6525558811470753, 0.6793103861251598, 0.7228515688646531, 0.7407525289876992, 0.6839901540585732, 0.7171793457575075, 0.6709511569022814, 0.7279653576190186, 0.720625809995107, 0.7168238570534923, 0.7083025172218681, 0.6387028089644415, 0.6583094635023528, 0.7103145553417374, 0.6459259572414279, 0.6676615401737249, 0.7907057553750997, 0.6024068305403262], [0.7688817520668676, 0.7765287189773123, 0.7599491497971257, 0.6985547937627464, 0.7480636616438738, 0.6417055849582254, 0.706565980031001, 0.6669038844485635, 0.7715132350996061, 0.7172444575608876, 0.8301019227620724, 0.7774780736676458, 0.6831164342984957, 0.7773657257964767, 0.7553673798887697, 0.9999999999999981, 0.7068178733145203, 0.8416014630990062, 0.7095343049836859, 0.7632602230835864, 0.7748339255645039, 0.6679160697870018, 0.7481696010833876, 0.6937583759296074, 0.7855499062892292, 0.647557232729476, 0.6036719802928124, 0.7382280862566586, 0.6809733398530781, 0.7578494997064775, 0.7540490161975639, 0.6695590482397439, 0.7457182260043969, 0.7007937236678389, 0.79589213914753, 0.7830229033186694, 0.6487319748914299, 0.8068912883129177, 0.7242586190142307, 0.6897478381107706, 0.8521499915989449, 0.7491659745613083, 0.7319614713897562, 0.7571947210416772, 0.7369698931201417, 0.7608635502941413, 0.7035906911105532, 0.759710200935348, 0.7299564885140468, 0.8107980075887209, 0.8070008128786207, 0.737360545481385, 0.7537586017712057, 0.7209068241024251, 0.6188511250632339, 0.8022505535529822, 0.7422227726519727, 0.6767945964932938, 0.7512350991027628, 0.7846505046764785, 0.7507594088792727, 0.7732511033872898, 0.6925302803430089, 0.7398295709516466, 0.7290837734263208, 0.6950295552922943, 0.727243771661276, 0.6744451885924829, 0.7188244901273962, 0.6937495771799104, 0.765962950768073, 0.8012283127164261, 0.7069540051774668, 0.7078551661356474, 0.794291709332895, 0.6081230969592128, 0.7279973009298636, 0.7317720142890978, 0.7063170798773493, 0.7409244666845977, 0.7785930897247711, 0.7789430547492928, 0.6064588253479491, 0.7461128669332697, 0.7198268486925229, 0.7339853623573189, 0.7149857773974657, 0.7013307087695964, 0.7977550524518878, 0.7625954321767382, 0.703805607809625, 0.7501752002578295, 0.716367591776376, 0.6787871205829913, 0.7019761644386894, 0.7752719642566938, 0.7490277756393238, 0.7458845643728935, 0.7169719480481722, 0.7860823662517319, 0.7068758742985616, 0.7076651421467155, 0.8126729734916401, 0.6906045250619571], [0.7194534344073888, 0.714487418915125, 0.792417712461702, 0.6098932479505956, 0.7154536711272147, 0.6379295105297195, 0.6894999850243206, 0.6179617478054542, 0.7507896249752752, 0.6840009239325848, 0.6966581022077826, 0.7197231852558872, 0.6925542640241821, 0.6795514434136692, 0.6541191219280499, 0.7068178733145203, 1.0000000000000002, 0.7348536327453251, 0.6261180586711167, 0.7136363537589786, 0.7509021034997342, 0.6610740254373789, 0.6801454162593471, 0.7550986800591016, 0.7015667762140073, 0.5530617375850084, 0.6614088174547714, 0.7507194646584238, 0.690308103997409, 0.7278064013361585, 0.6937174544998536, 0.6502144985853175, 0.6857447604119508, 0.6955157582272534, 0.7254313274410432, 0.7701413346790051, 0.5760053815135305, 0.7781639422051744, 0.7362702797079528, 0.636626595091616, 0.8212480104871867, 0.6782986581821459, 0.6173086919015075, 0.6975424229284926, 0.7031216842789172, 0.7264508050007465, 0.6501481838237824, 0.7575939146309999, 0.6797875782226946, 0.6990156619708688, 0.7018842384638674, 0.7186555095753141, 0.7338348123507175, 0.7554013984155004, 0.5854048283136747, 0.7417053272817409, 0.7374549024630314, 0.7176308003233189, 0.6852085253360405, 0.7387580979676672, 0.713814118357012, 0.7497603656300842, 0.6878800717969269, 0.7591683981117825, 0.7075721087838426, 0.6763104955066728, 0.6640867429431067, 0.6561346725825472, 0.6896674746214516, 0.6135898807757728, 0.7145721991491, 0.7445541786493024, 0.7135372644787666, 0.6542204125802279, 0.6985972638567112, 0.44678320230370216, 0.7310305809894476, 0.7744325691144415, 0.7212203059525999, 0.7068341647073226, 0.744269092449239, 0.7334881246656688, 0.5417232759306311, 0.7413957939800144, 0.7433073396106281, 0.6793068284502667, 0.7323159016067833, 0.6396178992742672, 0.6878014448093237, 0.7165708980051879, 0.7496220764001871, 0.655750206005553, 0.7082307960497436, 0.7140191949104528, 0.7087405462182992, 0.8139828565400845, 0.6652184579442347, 0.6729470781345586, 0.7176153634604892, 0.7056606033783412, 0.7046401992126319, 0.7739860987199136, 0.7711648009841776, 0.6343160560190558], [0.82369439156758, 0.8539566055302737, 0.7963569331524238, 0.7289282478695457, 0.769550889222632, 0.6792082817474865, 0.740683301221893, 0.6535626879763895, 0.8237159557626916, 0.7832128331330614, 0.8773279428253123, 0.8056231544055517, 0.792780826221753, 0.8404827201056733, 0.7900812517793125, 0.8416014630990062, 0.7348536327453251, 0.9999999999999971, 0.7679221859213914, 0.797274728731681, 0.8241489176430804, 0.7190821949515818, 0.829941970740038, 0.8052398070365918, 0.865734389218908, 0.7353651226962791, 0.7247398314685445, 0.7951548437705492, 0.7676417365891285, 0.8321966224788127, 0.8265911172248189, 0.6629920919380631, 0.8424698350349349, 0.8112987781937981, 0.7962178255803064, 0.8643240952439133, 0.6934051915543494, 0.8679250826077926, 0.774596206380083, 0.6842755912627528, 0.9253307478907964, 0.7879280542724789, 0.8329712777132344, 0.8117874023945211, 0.8134751782406489, 0.7858938943343393, 0.7679252023621429, 0.7928996675792477, 0.7959564558583591, 0.7812668794987003, 0.8554244762726094, 0.8240276785448268, 0.822581789908799, 0.8149406623126405, 0.7708900990156611, 0.831396284441592, 0.7948619805494184, 0.7769262187439024, 0.8265215142567528, 0.8348197173841226, 0.8130823743440411, 0.810139509973946, 0.7830205611929685, 0.8117978297166069, 0.8612241425380761, 0.803683178054977, 0.7886241938229045, 0.7580273375609337, 0.7943010906151153, 0.7399512636811396, 0.8200442363906535, 0.8023466679374722, 0.7689861851612769, 0.8064615183340317, 0.8196866802129265, 0.6948526413483391, 0.8109085386860837, 0.8270194909283015, 0.7803383212728313, 0.808352907654934, 0.8306593249035434, 0.8160878426533927, 0.7242102551579431, 0.8259736656969032, 0.833400646930704, 0.7753176219674202, 0.7727744390988632, 0.7614188192110456, 0.8355302672726093, 0.7954044595773069, 0.8030191860165646, 0.8261404021752489, 0.7635144736198596, 0.785267445096168, 0.7675789617836608, 0.8285904044749308, 0.7681573253168321, 0.7972892150656018, 0.8091167475752863, 0.8091530835131306, 0.7783915883546717, 0.796514435348351, 0.8770821215196446, 0.7297850219421008], [0.7149040762050621, 0.7067428997139674, 0.6937007687843976, 0.6334965460233517, 0.7141457409939502, 0.6552054022005557, 0.6948354989453706, 0.6288443455587094, 0.7180420758926014, 0.680095982360188, 0.7953792683120635, 0.7050433443681223, 0.6870097961246285, 0.7753955537533136, 0.7033735318537901, 0.7095343049836859, 0.6261180586711167, 0.7679221859213914, 0.9999999999999991, 0.7493561063372878, 0.7078037047168677, 0.7372147307182728, 0.7312116506581082, 0.6530809998477122, 0.735759590677645, 0.5457391212858966, 0.6037896878653992, 0.7443754970034623, 0.6979252129836852, 0.7493297770963693, 0.6878545075905736, 0.6136856569098694, 0.7565698911072052, 0.8147749097644583, 0.7276406724279315, 0.7902210402826644, 0.6706163850418991, 0.7617078272640025, 0.7213377110399747, 0.6822659715824622, 0.8325379413827162, 0.7401498603802219, 0.6843181189343871, 0.6855611402351957, 0.7420728407322608, 0.6753823714062637, 0.7518851653017924, 0.7802282404000241, 0.7335823636721666, 0.7977588552315537, 0.7206094390857044, 0.6975700196383039, 0.7509552624478195, 0.7554082783207748, 0.6552403985702393, 0.7268906767785075, 0.7732961429148538, 0.7072736812899253, 0.7369660884068607, 0.749394135557908, 0.706885077308554, 0.7847527222958927, 0.7766610559300191, 0.728841039383963, 0.7584541789231982, 0.7141079720908433, 0.7477531919886748, 0.7052252481858371, 0.6543446891264726, 0.7298043242491541, 0.6857736992537821, 0.721457962641876, 0.7301728383928049, 0.6821098747056498, 0.7100164523742643, 0.6358298163376763, 0.6758809640562038, 0.7465388345600438, 0.76085012561842, 0.7688824847932566, 0.8024712192268855, 0.7324809394324726, 0.5508626205013744, 0.7369144003073369, 0.7506331541070197, 0.6666683355712341, 0.6941788142561314, 0.6533808335340221, 0.7521041969221177, 0.7613283429752356, 0.6656094571365601, 0.7074086051526539, 0.6779171732770959, 0.7146547082536633, 0.7523632940672197, 0.7350464106129933, 0.7015644155453727, 0.644207932048499, 0.6855258910019597, 0.7564536724094204, 0.7189258637446204, 0.7227288480007569, 0.7859937354763092, 0.6697571367865603], [0.7939916275834527, 0.7591747765131326, 0.7690736271227389, 0.6241787155999592, 0.7038720203456416, 0.6713081790177766, 0.7033065049654186, 0.6198670776713163, 0.7911216779148685, 0.7340069325237814, 0.7918445590165548, 0.7659079815487014, 0.7452482400077219, 0.8034396956889631, 0.652153196514757, 0.7632602230835864, 0.7136363537589786, 0.797274728731681, 0.7493561063372878, 1.0, 0.7339309181032247, 0.6374047782624711, 0.7643174827600856, 0.754524938675808, 0.8070877199049302, 0.5524149787302036, 0.6431091354149906, 0.7999571866701417, 0.7047532060907696, 0.8097463145642295, 0.7899504564907982, 0.6473382089132766, 0.7196421043275001, 0.7514313782805188, 0.7490273756935076, 