[[1.0, 0.9995314985802832, 0.9985826605939943, 0.9906132216422385, 0.9977526918327269, 0.9721413134117902, 0.9981537015739275, 0.817164725413187, 0.9969454846689554, 0.9866818724871551, 0.9199772710481529, 0.997789570985469, 0.9989326484681773, 0.9997178385190176, 0.9875900586958123, 0.9957732648066292, 0.997984734837259, 0.9642395985177492, 0.9918690876852311, 0.999490954542717, 0.9996575512587395, 0.9987796308200171, 0.9997296218398434, 0.998750857672609, 0.999309566369092, 0.9942995315696193, 0.994303507029058, 0.999566997993199, 0.9959989148717431, 0.995975214534104, 0.9986872895430151, 0.9922370974050378, 0.9967011040923167, 0.9995487889476353, 0.998460188748739, 0.9969807522682238, 0.9949962851264369, 0.9366136207602075, 0.9984672742526299, 0.9978756422070867, 0.0, 0.9992906840857811, 0.9292757152276598, 0.999738788168949, 0.9987992403425386, 0.9983090116422023, 0.9991362551942136, 0.9990003047089673, 0.9994793795514788, 0.9618515609263871, 0.9946796018029239, 0.9989349849540602, 0.9807124462898051, 0.9992837308011717, 0.9893012223464661, 0.9958318551279937, 0.9995718480032861, 0.9991401232412659, 0.9981172510527081, 0.9915700424534994, 0.9993586952892481, 0.9990420338343404, 0.9993082173174119, 0.99947176542571, 0.9990888926067777, 0.9996496731345742, 0.999573614518676, 0.9978351420650556, 0.9996173986898449, 0.999762124397664, 0.9993567809253886, 0.9990766544396481, 0.9993729276014491, 0.9985985857657634, 0.9973707014242144, 0.9722779802159194, 0.9984290197603691, 0.9992921014226197, 0.9997332423361273, 0.9963318713812747, 0.9889925966883846, 0.9995592130293072, 0.9736208205310477, 0.9982005604375787, 0.9992954372508634, 0.9961356551013909, 0.99932429958098, 0.973793902518356, 0.9966020869294869, 0.9990477664800662, 0.9992573908221645, 0.9962223925218029, 0.9968712140866327, 0.9992126075152786, 0.9993497646263263, 0.9992366214390351, 0.9998182879020513, 0.9890232889652583, 0.9985116424538145, 0.9990361453874971, 0.9996389624345382, 0.9996954792240828, 0.9547270797894802, 0.9974679097606238], [0.9995314985802832, 0.9999999999999999, 0.9983427625983338, 0.9928679761579672, 0.9989657515923498, 0.9660683091567809, 0.9991191031634326, 0.8295257767869243, 0.9982569383593765, 0.9895576706935235, 0.9117150166981678, 0.9989994481724133, 0.9987615670680278, 0.9997580598790193, 0.9910553126055149, 0.9972530687014759, 0.9984791511899395, 0.9695996544627303, 0.9945894873324744, 0.9995408625233094, 0.9998237383537786, 0.9993230025379473, 0.9997345040458298, 0.9996245655276547, 0.9996306517259099, 0.9939301667491464, 0.9933803224424763, 0.9997325348801356, 0.995430690957431, 0.9942416031498647, 0.9991242313833859, 0.995121475033422, 0.9973287142969928, 0.9996959115327003, 0.999342453042954, 0.9985371297767038, 0.996597001499807, 0.9433470788372528, 0.9995024510262293, 0.99877173902646, 0.0, 0.9996485337781623, 0.9376691648954663, 0.9992265317286203, 0.999513147517846, 0.9982910735507922, 0.9995803059169052, 0.999137307221173, 0.99967211688709, 0.9677225821300156, 0.9957339701211754, 0.9996033132138322, 0.9850612711576866, 0.9996850839044811, 0.9920790562548281, 0.9968578123926002, 0.9998148725334177, 0.9990078052561867, 0.9965966747975606, 0.988167437928289, 0.9998166484205835, 0.999119004114777, 0.9998306431342384, 0.9997160130023267, 0.9982684957289402, 0.9992957965472595, 0.9996911538179248, 0.9985955179241305, 0.999737779900074, 0.9995724670663473, 0.9998488271649075, 0.9992709515487042, 0.9993943951997283, 0.999281700322473, 0.9984956634938102, 0.9767130893957778, 0.9992636173609973, 0.999642301445488, 0.9998027565936055, 0.9944767762472774, 0.9913679948869091, 0.9999282470238738, 0.9787818871754608, 0.9991253310956995, 0.9982780093809267, 0.9977129035189986, 0.9984834064753575, 0.9697458910328824, 0.9978146233764654, 0.999712420090612, 0.9988791693363193, 0.9977144758830071, 0.9982670098137341, 0.9993267255963906, 0.9986930727218439, 0.9988910412819646, 0.9996068620452218, 0.9885804860111943, 0.9993594510758809, 0.9997202073678407, 0.9988697576106805, 0.999821992635986, 0.9611164322957461, 0.9960106013361658], [0.9985826605939943, 0.9983427625983338, 0.9999999999999997, 0.9911871548879376, 0.9973373158641373, 0.9699746590432775, 0.9973662858209221, 0.8067540058552027, 0.9968087559155537, 0.9872300152053034, 0.922502341791331, 0.9975740442278432, 0.9987031491779906, 0.998629421290778, 0.9887035234080047, 0.995873886790954, 0.9951659199002879, 0.9659803022376947, 0.991583203484435, 0.9991495549587432, 0.9984522091635968, 0.9981480738151659, 0.9988350721840383, 0.9979411696762006, 0.9987593007753516, 0.9924714657709407, 0.9911475848844701, 0.9986784895928995, 0.9984925963611125, 0.9958950681626645, 0.9994484708160074, 0.9908183755460149, 0.9969496719842588, 0.9982708954421908, 0.9981872097931224, 0.9955777922222173, 0.9965233661757614, 0.9404308264581012, 0.9976182029802055, 0.995571469601939, 0.0, 0.9985217206034503, 0.9282969200026756, 0.9986343133730239, 0.9984599678364069, 0.9972831860764033, 0.9973559558399373, 0.999348871259957, 0.9985627050998344, 0.9627918894924616, 0.9974611731699499, 0.9983075472368921, 0.9786432252233124, 0.9988487615616529, 0.989966224841144, 0.9933728386563712, 0.998640266500276, 0.999316704586532, 0.9978797957107486, 0.9899073103412919, 0.9986548932352982, 0.9986311978872731, 0.9983660051960952, 0.9983877085408667, 0.9977481167374297, 0.9987900784725275, 0.998500157604252, 0.9969839711975643, 0.9985614177776959, 0.9989756695723898, 0.9983596171436476, 0.998711020782464, 0.9992337049919027, 0.9989198497407549, 0.9964169487354837, 0.9740236062307748, 0.9979527488921535, 0.9989504542502997, 0.998740212360446, 0.9944221839455302, 0.99075915346171, 0.9985226223092922, 0.9742597735735052, 0.998052450573094, 0.9987628577706881, 0.9974379799307042, 0.9978275552469734, 0.979363967189714, 0.9975256330162476, 0.9982971884438926, 0.998240598140178, 0.9971858676152947, 0.9973026073868198, 0.999059946398574, 0.9988691179615903, 0.9970095263542731, 0.9980551766366836, 0.9921020532793998, 0.9982291987639744, 0.9982837422293772, 0.9985375301330792, 0.9985533302139857, 0.9578665969595406, 0.9944566638560265], [0.9906132216422385, 0.9928679761579672, 0.9911871548879376, 0.9999999999999999, 0.9957965880573318, 0.9347981034037385, 0.9952772478717031, 0.8615986222035457, 0.9972366840504142, 0.988688877803291, 0.8817995169070071, 0.9963479694020696, 0.9899892349353144, 0.9920778201510916, 0.9957010645868369, 0.9979529441784508, 0.9903784097013346, 0.9902574166328145, 0.9945583225117629, 0.9930296180529719, 0.9921348468727398, 0.9949408698628206, 0.9919274939033911, 0.9946382450252722, 0.9921603966190273, 0.9932277815859004, 0.9862268760621434, 0.9919413068547484, 0.9861979896811462, 0.9850920924895508, 0.9924877647613729, 0.9951234275522847, 0.9955429197304912, 0.9918789191344455, 0.9952874626328838, 0.9954801303400126, 0.9960555290665111, 0.9725300386329078, 0.9951230486767593, 0.9907781085718336, 0.0, 0.9932675405820466, 0.9642355420624527, 0.9897290057181167, 0.9948735911588736, 0.9869950108343979, 0.9905786725798837, 0.99136991755339, 0.9921004114488772, 0.9886542781349505, 0.9947860783312671, 0.994980082135937, 0.9896510477899844, 0.9930618977781266, 0.9994534731028936, 0.9956517662000834, 0.9929322017679297, 0.992652260887128, 0.9836279788688702, 0.9683919297411294, 0.9940565018579962, 0.994632954642098, 0.9937046279960183, 0.9926899071268606, 0.9880967755978356, 0.9913463272391344, 0.991921274386765, 0.9951745819465458, 0.9933645974881413, 0.9921612635274922, 0.993950357706291, 0.9928530525772872, 0.992384971710505, 0.9941918533395772, 0.995116568915302, 0.9945788562934448, 0.9961684099350444, 0.9935172411614731, 0.9924664711799818, 0.9771519402375218, 0.9992807953545887, 0.9931081404370269, 0.9913320281021264, 0.995482132656368, 0.9886933140402538, 0.995373631584437, 0.9880291864630101, 0.9584845821054027, 0.9970688102703382, 0.994088886300302, 0.9903760866884981, 0.9925742194216335, 0.9970753554180927, 0.9933724432681167, 0.9893925988496274, 0.9883862481337263, 0.9903562780246618, 0.990421637706212, 0.9953739717928745, 0.994206311434983, 0.9889018383837571, 0.9919493825724096, 0.9842405680384695, 0.9804364719298195], [0.9977526918327269, 0.9989657515923498, 0.9973373158641373, 0.9957965880573318, 0.9999999999999999, 0.9560813259772679, 0.9998451415045114, 0.8427439245911975, 0.9996883581110065, 0.9938244008256968, 0.8965882137747179, 0.9998552363238163, 0.9971406944391287, 0.9986067430743218, 0.9954838006588415, 0.9988560209867924, 0.9977103814007715, 0.9765096504993293, 0.9973965619285293, 0.9987534640410506, 0.9985861536856994, 0.9985959111916997, 0.9982909157707086, 0.9997000211655811, 0.9989801172782994, 0.9927793019714943, 0.9893481619963838, 0.9986318862392116, 0.9941200147787809, 0.9909419355980792, 0.9986886630855377, 0.9974869385189302, 0.9976933388203288, 0.998463852141115, 0.9998594579646988, 0.9993920701597819, 0.9968732940252221, 0.9557955358557612, 0.999630808674944, 0.9984822085293078, 0.0, 0.9989459183020324, 0.9490932586209879, 0.9970780475457974, 0.9996731352831569, 0.9962139390175804, 0.9981716152598494, 0.9982676361809998, 0.998792438303595, 0.9753584770789018, 0.9969248184157092, 0.9995955956711827, 0.9902183732102039, 0.9991403001935864, 0.9956112766345819, 0.9973221331816526, 0.9991438132307402, 0.9982161556082231, 0.9933386019485828, 0.982217838772798, 0.9992002924260395, 0.9983076828826384, 0.9993950677706946, 0.9989549150752427, 0.9952228228958134, 0.9976826658485856, 0.998662238958754, 0.9982928985516871, 0.9987749208328599, 0.9982588078680726, 0.9991246077695236, 0.9990055975671869, 0.9983787057947531, 0.9993042897163416, 0.9996912881344371, 0.9831700609024797, 0.9994227869551762, 0.9991690620807131, 0.9988224549348695, 0.990221007337842, 0.9946379642906089, 0.9990048432889385, 0.9855141429493707, 0.999754863681618, 0.9962488944793291, 0.9985967078800543, 0.995672577223715, 0.9649182322281249, 0.9988809033135416, 0.9995845368348077, 0.99737460507367, 0.9983259311201869, 0.9995446792521732, 0.9988304448414675, 0.9964658198315478, 0.9973189071841926, 0.9977987349666473, 0.9886834462481119, 0.9997926082516064, 0.9996747244942282, 0.9970867447153382, 0.9985827333414597, 0.9695847142593311, 0.9917383095677679], [0.9721413134117902, 0.9660683091567809, 0.9699746590432775, 0.9347981034037385, 0.9560813259772679, 0.9999999999999999, 0.958232602226981, 0.6831581321232016, 0.9528774116997772, 0.9327918368151126, 0.9667011246097682, 0.9560034019274178, 0.9721844235493509, 0.9690024115008544, 0.9270769160513527, 0.9502252886349877, 0.9641822507233158, 0.8803323110660692, 0.9397434913649778, 0.9675592016220069, 0.9685161768804111, 0.9628692997187828, 0.9693687014234702, 0.9605265214264024, 0.9671025410087782, 0.9602343720459443, 0.9695489782458502, 0.9684073083406458, 0.971521915177878, 0.9789807968081197, 0.9657821495838884, 0.9378873909164004, 0.9578262108171004, 0.9688834705625756, 0.9596158427766162, 0.9533745772110923, 0.9513199451102682, 0.8350231890154102, 0.9590939619964176, 0.9610051510052631, 0.0, 0.9663015289611271, 0.8205154971341747, 0.9738768846006062, 0.961644112951376, 0.9715014135311753, 0.9674141047653968, 0.9687016194932007, 0.9679712116114577, 0.8741043616291516, 0.953674929390572, 0.9618308108054388, 0.9130357217532094, 0.965599284474669, 0.9299251085542889, 0.9536275075565832, 0.9663512962718018, 0.9684942263665138, 0.9818016094313444, 0.9926929440354247, 0.9650466175015183, 0.9652437884372864, 0.9641968270814543, 0.9672556884281398, 0.9762540145048636, 0.9719776550336354, 0.9685663104528233, 0.960736188812059, 0.9672282121304391, 0.9698437485819085, 0.9647814374468621, 0.9657381617968074, 0.9689739363483544, 0.9621526336870502, 0.9554805577601155, 0.8952524692386262, 0.959384772375158, 0.9653459221241357, 0.9681098193556669, 0.9836096527798226, 0.9322344307449622, 0.9661642435366649, 0.8970968870345493, 0.9590583780371986, 0.9762485977171673, 0.952569865532574, 0.9770869958418658, 0.9739065609430804, 0.9532684513400246, 0.9629685533638941, 0.972844269167902, 0.9568394772404055, 0.9529353494593602, 0.9670010027992887, 0.974698322529002, 0.9723389322258589, 0.9713765698983371, 0.9539142189060098, 0.9598348869161022, 0.9624684743218539, 0.9747622306672261, 0.9689806672582819, 0.8643786128891484, 0.9813062951832983], [0.9981537015739275, 0.9991191031634326, 0.9973662858209221, 0.9952772478717031, 0.9998451415045114, 0.958232602226981, 0.9999999999999999, 0.8412594838957745, 0.9996341993233031, 0.9926311099244066, 0.8982701616252312, 0.9996355548547927, 0.9972045636462588, 0.9989335936400866, 0.9946924305571045, 0.9984205653024607, 0.9983150673788861, 0.9746741414716241, 0.9965897601396635, 0.9987863148841482, 0.9988686800816511, 0.9985838292267379, 0.9984444879453581, 0.9996788811075549, 0.9990696570335619, 0.9934663247063313, 0.990351206945893, 0.9987993737263772, 0.99413066645321, 0.9913717008793641, 0.9987007340664973, 0.9970879321100514, 0.997123371213896, 0.9987076608481089, 0.9997468466786763, 0.9994018096908112, 0.9965185481569585, 0.9530592665156192, 0.9995673501707536, 0.9986355894311271, 0.0, 0.9990821378567565, 0.9468272029446564, 0.9974102441477714, 0.9996296383993742, 0.9968608517903581, 0.9983506414381148, 0.9984760404620504, 0.9990245176748601, 0.9736335252568431, 0.9966041412528418, 0.9995243209691836, 0.989488564005875, 0.9992474334043899, 0.9947817982532783, 0.997753760619442, 0.9992842909767041, 0.9982728456571058, 0.9940541168991719, 0.9834946122859015, 0.9992911825091206, 0.9983598559972118, 0.9995101323225267, 0.9991748031008328, 0.995811827679367, 0.9979530154189593, 0.9988671851479316, 0.9984962048633584, 0.998997175539854, 0.9984508848108976, 0.9992582333672416, 0.9990809983423671, 0.9984892052693131, 0.9992130733192433, 0.9996379171870718, 0.9817163817717386, 0.9993253126237273, 0.9991992149749661, 0.9990258075122509, 0.990795660996809, 0.9937029635996475, 0.9991466559938851, 0.9839749818687423, 0.9996101616444284, 0.9966041961769508, 0.9980290852964481, 0.9962390851073861, 0.9652768879677681, 0.9983611226087391, 0.999635058789256, 0.9977458213633266, 0.9978302722144471, 0.999215588360686, 0.998884425343133, 0.9967557177715328, 0.9978778825008029, 0.9982389511764949, 0.9883680048472127, 0.9996678093394823, 0.9997149767249949, 0.9974991870474696, 0.9987876948843928, 0.9675734216436026, 0.9927788099611063], [0.817164725413187, 0.8295257767869243, 0.8067540058552027, 0.8615986222035457, 0.8427439245911975, 0.6831581321232016, 0.8412594838957745, 1.0, 0.8453771886340328, 0.860514019344271, 0.5546518660451559, 0.8415585429364001, 0.8086673955450763, 0.8246484176073664, 0.875175457707969, 0.8458178218971977, 0.8419851713791635, 0.9023882860546403, 0.866729078814994, 0.8196750789741795, 0.8261822291486893, 0.8293937048493543, 0.8205520782370541, 0.8378120837708392, 0.8227438761526245, 0.8328907672669796, 0.8197532013407588, 0.8209789956101243, 0.7827977269080145, 0.7821230112547486, 0.8205653676405394, 0.8733787597026897, 0.8287293173784591, 0.8269806007309679, 0.8357457740183988, 0.8553647941599279, 0.8359910276107778, 0.9031476387436976, 0.8424553326145021, 0.8416861459804021, 0.0, 0.8294451290031082, 0.9540316411060198, 0.812346678538527, 0.8345354561350741, 0.8179182175078218, 0.8293659877506652, 0.8160569096435086, 0.8270984335122921, 0.9140784639227487, 0.8205445334983479, 0.8342030740070331, 0.9044298398177574, 0.8240013962404288, 0.8688568877427854, 0.8580027371601668, 0.8280096973542639, 0.8124595563437146, 0.7866970848067978, 0.752488892678577, 0.8296779342415681, 0.8226256406479359, 0.8313616979349613, 0.8285707112990774, 0.804006990550539, 0.8151891957548817, 0.8264890437513419, 0.8393090325194386, 0.8270789072534168, 0.8193310053021163, 0.8317058065765918, 0.8209395614938694, 0.8163883622011885, 0.8258075691540211, 0.8476588066711158, 0.8919740640914817, 0.8381300445556673, 0.8243584454285766, 0.8236565380907266, 0.7791389047456161, 0.8566917158611985, 0.8280214836781873, 0.905553907190916, 0.8380845854869056, 0.800952189634691, 0.8367315118999091, 0.8078933451443314, 0.6841732698133197, 0.8360353356635943, 0.834596496613459, 0.8165878386722524, 0.837554587226726, 0.8414004674110922, 0.8217964979197836, 0.8035355387554276, 0.8209775201857844, 0.8207289457514496, 0.7855336089407713, 0.8366718557893212, 0.8339336379761567, 0.8088619153886644, 0.823846710718032, 0.9130268280014606, 0.7967819745161386], [0.9969454846689554, 0.9982569383593765, 0.9968087559155537, 0.9972366840504142, 0.9996883581110065, 0.9528774116997772, 0.9996341993233031, 0.8453771886340328, 0.9999999999999999, 0.9926550835353096, 0.8947835625034793, 0.9996956236006745, 0.9962141358590793, 0.9979406843836062, 0.9960571155982063, 0.9991659688568307, 0.9969032068477041, 0.9793371824363266, 0.9970058578301687, 0.998201113088177, 0.9978475792545064, 0.9984668421133284, 0.997543335828856, 0.9992115096685793, 0.9981657325311161, 0.9937276775276415, 0.9894146900308308, 0.9978764780677966, 0.9934649955794398, 0.9904394911723499, 0.9980849260375823, 0.9973808719125009, 0.9976098811630071, 0.9976533126912464, 0.9994968852522508, 0.9991244950979143, 0.9973105418621787, 0.9593168978929094, 0.9991741015213355, 0.9974126418131767, 0.0, 0.9983361047471694, 0.9516989666619687, 0.9961584138537964, 0.9992545210527606, 0.9951230712113163, 0.9970272902261467, 0.9976389709096405, 0.9980039606353328, 0.9780790071387387, 0.9972930008715696, 0.9991727259385706, 0.990195961919317, 0.9985164005362752, 0.9967645243419059, 0.9976043782257313, 0.9984724525429297, 0.9977970414773957, 0.9922234979019134, 0.980214482183517, 0.9986853337245873, 0.9981835846478992, 0.9988006595393694, 0.9982313268758264, 0.9944306060017152, 0.9969873992921101, 0.9978419074622574, 0.9982755461442975, 0.9982739634099975, 0.9976462240166735, 0.9986608307494587, 0.9984211822329353, 0.9977962913380711, 0.9989064653854637, 0.9992953560372324, 0.9857581335176496, 0.9992128770221387, 0.9986070731452518, 0.998129559364078, 0.9882440664874784, 0.9960493550343187, 0.9983524091790246, 0.9866915920319725, 0.9993945974245447, 0.9954079299945455, 0.9983821644659681, 0.9947563210619067, 0.9650146111788496, 0.9989760206009414, 0.9989953344411483, 0.9965905491258708, 0.9974074759743033, 0.9996120849027258, 0.9983114225309007, 0.9956755805869696, 0.9960907095638198, 0.9969079414064757, 0.9900825093435325, 0.9994149220195703, 0.9991351976857087, 0.9961249907599037, 0.9977939536959588, 0.972596099082187, 0.9901435596480386], [0.9866818724871551, 0.9895576706935235, 0.9872300152053034, 0.988688877803291, 0.9938244008256968, 0.9327918368151126, 0.9926311099244066, 0.860514019344271, 0.9926550835353096, 1.0000000000000002, 0.8573087164910121, 0.9931218588756479, 0.987114552096145, 0.9886911989952961, 0.9953272192194677, 0.9924898990997209, 0.9891110608998699, 0.9760637919061624, 0.9970540337346709, 0.9892703308491683, 0.9884790610918587, 0.9880053772923997, 0.9879184235692092, 0.9920571312796898, 0.9905757385075221, 0.9765161826010851, 0.9701500199841474, 0.9890270315396378, 0.9835162836082993, 0.9750731311595217, 0.9900874905198094, 0.99452262148258, 0.9895451157158818, 0.9888037971619028, 0.9927347463228158, 0.9931493379925634, 0.9873142294567792, 0.9659422634639435, 0.9921894278887456, 0.9921772974385754, 0.0, 0.9900683134012472, 0.9606634105741224, 0.9857018900296272, 0.9921207149080328, 0.9853936035994655, 0.9890002693874623, 0.9885965639226193, 0.9899751600278148, 0.9764838158178056, 0.9886340433390969, 0.9914992765966087, 0.9939752849132356, 0.9904045867918394, 0.9906822518229583, 0.9874288790941247, 0.9903226485129212, 0.9879929312674125, 0.9788706266608186, 0.964294144996618, 0.989926273071378, 0.9870516864359704, 0.9906578407652283, 0.9899138726052453, 0.9807694504883582, 0.9861994177378703, 0.9897470805270799, 0.9882342805285099, 0.9883837704506319, 0.9877309181706212, 0.9894598105665543, 0.9905323282871605, 0.9884657636856683, 0.9914269653671673, 0.994352278149315, 0.981207117523844, 0.9908251739812539, 0.9904161055187372, 0.989116577593815, 0.9776170349443677, 0.9889911326859755, 0.9894011269259612, 0.9902663285226122, 0.9931619037889089, 0.9844512902559526, 0.992459643638232, 0.9823278373440739, 0.9426809065137192, 0.9920502983352903, 0.9918117919293047, 0.9866627601000367, 0.994170029082482, 0.9930587011243833, 0.9898854708685498, 0.9844252315639188, 0.9872354213317562, 0.9866035818285601, 0.9744213363702315, 0.9927330937663429, 0.9918296580629441, 0.9860138067441495, 0.9887050952608679, 0.9725037807171439, 0.9766329425536507], [0.9199772710481529, 0.9117150166981678, 0.922502341791331, 0.8817995169070071, 0.8965882137747179, 0.9667011246097682, 0.8982701616252312, 0.5546518660451559, 0.8947835625034793, 0.8573087164910121, 1.0000000000000002, 0.8991377884604534, 0.92353915818665, 0.9143039379531123, 0.8582648609947825, 0.8953194654017628, 0.8991422757956054, 0.8243672320066776, 0.8717116859596182, 0.9165197951173296, 0.9142945078142689, 0.913916385318286, 0.9182515388698261, 0.9030719198787103, 0.9123514325396681, 0.9139012239289158, 0.92788882019653, 0.9152936082958342, 0.9294910110020527, 0.943461645541844, 0.9125807951737224, 0.8697547225875069, 0.908778278569599, 0.9138799233089029, 0.9027342480823386, 0.8904704971798983, 0.9047289348229741, 0.7653586810648628, 0.9011720121509036, 0.896981008770587, 0.0, 0.9114853962525038, 0.7313514386632454, 0.9240068037453895, 0.9050881101305923, 0.9154812333834562, 0.9112961783528267, 0.916207442326241, 0.9117401244065318, 0.8103093374895416, 0.9062791356426019, 0.9065161437189108, 0.829092194830922, 0.9121274904664727, 0.8731292229932792, 0.8929260914099291, 0.910661725770112, 0.9199725409829739, 0.9361564972206249, 0.951418755586523, 0.9115400440432305, 0.9175939539045845, 0.9081545664253737, 0.9111629793389671, 0.9316691299609948, 0.9220728488053425, 0.9128230671994826, 0.9075872023261067, 0.9141477369150215, 0.919003287391991, 0.9107095243803439, 0.9113825760147614, 0.9191552841031146, 0.9093653281914311, 0.8920177361539404, 0.8378231192380451, 0.9051934246268047, 0.9120550180849267, 0.9143063966248937, 0.9373771814846351, 0.882398716718415, 0.9125105197667382, 0.8232323084764989, 0.9015533473315438, 0.9288427540657164, 0.8996078394507525, 0.9288402487649033, 0.9692081319587171, 0.9022430159351976, 0.9056008266501888, 0.919424251524429, 0.8980386404159829, 0.8978467816416922, 0.91460513026063, 0.9288218190911791, 0.9134872242095596, 0.9176585426126089, 0.9268302968755532, 0.902885472281853, 0.9054119716323656, 0.9221914578159449, 0.9153481467741811, 0.8009879095391176, 0.9308763732446214], [0.997789570985469, 0.9989994481724133, 0.9975740442278432, 0.9963479694020696, 0.9998552363238163, 0.9560034019274178, 0.9996355548547927, 0.8415585429364001, 0.9996956236006745, 0.9931218588756479, 0.8991377884604534, 0.9999999999999999, 0.997388330499768, 0.9985535170101227, 0.9953887804894327, 0.9991667272162799, 0.9971621959997803, 0.9777423829986761, 0.9974513233769194, 0.9989156460464305, 0.9985857027030699, 0.9990378276344419, 0.9984725104352637, 0.9996602610602481, 0.9989137758153931, 0.993332575972412, 0.9898899684432403, 0.9986692388025392, 0.994365362505601, 0.9917046586670695, 0.9987253435444209, 0.9972418329113155, 0.998422206648471, 0.9984523936534306, 0.999878483424128, 0.9992490995886618, 0.9976551660326902, 0.95651458411808, 0.9996219879538253, 0.9980766488528722, 0.0, 0.9989850598090426, 0.9491316193647074, 0.9972282964177595, 0.999698705162917, 0.9957742598639575, 0.9981492623901583, 0.9982710446526759, 0.9987204556903894, 0.976263172386638, 0.9970854890890899, 0.9997099645313745, 0.9893941234573993, 0.999133522321118, 0.9960969537614338, 0.9972084850944569, 0.9991244968296039, 0.998446188676003, 0.9934026153887899, 0.9822123976888014, 0.9993164559243468, 0.9986796314908841, 0.9993795155131378, 0.9988703541188815, 0.9954679666177406, 0.9978915388552115, 0.9986439899065541, 0.9986085979210464, 0.9988489193990026, 0.9984310895812161, 0.9992750304843881, 0.9989304911834734, 0.9985442533493655, 0.9994108453848853, 0.9993937432101493, 0.9841585286445735, 0.9995843160847683, 0.9992464290498138, 0.9988603489020331, 0.9902133931959561, 0.9954862635013189, 0.9990903969233547, 0.9857755611331958, 0.9997890645477505, 0.9963886906895089, 0.998894292338583, 0.995807423968792, 0.9665640677796771, 0.999328470568209, 0.9995328734515783, 0.9974520068689742, 0.9984577059175771, 0.9997224232523864, 0.9989518853478775, 0.996699984630862, 0.9969755981998765, 0.9977462014867071, 0.989885329495388, 0.9998273109005174, 0.9996035241575517, 0.997045652734586, 0.9986281534009481, 0.9705686551131927, 0.991418304271375], [0.9989326484681773, 0.9987615670680278, 0.9987031491779906, 0.9899892349353144, 0.9971406944391287, 0.9721844235493509, 0.9972045636462588, 0.8086673955450763, 0.9962141358590793, 0.987114552096145, 0.92353915818665, 0.997388330499768, 1.0000000000000004, 0.9990184437060654, 0.9867289413494577, 0.995831510025065, 0.9962156475144116, 0.9635925925711741, 0.9919403308418241, 0.9992030118230126, 0.99900563538953, 0.9983848454026014, 0.9992092055788658, 0.9980392540126964, 0.999239856762728, 0.9925550103241568, 0.9921110532773342, 0.9993126363320778, 0.9968319954832287, 0.9969022303533784, 0.9984775517455499, 0.9906548013209059, 0.9971405620818811, 0.9989551552424513, 0.9980563064484913, 0.9958594159746293, 0.9949360543627521, 0.9370785762755249, 0.9976889839699358, 0.9964156999493531, 0.0, 0.9988991549863324, 0.9264650925137797, 0.9993496793698778, 0.9984029493718356, 0.9969012489062304, 0.9983173971433547, 0.998527933198244, 0.9989732897114182, 0.9606457149368819, 0.9947134285937504, 0.9983654827573478, 0.9784624212650896, 0.9990488830551881, 0.9886327004285184, 0.9936998808106677, 0.9988115427546868, 0.9993094985734395, 0.9976003665316663, 0.9915721248867293, 0.9989086867491711, 0.9985164971582686, 0.9986090642415503, 0.998899069129447, 0.9985710163969889, 0.9993603669222616, 0.9990637507752018, 0.9973024353453551, 0.9988234455044458, 0.9991802334946458, 0.9987058175368704, 0.9988007124404955, 0.9995405714520548, 0.9984602635721606, 0.9963321219413296, 0.9716574366061017, 0.9978268986978209, 0.9990617965780624, 0.9990232875281313, 0.995607761917131, 0.989298315065158, 0.998868502295227, 0.9735202493571898, 0.9979392967791024, 0.9991771922719757, 0.9959854204784102, 0.9987388182387914, 0.9772512986596223, 0.9966088758042535, 0.9985083704960306, 0.99913627727598, 0.9965004797775875, 0.9965483645805957, 0.9991727700671126, 0.9994125234638015, 0.9979880257944107, 0.9987199892359813, 0.9903910123600116, 0.9981354350430378, 0.9983902713269354, 0.9989811136339218, 0.9991247479507819, 0.9539510478005978, 0.995910507380966], [0.9997178385190176, 0.9997580598790193, 0.998629421290778, 0.9920778201510916, 0.9986067430743218, 0.9690024115008544, 0.9989335936400866, 0.8246484176073664, 0.9979406843836062, 0.9886911989952961, 0.9143039379531123, 0.9985535170101227, 0.9990184437060654, 1.0000000000000002, 0.9898037411704355, 0.9967816675902812, 0.9986728011009449, 0.9672367005310002, 0.9935729630538457, 0.9995341087543381, 0.9998765329890247, 0.9989408391690839, 0.9997025664174576, 0.9993488564546826, 0.9996239438904683, 0.9945323336951912, 0.9938835029136297, 0.9996945206213522, 0.9956596425899005, 0.9950367462401997, 0.9991169425951949, 0.9939015083070393, 0.9969266316649243, 0.9997815773098832, 0.9990888319119123, 0.99805398977641, 0.9957155520350897, 0.9407508208574678, 0.9991619626613449, 0.9983621865374468, 0.0, 0.9997143875375543, 0.9342598162637749, 0.999477242203669, 0.999408484907308, 0.9985109387618618, 0.9992110396830347, 0.9991966552964381, 0.9998485245054768, 0.9651844505940217, 0.9955352220519841, 0.9993656339007986, 0.9834785689228364, 0.9995720744350833, 0.9909701214201515, 0.99673027209562, 0.9997874755633215, 0.9991679276780664, 0.9974126910563892, 0.9900653600215193, 0.9997029658344977, 0.9990456144471723, 0.9996763580284772, 0.9998445035829057, 0.9986160319931595, 0.9995396417376854, 0.9998477241088675, 0.998426267959791, 0.9997802678185094, 0.9996801422379941, 0.999693407903358, 0.9992990207405246, 0.9995421717204198, 0.999081118510436, 0.9983147854285405, 0.9749571456346691, 0.9990312352799946, 0.9995588839395426, 0.999804983463321, 0.9948882780193584, 0.9904828214208778, 0.9997521358417804, 0.9769480231875856, 0.9989580172647398, 0.9988073642280146, 0.9969424908477859, 0.9990134353135511, 0.9713787539128818, 0.9973107042740716, 0.9995991460853132, 0.9994010626968691, 0.9971338871700802, 0.9977997784127967, 0.9994646329413679, 0.9989973981185457, 0.9991612039690244, 0.9996848340959064, 0.9887237606200802, 0.9991816052133905, 0.9995396849252947, 0.9993287264934004, 0.9998183870100351, 0.9586820732519774, 0.996611271171566], [0.9875900586958123, 0.9910553126055149, 0.9887035234080047, 0.9957010645868369, 0.9954838006588415, 0.9270769160513527, 0.9946924305571045, 0.875175457707969, 0.9960571155982063, 0.9953272192194677, 0.8582648609947825, 0.9953887804894327, 0.9867289413494577, 0.9898037411704355, 0.9999999999999998, 0.9952724306178149, 0.9900887761463504, 0.987361342832601, 0.9977869236004153, 0.9902933990033529, 0.9898584133175392, 0.9912166716071035, 0.989134213786692, 0.9937753259958141, 0.9908463890493364, 0.9837663146177097, 0.9764868415762321, 0.9898814320171682, 0.9841427145212784, 0.9761145978773577, 0.9918423102670121, 0.997756974200647, 0.9916191880403818, 0.989673403755947, 0.9942940210978015, 0.9955436172465071, 0.9934390717840997, 0.9741999958727358, 0.9940489376199131, 0.9921997137876594, 0.0, 0.9911159531884451, 0.9705957077432796, 0.9861315743963527, 0.9934830928172217, 0.9868896483342373, 0.9897739159148657, 0.9904449907995333, 0.9905115028285928, 0.9877669194308628, 0.9927237659293981, 0.9931466636886921, 0.9961777863579045, 0.9913983887351211, 0.9971059800352116, 0.9922728114879595, 0.9912705692374764, 0.9892017943427382, 0.9798897529655667, 0.9614475628130457, 0.9916776682530448, 0.9900054083369694, 0.9922252531138408, 0.9907922260909051, 0.9826328318424038, 0.9875324474764783, 0.9901466029211606, 0.9918235865070866, 0.9903224410362917, 0.9889822767880598, 0.9916691290037414, 0.9910618863832205, 0.9893906691543833, 0.9928608743977428, 0.9954051404622317, 0.9914536100125337, 0.9934181015351422, 0.9914717817766623, 0.9902912736992913, 0.9747840700841676, 0.9951842510497961, 0.9910733762923009, 0.9949358867102815, 0.994450817469588, 0.9843490062225915, 0.9954500882533458, 0.9834048956025847, 0.9446567297235899, 0.9947133314615858, 0.9929569214680012, 0.9872110848597884, 0.9946512379007901, 0.9958531992309143, 0.9906715652423987, 0.9849427382979339, 0.9871262949097938, 0.9878678170195061, 0.9799367156981516, 0.9941565784775434, 0.993163218523345, 0.9860262008271756, 0.9898068376158983, 0.9848283242044162, 0.9765342413444867], [0.9957732648066292, 0.9972530687014759, 0.995873886790954, 0.9979529441784508, 0.9988560209867924, 0.9502252886349877, 0.9984205653024607, 0.8458178218971977, 0.9991659688568307, 0.9924898990997209, 0.8953194654017628, 0.9991667272162799, 0.995831510025065, 0.9967816675902812, 0.9952724306178149, 0.9999999999999996, 0.9950195598547676, 0.9823246375291668, 0.9970032501121927, 0.9976153016762798, 0.9966669183611765, 0.9981062289506814, 0.9967611568070702, 0.9981583799063739, 0.9971217470753122, 0.9937570008188452, 0.9887219539997457, 0.9968480328895142, 0.9919933671365017, 0.9909602231649539, 0.9967587309650712, 0.99613909484123, 0.9984703744386543, 0.9967529047029035, 0.9987733019310464, 0.9981194603014005, 0.9969884420149978, 0.9631173642325941, 0.998343691369488, 0.9958402188885968, 0.0, 0.9976830709658076, 0.9537605913175241, 0.9953054654444794, 0.998529378907473, 0.992445458467771, 0.9957639397924687, 0.996131167723573, 0.9969543712417651, 0.9804194791841624, 0.9963427772152335, 0.9985974485214255, 0.9892276214247272, 0.9974315222384686, 0.9974937449399996, 0.9968494497678928, 0.9974426725989095, 0.9971550996663792, 0.9904290230674513, 0.9786006463783582, 0.9980077050349363, 0.9978767448221191, 0.9977100579491223, 0.9972896329416238, 0.9933343487498638, 0.9963155257453641, 0.9969023393934757, 0.997997987953078, 0.9974291538040687, 0.9968523889345264, 0.9977983451721354, 0.9974643153300332, 0.997119402871959, 0.9979431595826768, 0.9981662037333265, 0.9879719623894219, 0.9989251908299814, 0.9977722186067844, 0.9971107893829269, 0.9864596644031687, 0.997364281360958, 0.997386843369829, 0.9880323429418943, 0.9989046300280203, 0.9946737248840261, 0.9978102388904322, 0.9938266552185372, 0.9654474650477244, 0.9990698391297332, 0.9980989067513606, 0.9958989808391489, 0.9968495089466313, 0.9990471150885707, 0.9979309004891607, 0.9950777889903247, 0.9943609477201629, 0.9954707820867195, 0.9912345002465155, 0.998764794791776, 0.9980852496704202, 0.9948222827382381, 0.9967911561601586, 0.9750811929089193, 0.9877175557210852], [0.997984734837259, 0.9984791511899395, 0.9951659199002879, 0.9903784097013346, 0.9977103814007715, 0.9641822507233158, 0.9983150673788861, 0.8419851713791635, 0.9969032068477041, 0.9891110608998699, 0.8991422757956054, 0.9971621959997803, 0.9962156475144116, 0.9986728011009449, 0.9900887761463504, 0.9950195598547676, 0.9999999999999998, 0.96613228303891, 0.993592001716486, 0.9971411951081927, 0.9985848782405592, 0.9966488500549182, 0.9975876792237246, 0.9983351075594576, 0.9979590332416669, 0.9929687133240854, 0.9925016090056383, 0.9979703063862049, 0.9909386241406618, 0.9901204650550594, 0.9969728704957377, 0.9951467517196196, 0.9936502930893886, 0.9985733210829876, 0.9976679380558718, 0.9982778014161671, 0.9927321765743086, 0.9400875525877128, 0.9982589422578414, 0.9988025505205317, 0.0, 0.9982025590314892, 0.9394177881025827, 0.9972649043536252, 0.9979865568745926, 0.9978910438071577, 0.9982069062376671, 0.9971519925604281, 0.9985140533963407, 0.9656550049588528, 0.9922506247560268, 0.9978551425919192, 0.9872766925895434, 0.9977322932199851, 0.9897678827107779, 0.9971730392446896, 0.9984057966646022, 0.9961909737832149, 0.9944845835120624, 0.9865144212172571, 0.9980346444507986, 0.9964064318114115, 0.9984614271659507, 0.9987130950521254, 0.9961096616321509, 0.9972286675515437, 0.9984657442440668, 0.9968476303293302, 0.9981867540570546, 0.9974278515144953, 0.9983041147067281, 0.9973829609874834, 0.9970434020064739, 0.9969110869529959, 0.9980501997368049, 0.9737623820769836, 0.997458120786521, 0.9975573542480167, 0.9981422638829817, 0.9919428452485002, 0.9876172275620562, 0.9982380203584829, 0.9781848892020236, 0.9974963267443461, 0.9957361746167204, 0.9947540176564319, 0.9968940843555798, 0.9596014045349948, 0.9947163697072269, 0.9984611732812154, 0.9976521371616492, 0.9954448778377966, 0.9960167391759567, 0.9972259036346486, 0.9959687823603391, 0.9986264958963457, 0.9984344482792099, 0.9817717892048946, 0.9978084366203858, 0.9984173478340882, 0.9972755182274827, 0.9982228576477099, 0.9586010186604849, 0.9955855221110455], [0.9642395985177492, 0.9695996544627303, 0.9659803022376947, 0.9902574166328145, 0.9765096504993293, 0.8803323110660692, 0.9746741414716241, 0.9023882860546403, 0.9793371824363266, 0.9760637919061624, 0.8243672320066776, 0.9777423829986761, 0.9635925925711741, 0.9672367005310002, 0.987361342832601, 0.9823246375291668, 0.96613228303891, 0.9999999999999996, 0.9824982295351039, 0.9691750273097572, 0.9675941309450814, 0.9738347686515053, 0.9673609704383972, 0.9736038424828304, 0.9677677969216363, 0.9725553888133667, 0.9608966135973861, 0.966925818697576, 0.9573742399587577, 0.9554742895498974, 0.968830445064801, 0.9824789179410964, 0.977039384180343, 0.9676267496482084, 0.9747316471137972, 0.9777149383443812, 0.9800386512800375, 0.9901413805878952, 0.9752865198888614, 0.9682414637228038, 0.0, 0.9704531629372568, 0.9864967080480517, 0.962802960606369, 0.9737706286866892, 0.9590366055855987, 0.9664041719997641, 0.9661379085507324, 0.9679759054470208, 0.9991907050023355, 0.9753091339079271, 0.9739432560799023, 0.9844231681773777, 0.9693766646361797, 0.9915542074008885, 0.9779640672554145, 0.9694163269150893, 0.9678900696094718, 0.9510073726264068, 0.9274409822736678, 0.9716298576440013, 0.9722163450453489, 0.9708904042948585, 0.9688173159685853, 0.9593587379787496, 0.9655076433866985, 0.9677317093329357, 0.9755391257015847, 0.9698072191541144, 0.9675011112864728, 0.9715546419370146, 0.9684370828313531, 0.9677954032266237, 0.9722341450653763, 0.9758430471725478, 0.9987847696014398, 0.9765249191714359, 0.9701693993389497, 0.9680338899645727, 0.9426399855647289, 0.9912619723607645, 0.9697750078827617, 0.9943077288985547, 0.9756931118979727, 0.9601838397851844, 0.9780843826799802, 0.9595547798423951, 0.9198239941752674, 0.9800677227693065, 0.9722053993290649, 0.9640038567942679, 0.9739738724678527, 0.9796248388859004, 0.969962767141772, 0.9617017368176763, 0.9605452749825091, 0.9639148167574146, 0.9691487603095034, 0.9750129658040765, 0.9721982708772411, 0.9605383019667023, 0.9673680027259517, 0.9980887830494052, 0.946521951950161], [0.9918690876852311, 0.9945894873324744, 0.991583203484435, 0.9945583225117629, 0.9973965619285293, 0.9397434913649778, 0.9965897601396635, 0.866729078814994, 0.9970058578301687, 0.9970540337346709, 0.8717116859596182, 0.9974513233769194, 0.9919403308418241, 0.9935729630538457, 0.9977869236004153, 0.9970032501121927, 0.993592001716486, 0.9824982295351039, 1.0, 0.9939031484921509, 0.993769051112985, 0.9943374060213608, 0.9932707410550887, 0.996407215253454, 0.9945546599851955, 0.9862511484943473, 0.9809463434322123, 0.9936806781968224, 0.9867410726893111, 0.9824768926782926, 0.9940999921590677, 0.9980553411074706, 0.9949376196705632, 0.9939495381315044, 0.9967165521019359, 0.9977684432765068, 0.9938785054710773, 0.9664148103509899, 0.996776573013886, 0.9956548668599485, 0.0, 0.9949233175559462, 0.9632176644639358, 0.991119349457991, 0.996314408127487, 0.9898981136576627, 0.9942718358667261, 0.9929191964278982, 0.9945410449866771, 0.9823668336238484, 0.9918945665094623, 0.9960909922552834, 0.9951192001366583, 0.9945716466040215, 0.9957450346469258, 0.9941812027567262, 0.9948282054341885, 0.9926769232549364, 0.984580059749, 0.9707700038687862, 0.9950306583902888, 0.9929463683769894, 0.9953033135914594, 0.9945712541513076, 0.9874529536477563, 0.9920370781210168, 0.9944132571489381, 0.9950263160424477, 0.9938943251744359, 0.99308474052324, 0.995010698435253, 0.9941380762692231, 0.9932106340234854, 0.9952626065240711, 0.9975586988478826, 0.9871716282896561, 0.9958978802680442, 0.9947272044560566, 0.9939600156963372, 0.9821293457524378, 0.994419938405789, 0.9945190623233465, 0.9929177004891855, 0.9971078462732984, 0.9893796896152829, 0.9962043855364612, 0.9886923696061112, 0.9498510364656034, 0.9962072454364819, 0.9961126851415022, 0.9921353994086294, 0.9973888738944834, 0.9970393800378792, 0.9943587578563274, 0.9897511389465242, 0.9918677950040138, 0.9920674064170476, 0.980443501703804, 0.9967306546616073, 0.9959807579921109, 0.9908009330570294, 0.993837732953637, 0.9777471669880975, 0.9827332240966808], [0.999490954542717, 0.9995408625233094, 0.9991495549587432, 0.9930296180529719, 0.9987534640410506, 0.9675592016220069, 0.9987863148841482, 0.8196750789741795, 0.998201113088177, 0.9892703308491683, 0.9165197951173296, 0.9989156460464305, 0.9992030118230126, 0.9995341087543381, 0.9902933990033529, 0.9976153016762798, 0.9971411951081927, 0.9691750273097572, 0.9939031484921509, 0.9999999999999998, 0.9994702812639071, 0.9993630172528242, 0.9997460581221058, 0.9992590657968778, 0.9996124176061844, 0.9939488374053076, 0.9924112021617097, 0.999661567665116, 0.9968502586027959, 0.9957453984454788, 0.9992244837906027, 0.9934380556822542, 0.998332269696126, 0.9993624186127003, 0.9993360315427747, 0.9975369989866093, 0.9964130332100947, 0.9444588694122572, 0.9989797433018255, 0.997748919178957, 0.0, 0.9994910229308974, 0.9346712938214001, 0.9992999707169348, 0.9994650944841941, 0.9973341468904028, 0.9988561366346302, 0.9992277924646757, 0.9994575718585309, 0.9665947226788711, 0.9964646241000802, 0.9995606382896618,