[[1.0, 0.9953248562238767, 0.9954794551301714, 0.9952084101118922, 0.9949543087180353, 0.9952635065306251, 0.9950040599618163, 0.9952084101118922, 0.9951586588681112, 0.9950040599618163, 0.9950156584112867, 0.9952635065306251, 0.9951035624493784, 0.9953195110489247, 0.9952084101118922, 0.9951035624493784, 0.995158658868111, 0.9953025674245025, 0.9952528161807216, 0.995368354193139, 0.9951586588681112, 0.9950538112055972, 0.9950040599618163, 0.9950094051367677, 0.9953799526426094, 0.9951586588681112, 0.9951640040430628, 0.9952697598051435, 0.9952084101118922, 0.9951586588681112, 0.9952528161807216, 0.9952030649369406, 0.995314165873973, 0.9953683541931387, 0.9950040599618163, 0.9952030649369406, 0.9952635065306251, 0.9951035624493784, 0.9950040599618163, 0.995059156380549, 0.9952084101118922, 0.9951640040430628, 0.995314165873973, 0.994959653892987, 0.9951035624493784, 0.9953195110489247, 0.9952581613556732, 0.9953025674245025, 0.9951142527992819, 0.9952084101118922, 0.9950040599618163, 0.9951533136931593, 0.9950040599618163, 0.9950654096550676, 0.99510890762433, 0.9951035624493784, 0.9952084101118922, 0.995264414630192, 0.99510890762433, 0.995258161355673, 0.9949543087180353, 0.9949543087180353, 0.9949543087180353, 0.9951089076243302, 0.9952528161807216, 0.9952137552868439, 0.9951089076243302, 0.9952030649369406, 0.9950538112055972, 0.9951586588681112, 0.9952528161807216, 0.9951702573175816, 0.995059156380549, 0.9954625115057494, 0.9953079125994544, 0.9952137552868439, 0.9950538112055972, 0.9950538112055972, 0.9951533136931595, 0.9950040599618163, 0.9953079125994544, 0.9952030649369406, 0.9951533136931593, 0.9952581613556732, 0.9952030649369406, 0.9951035624493784, 0.9951586588681112, 0.9951035624493784, 0.9953025674245025, 0.9951035624493784, 0.9950538112055972, 0.9951533136931595, 0.995264414630192, 0.99510890762433, 0.9950538112055972, 0.9952191004617956, 0.9952030649369406, 0.9952528161807216, 0.9953186029493578, 0.9952137552868439, 0.9952084101118922, 0.9951142527992817, 0.9954634196053164, 0.9952581613556732], [0.9953248562238767, 1.0, 0.9949543087180353, 0.9951533136931593, 0.9951586588681112, 0.9952030649369406, 0.9951151608988487, 0.9952030649369406, 0.9951586588681112, 0.9953576638432355, 0.9952030649369406, 0.9952030649369406, 0.9952084101118922, 0.9952688517055768, 0.9950538112055972, 0.9951586588681112, 0.9949543087180353, 0.9952137552868439, 0.9951142527992819, 0.9950147503117198, 0.9951142527992819, 0.9952030649369406, 0.9950538112055972, 0.9952030649369406, 0.9952137552868439, 0.99510890762433, 0.9952137552868439, 0.995158658868111, 0.9949543087180353, 0.9952084101118922, 0.9951035624493784, 0.9953523186682837, 0.9952751049800956, 0.995258161355673, 0.9951035624493784, 0.995059156380549, 0.9950538112055974, 0.9952528161807216, 0.9950538112055972, 0.995059156380549, 0.9951533136931595, 0.9952137552868439, 0.9951586588681112, 0.9951640040430628, 0.9952635065306251, 0.9951035624493784, 0.9951756024925332, 0.9951089076243302, 0.9951142527992819, 0.9951035624493784, 0.99510890762433, 0.9953639171177541, 0.9952084101118922, 0.9952030649369406, 0.9952581613556732, 0.9951586588681112, 0.9951035624493784, 0.9951151608988489, 0.9950654096550676, 0.9952137552868439, 0.9952751049800954, 0.995158658868111, 0.9952030649369406, 0.9951151608988487, 0.9951035624493784, 0.9950538112055972, 0.9952084101118922, 0.995208410111892, 0.9951142527992819, 0.9950094051367677, 0.9953079125994544, 0.9951035624493784, 0.9950094051367679, 0.9952688517055768, 0.9951640040430628, 0.9951640040430628, 0.9952581613556732, 0.9950040599618163, 0.9952030649369406, 0.9951035624493784, 0.9952191004617956, 0.9950040599618163, 0.995059156380549, 0.9952528161807216, 0.9952635065306251, 0.9950094051367679, 0.9950040599618163, 0.9952084101118922, 0.9951089076243302, 0.9951089076243302, 0.9952084101118922, 0.9952030649369406, 0.995264414630192, 0.9950040599618163, 0.9953079125994544, 0.9951586588681112, 0.9951533136931593, 0.995059156380549, 0.9952697598051438, 0.995059156380549, 0.9952137552868439, 0.9951035624493784, 0.9952751049800956, 0.9950040599618163], [0.9954794551301714, 0.9949543087180353, 1.0, 0.9952084101118922, 0.9950538112055974, 0.9954074150870164, 0.9951533136931595, 0.9951533136931593, 0.9952030649369406, 0.995059156380549, 0.9950538112055972, 0.9950040599618163, 0.9950538112055972, 0.9951205060738005, 0.9952635065306251, 0.9951586588681112, 0.9950538112055972, 0.9951035624493784, 0.9953630090181871, 0.9949543087180353, 0.9950645015555007, 0.9950040599618163, 0.9950040599618163, 0.9952137552868439, 0.9950094051367679, 0.9953576638432355, 0.9952146633864111, 0.9949045574742539, 0.9954136683615354, 0.9951586588681112, 0.9951533136931593, 0.9951035624493784, 0.995264414630192, 0.9951195979742333, 0.9950040599618163, 0.9951035624493784, 0.9953025674245025, 0.9951640040430628, 0.9950538112055972, 0.9951089076243302, 0.9951533136931593, 0.9949659071675057, 0.9951702573175816, 0.9950538112055974, 0.9950538112055972, 0.9951649121426299, 0.9949543087180353, 0.9951533136931593, 0.9952030649369406, 0.995158658868111, 0.9952581613556735, 0.9951586588681112, 0.9951205060738005, 0.9952253537363145, 0.9951035624493784, 0.9953630090181871, 0.9950040599618163, 0.9954243587114385, 0.9952635065306251, 0.995059156380549, 0.995158658868111, 0.9952137552868439, 0.9951533136931593, 0.9952635065306251, 0.9950040599618163, 0.9951035624493784, 0.9951693492180145, 0.9951089076243302, 0.9953195110489249, 0.9951586588681112, 0.9953523186682837, 0.9951267593483191, 0.9951533136931595, 0.9952528161807216, 0.9952200085613626, 0.9952581613556732, 0.9952137552868439, 0.9952137552868439, 0.9952137552868441, 0.9951089076243302, 0.9951533136931595, 0.9952697598051438, 0.99510890762433, 0.9951035624493784, 0.9952635065306251, 0.9951586588681112, 0.9952200085613626, 0.99510890762433, 0.995158658868111, 0.9952084101118922, 0.9952581613556732, 0.9951089076243302, 0.9950094051367679, 0.9951533136931593, 0.9950538112055972, 0.9952528161807216, 0.9950538112055972, 0.9950094051367677, 0.9952084101118922, 0.9952581613556732, 0.9950645015555007, 0.9952084101118922, 0.9951035624493784, 0.9951035624493784], [0.9952084101118922, 0.9951533136931593, 0.9952084101118922, 1.0, 0.9951035624493784, 0.9950156584112867, 0.9952084101118922, 0.9973967282686101, 0.9952146633864111, 0.9952084101118922, 0.9949045574742539, 0.9950645015555007, 0.9953746074676576, 0.9951151608988487, 0.9960213736368113, 0.9952146633864111, 0.9950645015555007, 0.9950094051367677, 0.9957059225497028, 0.9951205060738005, 0.9952635065306251, 0.9953079125994544, 0.9950538112055972, 0.9951586588681112, 0.9951035624493784, 0.9952137552868439, 0.9950040599618163, 0.9951702573175816, 0.9954127602619679, 0.9950094051367677, 0.995264414630192, 0.9956677697553921, 0.9954181054369197, 0.9950538112055974, 0.995158658868111, 0.9950040599618163, 0.996032063986715, 0.9949543087180353, 0.9954020699120647, 0.9956117652370924, 0.9973967282686101, 0.9950645015555007, 0.9952528161807216, 0.9951205060738005, 0.995059156380549, 0.9954297038863901, 0.9951151608988487, 0.9951089076243302, 0.9950040599618163, 0.9949543087180353, 0.995059156380549, 0.9953025674245025, 0.995059156380549, 0.995264414630192, 0.9951089076243302, 0.9951089076243302, 0.9951533136931593, 0.9951035624493784, 0.9951649121426299, 0.9951649121426299, 0.9950040599618163, 0.9950094051367679, 0.9950538112055972, 0.995059156380549, 0.9951205060738005, 0.9951533136931593, 0.9954625115057494, 0.9965179779750548, 0.9950707548300194, 0.9951533136931593, 0.9952030649369406, 0.9952635065306251, 0.9952030649369406, 0.9950040599618163, 0.9953576638432355, 0.9954741099552197, 0.9950040599618163, 0.9950040599618163, 0.9951640040430628, 0.9952030649369406, 0.9951533136931595, 0.99510890762433, 0.9954297038863903, 0.9953079125994544, 0.995059156380549, 0.9952528161807216, 0.9952146633864111, 0.995258161355673, 0.9949045574742539, 0.9951089076243302, 0.9950538112055972, 0.9953195110489247, 0.9955015723996269, 0.9952084101118922, 0.9951533136931593, 0.9950538112055974, 0.9951035624493784, 0.9951035624493784, 0.9952137552868441, 0.9951035624493784, 0.9951586588681112, 0.9951089076243302, 0.9949045574742539, 0.9949543087180353], [0.9949543087180353, 0.9951586588681112, 0.9950538112055974, 0.9951035624493784, 1.0, 0.995313257774406, 0.9951649121426299, 0.9952030649369406, 0.9952137552868441, 0.9952635065306251, 0.995059156380549, 0.9950538112055972, 0.9951533136931595, 0.9949543087180353, 0.9952030649369406, 0.9953079125994544, 0.9954127602619681, 0.9952137552868439, 0.995258161355673, 0.9951151608988487, 0.9951533136931593, 0.9953746074676576, 0.9950094051367677, 0.9952635065306251, 0.9949543087180353, 0.9951640040430628, 0.9951702573175816, 0.9950645015555007, 0.99510890762433, 0.9951702573175816, 0.9951586588681112, 0.9952751049800956, 0.9951089076243302, 0.9951142527992819, 0.9952581613556732, 0.9952697598051435, 0.9951586588681112, 0.9955682672678299, 0.9953195110489247, 0.9952146633864111, 0.9951533136931593, 0.9952581613556732, 0.9952635065306251, 0.9951533136931593, 0.9951533136931593, 0.9953079125994544, 0.9951205060738005, 0.995208410111892, 0.995059156380549, 0.9951533136931595, 0.9953630090181871, 0.9952200085613626, 0.9950094051367677, 0.9950645015555007, 0.9951586588681112, 0.9953523186682837, 0.9952200085613626, 0.9951640040430628, 0.9952191004617956, 0.9949596538929868, 0.9952084101118922, 0.9951533136931593, 0.9951649121426299, 0.9955682672678301, 0.9950094051367677, 0.9951640040430628, 0.9953079125994544, 0.9951533136931593, 0.9951533136931593, 0.9950761000049713, 0.9951586588681112, 0.995258161355673, 0.9950538112055974, 0.995313257774406, 0.995164004043063, 0.9951089076243302, 0.9952137552868439, 0.9952635065306251, 0.9952635065306251, 0.9951586588681112, 0.9951142527992819, 0.9950538112055974, 0.9951586588681112, 0.9951649121426299, 0.9950538112055974, 0.9952688517055768, 0.9951089076243302, 0.9950538112055972, 0.9952581613556735, 0.9952581613556732, 0.99510890762433, 0.9951035624493784, 0.9952528161807216, 0.9950645015555007, 0.9954181054369199, 0.995264414630192, 0.9952137552868441, 0.995467856680701, 0.9950538112055972, 0.9953195110489249, 0.9952697598051435, 0.9951089076243302, 0.9951142527992819, 0.9952200085613626], [0.9952635065306251, 0.9952030649369406, 0.9954074150870164, 0.9950156584112867, 0.995313257774406, 1.0, 0.9955620139933111, 0.9954190135364872, 0.9950707548300194, 0.9955727043432145, 0.9950094051367677, 0.9952084101118922, 0.9952528161807216, 0.9951035624493784, 0.99510890762433, 0.995419013536487, 0.9951089076243302, 0.9951640040430628, 0.9949543087180353, 0.9950654096550676, 0.9950040599618163, 0.995208410111892, 0.9952084101118922, 0.9951195979742335, 0.995258161355673, 0.9958605214559978, 0.9955069175745784, 0.9950040599618163, 0.995164004043063, 0.9949543087180353, 0.9950156584112867, 0.9953799526426094, 0.9952635065306251, 0.9952191004617956, 0.9952635065306251, 0.9951586588681112, 0.9954634196053161, 0.9951640040430628, 0.9951142527992819, 0.9954571663307975, 0.9956180185116114, 0.9951035624493784, 0.9951586588681112, 0.9950156584112867, 0.9951533136931593, 0.9951640040430628, 0.9952030649369406, 0.9950538112055972, 0.995059156380549, 0.9949543087180353, 0.9952137552868436, 0.9952084101118922, 0.9950094051367677, 0.9953079125994544, 0.995059156380549, 0.9950538112055972, 0.9951640040430628, 0.9954074150870164, 0.9950645015555007, 0.9950040599618163, 0.9952137552868439, 0.9952146633864111, 0.9951035624493784, 0.9952191004617954, 0.9951649121426299, 0.9951035624493784, 0.9951089076243302, 0.9949543087180353, 0.9953025674245025, 0.9951640040430628, 0.9952030649369406, 0.9951035624493784, 0.9952030649369406, 0.9951533136931593, 0.9950040599618163, 0.9959716223930303, 0.9951640040430628, 0.9950538112055972, 0.9951649121426299, 0.9951640040430628, 0.9951142527992819, 0.9952635065306251, 0.9957672722429542, 0.9951533136931595, 0.9952528161807216, 0.995208410111892, 0.995419013536487, 0.995258161355673, 0.9952191004617956, 0.9952137552868439, 0.9953079125994546, 0.995059156380549, 0.9952084101118922, 0.9952030649369406, 0.9951640040430628, 0.9953630090181872, 0.9951640040430628, 0.9949045574742539, 0.9950538112055972, 0.9952635065306251, 0.9953079125994544, 0.9950094051367677, 0.9951142527992819, 0.9954181054369199], [0.9950040599618163, 0.9951151608988487, 0.9951533136931595, 0.9952084101118922, 0.9951649121426299, 0.9955620139933111, 1.0, 0.9952137552868439, 0.9950538112055972, 0.9951533136931595, 0.9951035624493784, 0.9951035624493784, 0.9951533136931593, 0.9950538112055972, 0.995059156380549, 0.9952030649369406, 0.9951035624493784, 0.995567359168263, 0.9950040599618163, 0.9951649121426299, 0.995158658868111, 0.9954306119859574, 0.9951035624493784, 0.9953639171177541, 0.9951533136931593, 0.9958054250372647, 0.9960541812561702, 0.9950645015555007, 0.99510890762433, 0.9950707548300194, 0.9951640040430628, 0.9952084101118922, 0.9952084101118922, 0.9949543087180353, 0.9951586588681112, 0.9950538112055974, 0.9954074150870164, 0.9950156584112867, 0.9951035624493784, 0.9954741099552195, 0.9952137552868439, 0.9952191004617956, 0.9949045574742539, 0.9951533136931593, 0.9950040599618163, 0.9953079125994544, 0.9952200085613626, 0.9952581613556732, 0.9950040599618163, 0.9951640040430628, 0.9954020699120647, 0.9952867034295658, 0.9951035624493784, 0.995059156380549, 0.9955620139933113, 0.9951142527992819, 0.9953639171177543, 0.9955015723996269, 0.9952146633864111, 0.9953576638432355, 0.9954074150870166, 0.9950040599618163, 0.9951035624493784, 0.9953195110489247, 0.9950538112055972, 0.9952030649369406, 0.9951142527992819, 0.9951533136931595, 0.9949543087180353, 0.995208410111892, 0.9953079125994544, 0.99510890762433, 0.9951035624493784, 0.995158658868111, 0.9950040599618163, 0.9958551762810457, 0.9951089076243302, 0.995158658868111, 0.9952137552868439, 0.99510890762433, 0.995059156380549, 0.99510890762433, 0.9950538112055972, 0.9950094051367677, 0.9952030649369406, 0.9954625115057489, 0.995208410111892, 0.995059156380549, 0.9953576638432355, 0.9952635065306251, 0.9950538112055974, 0.9952191004617956, 0.9952635065306251, 0.9950538112055972, 0.9952581613556732, 0.9953025674245025, 0.9952528161807216, 0.995059156380549, 0.9954243587114385, 0.9951035624493784, 0.9949543087180353, 0.9952084101118922, 0.9954625115057492, 0.9952030649369406], [0.9952084101118922, 0.9952030649369406, 0.9951533136931593, 0.9973967282686101, 0.9952030649369406, 0.9954190135364872, 0.9952137552868439, 1.0, 0.9950770081045383, 0.9950538112055974, 0.9949543087180353, 0.9950645015555007, 0.9955843027926853, 0.9951035624493784, 0.9963865759677011, 0.9949045574742539, 0.995059156380549, 0.9950040599618163, 0.9958054250372649, 0.99510890762433, 0.9952137552868439, 0.9955122627495305, 0.9951142527992819, 0.9951035624493784, 0.9950538112055972, 0.9951649121426299, 0.9949045574742539, 0.9951089076243302, 0.9955122627495303, 0.9949045574742539, 0.9950538112055972, 0.9956064200621404, 0.9954678566807006, 0.9950538112055972, 0.9951640040430628, 0.9949045574742539, 0.99633682472392, 0.9950040599618163, 0.9954127602619681, 0.9956615164808734, 0.9996517412935326, 0.9951089076243302, 0.9949543087180353, 0.9950094051367677, 0.995158658868111, 0.99573890169898, 0.9957228661741251, 0.9950094051367679, 0.9951702573175816, 0.9950040599618163, 0.9950040599618163, 0.9954074150870164, 0.9949543087180353, 0.9952084101118922, 0.9949543087180353, 0.9950040599618163, 0.9951533136931593, 0.9949596538929868, 0.995264414630192, 0.9951765105921001, 0.9950040599618163, 0.9951151608988487, 0.9951142527992819, 0.9952688517055768, 0.995059156380549, 0.9951035624493784, 0.9954074150870164, 0.9964682267312737, 0.9951702573175816, 0.9953195110489247, 0.9950040599618163, 0.9952581613556732, 0.9951586588681112, 0.9951151608988487, 0.9957112677246548, 0.9949543087180353, 0.995264414630192, 0.9951035624493784, 0.9952635065306251, 0.9949543087180353, 0.9950040599618163, 0.9951586588681112, 0.9949045574742539, 0.9951533136931595, 0.995059156380549, 0.9951035624493784, 0.9952030649369406, 0.995567359168263, 0.9949543087180353, 0.995158658868111, 0.9952030649369406, 0.9959441599486232, 0.9955620139933113, 0.9952137552868439, 0.9951586588681112, 0.9949543087180353, 0.9950538112055972, 0.9950094051367679, 0.9953079125994546, 0.9952528161807216, 0.9952084101118922, 0.9952084101118922, 0.9949543087180353, 0.995059156380549], [0.9951586588681112, 0.9951586588681112, 0.9952030649369406, 0.9952146633864111, 0.9952137552868441, 0.9950707548300194, 0.9950538112055972, 0.9950770081045383, 1.0, 0.9952635065306251, 0.9950538112055974, 0.9951693492180143, 0.9952146633864111, 0.9954234506118718, 0.9951205060738005, 0.9953576638432353, 0.9951586588681112, 0.9952191004617956, 0.99510890762433, 0.9952581613556732, 0.9951533136931593, 0.9951035624493784, 0.9951533136931593, 0.9951142527992819, 0.995313257774406, 0.9951035624493784, 0.9950040599618163, 0.9951586588681112, 0.9951035624493784, 0.9952581613556732, 0.9951035624493784, 0.9949045574742539, 0.9952635065306251, 0.9951533136931593, 0.995059156380549, 0.9949543087180353, 0.9952760130796625, 0.9950538112055974, 0.9951089076243302, 0.9949045574742539, 0.995027256860757, 0.9952635065306251, 0.9952030649369406, 0.99510890762433, 0.99510890762433, 0.994959653892987, 0.9951205060738005, 0.9953630090181872, 0.9953079125994544, 0.9951533136931595, 0.9950645015555007, 0.9951035624493784, 0.9952146633864111, 0.995208410111892, 0.9950040599618163, 0.9950538112055972, 0.9951640040430628, 0.9950538112055972, 0.9952200085613626, 0.9950654096550676, 0.9951035624493784, 0.9951205060738005, 0.9951586588681112, 0.9951035624493784, 0.9950040599618163, 0.9949596538929868, 0.995059156380549, 0.9949543087180353, 0.9951267593483191, 0.9951533136931593, 0.9952030649369406, 0.9951089076243302, 0.9952697598051438, 0.9951586588681112, 0.9950094051367679, 0.9951533136931595, 0.995059156380549, 0.9950538112055972, 0.9952030649369406, 0.9952137552868441, 0.9952137552868441, 0.9953079125994544, 0.9950040599618163, 0.9951035624493784, 0.9951586588681112, 0.9952581613556732, 0.995208410111892, 0.9950538112055974, 0.9952137552868441, 0.9950538112055972, 0.9951586588681112, 0.9952200085613626, 0.995059156380549, 0.9950654096550676, 0.9952635065306251, 0.99510890762433, 0.9951746943929661, 0.9950040599618163, 0.9951586588681112, 0.9951640040430628, 0.9951035624493784, 0.9952137552868439, 0.9951693492180147, 0.9953736993680905], [0.9950040599618163, 0.9953576638432355, 0.995059156380549, 0.9952084101118922, 0.9952635065306251, 0.9955727043432145, 0.9951533136931595, 0.9950538112055974, 0.9952635065306251, 1.0, 0.9953746074676576, 0.9951533136931593, 0.9949045574742539, 0.9952581613556732, 0.9949543087180353, 0.9950040599618163, 0.9952030649369406, 0.9955789576177336, 0.9949543087180353, 0.995264414630192, 0.9952253537363145, 0.9950654096550676, 0.9950538112055972, 0.9954181054369201, 0.9953630090181872, 0.9951649121426299, 0.9951533136931595, 0.9951693492180147, 0.9950538112055972, 0.9952200085613626, 0.9952030649369406, 0.995313257774406, 0.9952751049800956, 0.9951035624493784, 0.995258161355673, 0.9951035624493784, 0.9951089076243302, 0.9949596538929868, 0.9952137552868439, 0.9951089076243302, 0.9949543087180353, 0.9952030649369406, 0.9962808202056204, 0.9950538112055974, 0.9952635065306251, 0.9952084101118922, 0.9951089076243302, 0.9951533136931595, 0.9951089076243302, 0.9950040599618163, 0.9951142527992819, 0.9953079125994546, 0.9950094051367677, 0.9950040599618163, 0.9952528161807216, 0.995059156380549, 0.9951142527992819, 0.9951640040430628, 0.994959653892987, 0.995059156380549, 0.995158658868111, 0.9950538112055972, 0.9951089076243302, 0.9951142527992817, 0.9951533136931593, 0.9954020699120647, 0.9950538112055974, 0.9949045574742539, 0.995208410111892, 0.9952084101118922, 0.9951702573175816, 0.9950538112055972, 0.9951035624493784, 0.9951649121426299, 0.9950645015555005, 0.9952030649369406, 0.995567359168263, 0.995059156380549, 0.9951533136931593, 0.995313257774406, 0.9955843027926853, 0.995059156380549, 0.9950707548300194, 0.9953799526426094, 0.9950040599618163, 0.995264414630192, 0.9951586588681112, 0.9951205060738005, 0.9952635065306251, 0.9952635065306251, 0.9952253537363143, 0.9951089076243302, 0.9952635065306251, 0.9953079125994544, 0.9951586588681112, 0.9951533136931593, 0.9951586588681112, 0.9953755155672246, 0.9951586588681112, 0.9950538112055972, 0.9952635065306251, 0.995059156380549, 0.9953248562238767, 0.995059156380549], [0.9950156584112867, 0.9952030649369406, 0.9950538112055972, 0.9949045574742539, 0.995059156380549, 0.9950094051367677, 0.9951035624493784, 0.9949543087180353, 0.9950538112055974, 0.9953746074676576, 1.0, 0.9952253537363145, 0.9950040599618163, 0.9952528161807216, 0.9949045574742539, 0.9953576638432355, 0.9952146633864111, 0.9950040599618163, 0.9950040599618163, 0.9952253537363145, 0.9951089076243302, 0.9954625115057492, 0.9953025674245025, 0.9950538112055974, 0.9952200085613626, 0.995916525974298, 0.9949543087180353, 0.9954243587114385, 0.9954785470306042, 0.9949045574742539, 0.9951586588681112, 0.995926308224634, 0.9951586588681112, 0.9951586588681112, 0.9951640040430628, 0.9949045574742539, 0.9949543087180353, 0.9949543087180353, 0.9950040599618163, 0.9950040599618163, 0.9949045574742539, 0.9952030649369406, 0.9949045574742539, 0.9949596538929868, 0.9951533136931593, 0.9951089076243302, 0.9953025674245025, 0.9951756024925332, 0.9951533136931593, 0.9950040599618163, 0.9950094051367679, 0.9951586588681112, 0.9956561713059218, 0.9951586588681112, 0.9957166128996061, 0.9949045574742539, 0.9951640040430628, 0.99510890762433, 0.995313257774406, 0.9950094051367677, 0.9952581613556732, 0.9950094051367679, 0.9951089076243302, 0.9952137552868439, 0.995059156380549, 0.9950094051367677, 0.9951035624493784, 0.9951586588681112, 0.9950040599618163, 0.9951533136931595, 0.9951649121426299, 0.9951533136931593, 0.995059156380549, 0.9951756024925332, 0.9949045574742539, 0.9949543087180353, 0.9953186029493576, 0.9951035624493784, 0.9952528161807216, 0.9951702573175816, 0.9950040599618163, 0.9952581613556732, 0.9952200085613628, 0.9951205060738005, 0.9950040599618163, 0.9950538112055972, 0.9949659071675057, 0.9952253537363145, 0.9953630090181871, 0.9951089076243302, 0.9951586588681112, 0.9953683541931387, 0.9952581613556732, 0.9952137552868439, 0.9952528161807216, 0.9950654096550676, 0.9952030649369406, 0.9949659071675057, 0.9951533136931595, 0.9951586588681114, 0.9952137552868439, 0.9952306989112663, 0.9949045574742539, 0.9951035624493784], [0.9952635065306251, 0.9952030649369406, 0.9950040599618163, 0.9950645015555007, 0.9950538112055972, 0.9952084101118922, 0.9951035624493784, 0.9950645015555007, 0.9951693492180143, 0.9951533136931593, 0.9952253537363145, 1.0, 0.9949045574742539, 0.9951035624493784, 0.9951142527992817, 0.995264414630192, 0.9951756024925332, 0.9949543087180353, 0.9951142527992819, 0.9951640040430628, 0.9950538112055972, 0.9950538112055972, 0.9951702573175816, 0.995208410111892, 0.99510890762433, 0.9950538112055972, 0.9949543087180353, 0.9950538112055972, 0.994959653892987, 0.99510890762433, 0.9951035624493784, 0.9951142527992819, 0.9949596538929868, 0.9954181054369201, 0.9951142527992817, 0.9951586588681112, 0.9951586588681112, 0.9950040599618163, 0.99510890762433, 0.9952635065306251, 0.9951142527992819, 0.9950040599618163, 0.9952084101118922, 0.9952137552868439, 0.9951089076243302, 0.9952030649369406, 0.9950538112055972, 0.9952200085613628, 0.9951640040430628, 0.9950156584112867, 0.9950538112055972, 0.9950094051367679, 0.9952581613556732, 0.9950645015555007, 0.9951089076243302, 0.9950538112055972, 0.9950538112055974, 0.9952581613556732, 0.9950040599618163, 0.9950538112055972, 0.9952030649369406, 0.9950538112055972, 0.9953079125994544, 0.9951586588681112, 0.995158658868111, 0.9951640040430628, 0.9951035624493784, 0.9952635065306251, 0.9950040599618163, 0.9950538112055972, 0.9950538112055972, 0.9952137552868439, 0.9952030649369406, 0.9951035624493784, 0.9951035624493784, 0.9951533136931593, 0.9951035624493784, 0.9950538112055972, 0.9952200085613626, 0.9950156584112867, 0.9952084101118922, 0.9952528161807216, 0.99510890762433, 0.9951035624493784, 0.9951035624493784, 0.99510890762433, 0.9954297038863903, 0.9950538112055972, 0.9951035624493784, 0.9951586588681112, 0.9952084101118922, 0.9952137552868439, 0.9951089076243302, 0.9952084101118922, 0.9953523186682837, 0.9951756024925332, 0.9953639171177541, 0.9953079125994544, 0.9951089076243302, 0.9951693492180143, 0.9951035624493784, 0.9951765105921001, 0.9949543087180353, 0.9951640040430628], [0.9951035624493784, 0.9952084101118922, 0.9950538112055972, 0.9953746074676576, 0.9951533136931595, 0.9952528161807216, 0.9951533136931593, 0.9955843027926853, 0.9952146633864111, 0.9949045574742539, 0.9950040599618163, 0.9949045574742539, 1.0, 0.9950094051367677, 0.9952200085613626, 0.9951142527992819, 0.9952146633864111, 0.9952635065306251, 0.9951756024925332, 0.995208410111892, 0.9952697598051435, 0.9950645015555007, 0.9950645015555007, 0.9951035624493784, 0.9952581613556732, 0.9952137552868436, 0.9951142527992819, 0.9953576638432355, 0.9951205060738005, 0.9953195110489247, 0.995313257774406, 0.9951533136931593, 0.995158658868111, 0.9950040599618163, 0.9952030649369406, 0.9949543087180353, 0.9954297038863903, 0.9950538112055974, 0.9951640040430628, 0.9952030649369406, 0.9956340540364664, 0.9950538112055972, 0.9951533136931593, 0.9953186029493576, 0.9952084101118922, 0.9951533136931593, 0.9952697598051438, 0.9951586588681112, 0.9951142527992819, 0.9951586588681112, 0.9951035624493784, 0.995368354193139, 0.9949543087180353, 0.9951035624493784, 0.9951258512487522, 0.9950040599618163, 0.9951533136931593, 0.995059156380549, 0.995264414630192, 0.9951702573175816, 0.9952581613556732, 0.9950094051367677, 0.995059156380549, 0.9951089076243302, 0.9952635065306251, 0.9950538112055972, 0.9951640040430628, 0.9951756024925332, 0.9953195110489247, 0.995313257774406, 0.9951702573175816, 0.9951035624493784, 0.9951586588681112, 0.995158658868111, 0.995369262292706, 0.9953630090181871, 0.9951533136931593, 0.9951035624493784, 0.9952581613556732, 0.9951586588681112, 0.9950156584112867, 0.9951586588681112, 0.9951533136931593, 0.9951586588681112, 0.9952253537363145, 0.9953079125994544, 0.9953025674245027, 0.9952084101118922, 0.9950040599618163, 0.9950094051367677, 0.9953079125994546, 0.9954243587114385, 0.995313257774406, 0.9952688517055768, 0.9953576638432355, 0.9950538112055974, 0.995208410111892, 0.9953523186682837, 0.9951035624493784, 0.9949543087180353, 0.9952084101118922, 0.9951142527992819, 0.9953683541931387, 0.9950645015555007], [0.9953195110489247, 0.9952688517055768, 0.9951205060738005, 0.9951151608988487, 0.9949543087180353, 0.9951035624493784, 0.9950538112055972, 0.9951035624493784, 0.9954234506118718, 0.9952581613556732, 0.9952528161807216, 0.9951035624493784, 0.9950094051367677, 1.0, 0.9951035624493784, 0.9955229530994335, 0.9951586588681112, 0.9951089076243302, 0.9953523186682837, 0.9953079125994544, 0.9950538112055974, 0.9952084101118922, 0.9953576638432355, 0.9952084101118922, 0.9951035624493784, 0.9952688517055768, 0.9953025674245025, 0.9952200085613628, 0.9953079125994542, 0.9952030649369406, 0.9951693492180145, 0.9951035624493784, 0.9952084101118922, 0.9951035624493784, 0.9951089076243302, 0.9952030649369406, 0.9950094051367679, 0.9951035624493784, 0.9950040599618163, 0.9952030649369406, 0.9951035624493784, 0.9951089076243302, 0.9953195110489247, 0.9951035624493784, 0.995313257774406, 0.995132104523271, 0.9952084101118922, 0.9954127602619681, 0.9951586588681112, 0.9951533136931595, 0.9951586588681112, 0.9951035624493784, 0.9952528161807216, 0.9952378602853518, 0.9951533136931593, 0.9951649121426299, 0.9951533136931595, 0.9952528161807216, 0.9951035624493784, 0.9951089076243302, 0.995059156380549, 0.9950538112055972, 0.9951533136931595, 0.9950040599618163, 0.9950040599618163, 0.9952084101118922, 0.9953079125994544, 0.9950538112055972, 0.9952528161807216, 0.9953523186682837, 0.9950040599618163, 0.9951151608988487, 0.9951089076243302, 0.9951586588681112, 0.9951533136931595, 0.9952137552868439, 0.995313257774406, 0.995419013536487, 0.995369262292706, 0.9952528161807216, 0.9954074150870164, 0.9951089076243302, 0.9952191004617956, 0.9952137552868441, 0.9950094051367677, 0.9952528161807216, 0.9951142527992819, 0.995264414630192, 0.9952635065306251, 0.9950654096550676, 0.9951533136931595, 0.9951533136931593, 0.995158658868111, 0.995208410111892, 0.9950538112055972, 0.9952084101118922, 0.9951693492180145, 0.9952581613556732, 0.9952581613556732, 0.9952030649369406, 0.9950538112055972, 0.9949543087180353, 0.9951586588681112, 0.995164004043063], [0.9952084101118922, 0.9950538112055972, 0.9952635065306251, 0.9960213736368113, 0.9952030649369406, 0.99510890762433, 0.995059156380549, 0.9963865759677011, 0.9951205060738005, 0.9949543087180353, 0.9949045574742539, 0.9951142527992817, 0.9952200085613626, 0.9951035624493784, 1.0, 0.9952741968805285, 0.9951035624493784, 0.9950654096550676, 0.9954127602619681, 0.9951533136931595, 0.9949543087180353, 0.9952528161807216, 0.9950538112055972, 0.9953079125994544, 0.9950538112055972, 0.9951151608988487, 0.995059156380549, 0.9950040599618163, 0.995059156380549, 0.995258161355673, 0.9950538112055974, 0.995158658868111, 0.9951640040430628, 0.9950094051367677, 0.995313257774406, 0.9950538112055972, 0.9960711248805925, 0.9960755619559774, 0.9950538112055972, 0.9953576638432355, 0.9963865759677011, 0.9949045574742539, 0.9950538112055974, 0.9951035624493784, 0.9952137552868439, 0.9951649121426299, 0.9953195110489249, 0.9950538112055972, 0.995264414630192, 0.9960204655372444, 0.995313257774406, 0.9953692622927057, 0.9950040599618163, 0.9951533136931595, 0.9950040599618163, 0.9956117652370924, 0.9951649121426299, 0.9951640040430628, 0.9952200085613626, 0.9954475556103795, 0.9951035624493784, 0.9953079125994544, 0.995158658868111, 0.9955122627495305, 0.9951533136931595, 0.99510890762433, 0.9953025674245025, 0.9958107702122168, 0.9952857953299988, 0.9952697598051435, 0.9954074150870166, 0.9952030649369406, 0.995313257774406, 0.9951205060738005, 0.9953523186682837, 0.9949045574742539, 0.9951765105921001, 0.9949543087180353, 0.9952741968805285, 0.9950645015555007, 0.9950538112055974, 0.9951035624493784, 0.9949045574742539, 0.9950040599618163, 0.9950538112055974, 0.9951035624493784, 0.995158658868111, 0.9956668616558251, 0.9950040599618163, 0.9951035624493784, 0.9949543087180353, 0.9955798657173005, 0.995313257774406, 0.9952528161807216, 0.9951533136931595, 0.9952635065306251, 0.9951035624493784, 0.9950094051367679, 0.9952581613556732, 0.9951035624493784, 0.9950040599618163, 0.9950040599618163, 0.995059156380549, 0.9950094051367677], [0.9951035624493784, 0.9951586588681112, 0.9951586588681112, 0.9952146633864111, 0.9953079125994544, 0.995419013536487, 0.9952030649369406, 0.9949045574742539, 0.9953576638432353, 0.9950040599618163, 0.9953576638432355, 0.995264414630192, 0.9951142527992819, 0.9955229530994335, 0.9952741968805285, 1.0, 0.99510890762433, 0.9949045574742539, 0.9951035624493784, 0.9952697598051435, 0.9950538112055972, 0.9954074150870164, 0.9951649121426299, 0.9950040599618163, 0.9951533136931593, 0.9953576638432353, 0.9951035624493784, 0.9952084101118922, 0.995208410111892, 0.9950538112055974, 0.9952697598051435, 0.9954252668110057, 0.9950538112055972, 0.995059156380549, 0.9952137552868439, 0.9950094051367679, 0.9951533136931593, 0.9956171104120443, 0.9951035624493784, 0.9953079125994544, 0.9949045574742539, 0.9950538112055972, 0.9949045574742539, 0.9951702573175816, 0.9952751049800956, 0.9953025674245025, 0.9951533136931595, 0.9952528161807216, 0.9952528161807216, 0.9951151608988487, 0.9953630090181871, 0.995059156380549, 0.9950040599618163, 0.9950040599618163, 0.9956287088615147, 0.9950040599618163, 0.9952084101118922, 0.9950094051367677, 0.9952528161807216, 0.9950040599618163, 0.9953025674245025, 0.9950538112055972, 0.9950538112055972, 0.9950538112055972, 0.9951151608988487, 0.9952581613556732, 0.9951756024925332, 0.9952137552868439, 0.9953523186682837, 0.9952137552868439, 0.9950538112055972, 0.9952030649369406, 0.9950538112055972, 0.9950538112055972, 0.9950040599618163, 0.9957291194486436, 0.9951089076243302, 0.9951649121426299, 0.9950654096550676, 0.9953079125994544, 0.9950094051367677, 0.9950094051367677, 0.995723774273692, 0.9951533136931595, 0.9951586588681112, 0.9952030649369406, 0.9951151608988487, 0.995369262292706, 0.9950538112055974, 0.9951533136931595, 0.9949543087180353, 0.9954181054369199, 0.9952581613556732, 0.9951089076243302, 0.9950538112055972, 0.995059156380549, 0.9953132577744058, 0.9950094051367679, 0.9949543087180353, 0.9952030649369406, 0.9950538112055972, 0.9950538112055972, 0.9949543087180353, 0.9952635065306249], [0.995158658868111, 0.9949543087180353, 0.9950538112055972, 0.9950645015555007, 0.9954127602619681, 0.9951089076243302, 0.9951035624493784, 0.995059156380549, 0.9951586588681112, 0.9952030649369406, 0.9952146633864111, 0.9951756024925332, 0.9952146633864111, 0.9951586588681112, 0.9951035624493784, 0.99510890762433, 1.0, 0.9949543087180353, 0.9951649121426299, 0.9951035624493784, 0.9951267593483191, 0.995313257774406, 0.9952030649369406, 0.9951586588681112, 0.9950040599618163, 0.9950645015555007, 0.9951640040430628, 0.9952084101118922, 0.9950538112055972, 0.9951089076243302, 0.9951586588681112, 0.994959653892987, 0.99510890762433, 0.9952741968805288, 0.9951035624493784, 0.9950538112055972, 0.995059156380549, 0.9951586588681112, 0.9952200085613626, 0.9949543087180353, 0.995059156380549, 0.9952697598051438, 0.9956668616558253, 0.9951586588681112, 0.9951533136931595, 0.99510890762433, 0.9951035624493784, 0.9951649121426299, 0.9951640040430628, 0.9950094051367679, 0.9951035624493784, 0.9950538112055972, 0.9953025674245025, 0.995059156380549, 0.9951702573175816, 0.9950538112055972, 0.9950094051367677, 0.995368354193139, 0.9951586588681112, 0.9951035624493784, 0.9952581613556735, 0.9951035624493784, 0.9950094051367677, 0.9950538112055972, 0.9950538112055972, 0.9950538112055972, 0.9951142527992819, 0.9952253537363143, 0.9952191004617956, 0.995059156380549, 0.9952306989112663, 0.9950707548300194, 0.9953630090181872, 0.9950040599618163, 0.9954741099552195, 0.9950147503117198, 0.9951089076243302, 0.9950645015555007, 0.9950040599618163, 0.9952146633864111, 0.9954794551301714, 0.9950538112055972, 0.995313257774406, 0.9952137552868439, 0.9952137552868439, 0.9954127602619681, 0.9952253537363143, 0.9951533136931593, 0.9951035624493784, 0.9952581613556732, 0.9951151608988487, 0.9950538112055972, 0.9953576638432355, 0.9950698467304524, 0.9954297038863903, 0.9951258512487522, 0.9951586588681112, 0.9954127602619681, 0.995059156380549, 0.9951035624493784, 0.9950645015555007, 0.9951818557670521, 0.9949045574742539, 0.9952635065306251], [0.9953025674245025, 0.9952137552868439, 0.9951035624493784, 0.9950094051367677, 0.9952137552868439, 0.9951640040430628, 0.995567359168263, 0.9950040599618163, 0.9952191004617956, 0.9955789576177336, 0.9950040599618163, 0.9949543087180353, 0.9952635065306251, 0.9951089076243302, 0.9950654096550676, 0.9949045574742539, 0.9949543087180353, 1.0, 0.9951089076243302, 0.9952528161807216, 0.9954297038863903, 0.9950040599618163, 0.995059156380549, 0.9950094051367679, 0.9952137552868439, 0.9950040599618163, 0.9950040599618163, 0.9951640040430628, 0.9952084101118922, 0.9951142527992819, 0.9953079125994544, 0.9949543087180353, 0.9966504596118945, 0.9950538112055972, 0.99510890762433, 0.9952581613556732, 0.995059156380549, 0.9949543087180353, 0.9950040599618163, 0.9950645015555007, 0.9949543087180353, 0.995208410111892, 0.9950538112055974, 0.9950538112055972, 0.99510890762433, 0.9951089076243302, 0.9951640040430628, 0.9958214605621202, 0.995158658868111, 0.9949543087180353, 0.995059156380549, 0.9952146633864111, 0.995059156380549, 0.9952528161807216, 0.9951035624493784, 0.9949596538929868, 0.9950654096550676, 0.9951035624493784, 0.9952084101118922, 0.9951151608988487, 0.9952688517055768, 0.9954127602619679, 0.9951533136931595, 0.9950040599618163, 0.9950538112055972, 0.9953195110489247, 0.9951035624493784, 0.995059156380549, 0.9951533136931593, 0.9953025674245025, 0.9951640040430628, 0.995208410111892, 0.9952688517055768, 0.9951533136931595, 0.9957273032495096, 0.9949543087180353, 0.9951702573175816, 0.9952030649369406, 0.9951035624493784, 0.9957166128996061, 0.9964851703556962, 0.995059156380549, 0.9949596538929868, 0.9952581613556732, 0.9950538112055974, 0.9955736124427819, 0.9951035624493784, 0.9949543087180353, 0.9960702167810256, 0.995208410111892, 0.9951586588681112, 0.9951533136931595, 0.9953132577744058, 0.995158658868111, 0.9950147503117198, 0.995208410111892, 0.9952581613556732, 0.9949543087180353, 0.9950040599618163, 0.9952137552868439, 0.99510890762433, 0.9952635065306251, 0.9986290824435851, 0.9950538112055972], [0.9952528161807216, 0.9951142527992819, 0.9953630090181871, 0.9957059225497028, 0.995258161355673, 0.9949543087180353, 0.9950040599618163, 0.9958054250372649, 0.99510890762433, 0.9949543087180353, 0.9950040599618163, 0.9951142527992819, 0.9951756024925332, 0.9953523186682837, 0.9954127602619681, 0.9951035624493784, 0.9951649121426299, 0.9951089076243302, 1.0, 0.9952030649369406, 0.995264414630192, 0.9952030649369406, 0.9951640040430628, 0.9950040599618163, 0.9951035624493784, 0.9950040599618163, 0.9955789576177334, 0.9951035624493784, 0.9952030649369406, 0.9950538112055974, 0.9950040599618163, 0.9952528161807216, 0.9953079125994542, 0.9952581613556732, 0.99510890762433, 0.9949045574742539, 0.9953576638432355, 0.9951089076243302, 0.9952581613556732, 0.995567359168263, 0.9958551762810459, 0.9950538112055972, 0.9950040599618163, 0.9951035624493784, 0.9952528161807216, 0.9951533136931593, 0.9951035624493784, 0.9954518211558459, 0.9952813582546142, 0.9950040599618163, 0.9951035624493784, 0.9950040599618163, 0.9949543087180353, 0.995368354193139, 0.9950210035862382, 0.9951142527992819, 0.9951586588681112, 0.9951142527992819, 0.9951533136931595, 0.995313257774406, 0.9953239481243094, 0.995313257774406, 0.995369262292706, 0.9951035624493784, 0.9951089076243302, 0.9952030649369406, 0.9953025674245025, 0.9963972663176045, 0.9951195979742335, 0.9953079125994544, 0.9953195110489247, 0.9951142527992819, 0.9951586588681112, 0.9951089076243302, 0.9954136683615352, 0.9952084101118922, 0.9949596538929868, 0.9952084101118922, 0.9952581613556732, 0.9951640040430628, 0.9951756024925332, 0.9951089076243302, 0.9949045574742539, 0.9951035624493784, 0.9950645015555007, 0.9953025674245025, 0.995059156380549, 0.995059156380549, 0.9949045574742539, 0.9952760130796623, 0.995059156380549, 0.9949045574742539, 0.9953576638432355, 0.9954678566807008, 0.9951089076243302, 0.9953576638432355, 0.9951533136931593, 0.9950040599618163, 0.9951640040430628, 0.9951640040430628, 0.9951035624493784, 0.9950538112055972, 0.9952137552868439, 0.9950040599618163], [0.995368354193139, 0.9950147503117198, 0.9949543087180353, 0.9951205060738005, 0.9951151608988487, 0.9950654096550676, 0.9951649121426299, 0.99510890762433, 0.9952581613556732, 0.995264414630192, 0.9952253537363145, 0.9951640040430628, 0.995208410111892, 0.9953079125994544, 0.9951533136931595, 0.9952697598051435, 0.9951035624493784, 0.9952528161807216, 0.9952030649369406, 1.0, 0.9952528161807216, 0.9950654096550676, 0.9950040599618163, 0.9951035624493784, 0.9953576638432355, 0.9951702573175816, 0.9950538112055972, 0.9949543087180353, 0.995208410111892, 0.9952697598051435, 0.9953195110489247, 0.9951702573175816, 0.9951035624493784, 0.9951089076243302, 0.9952030649369406, 0.9951533136931593, 0.9950094051367679, 0.9951649121426299, 0.9952137552868439, 0.9952697598051435, 0.995059156380549, 0.9951640040430628, 0.9952528161807216, 0.9951756024925332, 0.9951586588681112, 0.9954732018556526, 0.9953079125994542, 0.9952084101118922, 0.9951693492180145, 0.9951640040430628, 0.995108907624