[[0.9999999999999999, 0.889018786432895, 0.8396195934858095, 0.8779152141964619, 0.8583621827433513, 0.874249094542685, 0.9077395153598422, 0.8480008805638377, 0.874999636797319, 0.9059217026382913, 0.9130984310472401, 0.8862683335996975, 0.9054859906910091, 0.8943319194697922], [0.889018786432895, 1.0000000000000002, 0.8547552081947378, 0.884995179604573, 0.8608351279765474, 0.8224247369669083, 0.8957859504798621, 0.8781801669521406, 0.8749899177747745, 0.9597628373222689, 0.8863728367850656, 0.8818079784908911, 0.8828157273261901, 0.837956761694582], [0.8396195934858095, 0.8547552081947378, 1.0, 0.8286750254614415, 0.8552222135438324, 0.8576261680181714, 0.8832026526013704, 0.8416784275052552, 0.837473088097858, 0.8833029810772532, 0.8726883014717987, 0.87886302841703, 0.8782650553035356, 0.8513561562951073], [0.8779152141964619, 0.884995179604573, 0.8286750254614415, 0.9999999999999999, 0.8459135036731338, 0.8453025229284559, 0.8818766114473898, 0.8674885883885416, 0.823858413512921, 0.8844093618682297, 0.8922120475435581, 0.8849953257444787, 0.8437897210208551, 0.8419012048190023], [0.8583621827433513, 0.8608351279765474, 0.8552222135438324, 0.8459135036731338, 1.0000000000000002, 0.8623227092408465, 0.8998050088421093, 0.8845229016792733, 0.8712226114467132, 0.8980044900336754, 0.8632381658885302, 0.8821576247187538, 0.8854686517728132, 0.8836238818383094], [0.874249094542685, 0.8224247369669083, 0.8576261680181714, 0.8453025229284559, 0.8623227092408465, 1.0000000000000002, 0.8949233158898642, 0.8542774348078263, 0.8371204456635923, 0.8753606843225346, 0.8769018897073398, 0.8886874965003966, 0.8995607010651225, 0.8569901038446704], [0.9077395153598422, 0.8957859504798621, 0.8832026526013704, 0.8818766114473898, 0.8998050088421093, 0.8949233158898642, 1.0000000000000002, 0.8997256813503984, 0.8935128087501096, 0.9239636671275305, 0.9011108580859477, 0.9078510641078243, 0.9249381949800135, 0.8928779181004333], [0.8480008805638377, 0.8781801669521406, 0.8416784275052552, 0.8674885883885416, 0.8845229016792733, 0.8542774348078263, 0.8997256813503984, 0.9999999999999998, 0.8928013653909259, 0.9091880425354345, 0.8847312168933299, 0.8837899265708475, 0.8711342023801204, 0.8786106608983848], [0.874999636797319, 0.8749899177747745, 0.837473088097858, 0.823858413512921, 0.8712226114467132, 0.8371204456635923, 0.8935128087501096, 0.8928013653909259, 1.0, 0.904720387092256, 0.8835620006979898, 0.8695921598807679, 0.8885890961127676, 0.8858413291956064], [0.9059217026382913, 0.9597628373222689, 0.8833029810772532, 0.8844093618682297, 0.8980044900336754, 0.8753606843225346, 0.9239636671275305, 0.9091880425354345, 0.904720387092256, 1.0000000000000002, 0.9121587268545642, 0.9079705326324117, 0.9151308853969448, 0.8780319874242458], [0.9130984310472401, 0.8863728367850656, 0.8726883014717987, 0.8922120475435581, 0.8632381658885302, 0.8769018897073398, 0.9011108580859477, 0.8847312168933299, 0.8835620006979898, 0.9121587268545642, 1.0, 0.9010428808171326, 0.9290622971007698, 0.9202088040280085], [0.8862683335996975, 0.8818079784908911, 0.87886302841703, 0.8849953257444787, 0.8821576247187538, 0.8886874965003966, 0.9078510641078243, 0.8837899265708475, 0.8695921598807679, 0.9079705326324117, 0.9010428808171326, 0.9999999999999996, 0.9043007171248933, 0.8544028473279767], [0.9054859906910091, 0.8828157273261901, 0.8782650553035356, 0.8437897210208551, 0.8854686517728132, 0.8995607010651225, 0.9249381949800135, 0.8711342023801204, 0.8885890961127676, 0.9151308853969448, 0.9290622971007698, 0.9043007171248933, 1.0000000000000002, 0.8919055461559204], [0.8943319194697922, 0.837956761694582, 0.8513561562951073, 0.8419012048190023, 0.8836238818383094, 0.8569901038446704, 0.8928779181004333, 0.8786106608983848, 0.8858413291956064, 0.8780319874242458, 0.9202088040280085, 0.8544028473279767, 0.8919055461559204, 1.0]]