[[0.0, 0.11185983827493406, 0.09283585384700443, 0.08019639934533673, 0.10244988864142712, 0.11011437542049962, 0.11098642127707525, 0.10738255033557231, 0.09042846128428383, 0.11048794167134202, 0.10380198461367085, 0.09501161375954137, 0.10701107011070299, 0.09404354072273335], [0.11185983827493406, 0.0, 0.09792613951425211, 0.1159959418329406, 0.09404354072273313, 0.11788617886179042, 0.08743409490334053, 0.08445612882024456, 0.09853528628495467, 0.050397877984085904, 0.103678929765888, 0.0907888937858099, 0.11235955056179936, 0.11011437542049962], [0.09283585384700443, 0.09792613951425211, 0.0, 0.09902309058614711, 0.09610274579273814, 0.10651615066502895, 0.10837438423645485, 0.10417131385233236, 0.10651615066502895, 0.10639248994188799, 0.10552763819095623, 0.09271523178808083, 0.10688729874776537, 0.09452736318408106], [0.08019639934533673, 0.1159959418329406, 0.09902309058614711, 0.0, 0.09975560986447629, 0.08827085852478977, 0.11561866125760822, 0.10330992978937004, 0.10565110565110758, 0.12436115843271045, 0.08528831396623682, 0.09756097560975774, 0.09987779135651742, 0.10701107011070277], [0.10244988864142712, 0.09404354072273313, 0.09610274579273814, 0.09975560986447629, 0.0, 0.08839050131926252, 0.08695652173913149, 0.08315098468271453, 0.09792613951425211, 0.09440636745523001, 0.09573879358052162, 0.09018830525272681, 0.09926715522984808, 0.08827085852478977], [0.11011437542049962, 0.11788617886179042, 0.10651615066502895, 0.08827085852478977, 0.08839050131926252, 0.0, 0.09404354072273335, 0.09938922820655338, 0.11048794167134202, 0.10429447852760876, 0.08481262327416306, 0.08576442202237455, 0.09223300970873938, 0.09707446808510789], [0.11098642127707525, 0.08743409490334053, 0.10837438423645485, 0.11561866125760822, 0.08695652173913149, 0.09404354072273335, 0.0, 0.08958837772397188, 0.10159118727050354, 0.08007855116735874, 0.08267716535433145, 0.09877913429522867, 0.07154453945232242, 0.09622411693057376], [0.10738255033557231, 0.08445612882024456, 0.10417131385233236, 0.10330992978937004, 0.08315098468271453, 0.09938922820655338, 0.08958837772397188, 0.0, 0.09537508298296227, 0.08958837772397232, 0.09042846128428361, 0.09537508298296249, 0.10195903829029507, 0.09561752988047911], [0.09042846128428383, 0.09853528628495467, 0.10651615066502895, 0.10565110565110758, 0.09792613951425211, 0.11048794167134202, 0.10159118727050354, 0.09537508298296227, 0.0, 0.10330992978936959, 0.1020817098964728, 0.10061145080600498, 0.0931978798586588, 0.09877913429522867], [0.11048794167134202, 0.050397877984085904, 0.10639248994188799, 0.12436115843271045, 0.09440636745523001, 0.10429447852760876, 0.08007855116735874, 0.08958837772397232, 0.10330992978936959, 0.0, 0.0934393638170985, 0.09792613951425211, 0.09792613951425211, 0.08958837772397232], [0.10380198461367085, 0.103678929765888, 0.10552763819095623, 0.08528831396623682, 0.09573879358052162, 0.08481262327416306, 0.08267716535433145, 0.09042846128428361, 0.1020817098964728, 0.0934393638170985, 0.0, 0.10110110110110271, 0.05095541401273973, 0.08137629710540795], [0.09501161375954137, 0.0907888937858099, 0.09271523178808083, 0.09756097560975774, 0.09018830525272681, 0.08576442202237455, 0.09877913429522867, 0.09537508298296249, 0.10061145080600498, 0.09792613951425211, 0.10110110110110271, 0.0, 0.1060216735560291, 0.11336032388664141], [0.10701107011070299, 0.11235955056179936, 0.10688729874776537, 0.09987779135651742, 0.09926715522984808, 0.09223300970873938, 0.07154453945232242, 0.10195903829029507, 0.0931978798586588, 0.09792613951425211, 0.05095541401273973, 0.1060216735560291, 0.0, 0.08055009823182813], [0.09404354072273335, 0.11011437542049962, 0.09452736318408106, 0.10701107011070277, 0.08827085852478977, 0.09707446808510789, 0.09622411693057376, 0.09561752988047911, 0.09877913429522867, 0.08958837772397232, 0.08137629710540795, 0.11336032388664141, 0.08055009823182813, 0.0]]