[[0.0, 0.9639169269252112, 0.7311444350132863, 0.5980131451100901, 0.9087025632385659, 0.9305922075003084, 1.0277582465616475, 0.969773572819687, 0.6715210325542522, 1.0339844836182017, 0.9810292496266919, 0.8030256012637138, 0.9921490432112205, 0.7921740049453767], [0.9639169269252112, 0.0, 0.787393180711693, 1.0321735177158216, 0.8626632674696195, 1.1695894394818795, 0.7325835541680319, 0.713785506165904, 0.8450252649838657, 0.3645108304870819, 1.030391836665982, 0.6838819044158637, 1.138097099755429, 1.0777653420030107], [0.7311444350132863, 0.787393180711693, 0.0, 0.7886350110579248, 0.7732813498010223, 0.8843917112322968, 1.0268817945878541, 0.8833122735222996, 0.870342773691499, 0.9411979171101923, 0.9936776200337314, 0.7400149108348271, 0.9659898758192913, 0.8079451622541098], [0.5980131451100901, 1.0321735177158216, 0.7886350110579248, 0.0, 0.8532405748979999, 0.6744037832940519, 1.1334043478183826, 0.8998172084371976, 0.8640746601852225, 1.3055787614714367, 0.7257265145917573, 0.7585344568976236, 0.9080701936470588, 0.9512910642441721], [0.9087025632385659, 0.8626632674696195, 0.7732813498010223, 0.8532405748979999, 0.0, 0.7875065317605248, 0.7531270796108382, 0.730588260785535, 0.8441485398497524, 0.8832439434504147, 0.9376092591113843, 0.8294177855832296, 0.957141228266835, 0.763426693257411], [0.9305922075003084, 1.1695894394818795, 0.8843917112322968, 0.6744037832940519, 0.7875065317605248, 0.0, 0.8234690960005071, 0.8851988230528973, 0.9285449206115164, 0.9712397103382575, 0.7231105228911636, 0.7238141723106486, 0.7848957528249731, 0.8153680318206149], [1.0277582465616475, 0.7325835541680319, 1.0268817945878541, 1.1334043478183826, 0.7531270796108382, 0.8234690960005071, 0.0, 0.7775141079278771, 0.926011430682163, 0.6665987663114594, 0.7478535445116006, 0.8739243260710747, 0.57268471123862, 0.8736197699524191], [0.969773572819687, 0.713785506165904, 0.8833122735222996, 0.8998172084371976, 0.730588260785535, 0.8851988230528973, 0.7775141079278771, 0.0, 0.7993046824050414, 0.7639926468029432, 0.816939646290205, 0.8411839678077058, 0.9671340400585182, 0.7906528758592597], [0.6715210325542522, 0.8450252649838657, 0.870342773691499, 0.8640746601852225, 0.8441485398497524, 0.9285449206115164, 0.926011430682163, 0.7993046824050414, 0.0, 0.8975543081992821, 0.9989343016733414, 0.7995266573156943, 0.8232340663842277, 0.8196471410137209], [1.0339844836182017, 0.3645108304870819, 0.9411979171101923, 1.3055787614714367, 0.8832439434504147, 0.9712397103382575, 0.6665987663114594, 0.7639926468029432, 0.8975543081992821, 0.0, 0.8748690473685878, 0.8787790016454071, 0.9219716413696193, 0.7631239917774244], [0.9810292496266919, 1.030391836665982, 0.9936776200337314, 0.7257265145917573, 0.9376092591113843, 0.7231105228911636, 0.7478535445116006, 0.816939646290205, 0.9989343016733414, 0.8748690473685878, 0.0, 1.0130449114101512, 0.4095798057448925, 0.691857971306689], [0.8030256012637138, 0.6838819044158637, 0.7400149108348271, 0.7585344568976236, 0.8294177855832296, 0.7238141723106486, 0.8739243260710747, 0.8411839678077058, 0.7995266573156943, 0.8787790016454071, 1.0130449114101512, 0.0, 1.0147735074015047, 1.1571407338801727], [0.9921490432112205, 1.138097099755429, 0.9659898758192913, 0.9080701936470588, 0.957141228266835, 0.7848957528249731, 0.57268471123862, 0.9671340400585182, 0.8232340663842277, 0.9219716413696193, 0.4095798057448925, 1.0147735074015047, 0.0, 0.6750873550652181], [0.7921740049453767, 1.0777653420030107, 0.8079451622541098, 0.9512910642441721, 0.763426693257411, 0.8153680318206149, 0.8736197699524191, 0.7906528758592597, 0.8196471410137209, 0.7631239917774244, 0.691857971306689, 1.1571407338801727, 0.6750873550652181, 0.0]]