[[0.0, 0.11323512875295316, 0.12474437627811996, 0.12423347717465494, 0.11148534860222403, 0.10701107011070232, 0.09768266991906072, 0.12846232759603482], [0.11323512875295316, 0.0, 0.1182649949169785, 0.10688729874776515, 0.11549295774648005, 0.11235955056179914, 0.11738148984198737, 0.11185983827493384], [0.12474437627811996, 0.1182649949169785, 0.0, 0.11839132399457886, 0.117003272029788, 0.11637347767253181, 0.10688729874776515, 0.10874678015455364], [0.12423347717465494, 0.10688729874776515, 0.11839132399457886, 0.0, 0.11185983827493362, 0.10602167355602843, 0.12194016319129752, 0.12016293279022494], [0.11148534860222403, 0.11549295774648005, 0.117003272029788, 0.11185983827493362, 0.0, 0.10787824529991141, 0.10651615066502829, 0.11011437542049918], [0.10701107011070232, 0.11235955056179914, 0.11637347767253181, 0.10602167355602843, 0.10787824529991141, 0.0, 0.10651615066502851, 0.1265361857077849], [0.09768266991906072, 0.11738148984198737, 0.10688729874776515, 0.12194016319129752, 0.10651615066502829, 0.10651615066502851, 0.0, 0.11877048254040146], [0.12846232759603482, 0.11185983827493384, 0.10874678015455364, 0.12016293279022494, 0.11011437542049918, 0.1265361857077849, 0.11877048254040146, 0.0]]