[[1.0, 0.8982828282828271, 0.889090909090908, 0.8894949494949485, 0.8996969696969689, 0.9033333333333323, 0.9110101010101003, 0.8861616161616149], [0.8982828282828271, 1.0, 0.8942424242424233, 0.9034343434343424, 0.8964646464646455, 0.8989898989898979, 0.8949494949494942, 0.8993939393939384], [0.889090909090908, 0.8942424242424233, 1.0, 0.894141414141413, 0.8952525252525243, 0.8957575757575746, 0.9034343434343424, 0.901919191919191], [0.8894949494949485, 0.9034343434343424, 0.894141414141413, 1.0, 0.8993939393939386, 0.9041414141414131, 0.8913131313131305, 0.892727272727272], [0.8996969696969689, 0.8964646464646455, 0.8952525252525243, 0.8993939393939386, 1.0, 0.9026262626262619, 0.903737373737373, 0.9008080808080797], [0.9033333333333323, 0.8989898989898979, 0.8957575757575746, 0.9041414141414131, 0.9026262626262619, 1.0, 0.9037373737373728, 0.8876767676767664], [0.9110101010101003, 0.8949494949494942, 0.9034343434343424, 0.8913131313131305, 0.903737373737373, 0.9037373737373728, 1.0, 0.8938383838383828], [0.8861616161616149, 0.8993939393939384, 0.901919191919191, 0.892727272727272, 0.9008080808080797, 0.8876767676767664, 0.8938383838383828, 1.0]]