[[0.0, 5.075612138693472, 6.679140421116274, 6.943085100068404, 6.080340283321591, 6.41380781339085, 7.414485133640377, 5.887102271069816], [5.075612138693472, 3.371747880871523e-07, 2.2558096428883876, 2.455305832109229, 2.171605838033264, 2.3305123412393334, 2.907070818460488, 1.6897196205789926], [6.679140421116274, 2.2558096428883876, 0.0, 0.5192847188341729, 2.487485428083829, 2.3006105755985566, 1.5318265380582543, 1.70253309540407], [6.943085100068404, 2.455305832109229, 0.5192847188341729, 0.0, 2.650468666409602, 2.387376718402413, 1.3274407906012669, 1.7517206357399338], [6.080340283321591, 2.171605838033264, 2.487485428083829, 2.650468666409602, 0.0, 1.239815226909981, 2.3317871734677467, 2.1447537574755406], [6.41380781339085, 2.3305123412393334, 2.3006105755985566, 2.387376718402413, 1.239815226909981, 0.0, 2.0713863304819875, 2.1582265499575315], [7.414485133640377, 2.907070818460488, 1.5318265380582543, 1.3274407906012669, 2.3317871734677467, 2.0713863304819875, 0.0, 2.0119608402888285], [5.887102271069816, 1.6897196205789926, 1.70253309540407, 1.7517206357399338, 2.1447537574755406, 2.1582265499575315, 2.0119608402888285, 3.371747880871523e-07]]