[[0.0, 0.9257273728079176, 1.070086926945259, 1.0658556926953433, 0.9426188771197093, 0.9038704610525832, 0.8378467643083238, 1.149939245172785], [0.9257273728079176, 0.0, 0.9933249678863694, 0.899178564797376, 1.0247729483176196, 1.0230555817717613, 1.0680516271077232, 0.8705446074494891], [1.070086926945259, 0.9933249678863694, 0.0, 1.0206713168533286, 1.05150431869765, 0.9665485077271327, 0.8663063543670848, 0.8803360186747602], [1.0658556926953433, 0.899178564797376, 1.0206713168533286, 0.0, 0.9726175705514648, 0.8705669404926015, 1.0680494254349657, 0.9821299223559725], [0.9426188771197093, 1.0247729483176196, 1.05150431869765, 0.9726175705514648, 0.0, 0.9932804860830067, 0.886879547572232, 0.8863386134260876], [0.9038704610525832, 1.0230555817717613, 0.9665485077271327, 0.8705669404926015, 0.9932804860830067, 0.0, 0.9575449834281466, 1.114038538254809], [0.8378467643083238, 1.0680516271077232, 0.8663063543670848, 1.0680494254349657, 0.886879547572232, 0.9575449834281466, 0.0, 1.073888066544126], [1.149939245172785, 0.8705446074494891, 0.8803360186747602, 0.9821299223559725, 0.8863386134260876, 1.114038538254809, 1.073888066544126, 0.0]]