[[1.0, 0.03571428571428571, 0.05263157894736842, 0.045454545454545456, 0.03333333333333333, 0.03333333333333333, 0.030303030303030304, 0.058823529411764705], [0.03571428571428571, 1.0, 0.04, 0.03333333333333333, 0.037037037037037035, 0.038461538461538464, 0.04, 0.034482758620689655], [0.05263157894736842, 0.04, 1.0, 0.043478260869565216, 0.038461538461538464, 0.037037037037037035, 0.03333333333333333, 0.03571428571428571], [0.045454545454545456, 0.03333333333333333, 0.043478260869565216, 1.0, 0.034482758620689655, 0.03333333333333333, 0.043478260869565216, 0.043478260869565216], [0.03333333333333333, 0.037037037037037035, 0.038461538461538464, 0.034482758620689655, 1.0, 0.03333333333333333, 0.030303030303030304, 0.03225806451612903], [0.03333333333333333, 0.038461538461538464, 0.037037037037037035, 0.03333333333333333, 0.03333333333333333, 1.0, 0.03225806451612903, 0.047619047619047616], [0.030303030303030304, 0.04, 0.03333333333333333, 0.043478260869565216, 0.030303030303030304, 0.03225806451612903, 1.0, 0.045454545454545456], [0.058823529411764705, 0.034482758620689655, 0.03571428571428571, 0.043478260869565216, 0.03225806451612903, 0.047619047619047616, 0.045454545454545456, 1.0]]