[[1.0, 0.9976170652705773, 0.8899639124264308, 0.9871679788165028, 0.9914840593034153, 0.897281676229004, 0.9276402560856002, 0.9169116243962925, 0.9938550701971436, 0.8749100052513276, 0.9534228421299107, 0.9508956624319552, 0.99122323151122, 0.9064618955627595, 0.9673336760791846, 0.9455654683294021, 0.9972151725605262, 0.9773885483480474, 0.9275724567644302, 0.9861685187442153, 0.9964497646183936, 0.9962996375360819, 0.9958015726020735, 0.9879099699536247, 0.9912271577492391, 0.9796364875638609], [0.9976170652705773, 1.0, 0.9061307212684208, 0.9893982307515826, 0.9962551315301437, 0.9110335548177282, 0.9395011200621068, 0.9315576105590736, 0.993977090415133, 0.8556622885803477, 0.9630564173168786, 0.9619905992680614, 0.9939121869396548, 0.9193445294478133, 0.9584851597049341, 0.9547550692360989, 0.9973874450192332, 0.9748225404976311, 0.9139875455937401, 0.9814828383871609, 0.998762071081532, 0.9989618771969898, 0.9980034497842232, 0.9834440508637432, 0.9944323847585691, 0.9849121000448451], [0.8899639124264307, 0.9061307212684208, 1.0, 0.9165128947582316, 0.9319609092115914, 0.9924883071234696, 0.9886813176360608, 0.9953662587523199, 0.8857375849554117, 0.6140281840428001, 0.9799182677920824, 0.9807328968808594, 0.9205949793189199, 0.993170119037168, 0.7699719115887504, 0.9768184422979985, 0.89699976419698, 0.8550280645319771, 0.7102938835620924, 0.854530741047765, 0.9098715372722908, 0.9142346354060791, 0.9054404857355173, 0.8243254599818642, 0.932577695571854, 0.9215953881525712], [0.9871679788165028, 0.9893982307515826, 0.9165128947582316, 1.0, 0.98748148577116, 0.9276863056931429, 0.9548534066998057, 0.9400531162594171, 0.9836231155313875, 0.8345996925317708, 0.9697488058271445, 0.9720375634549338, 0.9983277379911789, 0.9313871459707088, 0.939417106700062, 0.9685909467655426, 0.9871237331066046, 0.9575896858058306, 0.9048101435168012, 0.9623978694219235, 0.989957240818377, 0.9917161687015126, 0.9896328595133786, 0.9691319978876191, 0.9894001922065865, 0.9813262469772499], [0.9914840593034153, 0.9962551315301437, 0.9319609092115914, 0.98748148577116, 1.0, 0.9365170596718901, 0.9578612609023403, 0.9522615805239997, 0.9896618946351525, 0.8212739255007262, 0.9791174011981145, 0.9752559126328522, 0.9922387675074797, 0.9395778896778387, 0.9385863472853903, 0.9718139752494989, 0.991631563091849, 0.9617258826947884, 0.8914435868044743, 0.9694760150123706, 0.9949165094897323, 0.9975758726397016, 0.9958002382165477, 0.967742553549556, 0.9951919849834682, 0.9898953234145774], [0.897281676229004, 0.9110335548177282, 0.9924883071234696, 0.9276863056931429, 0.9365170596718901, 1.0, 0.9934912040022735, 0.9886760385142661, 0.8951246602136574, 0.6340481280421911, 0.9846289100316334, 0.9796923610067351, 0.928651999269785, 0.9877706334143642, 0.7855309023680072, 0.9883976590953023, 0.9002300074801503, 0.8494565857884112, 0.7387256663083103, 0.8542850811115513, 0.9126483886654357, 0.9217137613763667, 0.9132301144479225, 0.8344657055017878, 0.9341941972263575, 0.9263921308370531], [0.9276402560856002, 0.9395011200621068, 0.9886813176360608, 0.9548534066998057, 0.9578612609023403, 0.9934912040022735, 1.0, 0.992597393581896, 0.9216719906230139, 0.6799586300029474, 0.9906682888366974, 0.9929283642160421, 0.9558006638960563, 0.9932576873936705, 0.8248244267064131, 0.9930603703243271, 0.9320354147518635, 0.8915060209162768, 0.7757964177815424, 0.8927362248607381, 0.9423585927669267, 0.9473833051377947, 0.9392580222874285, 0.8727469626015175, 0.960538968813155, 0.9449514835365335], [0.9169116243962925, 0.9315576105590736, 0.9953662587523199, 0.9400531162594171, 0.9522615805239997, 0.9886760385142661, 0.992597393581896, 1.0, 0.9129117469891105, 0.6524819211944265, 0.9875998946953114, 0.9919007189027781, 0.9433455942437017, 0.9940229444792312, 0.8036814812088489, 0.9820933669234098, 0.9238414970432143, 0.8891511734594114, 0.7424209855385873, 0.8856412663626982, 0.9360137364753194, 0.9382752954604182, 0.929556987082003, 0.857883336504712, 0.9536141116364545, 0.9452598876597703], [0.9938550701971436, 0.993977090415133, 0.8857375849554117, 0.9836231155313875, 0.9896618946351525, 0.8951246602136574, 0.9216719906230139, 0.9129117469891105, 1.0, 0.8689848437999328, 0.9539486396997061, 0.9479417545655503, 0.9854676484959497, 0.8947294949130321, 0.9647778840424054, 0.9446556419014054, 0.9888077022675523, 0.9621896160223175, 0.9260770580948569, 0.9739282448488917, 0.9907092092575381, 0.9947110983674554, 0.992201885479547, 0.9840913343527773, 0.9820844340264163, 0.9847912071383758], [0.8749100052513276, 0.8556622885803477, 0.6140281840428001, 0.8345996925317708, 0.8212739255007262, 0.6340481280421911, 0.6799586300029474, 0.6524819211944265, 0.8689848437999328, 1.0, 0.7233103925305421, 0.715441951098564, 0.8366282891766453, 0.6416164758671208, 0.9593157092780704, 0.7180258201579613, 0.8619293553248913, 0.8672373028874817, 0.9709104528230712, 0.8884399767008467, 0.8490764463892618, 0.8464651363542051, 0.8556253233550103, 0.9271711260390115, 0.8194383168589249, 0.8050800609204554], [0.9534228421299107, 0.9630564173168786, 0.9799182677920824, 0.9697488058271445, 0.9791174011981145, 0.9846289100316334, 0.9906682888366974, 0.9875998946953114, 0.9539486396997061, 0.7233103925305421, 1.0, 0.9935348178382452, 0.9718042945889525, 0.978739273122263, 0.8639584798667987, 0.9954910760160491, 0.9534623253313036, 0.911325111084791, 0.8153801164703884, 0.9185455643835219, 0.9636147219053801, 0.9699800119641633, 0.9634012325086034, 0.9056254565207066, 0.9746056375169716, 0.9721051751508969], [0.9508956624319552, 0.9619905992680614, 0.9807328968808594, 0.9720375634549338, 0.9752559126328522, 0.9796923610067351, 0.9929283642160421, 0.9919007189027781, 0.9479417545655503, 0.715441951098564, 0.9935348178382452, 1.0, 0.9732999790989645, 0.9857779684827443, 0.8561829172101959, 0.9897218290859061, 0.9565553439782727, 0.9234070377395412, 0.8008254272527463, 0.9227068246135393, 0.9649437812693253, 0.9675906307030112, 0.9597040043484589, 0.9042079942677725, 0.9778762139058423, 0.9682455934396695], [0.99122323151122, 0.9939121869396548, 0.92059497931892, 0.9983277379911789, 0.9922387675074797, 0.928651999269785, 0.9558006638960563, 0.9433455942437017, 0.9854676484959497, 0.8366282891766453, 0.9718042945889525, 0.9732999790989645, 1.0, 0.9351460581282313, 0.9431355647380871, 0.9688632055056732, 0.9920785534109116, 0.9641445047850783, 0.9046591440713518, 0.9694208131717011, 0.9944870460171888, 0.994976975382912, 0.9937872696629522, 0.972453389506952, 0.9941203843719545, 0.9822664817392003], [0.9064618955627595, 0.9193445294478133, 0.993170119037168, 0.9313871459707088, 0.9395778896778387, 0.9877706334143642, 0.9932576873936705, 0.9940229444792312, 0.8947294949130321, 0.6416164758671208, 0.9787392731222632, 0.9857779684827443, 0.9351460581282312, 1.0, 0.7901762264099689, 0.9772496985154846, 0.9147689921739708, 0.8827292503025501, 0.7315216110535792, 0.8781930538577731, 0.9247175510569832, 0.9256667925355345, 0.9168968393266914, 0.844046018745615, 0.947905758557113, 0.9244464551114965], [0.9673336760791846, 0.9584851597049341, 0.7699719115887504, 0.939417106700062, 0.9385863472853903, 0.7855309023680072, 0.8248244267064131, 0.8036814812088489, 0.9647778840424054, 0.9593157092780703, 0.8639584798667987, 0.8561829172101959, 0.9431355647380871, 0.7901762264099689, 1.0, 0.8574750172773552, 0.9593492987170139, 0.9432757791975963, 0.9836651259166641, 0.9616339945332122, 0.9527956247322876, 0.9532626377242027, 0.9592381955254302, 0.9916522869513694, 0.933104389186109, 0.9240296984060873], [0.9455654683294021, 0.9547550692360989, 0.9768184422979985, 0.9685909467655426, 0.9718139752494989, 0.9883976590953023, 0.9930603703243271, 0.9820933669234098, 0.9446556419014054, 0.7180258201579613, 0.9954910760160491, 0.9897218290859061, 0.9688632055056732, 0.9772496985154846, 0.8574750172773552, 1.0, 0.9455973101909015, 0.8966955480093964, 0.8173421509005865, 0.9058548419524409, 0.9542436544929146, 0.963446509361224, 0.9573511794858921, 0.8976532049290153, 0.9680954913904675, 0.9626059716947376], [0.9972151725605262, 0.9973874450192332, 0.89699976419698, 0.9871237331066046, 0.991631563091849, 0.9002300074801503, 0.9320354147518635, 0.9238414970432143, 0.9888077022675523, 0.8619293553248912, 0.9534623253313036, 0.9565553439782727, 0.9920785534109116, 0.9147689921739708, 0.9593492987170139, 0.9455973101909015, 1.0, 0.9826450187021278, 0.9135697212735064, 0.9868941041552828, 0.9970889580482653, 0.9951534629350224, 0.9954719228028674, 0.9846748836324319, 0.9950398566795848, 0.978764557657027], [0.9773885483480474, 0.9748225404976311, 0.8550280645319771, 0.9575896858058306, 0.9617258826947884, 0.8494565857884112, 0.8915060209162768, 0.8891511734594114, 0.9621896160223175, 0.8672373028874817, 0.911325111084791, 0.9234070377395412, 0.9641445047850783, 0.8827292503025501, 0.9432757791975963, 0.8966955480093964, 0.9826450187021278, 1.0, 0.8858600195649255, 0.9931847395762474, 0.9786930691937147, 0.9681398406016338, 0.9672818412051044, 0.9703202238832418, 0.9731497886389253, 0.9475621632846823], [0.9275724567644302, 0.9139875455937401, 0.7102938835620924, 0.9048101435168013, 0.8914435868044743, 0.7387256663083103, 0.7757964177815424, 0.7424209855385873, 0.9260770580948569, 0.9709104528230712, 0.8153801164703885, 0.8008254272527463, 0.9046591440713518, 0.7315216110535792, 0.9836651259166642, 0.8173421509005865, 0.9135697212735064, 0.8858600195649254, 1.0, 0.9129325419114994, 0.9051360350247248, 0.9109091893341356, 0.9188995771766554, 0.9615199326495272, 0.8835272202824435, 0.876548401814523], [0.9861685187442153, 0.9814828383871609, 0.854530741047765, 0.9623978694219235, 0.9694760150123706, 0.8542850811115513, 0.8927362248607381, 0.8856412663626982, 0.9739282448488917, 0.8884399767008467, 0.9185455643835219, 0.9227068246135393, 0.9694208131717011, 0.8781930538577731, 0.9616339945332122, 0.9058548419524409, 0.9868941041552828, 0.9931847395762474, 0.9129325419114994, 1.0, 0.9816073964045375, 0.9761567128226291, 0.9756067509465318, 0.9799049914530628, 0.9761874589295486, 0.950804569849416], [0.9964497646183936, 0.998762071081532, 0.9098715372722908, 0.989957240818377, 0.9949165094897323, 0.9126483886654357, 0.9423585927669267, 0.9360137364753194, 0.9907092092575381, 0.8490764463892617, 0.9636147219053801, 0.9649437812693253, 0.9944870460171888, 0.9247175510569832, 0.9527956247322876, 0.9542436544929146, 0.9970889580482653, 0.9786930691937147, 0.905136035024725, 0.9816073964045375, 1.0, 0.9973268238602249, 0.9961877552477028, 0.9808047038138048, 0.9954235703839216, 0.98395150438215], [0.9962996375360819, 0.9989618771969898, 0.9142346354060791, 0.9917161687015126, 0.9975758726397016, 0.9217137613763667, 0.9473833051377947, 0.9382752954604182, 0.9947110983674554, 0.8464651363542051, 0.9699800119641633, 0.9675906307030112, 0.994976975382912, 0.9256667925355345, 0.9532626377242027, 0.963446509361224, 0.9951534629350224, 0.9681398406016338, 0.9109091893341356, 0.9761567128226291, 0.9973268238602249, 1.0, 0.9978563291322465, 0.9790851759754721, 0.9944155729046135, 0.9880464435128266], [0.9958015726020735, 0.9980034497842232, 0.9054404857355173, 0.9896328595133786, 0.9958002382165477, 0.9132301144479225, 0.9392580222874285, 0.929556987082003, 0.992201885479547, 0.8556253233550103, 0.9634012325086034, 0.9597040043484589, 0.9937872696629522, 0.9168968393266914, 0.9592381955254302, 0.9573511794858921, 0.9954719228028674, 0.9672818412051044, 0.9188995771766554, 0.9756067509465318, 0.9961877552477028, 0.9978563291322465, 1.0, 0.9826668697698763, 0.9923276532977671, 0.9861917099214785], [0.9879099699536247, 0.9834440508637432, 0.8243254599818642, 0.9691319978876191, 0.967742553549556, 0.8344657055017878, 0.8727469626015175, 0.857883336504712, 0.9840913343527773, 0.9271711260390115, 0.9056254565207066, 0.9042079942677725, 0.972453389506952, 0.844046018745615, 0.9916522869513694, 0.8976532049290153, 0.9846748836324319, 0.9703202238832418, 0.9615199326495271, 0.9799049914530628, 0.9808047038138048, 0.9790851759754721, 0.9826668697698763, 1.0, 0.9658404356959182, 0.9575676916353992], [0.9912271577492391, 0.9944323847585691, 0.9325776955718541, 0.9894001922065865, 0.9951919849834682, 0.9341941972263575, 0.960538968813155, 0.9536141116364545, 0.9820844340264163, 0.8194383168589249, 0.9746056375169716, 0.9778762139058423, 0.9941203843719545, 0.947905758557113, 0.933104389186109, 0.9680954913904675, 0.9950398566795848, 0.9731497886389253, 0.8835272202824435, 0.9761874589295486, 0.9954235703839216, 0.9944155729046135, 0.9923276532977671, 0.9658404356959182, 1.0, 0.9807620264662558], [0.9796364875638609, 0.9849121000448451, 0.9215953881525712, 0.9813262469772499, 0.9898953234145774, 0.9263921308370531, 0.9449514835365335, 0.9452598876597703, 0.9847912071383756, 0.8050800609204553, 0.9721051751508969, 0.9682455934396695, 0.9822664817392002, 0.9244464551114964, 0.9240296984060873, 0.9626059716947376, 0.978764557657027, 0.9475621632846823, 0.876548401814523, 0.950804569849416, 0.98395150438215, 0.9880464435128266, 0.9861917099214785, 0.9575676916353991, 0.9807620264662557, 1.0]]