[[1.0000000000000002, 0.9969458055663457, 0.8289312622125453, 0.9781153613124541, 0.9915878545612763, 0.8072684751764497, 0.8856194727186886, 0.9110786151060372, 0.9898105447666773, 0.986579135503304, 0.9382856288397596, 0.9509193687155831, 0.9860498837693482, 0.8655667414738328, 0.9951143862891432, 0.9090603466379878, 0.9959478810550647, 0.9606846586632072, 0.9964981493549342, 0.9771878683736783, 0.9961122470252196, 0.9952074397781675, 0.993090709372758, 0.9944554801520531, 0.9938881736721433, 0.9689886442225519], [0.9969458055663457, 0.999999999999999, 0.8395852169289282, 0.9802884636219851, 0.9954712404451688, 0.815331118935957, 0.8919497127343172, 0.9198637757791239, 0.9913508245828173, 0.9819369681440889, 0.9431031710052086, 0.9569421738269059, 0.9885588880562255, 0.8680831918272096, 0.9953023429648455, 0.9142187821271767, 0.9951852284110129, 0.9539551912716829, 0.9960355676443299, 0.9699966293361255, 0.9979057193516888, 0.998119428045376, 0.9965486249144689, 0.9954588211538046, 0.9935847685280921, 0.9726670831304275], [0.8289312622125453, 0.8395852169289282, 0.9999999999999998, 0.8823459430122498, 0.8702568182360065, 0.9877904592557708, 0.9771635652198061, 0.9746310188874546, 0.8280603421358255, 0.7472689458134384, 0.959490792577379, 0.9352016378640251, 0.8800897025113049, 0.9654292265295875, 0.7982720238037503, 0.974637646159818, 0.813212122092782, 0.6775443890968993, 0.8434522074920623, 0.7272910079924134, 0.8324701491460903, 0.8576085748251009, 0.8554945520786719, 0.7923296294962343, 0.8555623013744129, 0.8267509053428357], [0.9781153613124541, 0.9802884636219851, 0.8823459430122498, 1.0000000000000004, 0.9783339739006767, 0.8666691572750138, 0.9365055488675845, 0.9534492497580065, 0.9728246437202654, 0.9525867689386857, 0.9620091838604727, 0.9868357271130126, 0.9970497125579006, 0.9125508423833044, 0.9666576628724824, 0.948514055164878, 0.9761761781866704, 0.921897877917493, 0.9818628775956478, 0.9358856570340979, 0.9813115098297255, 0.984584697608434, 0.9811800610219009, 0.9721987620644286, 0.9839316960569793, 0.9660739924968755], [0.9915878545612763, 0.9954712404451688, 0.8702568182360065, 0.9783339739006767, 1.0000000000000002, 0.8496869180229534, 0.9104070963194295, 0.9371060530759657, 0.9901316726598058, 0.9680822036032177, 0.9615812481191732, 0.9636985444692672, 0.9861968944563384, 0.8824705542021516, 0.9888270396577926, 0.9368944585448628, 0.9867959135720903, 0.9285826194059316, 0.9948754082706079, 0.9527620014412016, 0.9909904819788078, 0.9971776012909769, 0.9964700557435684, 0.9860343456318592, 0.9895304498008701, 0.9777924070065626], [0.8072684751764497, 0.815331118935957, 0.9877904592557708, 0.8666691572750138, 0.8496869180229534, 1.0000000000000009, 0.9765342389157843, 0.9657210028895046, 0.8105615969403789, 0.7245086546905959, 0.9508132171844287, 0.9239595087421356, 0.8587511466994253, 0.9575581550453709, 0.7722223808458006, 0.9743612719363232, 0.7883265715824302, 0.6502481587377693, 0.8260083935394444, 0.70130342909045, 0.8064262781216947, 0.8389839354891214, 0.8337047373103459, 0.7666741823086015, 0.8320314714056656, 0.8161613235356046], [0.8856194727186886, 0.8919497127343172, 0.9771635652198061, 0.9365055488675845, 0.9104070963194295, 0.9765342389157843, 1.0000000000000007, 0.9893882782067149, 0.877718246179879, 0.8212471197941338, 0.9706421072668444, 0.9745035939259395, 0.9304606247985721, 0.9863960580511508, 0.8567295875207557, 0.9864086988360474, 0.8750371623824565, 0.7726981173480391, 0.8969877480582796, 0.806008848019199, 0.8888771068354646, 0.9076383802429606, 0.9012160181738122, 0.8561546847146239, 0.9101248985516117, 0.8706083442574405], [0.9110786151060372, 0.9198637757791239, 0.9746310188874546, 0.9534492497580065, 0.9371060530759657, 0.9657210028895046, 0.9893882782067149, 1.0000000000000007, 0.909967782857086, 0.8474560663998132, 0.9856559255439458, 0.9821628078007361, 0.9501052648137506, 0.9694700302545711, 0.88580168512558, 0.9876302422833173, 0.8992123447683703, 0.7953562144434325, 0.9193144377204608, 0.8276131919075622, 0.9175096878931613, 0.9331748393884439, 0.9289460764649011, 0.8863511803929526, 0.9276312652117934, 0.9084233175139846], [0.9898105447666773, 0.9913508245828173, 0.8280603421358255, 0.9728246437202654, 0.9901316726598058, 0.8105615969403789, 0.877718246179879, 0.909967782857086, 0.9999999999999996, 0.9746651610023548, 0.9453525269654478, 0.950436686674243, 0.9768575686849991, 0.8398013853553764, 0.9886755642871082, 0.9120497918098718, 0.981946397745747, 0.9348581692938482, 0.9903665511863544, 0.9569099420258171, 0.9869077804255476, 0.993386285473003, 0.9874519691967024, 0.9871470490819807, 0.9782938309191846, 0.981379977967444], [0.986579135503304, 0.9819369681440889, 0.7472689458134384, 0.9525867689386857, 0.9680822036032177, 0.7245086546905959, 0.8212471197941338, 0.8474560663998132, 0.9746651610023548, 1.0000000000000004, 0.8847919226440106, 0.9057805451831852, 0.9625760581849081, 0.7998370804993559, 0.9916673766008538, 0.8483717615183397, 0.9869866602798609, 0.9865396206353293, 0.9839002988570925, 0.9941884430080357, 0.9829028933758465, 0.9751991170656753, 0.9741008967934612, 0.9911049247941864, 0.9755879518947951, 0.9468740997298022], [0.9382856288397596, 0.9431031710052086, 0.959490792577379, 0.9620091838604727, 0.9615812481191732, 0.9508132171844287, 0.9706421072668444, 0.9856559255439458, 0.9453525269654478, 0.8847919226440106, 1.0000000000000004, 0.9811445328892728, 0.9606945022772412, 0.9424674621346857, 0.9188693557516582, 0.9888796519330936, 0.9215913468523527, 0.8219345509506368, 0.9483714730179283, 0.8636583332163447, 0.9365918127298494, 0.9562575329101981, 0.9512020391220795, 0.914214955071551, 0.9439777594991273, 0.9414888832972783], [0.9509193687155831, 0.9569421738269059, 0.9352016378640251, 0.9868357271130126, 0.9636985444692672, 0.9239595087421356, 0.9745035939259395, 0.9821628078007361, 0.950436686674243, 0.9057805451831852, 0.9811445328892728, 1.0000000000000007, 0.9821602804432972, 0.9505414199241616, 0.9334080461737037, 0.9777083968376256, 0.9453955059959621, 0.863760482529521, 0.9577418723296318, 0.8890025559242488, 0.9550438516797282, 0.9667702934105249, 0.9599573111813919, 0.9365415172943314, 0.9639664707199486, 0.9414643676797259], [0.9860498837693482, 0.9885588880562255, 0.8800897025113049, 0.9970497125579006, 0.9861968944563384, 0.8587511466994253, 0.9304606247985721, 0.9501052648137506, 0.9768575686849991, 0.9625760581849081, 0.9606945022772412, 0.9821602804432972, 1.0000000000000004, 0.9108349621005133, 0.9768642148945552, 0.9440053645320804, 0.9852956666685597, 0.9334699141826567, 0.9884584729088921, 0.94881230241495, 0.9893710966333946, 0.9903743478035724, 0.9890131802725872, 0.9805920905913831, 0.9915424600006194, 0.9657453780203372], [0.8655667414738328, 0.8680831918272096, 0.9654292265295875, 0.9125508423833044, 0.8824705542021516, 0.9575581550453709, 0.9863960580511508, 0.9694700302545711, 0.8398013853553764, 0.7998370804993559, 0.9424674621346857, 0.9505414199241616, 0.9108349621005133, 1.0000000000000002, 0.8321840050059717, 0.9599995364784139, 0.8584040316919989, 0.7662128820447707, 0.8713494070499939, 0.793948410757271, 0.8686688877633405, 0.8796517943822144, 0.8756716348852969, 0.831633700856209, 0.8978779213744478, 0.825282906410193], [0.9951143862891432, 0.9953023429648455, 0.7982720238037503, 0.9666576628724824, 0.9888270396577926, 0.7722223808458006, 0.8567295875207557, 0.88580168512558, 0.9886755642871082, 0.9916673766008538, 0.9188693557516582, 0.9334080461737037, 0.9768642148945552, 0.8321840050059717, 0.9999999999999993, 0.8848162240987626, 0.9946241495962189, 0.9678543586728556, 0.9939246220264303, 0.9828475746661023, 0.9936188262819629, 0.9913244308754265, 0.9911351458807707, 0.9978543197062384, 0.9877047611711238, 0.9675666368214032], [0.9090603466379878, 0.9142187821271767, 0.974637646159818, 0.948514055164878, 0.9368944585448628, 0.9743612719363232, 0.9864086988360474, 0.9876302422833173, 0.9120497918098718, 0.8483717615183397, 0.9888796519330936, 0.9777083968376256, 0.9440053645320804, 0.9599995364784139, 0.8848162240987626, 1.0000000000000002, 0.8946961444164347, 0.7833664406274148, 0.9238878656244118, 0.8266277861262694, 0.9062624928017488, 0.9312826580063347, 0.9264229589404349, 0.881108266289344, 0.9232235570916866, 0.9125283286309442], [0.9959478810550647, 0.9951852284110129, 0.813212122092782, 0.9761761781866704, 0.9867959135720903, 0.7883265715824302, 0.8750371623824565, 0.8992123447683703, 0.981946397745747, 0.9869866602798609, 0.9215913468523527, 0.9453955059959621, 0.9852956666685597, 0.8584040316919989, 0.9946241495962189, 0.8946961444164347, 1.0000000000000002, 0.9685569821182247, 0.9929960044768752, 0.9792376482424696, 0.9949358394453665, 0.9910907729396301, 0.991852651907291, 0.9961040253740412, 0.9956521072767801, 0.9609080692447464], [0.9606846586632072, 0.9539551912716829, 0.6775443890968993, 0.921897877917493, 0.9285826194059316, 0.6502481587377693, 0.7726981173480391, 0.7953562144434325, 0.9348581692938482, 0.9865396206353293, 0.8219345509506368, 0.863760482529521, 0.9334699141826567, 0.7662128820447707, 0.9678543586728556, 0.7833664406274148, 0.9685569821182247, 1.0000000000000002, 0.9512560529238158, 0.9894443963911091, 0.9610808016232646, 0.9410967273034447, 0.9407397521119348, 0.9714035455845565, 0.9531711326319134, 0.8994284157761695], [0.9964981493549342, 0.9960355676443299, 0.8434522074920623, 0.9818628775956478, 0.9948754082706079, 0.8260083935394444, 0.8969877480582796, 0.9193144377204608, 0.9903665511863544, 0.9839002988570925, 0.9483714730179283, 0.9577418723296318, 0.9884584729088921, 0.8713494070499939, 0.9939246220264303, 0.9238878656244118, 0.9929960044768752, 0.9512560529238158, 1.0, 0.9720557625050312, 0.9927575017075438, 0.9965602378060179, 0.9953341193124465, 0.9924045517759637, 0.9927599280025977, 0.9752195784744864], [0.9771878683736783, 0.9699966293361255, 0.7272910079924134, 0.9358856570340979, 0.9527620014412016, 0.70130342909045, 0.806008848019199, 0.8276131919075622, 0.9569099420258171, 0.9941884430080357, 0.8636583332163447, 0.8890025559242488, 0.94881230241495, 0.793948410757271, 0.9828475746661023, 0.8266277861262694, 0.9792376482424696, 0.9894443963911091, 0.9720557625050312, 1.0000000000000004, 0.9713545594862439, 0.9609769676533788, 0.9592130394909004, 0.9801802021362985, 0.9683529399347067, 0.916540420461258], [0.9961122470252196, 0.9979057193516888, 0.8324701491460903, 0.9813115098297255, 0.9909904819788078, 0.8064262781216947, 0.8888771068354646, 0.9175096878931613, 0.9869077804255476, 0.9829028933758465, 0.9365918127298494, 0.9550438516797282, 0.9893710966333946, 0.8686688877633405, 0.9936188262819629, 0.9062624928017488, 0.9949358394453665, 0.9610808016232646, 0.9927575017075438, 0.9713545594862439, 1.0, 0.9948873955498735, 0.9937883631621652, 0.9957048337118171, 0.9933483556168335, 0.9682733662180701], [0.9952074397781675, 0.998119428045376, 0.8576085748251009, 0.984584697608434, 0.9971776012909769, 0.8389839354891214, 0.9076383802429606, 0.9331748393884439, 0.993386285473003, 0.9751991170656753, 0.9562575329101981, 0.9667702934105249, 0.9903743478035724, 0.8796517943822144, 0.9913244308754265, 0.9312826580063347, 0.9910907729396301, 0.9410967273034447, 0.9965602378060179, 0.9609769676533788, 0.9948873955498735, 1.0000000000000018, 0.9965594715855708, 0.9909621982874052, 0.99221303945641, 0.9778259728014815], [0.993090709372758, 0.9965486249144689, 0.8554945520786719, 0.9811800610219009, 0.9964700557435684, 0.8337047373103459, 0.9012160181738122, 0.9289460764649011, 0.9874519691967024, 0.9741008967934612, 0.9512020391220795, 0.9599573111813919, 0.9890131802725872, 0.8756716348852969, 0.9911351458807707, 0.9264229589404349, 0.991852651907291, 0.9407397521119348, 0.9953341193124465, 0.9592130394909004, 0.9937883631621652, 0.9965594715855708, 1.0000000000000002, 0.9908950964208837, 0.9917450882913624, 0.9777048959316211], [0.9944554801520531, 0.9954588211538046, 0.7923296294962343, 0.9721987620644286, 0.9860343456318592, 0.7666741823086015, 0.8561546847146239, 0.8863511803929526, 0.9871470490819807, 0.9911049247941864, 0.914214955071551, 0.9365415172943314, 0.9805920905913831, 0.831633700856209, 0.9978543197062384, 0.881108266289344, 0.9961040253740412, 0.9714035455845565, 0.9924045517759637, 0.9801802021362985, 0.9957048337118171, 0.9909621982874052, 0.9908950964208837, 0.9999999999999993, 0.9883296834006294, 0.969786586216892], [0.9938881736721433, 0.9935847685280921, 0.8555623013744129, 0.9839316960569793, 0.9895304498008701, 0.8320314714056656, 0.9101248985516117, 0.9276312652117934, 0.9782938309191846, 0.9755879518947951, 0.9439777594991273, 0.9639664707199486, 0.9915424600006192, 0.8978779213744478, 0.9877047611711238, 0.9232235570916866, 0.9956521072767801, 0.9531711326319134, 0.9927599280025977, 0.9683529399347067, 0.9933483556168335, 0.99221303945641, 0.9917450882913624, 0.9883296834006294, 1.0, 0.9566670962556956], [0.9689886442225519, 0.9726670831304275, 0.8267509053428357, 0.9660739924968755, 0.9777924070065626, 0.8161613235356046, 0.8706083442574405, 0.9084233175139846, 0.981379977967444, 0.9468740997298022, 0.9414888832972783, 0.9414643676797259, 0.9657453780203376, 0.825282906410193, 0.9675666368214032, 0.9125283286309442, 0.9609080692447464, 0.8994284157761695, 0.9752195784744864, 0.916540420461258, 0.9682733662180701, 0.9778259728014815, 0.9777048959316211, 0.969786586216892, 0.9566670962556958, 1.0000000000000002]]