[[0.9999997615814777, 0.5642391126140813, 0.1562871070647683, 0.35754168900221905, 0.40613671601426693, 0.16114953633065512, 0.1874998323428048, 0.1767775172849497, 0.4461579106943867, 0.14749232001507112, 0.22456051117447892, 0.21988075256187178, 0.4024879671036711, 0.16792740414661445, 0.2576334790223857, 0.21093811539474752, 0.5449674737732421, 0.2948824095498564, 0.18742575701016004, 0.34891669367269285, 0.5146836148454335, 0.5095001743755236, 0.4936855157062646, 0.3644546693023042, 0.4025420093576543, 0.30600575167766164], [0.5642391126140813, 0.9999997615814777, 0.1676680905152186, 0.3798875620426298, 0.5080033793389238, 0.17163333070573192, 0.2020250222530799, 0.19193765671668242, 0.44864484794194887, 0.1380722362996837, 0.24583880070005154, 0.24316115255725246, 0.44731551180426177, 0.17904628303648, 0.23497288649754963, 0.22715804043843546, 0.5528837163891518, 0.28369856437237184, 0.17416168072199664, 0.31629154172983676, 0.6424738617708867, 0.6624386090255077, 0.5858746681125689, 0.32862878794248823, 0.45841345218213714, 0.3390355085855528], [0.1562871070647683, 0.1676680905152186, 0.9999998115135988, 0.17641386889603, 0.1924130000084546, 0.42141507214683677, 0.37216893219641795, 0.4813347299701523, 0.153666524757674, 0.0830417944999357, 0.3075025763782353, 0.3119736758193336, 0.180247021671907, 0.43309889069720175, 0.1100842221285765, 0.2922702351189123, 0.16095395659707679, 0.13779010214995135, 0.09758330307120423, 0.13756999257757738, 0.1706683482311268, 0.17437824910592553, 0.16713142041428297, 0.12579189765879265, 0.1931469963290966, 0.1812253566683405], [0.35754168900221905, 0.3798875620426298, 0.17641386889603, 0.9999997615814777, 0.36040581256941673, 0.18755019552724128, 0.22735357508327492, 0.20278834960072126, 0.32983958376585826, 0.12948081676622308, 0.26516756584980883, 0.27301932825010167, 0.6072196936240373, 0.19173781897615114, 0.20190962298235965, 0.26146696021269467, 0.35714387948180143, 0.23301874424414878, 0.166645737914198, 0.24417320651341695, 0.38632179027852404, 0.4094876633930528, 0.3825410813462941, 0.2631750376185808, 0.37990947277167575, 0.3153731353963266], [0.40613671601426693, 0.5080033793389238, 0.19241300000845454, 0.36040581256941673, 1.0, 0.19804698904659537, 0.2336058980418137, 0.2223713945580151, 0.3828740959315819, 0.1247500685189492, 0.3033116022285861, 0.28548859756785727, 0.41742087553076535, 0.20213065043109665, 0.20077938197636805, 0.27221833457909106, 0.40825451693689796, 0.2425105337810818, 0.15723574711391528, 0.26428027127829645, 0.46975560341904354, 0.5621284380943131, 0.49364571598466367, 0.25885999847384794, 0.47671700121455923, 0.38558975528811645], [0.16114953633065512, 0.17163333070573192, 0.42141507214683677, 0.18755019552724128, 0.19804698904659537, 1.0, 0.4390393551445662, 0.3721141449825489, 0.15967054944165665, 0.08566961122352093, 0.336939093579847, 0.3063005944943772, 0.18861593726721265, 0.3631204539944288, 0.11404519582396577, 0.3692650692230422, 0.16323769293646187, 0.13537891776882705, 0.10308230213957731, 0.13746162840977488, 0.17300177957855048, 0.18134218241763694, 0.17350279185790674, 0.12943080143032026, 0.19511221186244265, 0.18615028019409446], [0.1874998323428048, 0.2020250222530799, 0.3721689321964178, 0.22735357508327492, 0.2336058980418137, 0.4390393551445662, 1.0, 0.423206205635995, 0.18130093174423997, 0.09242212450108096, 0.3951048246673434, 0.42881884262703424, 0.22926490469248106, 0.43468913412738447, 0.12596449361351997, 0.4311362044694208, 0.19250121039431256, 0.157276144046363, 0.1115253285769252, 0.15807834981607544, 0.2060760609293598, 0.21385861039449017, 0.20169166542148612, 0.14634215079715207, 0.23966061972213934, 0.2099795129663637], [0.1767775172849497, 0.19193765671668242, 0.4813347299701523, 0.20278834960072126, 0.2223713945580151, 0.3721141449825489, 0.423206205635995, 0.9999997935234963, 0.1732280609759511, 0.08824841288293417, 0.36150881001790236, 0.4122256654391447, 0.20753514165538248, 0.4495931059045721, 0.11916456362318711, 0.31996147665229, 0.18348173520066732, 0.1557730839281443, 0.10385290255430471, 0.1536082778272884, 0.19739954162591333, 0.20036120607989116, 0.18963163651115378, 0.1390731685862018, 0.2249276630165501, 0.21045931329232526], [0.4461579106943867, 0.44864484794194887, 0.153666524757674, 0.32983958376585826, 0.3828740959315819, 0.15967054944165665, 0.18130093174423997, 0.1732280609759511, 0.99999955395988, 0.1444012110164529, 0.22557440500872, 0.2147815612213168, 0.34328328154193466, 0.159403883192596, 0.25037233868812686, 0.20952245144028417, 0.37348919386919105, 0.2436540121280916, 0.18581424884977188, 0.2801194920943444, 0.39563257508828137, 0.4648124476822614, 0.4168422936592849, 0.33307973541358177, 0.3199067269032515, 0.33813504029587127], [0.14749232001507112, 0.1380722362996837, 0.0830417944999357, 0.12948081676622306, 0.1247500685189492, 0.08566961122352093, 0.09242212450108096, 0.08824841288293417, 0.1444012110164529, 1.0, 0.10001155249040715, 0.09852683366210115, 0.13024457802589787, 0.08670876228088086, 0.2368329939465634, 0.09900858820715824, 0.14095008567062423, 0.14352418851132676, 0.26905854433316345, 0.1553272904162008, 0.13521865810607425, 0.13413183388818528, 0.13805574797185866, 0.18698909368759653, 0.12413446495599689, 0.11958439607772225], [0.22456051117447892, 0.24583880070005154, 0.30750257637823525, 0.26516756584980883, 0.3033116022285861, 0.336939093579847, 0.3951048246673434, 0.36150881001790236, 0.22557440500872006, 0.10001155249040715, 1.0, 0.43987014555209236, 0.27218382877455644, 0.3013986458913211, 0.14191862342546152, 0.4847518686191678, 0.224636145793827, 0.171878013168851, 0.12280193958328421, 0.17829158558346267, 0.2472799551889368, 0.26592729502935436, 0.24672565880398145, 0.16727473896831682, 0.28281654696626396, 0.27326307851161746], [0.21988075256187178, 0.24316115255725246, 0.3119736758193336, 0.27301932825010167, 0.28548859756785727, 0.3063005944943772, 0.42881884262703424, 0.4122256654391447, 0.2147815612213168, 0.09852683366210115, 0.43987014555209236, 1.0, 0.27769271895410425, 0.34573820425928703, 0.1383050495826134, 0.38356480886614697, 0.2308247977448597, 0.18303865424393917, 0.11831916413473907, 0.18233131580620845, 0.2508236764168469, 0.258402052743122, 0.23771895129812756, 0.16618565852897302, 0.29718014555529604, 0.2603954420177779], [0.4024879671036711, 0.44731551180426177, 0.180247021671907, 0.6072196936240373, 0.41742087553076535, 0.18861593726721265, 0.22926490469248106, 0.20753514165538248, 0.34328328154193466, 0.13024457802589787, 0.27218382877455644, 0.27769271895410425, 1.0, 0.19629855240317468, 0.20722196240383997, 0.26232192465964893, 0.4149287858286844, 0.24867303922453882, 0.16653001099905695, 0.2641018986626124, 0.45964185759047577, 0.4712499120503876, 0.44479836887422886, 0.2745299163906668, 0.45163370221003435, 0.32102886422775995], [0.16792740414661442, 0.17904628303647996, 0.43309889069720175, 0.19173781897615114, 0.20213065043109665, 0.3631204539944288, 0.4346891341273842, 0.4495931059045721, 0.159403883192596, 0.08670876228088086, 0.30139864589132115, 0.34573820425928703, 0.19629855240317468, 1.0, 0.11530045034299462, 0.29423900737176395, 0.17484937132810965, 0.15187688551362877, 0.10161928231616739, 0.14928851223337258, 0.18438515227535754, 0.18537944321268027, 0.17676399282698335, 0.13314630805668995, 0.21472169342442265, 0.18410414874802902], [0.2576334790223857, 0.23497288649754963, 0.1100842221285765, 0.20190962298235965, 0.20077938197636805, 0.11404519582396576, 0.12596449361351997, 0.11916456362318711, 0.25037233868812686, 0.2368329939465633, 0.14191862342546152, 0.1383050495826134, 0.20722196240383997, 0.11530045034299462, 0.999999623027269, 0.13888763087315203, 0.23690921622701783, 0.2074308755254452, 0.3301258803189799, 0.24228599758142919, 0.22336971263881844, 0.22425444642720663, 0.23665739633622232, 0.40855531424107694, 0.19378062259078946, 0.18367468290233946], [0.21093811539474752, 0.22715804043843546, 0.2922702351189123, 0.26146696021269467, 0.27221833457909106, 0.3692650692230422, 0.4311362044694208, 0.31996147665229, 0.20952245144028417, 0.09900858820715824, 0.4847518686191678, 0.38356480886614697, 0.26232192465964893, 0.29423900737176406, 0.13888763087315203, 1.0, 0.2109882032127824, 0.1607436820651754, 0.12344136844642581, 0.1674529775578056, 0.22614967461386717, 0.24684287883123526, 0.23250695083827022, 0.16140835676507292, 0.25993417263539886, 0.24469560138413435], [0.5449674737732421, 0.5528837163891518, 0.16095395659707679, 0.35714387948180143, 0.40825451693689796, 0.16323769293646187, 0.19250121039431256, 0.18348173520066732, 0.37348919386919105, 0.1409500856706242, 0.224636145793827, 0.2308247977448597, 0.4149287858286844, 0.17484937132810968, 0.23690921622701783, 0.2109882032127824, 1.0, 0.32340596340438005, 0.17379729195199725, 0.3551039850952702, 0.5394585273669376, 0.4757193310642599, 0.4842213221678732, 0.3372763799163465, 0.47282362333751327, 0.301525294333603], [0.2948824095498564, 0.28369856437237184, 0.13779010214995135, 0.23301874424414878, 0.2425105337810818, 0.13537891776882705, 0.157276144046363, 0.1557730839281443, 0.2436540121280916, 0.1435241885113267, 0.171878013168851, 0.18303865424393917, 0.24867303922453882, 0.15187688551362877, 0.2074308755254452, 0.1607436820651754, 0.32340596340438005, 1.0, 0.15374065725227415, 0.4333628874074119, 0.3011676760026825, 0.26007018181149594, 0.25747933704915393, 0.2670583092090902, 0.27712281636727, 0.21415285492350966], [0.18742575701016004, 0.17416168072199664, 0.09758330307120423, 0.16664573791419804, 0.15723574711391528, 0.10308230213957731, 0.1115253285769252, 0.10385290255430471, 0.18581424884977188, 0.26905854433316345, 0.12280193958328421, 0.11831916413473907, 0.16653001099905695, 0.10161928231616739, 0.3301258803189802, 0.12344136844642581, 0.1737972919519972, 0.1537406572522741, 0.9999996628253256, 0.17324596598774727, 0.16689631670351482, 0.1715292752030717, 0.17862479982277887, 0.24200820599904577, 0.15234571635436905, 0.14838091936825734], [0.34891669367269285, 0.31629154172983676, 0.13756999257757738, 0.24417320651341695, 0.26428027127829645, 0.13746162840977488, 0.15807834981607544, 0.1536082778272884, 0.2801194920943444, 0.1553272904162008, 0.17829158558346267, 0.18233131580620845, 0.2641018986626124, 0.14928851223337258, 0.24228599758142919, 0.1674529775578056, 0.3551039850952702, 0.4333628874074119, 0.17324596598774727, 0.9999995870470781, 0.31702861921514003, 0.2893331256667642, 0.2869656149899331, 0.30743149486703275, 0.28946741622149375, 0.21971776549594657], [0.5146836148454335, 0.6424738617708867, 0.1706683482311268, 0.38632179027852404, 0.46975560341904354, 0.17300177957855048, 0.2060760609293598, 0.19739954162591333, 0.39563257508828137, 0.13521865810607422, 0.2472799551889368, 0.2508236764168469, 0.45964185759047577, 0.18438515227535757, 0.22336971263881844, 0.22614967461386717, 0.5394585273669376, 0.3011676760026825, 0.16689631670351487, 0.31702861921514003, 1.0, 0.5500430101900114, 0.505770620585057, 0.31237846682372833, 0.4828920105803502, 0.3321006084407706], [0.5095001743755236, 0.6624386090255077, 0.17437824910592556, 0.4094876633930528, 0.5621284380943131, 0.18134218241763694, 0.21385861039449017, 0.20036120607989116, 0.4648124476822614, 0.13413183388818528, 0.26592729502935436, 0.258402052743122, 0.4712499120503876, 0.18537944321268027, 0.22425444642720663, 0.24684287883123526, 0.4757193310642599, 0.26007018181149594, 0.1715292752030717, 0.2893331256667642, 0.5500430101900114, 1.0, 0.5772149721634369, 0.3031469749520282, 0.4580381560088801, 0.3657784255779699], [0.4936855157062646, 0.5858746681125689, 0.16713142041428297, 0.3825410813462941, 0.49364571598466367, 0.17350279185790674, 0.20169166542148612, 0.18963163651115378, 0.4168422936592849, 0.13805574797185866, 0.24672565880398145, 0.23771895129812756, 0.44479836887422886, 0.17676399282698335, 0.23665739633622232, 0.23250695083827022, 0.4842213221678732, 0.25747933704915393, 0.1786247998227789, 0.2869656149899331, 0.505770620585057, 0.5772149721634369, 1.0, 0.32354502966422727, 0.41882753510097476, 0.34910866110685174], [0.3644546693023042, 0.32862878794248823, 0.12579189765879265, 0.2631750376185808, 0.25885999847384794, 0.12943080143032026, 0.14634215079715204, 0.1390731685862018, 0.33307973541358177, 0.18698909368759647, 0.16727473896831685, 0.16618565852897302, 0.2745299163906668, 0.13314630805668995, 0.40855531424107694, 0.1614083567650729, 0.3372763799163465, 0.2670583092090902, 0.24200820599904568, 0.30743149486703275, 0.31237846682372833, 0.3031469749520282, 0.32354502966422727, 0.9999996628253256, 0.2533096124832413, 0.23297139804030492], [0.4025420093576543, 0.45841345218213714, 0.1931469963290966, 0.37990947277167575, 0.47671700121455923, 0.19511221186244265, 0.23966061972213934, 0.2249276630165501, 0.3199067269032515, 0.12413446495599689, 0.28281654696626396, 0.29718014555529604, 0.45163370221003546, 0.2147216934244227, 0.19378062259078946, 0.25993417263539886, 0.47282362333751327, 0.27712281636727, 0.15234571635436905, 0.28946741622149375, 0.4828920105803502, 0.4580381560088801, 0.41882753510097476, 0.2533096124832413, 1.0, 0.31213767059156755], [0.30600575167766153, 0.3390355085855528, 0.18122535666834053, 0.3153731353963266, 0.38558975528811645, 0.18615028019409446, 0.2099795129663637, 0.21045931329232526, 0.33813504029587105, 0.11958439607772225, 0.27326307851161746, 0.2603954420177779, 0.32102886422775956, 0.18410414874802902, 0.18367468290233943, 0.24469560138413435, 0.301525294333603, 0.21415285492350966, 0.14838091936825734, 0.21971776549594652, 0.3321006084407706, 0.3657784255779699, 0.3491086611068515, 0.23297139804030484, 0.31213767059156694, 1.0]]