[[1.0, 0.985703184122443, 0.8018770396616559, 0.8867785407992589, 0.9473563149649802, 0.7999548423259255, 0.8115575309195268, 0.8413058591914659, 0.959253405204525, 0.8258352339464278, 0.8881985221466864, 0.8518711465788507, 0.9472047500800999, 0.7836130023135213, 0.9234117908860784, 0.8734014305698244, 0.9769107325981291, 0.9510011568320498, 0.8953326086213378, 0.9514577469601935, 0.9890207171554554, 0.9880717128619306, 0.9751928818608397, 0.9711445059325257, 0.9577198269459679, 0.8826734196162271], [0.985703184122443, 1.0, 0.8187307530779818, 0.8853608296053803, 0.9750368634815453, 0.8089646975664998, 0.8222753206847996, 0.8488778314681849, 0.9500886338026269, 0.8247788410826419, 0.903679967067524, 0.854328071755025, 0.9465987329862039, 0.8005950622536122, 0.9287459905486232, 0.8815443204167656, 0.9681967095551803, 0.9816111761542867, 0.9097731465996095, 0.9615583782382695, 0.9963267629016306, 0.9940974886720019, 0.9921906526421203, 0.9783184974004664, 0.9540492348577272, 0.89033275865922], [0.8018770396616559, 0.8187307530779818, 1.0, 0.903679967067524, 0.838886384033563, 0.9915558537817325, 0.9871236191753662, 0.985387809566144, 0.7692032808507674, 0.4606853532162839, 0.9523715849693368, 0.9669582105753931, 0.8996405358969645, 0.9920319148370607, 0.6415680635058475, 0.9791014653438058, 0.8098712455999085, 0.7716686738745261, 0.596903392674358, 0.7045189848705745, 0.8374112425029939, 0.8409021292819839, 0.8035466797278601, 0.7202477708423034, 0.8750799722008363, 0.8255710089498189], [0.8867785407992589, 0.8853608296053803, 0.903679967067524, 1.0, 0.8822498380425218, 0.9081733540919608, 0.932617621277816, 0.9327668520353627, 0.8794311508655481, 0.6129695610429116, 0.9467502009005918, 0.9730108945436282, 0.9772233940557257, 0.9019465661281568, 0.7680964252536369, 0.9668035096381061, 0.8721446376179031, 0.8566550073079174, 0.7331536361097334, 0.7863761804220629, 0.9052718442505674, 0.9128351256162228, 0.8603637620819459, 0.8426530260122335, 0.8976275964304349, 0.9283002994475813], [0.9473563149649802, 0.9750368634815453, 0.838886384033563, 0.8822498380425218, 1.0, 0.8272899837624922, 0.8368754707730333, 0.854328071755025, 0.9134195270851398, 0.7635627274025822, 0.9059963514902233, 0.8622931370021842, 0.9330653851907714, 0.8192549084717866, 0.9038245674299753, 0.886636667582891, 0.925778753490203, 0.9568008570882083, 0.8550118076703292, 0.9141505550790173, 0.9720772523048448, 0.9814541309300551, 0.9511533291906069, 0.9378549307366283, 0.9338121361594848, 0.8931863868569502], [0.7999548423259255, 0.8089646975664998, 0.9915558537817325, 0.9081733540919608, 0.8272899837624922, 1.0, 0.9907629263119845, 0.9902874742249843, 0.7627080158756924, 0.45635694570864177, 0.958332963818084, 0.9723883668012469, 0.9044032002958968, 0.9909214610626362, 0.6250522704642241, 0.9770670508204692, 0.7996988977297006, 0.7627080158756924, 0.5873349550534265, 0.698793501694913, 0.833001363468256, 0.8362062381251665, 0.7888966147435577, 0.7084753586932349, 0.8591257298616785, 0.8212234815949516], [0.8115575309195268, 0.8222753206847996, 0.9871236191753662, 0.932617621277816, 0.8368754707730333, 0.9907629263119845, 1.0, 0.9852301601289047, 0.7819847812056892, 0.4769612634936946, 0.9513055258986893, 0.9842847930239955, 0.9210508799567714, 0.9893372544282076, 0.6470316937356043, 0.9868077901525688, 0.8167681553299392, 0.7852446136458686, 0.6060456292229274, 0.7075690903695706, 0.8431924965610429, 0.8486062340200244, 0.8008512936683732, 0.7282433606788583, 0.8707503219477045, 0.8288799063685938], [0.8413058591914659, 0.8488778314681849, 0.985387809566144, 0.9327668520353627, 0.854328071755025, 0.9902874742249843, 0.9852301601289047, 1.0, 0.8059931784281273, 0.5019373338755078, 0.9780054855658628, 0.9831830111688205, 0.9360559768180143, 0.9828684429388476, 0.6677509528746325, 0.9872815715902905, 0.8367415814091443, 0.808576487689492, 0.6300727437452328, 0.7498815636912598, 0.8715866436269509, 0.8732616975198753, 0.8310045573217748, 0.7554210523121848, 0.8795718711070057, 0.8647801207743796], [0.959253405204525, 0.9500886338026269, 0.7692032808507674, 0.8794311508655481, 0.9134195270851398, 0.7627080158756925, 0.7819847812056892, 0.8059931784281273, 1.0, 0.804704620463906, 0.8699148027520166, 0.8324684131579271, 0.905416699333745, 0.7373887865777358, 0.8840868275124031, 0.854328071755025, 0.900072467009369, 0.9131272795985642, 0.8864948170644219, 0.8842282927217201, 0.9560357224971814, 0.9572602317407074, 0.92859740307745, 0.9462958698523342, 0.904982203605382, 0.9140043026907076], [0.8258352339464278, 0.8247788410826419, 0.46068535321628395, 0.6129695610429116, 0.7635627274025824, 0.45635694570864177, 0.4769612634936946, 0.5019373338755078, 0.804704620463906, 1.0, 0.5870531019251631, 0.5261126108972345, 0.6911212501898747, 0.44717735308702294, 0.9145894526724507, 0.5509231242392703, 0.7883918824416866, 0.8364738669396928, 0.9496327006911022, 0.8741004312772833, 0.804061114204359, 0.7981649489081573, 0.8241192818686378, 0.9039691909303355, 0.7159965002159412, 0.6617946285185419], [0.8881985221466864, 0.903679967067524, 0.9523715849693368, 0.9467502009005918, 0.9059963514902233, 0.958332963818084, 0.9513055258986893, 0.9780054855658628, 0.8699148027520166, 0.5870531019251631, 1.0, 0.9655667928133902, 0.9568008570882084, 0.943272562939755, 0.7386877335801731, 0.9780054855658628, 0.8610523284814477, 0.8671355245999037, 0.7222095115368606, 0.8116873905129643, 0.9231163463866358, 0.9222305799300307, 0.8849359583844202, 0.8274223607497707, 0.8964793681298877, 0.9268162065593822], [0.8518711465788507, 0.854328071755025, 0.9669582105753931, 0.9730108945436282, 0.8622931370021842, 0.9723883668012469, 0.9842847930239955, 0.9831830111688205, 0.8324684131579271, 0.5261126108972345, 0.9655667928133902, 1.0, 0.9563417028826311, 0.9635605011510022, 0.691231838436729, 0.9923494158472608, 0.8467074834503884, 0.818992788842453, 0.6501449116110602, 0.7467685359733571, 0.8783061991151538, 0.8847943799576549, 0.8294105592994946, 0.7767474605823514, 0.8886249597741597, 0.8821086893606306], [0.9472047500800997, 0.9465987329862039, 0.8996405358969645, 0.9772233940557257, 0.9330653851907714, 0.9044032002958968, 0.9210508799567714, 0.9360559768180143, 0.905416699333745, 0.6911212501898747, 0.9568008570882084, 0.9563417028826311, 1.0, 0.8999284669349606, 0.8299415519569723, 0.959099936937481, 0.9384553500059716, 0.9211982598876446, 0.7995709561416638, 0.8821086893606307, 0.9620200370490745, 0.9641773772510348, 0.9269645090163118, 0.9026684120809421, 0.9447830070735376, 0.9162005474566871], [0.7836130023135213, 0.8005950622536122, 0.9920319148370607, 0.9019465661281568, 0.8192549084717866, 0.9909214610626362, 0.9893372544282076, 0.9828684429388476, 0.7373887865777358, 0.44717735308702294, 0.943272562939755, 0.9635605011510022, 0.8999284669349606, 1.0, 0.6215617602999461, 0.9716107671891228, 0.7970164185220736, 0.759906408496554, 0.5816304491639024, 0.6960039105897975, 0.8206980667174258, 0.8230650840184034, 0.7847422178769299, 0.7009210661996046, 0.857340605516482, 0.804189774275163], [0.9234117908860784, 0.9287459905486232, 0.6415680635058476, 0.7680964252536369, 0.9038245674299754, 0.625052270464224, 0.6470316937356042, 0.6677509528746325, 0.8840868275124031, 0.9145894526724508, 0.7386877335801731, 0.691231838436729, 0.8299415519569723, 0.6215617602999461, 1.0, 0.72336597167672, 0.9116674441310122, 0.9186960052298082, 0.9366552443883455, 0.9077375354868297, 0.9068665256043993, 0.9141505550790172, 0.9285974030774501, 0.9708337894079228, 0.8639503302216294, 0.8090941422734109], [0.8734014305698244, 0.8815443204167656, 0.9791014653438058, 0.9668035096381061, 0.886636667582891, 0.9770670508204692, 0.9868077901525688, 0.9872815715902905, 0.854328071755025, 0.5509231242392703, 0.9780054855658628, 0.9923494158472608, 0.959099936937481, 0.9716107671891228, 0.72336597167672, 1.0, 0.867829510576962, 0.8410366843867904, 0.6838614092123558, 0.7708048887697397, 0.9002164901256325, 0.9048374180359595, 0.8621551811370274, 0.8035466797278602, 0.9140043026907076, 0.8966228163043364], [0.9769107325981291, 0.9681967095551803, 0.8098712455999085, 0.8721446376179031, 0.925778753490203, 0.7996988977297006, 0.8167681553299392, 0.8367415814091443, 0.900072467009369, 0.7883918824416866, 0.8610523284814477, 0.8467074834503884, 0.9384553500059716, 0.7970164185220736, 0.9116674441310122, 0.867829510576962, 1.0, 0.941312595082046, 0.8588508536106685, 0.9363555626617748, 0.9649490277718893, 0.9624819175093005, 0.9733223078533544, 0.9493288668428896, 0.9697470642434769, 0.8229334041396317], [0.9510011568320498, 0.9816111761542867, 0.7716686738745261, 0.8566550073079174, 0.9568008570882083, 0.7627080158756924, 0.7852446136458686, 0.808576487689492, 0.9131272795985642, 0.8364738669396928, 0.8671355245999037, 0.818992788842453, 0.9211982598876446, 0.759906408496554, 0.9186960052298082, 0.8410366843867904, 0.941312595082046, 1.0, 0.8984897326821968, 0.9551183686039058, 0.9705231722967005, 0.9692816973496295, 0.9751928818608396, 0.964640293483123, 0.8989211112764645, 0.8587134484667954], [0.8953326086213378, 0.9097731465996095, 0.596903392674358, 0.7331536361097334, 0.8550118076703292, 0.5873349550534265, 0.6060456292229274, 0.6300727437452328, 0.8864948170644219, 0.9496327006911022, 0.7222095115368606, 0.6501449116110602, 0.7995709561416638, 0.5816304491639024, 0.9366552443883455, 0.6838614092123558, 0.8588508536106685, 0.8984897326821968, 1.0, 0.9225257409388511, 0.8957624714322973, 0.8838039649880167, 0.9113757572212846, 0.9620200370490746, 0.8310045573217749, 0.7745136461326941], [0.9514577469601935, 0.9615583782382695, 0.7045189848705745, 0.7863761804220629, 0.9141505550790173, 0.698793501694913, 0.7075690903695705, 0.7498815636912598, 0.8842282927217201, 0.8741004312772833, 0.8116873905129643, 0.7467685359733571, 0.8821086893606307, 0.6960039105897975, 0.9077375354868297, 0.7708048887697397, 0.9363555626617748, 0.9551183686039058, 0.9225257409388511, 1.0, 0.9564947297969191, 0.9443296200517327, 0.9598675238808704, 0.959560415413204, 0.8941873160259342, 0.7971439513513915], [0.9890207171554554, 0.9963267629016306, 0.8374112425029939, 0.9052718442505674, 0.9720772523048448, 0.833001363468256, 0.8431924965610429, 0.8715866436269509, 0.9560357224971814, 0.804061114204359, 0.9231163463866358, 0.8783061991151538, 0.9620200370490745, 0.8206980667174258, 0.9068665256043994, 0.9002164901256325, 0.9649490277718893, 0.9705231722967005, 0.8957624714322971, 0.9564947297969191, 1.0, 0.997124143221553, 0.9831830111688203, 0.9688165537782896, 0.9597139573626984, 0.9019465661281568], [0.9880717128619306, 0.9940974886720019, 0.8409021292819839, 0.9128351256162228, 0.9814541309300551, 0.8362062381251665, 0.8486062340200244, 0.8732616975198753, 0.9572602317407074, 0.7981649489081573, 0.9222305799300307, 0.8847943799576549, 0.9641773772510348, 0.8230650840184034, 0.9141505550790172, 0.9048374180359595, 0.9624819175093005, 0.9692816973496295, 0.8838039649880167, 0.9443296200517327, 0.997124143221553, 1.0, 0.9756610868043297, 0.9660303761250345, 0.9572602317407073, 0.9118133225920387], [0.9751928818608397, 0.9921906526421203, 0.8035466797278601, 0.8603637620819459, 0.9511533291906069, 0.7888966147435577, 0.8008512936683732, 0.8310045573217748, 0.92859740307745, 0.8241192818686378, 0.8849359583844202, 0.8294105592994946, 0.9269645090163118, 0.7847422178769299, 0.9285974030774501, 0.8621551811370274, 0.9733223078533544, 0.9751928818608396, 0.9113757572212845, 0.9598675238808704, 0.9831830111688203, 0.9756610868043297, 1.0, 0.975348925205072, 0.9490251302059536, 0.8646417670236508], [0.9711445059325257, 0.9783184974004664, 0.7202477708423034, 0.8426530260122335, 0.9378549307366283, 0.7084753586932349, 0.7282433606788583, 0.7554210523121848, 0.9462958698523342, 0.9039691909303356, 0.8274223607497707, 0.7767474605823514, 0.9026684120809421, 0.7009210661996046, 0.9708337894079228, 0.8035466797278602, 0.9493288668428896, 0.964640293483123, 0.9620200370490746, 0.959560415413204, 0.9688165537782896, 0.9660303761250345, 0.975348925205072, 1.0, 0.917374035029258, 0.8654722216744472], [0.9577198269459679, 0.9540492348577272, 0.8750799722008363, 0.8976275964304349, 0.9338121361594848, 0.8591257298616785, 0.8707503219477045, 0.8795718711070057, 0.904982203605382, 0.7159965002159412, 0.8964793681298877, 0.8886249597741597, 0.9447830070735376, 0.857340605516482, 0.8639503302216294, 0.9140043026907076, 0.9697470642434769, 0.8989211112764645, 0.8310045573217749, 0.8941873160259342, 0.9597139573626984, 0.9572602317407073, 0.9490251302059536, 0.917374035029258, 1.0, 0.8394234431599332], [0.8826734196162271, 0.89033275865922, 0.8255710089498189, 0.9283002994475813, 0.8931863868569502, 0.8212234815949516, 0.8288799063685938, 0.8647801207743796, 0.9140043026907076, 0.6617946285185419, 0.9268162065593822, 0.8821086893606306, 0.9162005474566871, 0.804189774275163, 0.8090941422734109, 0.8966228163043364, 0.8229334041396317, 0.8587134484667954, 0.7745136461326942, 0.7971439513513915, 0.9019465661281568, 0.9118133225920387, 0.8646417670236508, 0.8654722216744472, 0.8394234431599332, 1.0]]