[[0.9999999999999999, 0.8434502458167451, 0.8797864446875067, 0.8633872214137379, 0.8372754006362949, 0.8964513717042426, 0.8918074253880937, 0.8830307116464385, 0.8361923975950739, 0.8461436219355332, 0.8639613764022268, 0.8731008681425619, 0.8457567939052896, 0.8844752290341937, 0.8301414778427333, 0.8696876234325677, 0.8506716447343347, 0.8556898172024551, 0.8342967541929214, 0.8396545637434096, 0.8248681867072141, 0.8361872470843785, 0.8405398241288488, 0.8197019807279377, 0.8475367939431468, 0.8577912570822555], [0.8434502458167451, 0.9999999999999979, 0.902963994490854, 0.8741155480313942, 0.8479502806257377, 0.8973925042024453, 0.890425658052114, 0.8940761701598278, 0.8430789726242267, 0.8434805828357186, 0.8789183932645523, 0.880646449958354, 0.8599577077213476, 0.8936459385280496, 0.8589821396259198, 0.8787196254140978, 0.8433312056473105, 0.8767288714596844, 0.8405754384521522, 0.8299177327327061, 0.8294722422083188, 0.8643553957516282, 0.847634171765505, 0.8305817976369718, 0.852183774732469, 0.8521187324127207], [0.8797864446875067, 0.902963994490854, 1.0, 0.9278539137626907, 0.8924128472932291, 0.956696252172147, 0.9390167427456836, 0.9429075368901957, 0.8698882330930269, 0.903426803002469, 0.9238544366694955, 0.9195243914594099, 0.8941359300313851, 0.957029907184601, 0.8873054101304778, 0.9389062169909479, 0.8960631089929953, 0.9043841178817832, 0.8803613997558799, 0.8996651743416969, 0.8862650862406715, 0.8931418273756381, 0.8897055757596983, 0.8613887701972608, 0.9120330234487019, 0.8871465276194629], [0.8633872214137379, 0.8741155480313942, 0.9278539137626907, 1.000000000000004, 0.8618816988829, 0.9277723619510567, 0.9323379882809051, 0.9293521440251273, 0.8701111668304978, 0.8495459237288142, 0.8999545336519845, 0.9191103234249236, 0.8982237157945272, 0.9189166168700561, 0.8592177772042922, 0.9262682303679072, 0.8817144634369841, 0.875741372396574, 0.8570766223577504, 0.8571488268453011, 0.8516948469407526, 0.8729715215504675, 0.8709625497442088, 0.8470406108607951, 0.8821430002610405, 0.8963523809952504], [0.8372754006362949, 0.8479502806257377, 0.8924128472932291, 0.8618816988829, 1.0, 0.884748285309109, 0.880727251939633, 0.8740989565639965, 0.8418289997023982, 0.8500442742922883, 0.8602546297843074, 0.8711548160227737, 0.8535234622137561, 0.8820117651569448, 0.8296503460288982, 0.8786101420578064, 0.8441424212864874, 0.8554165009850464, 0.8385137173574054, 0.8242058364308968, 0.8185376296239013, 0.8244654105534247, 0.8556586297877751, 0.8166252618450763, 0.838120837067899, 0.8534970881962854], [0.8964513717042426, 0.8973925042024453, 0.956696252172147, 0.9277723619510567, 0.884748285309109, 1.0000000000000002, 0.9536025823363965, 0.9405464765435496, 0.8859217572513067, 0.8787414075877009, 0.9262803864497038, 0.9380171773622705, 0.8937637192688985, 0.951782918521959, 0.8920655862555574, 0.9452611001893849, 0.8985403976413693, 0.8960103391990067, 0.876157833899375, 0.8821012116886592, 0.8865097171780544, 0.8903669369335412, 0.8844392884177011, 0.8649438774527264, 0.9081588655560308, 0.9083595497160443], [0.8918074253880937, 0.890425658052114, 0.9390167427456836, 0.9323379882809051, 0.880727251939633, 0.9536025823363965, 0.999999999999998, 0.9418845829600109, 0.8956601736121275, 0.869928393415954, 0.9271388773880965, 0.9411380726289124, 0.8976210510770845, 0.9517587716709918, 0.8805967645097875, 0.9425269426102081, 0.9028372947996803, 0.8976298421074616, 0.8930890236928549, 0.8747469269650608, 0.8813286335697096, 0.8869174894804204, 0.8883464135722597, 0.8552156149038569, 0.9159034431490334, 0.9054015835244241], [0.8830307116464385, 0.8940761701598278, 0.9429075368901957, 0.9293521440251273, 0.8740989565639965, 0.9405464765435496, 0.9418845829600109, 0.9999999999999996, 0.8857480218521541, 0.8732258270253375, 0.90675888213778, 0.9262763011422923, 0.8918542124917872, 0.9346142774835134, 0.8876407911046507, 0.9397075201771564, 0.8884651624412014, 0.9021785727192017, 0.8707074469019179, 0.8810319404420343, 0.8754616574525605, 0.884635477041371, 0.8850846475861056, 0.8599634335696039, 0.8897545750567601, 0.9119140613656997], [0.8361923975950739, 0.8430789726242267, 0.8698882330930269, 0.8701111668304978, 0.8418289997023982, 0.8859217572513067, 0.8956601736121275, 0.8857480218521541, 0.9999999999999992, 0.8487233320237196, 0.8632080023261176, 0.8817898878613843, 0.8545734674228106, 0.8626780429601247, 0.8352714181283668, 0.8751667016659824, 0.8368537589202641, 0.8354482588333767, 0.823471139034642, 0.8146724116127324, 0.8286543022932512, 0.8468396874269611, 0.8319948841172491, 0.8144112410297796, 0.8478523418420889, 0.8759632280897143], [0.8461436219355332, 0.8434805828357186, 0.903426803002469, 0.8495459237288142, 0.8500442742922883, 0.8787414075877009, 0.869928393415954, 0.8732258270253375, 0.8487233320237196, 1.0000000000000029, 0.8672537068369643, 0.8563412664044892, 0.8552421128725892, 0.9068697405139116, 0.8475571233201193, 0.8820646364148684, 0.8544827938995743, 0.8735713500071396, 0.8519566509276801, 0.847999839321022, 0.8666983239883457, 0.8352352708168423, 0.852188512775796, 0.8260231087840154, 0.8655433782006805, 0.8616234506076003], [0.8639613764022268, 0.8789183932645523, 0.9238544366694955, 0.8999545336519845, 0.8602546297843074, 0.9262803864497038, 0.9271388773880965, 0.90675888213778, 0.8632080023261176, 0.8672537068369643, 1.000000000000002, 0.9100301647588043, 0.8820915419632408, 0.9123377471590076, 0.8560852178291721, 0.9121971458741136, 0.8457227956471947, 0.8676770198905751, 0.8758551050449328, 0.8602099579995287, 0.8514740997178887, 0.8654516683154033, 0.8626239341872021, 0.8312308632200338, 0.876949032500477, 0.8938680829566971], [0.8731008681425619, 0.880646449958354, 0.9195243914594099, 0.9191103234249236, 0.8711548160227737, 0.9380171773622705, 0.9411380726289124, 0.9262763011422923, 0.8817898878613843, 0.8563412664044892, 0.9100301647588043, 0.999999999999997, 0.8975754048816958, 0.9271779833027105, 0.8759575915441289, 0.925671994850644, 0.8876293399593952, 0.8844286769034246, 0.8697639521761988, 0.8649821954763691, 0.8568343004738739, 0.875508086832395, 0.8698110065588041, 0.8490154072137988, 0.8858936926366983, 0.9065719502674493], [0.8457567939052896, 0.8599577077213476, 0.8941359300313851, 0.8982237157945272, 0.8535234622137561, 0.8937637192688985, 0.8976210510770845, 0.8918542124917872, 0.8545734674228106, 0.8552421128725892, 0.8820915419632408, 0.8975754048816958, 1.0000000000000033, 0.8933234484956917, 0.851525056058525, 0.9057604466697257, 0.8532253323620759, 0.8629063804674241, 0.8513287165446219, 0.8429199286572981, 0.8239605564838303, 0.851679533219968, 0.8516657746899958, 0.8227899594251076, 0.8589541371654599, 0.8564234913792429], [0.8844752290341937, 0.8936459385280496, 0.957029907184601, 0.9189166168700561, 0.8820117651569448, 0.951782918521959, 0.9517587716709918, 0.9346142774835134, 0.8626780429601247, 0.9068697405139116, 0.9123377471590076, 0.9271779833027105, 0.8933234484956917, 0.9999999999999997, 0.8822980432561511, 0.9363754724707564, 0.909138357277434, 0.905219576651189, 0.8836039831803952, 0.8924408822565116, 0.8862650862406711, 0.887994035863387, 0.8866163202883114, 0.8569914367135532, 0.9071274222468261, 0.8914782977738553], [0.8301414778427333, 0.8589821396259198, 0.8873054101304778, 0.8592177772042922, 0.8296503460288982, 0.8920655862555574, 0.8805967645097875, 0.8876407911046507, 0.8352714181283668, 0.8475571233201193, 0.8560852178291721, 0.8759575915441289, 0.851525056058525, 0.8822980432561511, 1.0000000000000009, 0.8852605513856744, 0.8421889504393053, 0.8518756316549138, 0.8320856426832832, 0.8551865786336317, 0.8372359599244326, 0.8554532582650197, 0.8453463281002104, 0.8127671280316299, 0.8521258898302951, 0.8543527118495049], [0.8696876234325677, 0.8787196254140978, 0.9389062169909479, 0.9262682303679072, 0.8786101420578064, 0.9452611001893849, 0.9425269426102081, 0.9397075201771564, 0.8751667016659824, 0.8820646364148684, 0.9121971458741136, 0.925671994850644, 0.9057604466697257, 0.9363754724707564, 0.8852605513856744, 0.999999999999996, 0.8860997487073785, 0.8852461836237574, 0.8860944359923084, 0.8737498684007289, 0.8750960874887275, 0.8815729363585486, 0.8967200760168894, 0.8581384289030056, 0.8968489086556901, 0.8997596041224672], [0.8506716447343347, 0.8433312056473105, 0.8960631089929953, 0.8817144634369841, 0.8441424212864874, 0.8985403976413693, 0.9028372947996803, 0.8884651624412014, 0.8368537589202641, 0.8544827938995743, 0.8457227956471947, 0.8876293399593952, 0.8532253323620759, 0.909138357277434, 0.8421889504393053, 0.8860997487073785, 1.000000000000001, 0.8520321787909931, 0.8395743905048869, 0.8312168553608249, 0.8246912239059524, 0.8464308402634397, 0.8403534426607236, 0.8200215720057932, 0.862002045397053, 0.854191957432467], [0.8556898172024551, 0.8767288714596844, 0.9043841178817832, 0.875741372396574, 0.8554165009850464, 0.8960103391990067, 0.8976298421074616, 0.9021785727192017, 0.8354482588333767, 0.8735713500071396, 0.8676770198905751, 0.8844286769034246, 0.8629063804674241, 0.905219576651189, 0.8518756316549138, 0.8852461836237574, 0.8520321787909931, 1.0000000000000007, 0.8314044815669983, 0.8474446591070212, 0.8529661455037663, 0.8543924550487381, 0.8473281191753718, 0.816372447778132, 0.859400979235785, 0.8627463007643864], [0.8342967541929214, 0.8405754384521522, 0.8803613997558799, 0.8570766223577504, 0.8385137173574054, 0.876157833899375, 0.8930890236928549, 0.8707074469019179, 0.823471139034642, 0.8519566509276801, 0.8758551050449328, 0.8697639521761988, 0.8513287165446219, 0.8836039831803952, 0.8320856426832832, 0.8860944359923084, 0.8395743905048869, 0.8314044815669983, 1.000000000000003, 0.8306045280303681, 0.8170677365270713, 0.8241277511445568, 0.8540778653463701, 0.8311086134939076, 0.8303422497280504, 0.8601068064523808], [0.8396545637434096, 0.8299177327327061, 0.8996651743416969, 0.8571488268453011, 0.8242058364308968, 0.8821012116886592, 0.8747469269650608, 0.8810319404420343, 0.8146724116127324, 0.847999839321022, 0.8602099579995287, 0.8649821954763691, 0.8429199286572981, 0.8924408822565116, 0.8551865786336317, 0.8737498684007289, 0.8312168553608249, 0.8474446591070212, 0.8306045280303681, 1.0000000000000002, 0.8238044256904036, 0.8426272035352219, 0.8316217278484002, 0.8050112948805678, 0.8413574567322087, 0.8187006085091841], [0.8248681867072141, 0.8294722422083188, 0.8862650862406715, 0.8516948469407526, 0.8185376296239013, 0.8865097171780544, 0.8813286335697096, 0.8754616574525605, 0.8286543022932512, 0.8666983239883457, 0.8514740997178887, 0.8568343004738739, 0.8239605564838303, 0.8862650862406711, 0.8372359599244326, 0.8750960874887275, 0.8246912239059524, 0.8529661455037663, 0.8170677365270713, 0.8238044256904036, 1.0000000000000004, 0.8365400810745529, 0.8277346096144114, 0.8138985500734571, 0.8438672031658917, 0.8667648835373872], [0.8361872470843785, 0.8643553957516282, 0.8931418273756381, 0.8729715215504675, 0.8244654105534247, 0.8903669369335412, 0.8869174894804204, 0.884635477041371, 0.8468396874269611, 0.8352352708168423, 0.8654516683154033, 0.875508086832395, 0.851679533219968, 0.887994035863387, 0.8554532582650197, 0.8815729363585486, 0.8464308402634397, 0.8543924550487381, 0.8241277511445568, 0.8426272035352219, 0.8365400810745529, 1.0000000000000007, 0.839864167954418, 0.8097079307645401, 0.8565350007950538, 0.8540944825656595], [0.8405398241288488, 0.847634171765505, 0.8897055757596983, 0.8709625497442088, 0.8556586297877751, 0.8844392884177011, 0.8883464135722597, 0.8850846475861056, 0.8319948841172491, 0.852188512775796, 0.8626239341872021, 0.8698110065588041, 0.8516657746899958, 0.8866163202883114, 0.8453463281002104, 0.8967200760168894, 0.8403534426607236, 0.8473281191753718, 0.8540778653463701, 0.8316217278484002, 0.8277346096144114, 0.839864167954418, 0.9999999999999987, 0.8267264058953214, 0.8486341791402213, 0.8497443091002436], [0.8197019807279377, 0.8305817976369718, 0.8613887701972608, 0.8470406108607951, 0.8166252618450763, 0.8649438774527264, 0.8552156149038569, 0.8599634335696039, 0.8144112410297796, 0.8260231087840154, 0.8312308632200338, 0.8490154072137988, 0.8227899594251076, 0.8569914367135532, 0.8127671280316299, 0.8581384289030056, 0.8200215720057932, 0.816372447778132, 0.8311086134939076, 0.8050112948805678, 0.8138985500734571, 0.8097079307645401, 0.8267264058953214, 0.9999999999999979, 0.8361080446601269, 0.8354796323285832], [0.8475367939431468, 0.852183774732469, 0.9120330234487019, 0.8821430002610405, 0.838120837067899, 0.9081588655560308, 0.9159034431490334, 0.8897545750567601, 0.8478523418420889, 0.8655433782006805, 0.876949032500477, 0.8858936926366983, 0.8589541371654594, 0.9071274222468261, 0.8521258898302951, 0.8968489086556901, 0.862002045397053, 0.859400979235785, 0.8303422497280504, 0.8413574567322087, 0.8438672031658917, 0.8565350007950538, 0.8486341791402213, 0.8361080446601269, 0.999999999999999, 0.8484255109449732], [0.8577912570822555, 0.8521187324127207, 0.8871465276194629, 0.8963523809952504, 0.8534970881962854, 0.9083595497160443, 0.9054015835244241, 0.9119140613656997, 0.8759632280897143, 0.8616234506076003, 0.8938680829566971, 0.9065719502674493, 0.8564234913792426, 0.8914782977738553, 0.8543527118495049, 0.8997596041224672, 0.854191957432467, 0.8627463007643864, 0.8601068064523808, 0.8187006085091841, 0.8667648835373872, 0.8540944825656595, 0.8497443091002436, 0.8354796323285832, 0.8484255109449753, 0.9999999999999994]]