[[1.0000000000000004, 0.9993994257723725, 0.9813883989384221, 0.9981532792710799, 0.9996380695317036, 0.9900828301063787, 0.9966826679677995, 0.9967213686894982, 0.9984568183613501, 0.9894981060261906, 0.9978697173408585, 0.99824912823736, 0.9978102383965471, 0.988432651803656, 0.9976687140814777, 0.9947833905570431, 0.9996724909560049, 0.9800835637663158, 0.9928198597286411, 0.99884529755891, 0.9995464424309466, 0.9995516845636363, 0.9994272973102376, 0.9992361753582002, 0.9997952924182217, 0.9977600328648035], [0.9993994257723725, 0.9999999999999988, 0.9829672383038994, 0.9963594471093095, 0.9998031909325367, 0.9864059026550918, 0.9964315914691331, 0.9970566136978061, 0.9973219259347121, 0.9900941442303552, 0.9969170019036209, 0.9986823444760592, 0.9962769535259727, 0.9894267939278252, 0.9983476139936844, 0.9920053776187282, 0.999039363556154, 0.9759734455850493, 0.9894033187284899, 0.9976388815761608, 0.9999417987418516, 0.9999332176774937, 0.9988450153353573, 0.9998132747236872, 0.999210288905512, 0.9956292495349185], [0.9813883989384221, 0.9829672383038994, 1.0, 0.9808353588956754, 0.9823368351972013, 0.9748866225802821, 0.9841023946143886, 0.985416664361606, 0.9764298761383589, 0.9924224229803814, 0.9795458462064863, 0.9840512474575581, 0.9745410297423956, 0.990900787257654, 0.9837268063841593, 0.9711741633408724, 0.9821347955280905, 0.9474406458615771, 0.9691580065356816, 0.9802103337799158, 0.9823892169611583, 0.9827364320231587, 0.9810512554181136, 0.984739364659887, 0.9817333522634453, 0.9766343805215675], [0.9981532792710799, 0.9963594471093095, 0.9808353588956754, 1.0000000000000004, 0.9970718392499263, 0.9936722578142345, 0.9960496050214938, 0.9959224234773728, 0.997628791528261, 0.9896191998856031, 0.998146223429155, 0.9965888406567067, 0.9977023064479897, 0.9876179023657815, 0.9954478823112239, 0.9955016622925884, 0.9982312798850286, 0.9793205640988947, 0.9938628809164596, 0.9986302964114253, 0.9966947451989772, 0.9967891851970445, 0.9984920154045577, 0.9966161152815309, 0.9979788770882612, 0.9989197534979296], [0.9996380695317036, 0.9998031909325367, 0.9823368351972013, 0.9970718392499263, 0.9999999999999998, 0.9881843263369796, 0.9966767660755252, 0.9971155269179616, 0.997967390118483, 0.9896590736253364, 0.9974478102711406, 0.9985038878633723, 0.9969149865702615, 0.9889215887392815, 0.9980587868373682, 0.9932780732080221, 0.999332978616141, 0.9783018120963338, 0.9911428234866486, 0.9982693609498368, 0.9998496254627083, 0.9998391714483863, 0.9990885814790786, 0.9996232216320436, 0.9994806043396618, 0.996501031223211], [0.9900828301063787, 0.9864059026550918, 0.9748866225802821, 0.9936722578142345, 0.9881843263369796, 1.0000000000000007, 0.9926717047881398, 0.98950649833958, 0.9910861031233418, 0.9852692086097664, 0.9939167933531575, 0.9887954175726333, 0.9882316267992649, 0.9839400860091962, 0.987107930338953, 0.9953048546705803, 0.9918637636794249, 0.9844133155037738, 0.9955504826403937, 0.9931145649669304, 0.987496529557393, 0.9878420397233872, 0.9898846056849379, 0.9876526790192162, 0.9908151899042816, 0.9942896543089829], [0.9966826679677995, 0.9964315914691331, 0.9841023946143886, 0.9960496050214938, 0.9966767660755252, 0.9926717047881398, 0.9999999999999996, 0.999268102466185, 0.993957965005978, 0.9953598330393192, 0.9972562767504621, 0.9990351817350703, 0.9911418321680815, 0.9954233738776869, 0.9982453617900165, 0.9921078350102491, 0.9977391407546836, 0.9729068678865422, 0.9893414353708531, 0.9958059010212206, 0.9968495733243998, 0.9970523891147476, 0.9956068220399181, 0.9975993110264519, 0.9967898987663556, 0.9943772519676799], [0.9967213686894982, 0.9970566136978061, 0.985416664361606, 0.9959224234773728, 0.9971155269179616, 0.98950649833958, 0.999268102466185, 1.0000000000000004, 0.9932906596337217, 0.9958842958650288, 0.9966241971591348, 0.9993954778314802, 0.9911967696439438, 0.995931734910647, 0.9990551762308286, 0.9896532198573178, 0.9974807772948044, 0.9682387591044299, 0.9866459853693899, 0.9949871190617358, 0.9972432713776276, 0.9973803825671149, 0.9957127290594865, 0.998200551633513, 0.9964953175359693, 0.9932330808091578], [0.9984568183613501, 0.9973219259347121, 0.9764298761383589, 0.997628791528261, 0.997967390118483, 0.9910861031233418, 0.993957965005978, 0.9932906596337217, 1.0000000000000004, 0.983743558342151, 0.997319050559782, 0.9952343326434554, 0.9988751112901255, 0.9827161465103019, 0.9944652150126729, 0.9958980499891017, 0.9982077836753331, 0.9848855508303339, 0.9956875214019258, 0.9994619719500879, 0.9975887000182913, 0.9976553866370902, 0.9990659944789011, 0.9968234813004946, 0.9986335356397569, 0.9986103503142678], [0.9894981060261906, 0.9900941442303552, 0.9924224229803814, 0.9896191998856031, 0.9896590736253364, 0.9852692086097664, 0.9953598330393192, 0.9958842958650288, 0.983743558342151, 1.0, 0.9888781081491056, 0.9941730845598012, 0.9815057907301412, 0.998136036214723, 0.9933472558472564, 0.9802631027884449, 0.991012273802157, 0.9542071222420435, 0.977054974291748, 0.9876374918345926, 0.9899813326087429, 0.9904185541927303, 0.9877821417003827, 0.9922642286164648, 0.9896522615194098, 0.9855044908674944], [0.9978697173408585, 0.9969170019036209, 0.9795458462064863, 0.998146223429155, 0.9974478102711406, 0.9939167933531575, 0.9972562767504621, 0.9966241971591348, 0.997319050559782, 0.9888781081491056, 0.9999999999999994, 0.9974326787470964, 0.9956608415715683, 0.988516444547635, 0.9965770675613338, 0.9972635883291243, 0.9983224760487986, 0.9832025175258249, 0.9944575290900116, 0.9980794437612523, 0.9974832480880867, 0.9975375079931437, 0.9980159480794096, 0.9972380337966794, 0.9977858811816105, 0.9977045052302843], [0.99824912823736, 0.9986823444760592, 0.9840512474575581, 0.9965888406567067, 0.9985038878633723, 0.9887954175726333, 0.9990351817350703, 0.9993954778314802, 0.9952343326434554, 0.9941730845598012, 0.9974326787470964, 1.0, 0.9934954155601069, 0.9941792698462537, 0.9994643695743495, 0.9913236164905247, 0.9985788645229579, 0.9714350692126197, 0.9879467290577147, 0.996421732578286, 0.9988283111944583, 0.9989111828288694, 0.9974337106707806, 0.9993261759786555, 0.9980171752758503, 0.9947143545472776], [0.9978102383965471, 0.9962769535259727, 0.9745410297423956, 0.9977023064479897, 0.9969149865702615, 0.9882316267992649, 0.9911418321680815, 0.9911967696439438, 0.9988751112901255, 0.9815057907301412, 0.9956608415715683, 0.9934954155601069, 0.9999999999999998, 0.9794230815899146, 0.9925984713885955, 0.9946898131214124, 0.9971169828058127, 0.9827854951567642, 0.9939639348116651, 0.9982886511562299, 0.9963902380036538, 0.9963763685980935, 0.9985278390328586, 0.995477147768738, 0.9977831402714449, 0.9985453934957852], [0.988432651803656, 0.9894267939278252, 0.990900787257654, 0.9876179023657815, 0.9889215887392815, 0.9839400860091962, 0.9954233738776869, 0.995931734910647, 0.9827161465103019, 0.998136036214723, 0.988516444547635, 0.9941792698462537, 0.9794230815899146, 1.0000000000000004, 0.9944014208363112, 0.9795918303796023, 0.9899867558385597, 0.9523612824486027, 0.9761785899029997, 0.9858792985570914, 0.9895555348217294, 0.9897956536175607, 0.9870178476196477, 0.9918225155923108, 0.9883950767318175, 0.9832136697462687], [0.9976687140814777, 0.9983476139936844, 0.9837268063841593, 0.9954478823112239, 0.9980587868373682, 0.987107930338953, 0.9982453617900165, 0.9990551762308286, 0.9944652150126729, 0.9933472558472564, 0.9965770675613338, 0.9994643695743495, 0.9925984713885955, 0.9944014208363112, 0.9999999999999997, 0.9899161113268079, 0.9980162276937237, 0.9693260165462294, 0.9867501894284646, 0.995272014290603, 0.9984967752109812, 0.9984795238430972, 0.9968820709433547, 0.9990454348735819, 0.9973649685050595, 0.9932470181221178], [0.9947833905570431, 0.9920053776187282, 0.9711741633408724, 0.9955016622925884, 0.9932780732080221, 0.9953048546705803, 0.9921078350102491, 0.9896532198573178, 0.9958980499891017, 0.9802631027884449, 0.9972635883291243, 0.9913236164905247, 0.9946898131214124, 0.9795918303796023, 0.9899161113268079, 0.9999999999999998, 0.9951932638459479, 0.9924881281136523, 0.9979840587903127, 0.9962190412403776, 0.9929545084092353, 0.9930075337401083, 0.994912515437601, 0.9918660609428452, 0.9950361806875605, 0.9973883276955389], [0.9996724909560049, 0.999039363556154, 0.9821347955280905, 0.9982312798850286, 0.999332978616141, 0.9918637636794249, 0.9977391407546836, 0.9974807772948044, 0.9982077836753331, 0.991012273802157, 0.9983224760487986, 0.9985788645229579, 0.9971169828058127, 0.9899867558385597, 0.9980162276937237, 0.9951932638459479, 1.0000000000000004, 0.9803126550589375, 0.9934063124981722, 0.9988274098193283, 0.99927196824471, 0.999332978523457, 0.9990074024622628, 0.9991924957229117, 0.9998387492488187, 0.9979855626840003], [0.9800835637663158, 0.9759734455850493, 0.9474406458615771, 0.9793205640988947, 0.9783018120963338, 0.9844133155037738, 0.9729068678865422, 0.9682387591044299, 0.9848855508303339, 0.9542071222420435, 0.9832025175258249, 0.9714350692126197, 0.9827854951567642, 0.9523612824486027, 0.9693260165462294, 0.9924881281136523, 0.9803126550589375, 0.9999999999999999, 0.9928687124951702, 0.9838164292371375, 0.977292165871767, 0.9773420031665127, 0.9802264189025249, 0.9745665858821301, 0.9810487862148208, 0.9855996165679749], [0.9928198597286411, 0.9894033187284899, 0.9691580065356816, 0.9938628809164596, 0.9911428234866486, 0.9955504826403937, 0.9893414353708531, 0.9866459853693899, 0.9956875214019258, 0.977054974291748, 0.9944575290900116, 0.9879467290577147, 0.9939639348116651, 0.9761785899029997, 0.9867501894284646, 0.9979840587903127, 0.9934063124981722, 0.9928687124951702, 1.0000000000000002, 0.9954823865589522, 0.9903434292474007, 0.9904094087990472, 0.9930447910313348, 0.989273134984712, 0.9934387376304729, 0.9963908544830468], [0.99884529755891, 0.9976388815761608, 0.9802103337799158, 0.9986302964114253, 0.9982693609498368, 0.9931145649669304, 0.9958059010212206, 0.9949871190617358, 0.9994619719500879, 0.9876374918345926, 0.9980794437612523, 0.996421732578286, 0.9982886511562299, 0.9858792985570914, 0.995272014290603, 0.9962190412403776, 0.9988274098193283, 0.9838164292371375, 0.9954823865589522, 1.0000000000000007, 0.9979019592095756, 0.9980508702875732, 0.9992739631214886, 0.9974920732366298, 0.9990193423025275, 0.9991059826252234], [0.9995464424309466, 0.9999417987418516, 0.9823892169611583, 0.9966947451989772, 0.9998496254627083, 0.987496529557393, 0.9968495733243998, 0.9972432713776276, 0.9975887000182913, 0.9899813326087429, 0.9974832480880867, 0.9988283111944583, 0.9963902380036538, 0.9895555348217294, 0.9984967752109812, 0.9929545084092353, 0.99927196824471, 0.977292165871767, 0.9903434292474007, 0.9979019592095756, 1.0000000000000009, 0.9999680327025678, 0.9989975918280136, 0.9998005859272099, 0.9993666889897002, 0.9960349868013183], [0.9995516845636363, 0.9999332176774937, 0.9827364320231587, 0.9967891851970445, 0.9998391714483863, 0.9878420397233872, 0.9970523891147476, 0.9973803825671149, 0.9976553866370902, 0.9904185541927303, 0.9975375079931437, 0.9989111828288694, 0.9963763685980935, 0.9897956536175607, 0.9984795238430972, 0.9930075337401083, 0.999332978523457, 0.9773420031665127, 0.9904094087990472, 0.9980508702875732, 0.9999680327025678, 1.0000000000000007, 0.9989833000093553, 0.9998362908623017, 0.9994156043520975, 0.9961719355356757], [0.9994272973102376, 0.9988450153353573, 0.9810512554181136, 0.9984920154045577, 0.9990885814790786, 0.9898846056849379, 0.9956068220399181, 0.9957127290594865, 0.9990659944789011, 0.9877821417003827, 0.9980159480794096, 0.9974337106707806, 0.9985278390328586, 0.9870178476196477, 0.9968820709433547, 0.994912515437601, 0.9990074024622628, 0.9802264189025249, 0.9930447910313348, 0.9992739631214886, 0.9989975918280136, 0.9989833000093553, 0.9999999999999998, 0.9985697977521854, 0.9992323870947124, 0.9981409886257151], [0.9992361753582002, 0.9998132747236872, 0.984739364659887, 0.9966161152815309, 0.9996232216320436, 0.9876526790192162, 0.9975993110264519, 0.998200551633513, 0.9968234813004946, 0.9922642286164648, 0.9972380337966794, 0.9993261759786555, 0.995477147768738, 0.9918225155923108, 0.9990454348735819, 0.9918660609428452, 0.9991924957229117, 0.9745665858821301, 0.989273134984712, 0.9974920732366298, 0.9998005859272099, 0.9998362908623017, 0.9985697977521854, 0.9999999999999998, 0.9990879666889141, 0.9955021331311601], [0.9997952924182217, 0.999210288905512, 0.9817333522634453, 0.9979788770882612, 0.9994806043396618, 0.9908151899042816, 0.9967898987663556, 0.9964953175359693, 0.9986335356397569, 0.9896522615194098, 0.9977858811816105, 0.9980171752758503, 0.9977831402714447, 0.9883950767318175, 0.9973649685050595, 0.9950361806875605, 0.9998387492488187, 0.9810487862148208, 0.9934387376304729, 0.9990193423025275, 0.9993666889897002, 0.9994156043520975, 0.9992323870947124, 0.9990879666889141, 0.9999999999999991, 0.9980783779965943], [0.9977600328648035, 0.9956292495349185, 0.9766343805215675, 0.9989197534979296, 0.996501031223211, 0.9942896543089829, 0.9943772519676799, 0.9932330808091578, 0.9986103503142678, 0.9855044908674944, 0.9977045052302843, 0.9947143545472776, 0.9985453934957852, 0.9832136697462687, 0.9932470181221178, 0.9973883276955389, 0.9979855626840003, 0.9855996165679749, 0.9963908544830468, 0.9991059826252234, 0.9960349868013183, 0.9961719355356757, 0.9981409886257151, 0.9955021331311601, 0.9980783779965952, 1.0]]