[[0.0, 0.08939654034068623, 0.0946968021584349, 0.09576304954177428, 0.09257052046086844, 0.09045248270696793, 0.08939654034068623, 0.09363262781141168, 0.08781645569620489, 0.08853410740203427, 0.09045248270696815, 0.09416445623342429, 0.09843777738327963, 0.0899242557688944, 0.08433734939759252, 0.0973663208300104, 0.09045248270696815, 0.08729077889557835, 0.08486017357762998, 0.0962969525159485, 0.08906098741529767, 0.0946968021584349, 0.09204024002824096, 0.08853410740203427, 0.09098122189897095, 0.09363262781141168], [0.08939654034068623, 0.0, 0.09542356377799655, 0.08853410740203427, 0.08676560990603543, 0.09151047409041024, 0.09863281250000266, 0.09011627906976982, 0.09489051094890755, 0.09204024002824096, 0.08834264104481115, 0.09863281250000244, 0.09363262781141168, 0.0946968021584349, 0.09045248270696815, 0.09843777738327986, 0.09098122189897095, 0.0869565217391326, 0.08676560990603543, 0.08958837772397321, 0.10112559505272323, 0.07843137254902155, 0.08571679241972507, 0.08781645569620466, 0.09276347741622382, 0.09435797665369905], [0.0946968021584349, 0.09542356377799655, 0.0, 0.06182161396885477, 0.09098122189897095, 0.06364691220078367, 0.07347328244274975, 0.07142857142857317, 0.10240078392944896, 0.11753284869282843, 0.08206181961264569, 0.07965451055662398, 0.082582451229116, 0.03526163885054645, 0.1000488910618278, 0.069715174828199, 0.09576304954177428, 0.09435797665369905, 0.10545357095002283, 0.09649122807017796, 0.08781645569620489, 0.08886933567972077, 0.09257052046086844, 0.09843777738327986, 0.08695652173913282, 0.06939163498099021], [0.09576304954177428, 0.08853410740203427, 0.06182161396885477, 0.0, 0.09257052046086844, 0.07585307541838926, 0.07655502392344693, 0.06584557081951847, 0.08958837772397321, 0.10328533856372579, 0.09790178769463065, 0.08381502890173631, 0.07894851562840777, 0.07431200625054424, 0.0962969525159485, 0.07431200625054446, 0.09416445623342407, 0.09223300970874004, 0.09629695251594872, 0.09595713589868726, 0.09843777738327963, 0.08519314245626575, 0.09363262781141168, 0.08939654034068645, 0.09223300970874027, 0.06332703213610746], [0.09257052046086844, 0.08676560990603543, 0.09098122189897095, 0.09257052046086844, 0.0, 0.08800773694390918, 0.0899242557688944, 0.09098122189897095, 0.09204024002824096, 0.09257052046086844, 0.08958837772397321, 0.09098122189897095, 0.09170305676856128, 0.09223300970874004, 0.09897429066205121, 0.08590733590733812, 0.08958837772397321, 0.09310131613815265, 0.0899242557688944, 0.09257052046086844, 0.09629695251594872, 0.09064469219583371, 0.08853410740203427, 0.09576304954177428, 0.09045248270696815, 0.09629695251594872], [0.09045248270696793, 0.09151047409041024, 0.06364691220078367, 0.07585307541838926, 0.08800773694390918, 0.0, 0.069715174828199, 0.06465350367789546, 0.0952296663421568, 0.12087314886101486, 0.07758620689655382, 0.07328707718994099, 0.08800773694390918, 0.06786900806834528, 0.10545357095002283, 0.06282475200755933, 0.0932944606414019, 0.10220440881763793, 0.1087219459750064, 0.09843777738327986, 0.09098122189897095, 0.08277189605390012, 0.09064469219583371, 0.10058697972252117, 0.08362521891418773, 0.07791472496842666], [0.08939654034068623, 0.09863281250000266, 0.07347328244274975, 0.07655502392344693, 0.0899242557688944, 0.069715174828199, 0.0, 0.07758620689655382, 0.09170305676856128, 0.11753284869282843, 0.07328707718994099, 0.06990014265335409, 0.08676560990603543, 0.07328707718994099, 0.1016647378260509, 0.06717833735771128, 0.09363262781141146, 0.09489051094890755, 0.1027446088041375, 0.09916951636541538, 0.09204024002824096, 0.09416445623342429, 0.10004889106182757, 0.09843777738327986, 0.07398568019093243, 0.08748187530208051], [0.09363262781141168, 0.09011627906976982, 0.07142857142857317, 0.06584557081951847, 0.09098122189897095, 0.06465350367789546, 0.07758620689655382, 0.0, 0.09595713589868748, 0.1158701532912565, 0.09151047409041024, 0.07758620689655382, 0.08571679241972507, 0.08102205721773514, 0.10599696130128078, 0.07328707718994099, 0.09522966634215657, 0.0938259601361231, 0.1070853462157837, 0.09809663250366296, 0.09098122189897095, 0.09045248270696815, 0.08729077889557835, 0.09576304954177428, 0.0812109562710257, 0.07810253953042845], [0.08781645569620489, 0.09489051094890755, 0.10240078392944896, 0.08958837772397321, 0.09204024002824096, 0.0952296663421568, 0.09170305676856128, 0.09595713589868748, 0.0, 0.08992425576889418, 0.08624094799210225, 0.09276347741622382, 0.09098122189897073, 0.10599696130128078, 0.0962969525159485, 0.09416445623342407, 0.0946968021584349, 0.09223300970874004, 0.09098122189897073, 0.0869565217391326, 0.0962969525159485, 0.09257052046086844, 0.09363262781141168, 0.08781645569620489, 0.08906098741529744, 0.0917030567685615], [0.08853410740203427, 0.09204024002824096, 0.11753284869282843, 0.10328533856372579, 0.09257052046086844, 0.12087314886101486, 0.11753284869282843, 0.1158701532912565, 0.08992425576889418, 0.0, 0.10654088612688617, 0.11310996177198418, 0.09576304954177428, 0.11808818214673256, 0.07142857142857317, 0.11366090712743282, 0.08676560990603543, 0.08102205721773514, 0.0663507109004755, 0.0899242557688944, 0.0843373493975923, 0.09204024002824096, 0.08676560990603543, 0.0801728276524265, 0.08729077889557835, 0.10004889106182757], [0.09045248270696815, 0.08834264104481115, 0.08206181961264569, 0.09790178769463065, 0.08958837772397321, 0.07758620689655382, 0.07328707718994099, 0.09151047409041024, 0.08624094799210225, 0.10654088612688617, 0.0, 0.07894851562840777, 0.08486017357762998, 0.07861936720997309, 0.1016647378260509, 0.08590733590733812, 0.10024449877750863, 0.0962969525159485, 0.0962969525159485, 0.09416445623342407, 0.09416445623342407, 0.0917030567685615, 0.09649122807017796, 0.09790178769463043, 0.08729077889557835, 0.09897429066205143], [0.09416445623342429, 0.09863281250000244, 0.07965451055662398, 0.08381502890173631, 0.09098122189897095, 0.07328707718994099, 0.06990014265335409, 0.07758620689655382, 0.09276347741622382, 0.11310996177198418, 0.07894851562840777, 0.0, 0.08362521891418773, 0.08519314245626552, 0.09843777738327986, 0.08310358408822593, 0.09204024002824096, 0.10078277886497333, 0.10599696130128078, 0.09863281250000244, 0.09151047409041024, 0.09257052046086844, 0.09576304954177428, 0.09576304954177428, 0.08486017357762976, 0.08277189605390012], [0.09843777738327963, 0.09363262781141168, 0.082582451229116, 0.07894851562840777, 0.09170305676856128, 0.08800773694390918, 0.08676560990603543, 0.08571679241972507, 0.09098122189897073, 0.09576304954177428, 0.08486017357762998, 0.08362521891418773, 0.0, 0.08538350217076918, 0.09469680215843512, 0.077070368597417, 0.0917030567685615, 0.09204024002824096, 0.10004889106182757, 0.101125595052723, 0.09257052046086844, 0.08643167551907527, 0.0880077369439094, 0.09045248270696793, 0.08886933567972055, 0.08939654034068623], [0.0899242557688944, 0.0946968021584349, 0.03526163885054645, 0.07431200625054424, 0.09223300970874004, 0.06786900806834528, 0.07328707718994099, 0.08102205721773514, 0.10599696130128078, 0.11808818214673256, 0.07861936720997309, 0.08519314245626552, 0.08538350217076918, 0.0, 0.10112559505272323, 0.06990014265335387, 0.09064469219583371, 0.09576304954177428, 0.10654088612688617, 0.09843777738327986, 0.08571679241972507, 0.09064469219583371, 0.08906098741529767, 0.09790178769463065, 0.08729077889557835, 0.06869899391165579], [0.08433734939759252, 0.09045248270696815, 0.1000488910618278, 0.0962969525159485, 0.09897429066205121, 0.10545357095002283, 0.1016647378260509, 0.10599696130128078, 0.0962969525159485, 0.07142857142857317, 0.1016647378260509, 0.09843777738327986, 0.09469680215843512, 0.10112559505272323, 0.0, 0.09736632083001062, 0.08939654034068645, 0.08676560990603543, 0.0744985673352454, 0.08834264104481115, 0.0917030567685615, 0.09310131613815287, 0.08414735643261007, 0.08381502890173631, 0.09363262781141168, 0.09045248270696793], [0.0973663208300104, 0.09843777738327986, 0.069715174828199, 0.07431200625054446, 0.08590733590733812, 0.06282475200755933, 0.06717833735771128, 0.07328707718994099, 0.09416445623342407, 0.11366090712743282, 0.08590733590733812, 0.08310358408822593, 0.077070368597417, 0.06990014265335387, 0.09736632083001062, 0.0, 0.09011627906976982, 0.09522966634215657, 0.09897429066205143, 0.1005869797225214, 0.09151047409041024, 0.08906098741529767, 0.08538350217076918, 0.09257052046086844, 0.0899242557688944, 0.08154168851599564], [0.09045248270696815, 0.09098122189897095, 0.09576304954177428, 0.09416445623342407, 0.08958837772397321, 0.0932944606414019, 0.09363262781141146, 0.09522966634215657, 0.0946968021584349, 0.08676560990603543, 0.10024449877750863, 0.09204024002824096, 0.0917030567685615, 0.09064469219583371, 0.08939654034068645, 0.09011627906976982, 0.0, 0.08886933567972055, 0.08676560990603543, 0.09790178769463065, 0.09469680215843512, 0.08538350217076918, 0.08538350217076918, 0.09469680215843512, 0.082582451229116, 0.09310131613815287], [0.08729077889557835, 0.0869565217391326, 0.09435797665369905, 0.09223300970874004, 0.09310131613815265, 0.10220440881763793, 0.09489051094890755, 0.0938259601361231, 0.09223300970874004, 0.08102205721773514, 0.0962969525159485, 0.10078277886497333, 0.09204024002824096, 0.09576304954177428, 0.08676560990603543, 0.09522966634215657, 0.08886933567972055, 0.0, 0.09151047409041024, 0.08748187530208051, 0.09045248270696815, 0.08519314245626552, 0.09045248270696815, 0.0946968021584349, 0.09011627906976982, 0.09970674486803777], [0.08486017357762998, 0.08676560990603543, 0.10545357095002283, 0.09629695251594872, 0.0899242557688944, 0.1087219459750064, 0.1027446088041375, 0.1070853462157837, 0.09098122189897073, 0.0663507109004755, 0.0962969525159485, 0.10599696130128078, 0.10004889106182757, 0.10654088612688617, 0.0744985673352454, 0.09897429066205143, 0.08676560990603543, 0.09151047409041024, 0.0, 0.08362521891418773, 0.09117361784675304, 0.09522966634215657, 0.08571679241972507, 0.08486017357762998, 0.09576304954177428, 0.09576304954177428], [0.0962969525159485, 0.08958837772397321, 0.09649122807017796, 0.09595713589868726, 0.09257052046086844, 0.09843777738327986, 0.09916951636541538, 0.09809663250366296, 0.0869565217391326, 0.0899242557688944, 0.09416445623342407, 0.09863281250000244, 0.101125595052723, 0.09843777738327986, 0.08834264104481115, 0.1005869797225214, 0.09790178769463065, 0.08748187530208051, 0.08362521891418773, 0.0, 0.09790178769463043, 0.09576304954177428, 0.08939654034068645, 0.09257052046086844, 0.0932944606414019, 0.09489051094890755], [0.08906098741529767, 0.10112559505272323, 0.08781645569620489, 0.09843777738327963, 0.09629695251594872, 0.09098122189897095, 0.09204024002824096, 0.09098122189897095, 0.0962969525159485, 0.0843373493975923, 0.09416445623342407, 0.09151047409041024, 0.09257052046086844, 0.08571679241972507, 0.0917030567685615, 0.09151047409041024, 0.09469680215843512, 0.09045248270696815, 0.09117361784675304, 0.09790178769463043, 0.0, 0.08362521891418773, 0.09576304954177428, 0.08853410740203427, 0.0805029249978193, 0.08414735643260962], [0.0946968021584349, 0.07843137254902155, 0.08886933567972077, 0.08519314245626575, 0.09064469219583371, 0.08277189605390012, 0.09416445623342429, 0.09045248270696815, 0.09257052046086844, 0.09204024002824096, 0.0917030567685615, 0.09257052046086844, 0.08643167551907527, 0.09064469219583371, 0.09310131613815287, 0.08906098741529767, 0.08538350217076918, 0.08519314245626552, 0.09522966634215657, 0.09576304954177428, 0.08362521891418773, 0.0, 0.0932944606414019, 0.08939654034068645, 0.08939654034068645, 0.09045248270696815], [0.09204024002824096, 0.08571679241972507, 0.09257052046086844, 0.09363262781141168, 0.08853410740203427, 0.09064469219583371, 0.10004889106182757, 0.08729077889557835, 0.09363262781141168, 0.08676560990603543, 0.09649122807017796, 0.09576304954177428, 0.0880077369439094, 0.08906098741529767, 0.08414735643261007, 0.08538350217076918, 0.08538350217076918, 0.09045248270696815, 0.08571679241972507, 0.08939654034068645, 0.09576304954177428, 0.0932944606414019, 0.0, 0.08886933567972077, 0.09416445623342429, 0.09045248270696793], [0.08853410740203427, 0.08781645569620466, 0.09843777738327986, 0.08939654034068645, 0.09576304954177428, 0.10058697972252117, 0.09843777738327986, 0.09576304954177428, 0.08781645569620489, 0.0801728276524265, 0.09790178769463043, 0.09576304954177428, 0.09045248270696793, 0.09790178769463065, 0.08381502890173631, 0.09257052046086844, 0.09469680215843512, 0.0946968021584349, 0.08486017357762998, 0.09257052046086844, 0.08853410740203427, 0.08939654034068645, 0.08886933567972077, 0.0, 0.09098122189897073, 0.08676560990603543], [0.09098122189897095, 0.09276347741622382, 0.08695652173913282, 0.09223300970874027, 0.09045248270696815, 0.08362521891418773, 0.07398568019093243, 0.0812109562710257, 0.08906098741529744, 0.08729077889557835, 0.08729077889557835, 0.08486017357762976, 0.08886933567972055, 0.08729077889557835, 0.09363262781141168, 0.0899242557688944, 0.082582451229116, 0.09011627906976982, 0.09576304954177428, 0.0932944606414019, 0.0805029249978193, 0.08939654034068645, 0.09416445623342429, 0.09098122189897073, 0.0, 0.09542356377799655], [0.09363262781141168, 0.09435797665369905, 0.06939163498099021, 0.06332703213610746, 0.09629695251594872, 0.07791472496842666, 0.08748187530208051, 0.07810253953042845, 0.0917030567685615, 0.10004889106182757, 0.09897429066205143, 0.08277189605390012, 0.08939654034068623, 0.06869899391165579, 0.09045248270696793, 0.08154168851599564, 0.09310131613815287, 0.09970674486803777, 0.09576304954177428, 0.09489051094890755, 0.08414735643260962, 0.09045248270696815, 0.09045248270696793, 0.08676560990603543, 0.09542356377799655, 0.0]]