[[0.9999999999999997, 0.9989836387286831, 0.9944833574172773, 0.9980143699969396, 0.9947249296026915, 0.9532524415368593, 0.9679380988623288, 0.998140069997318], [0.9989836387286831, 1.0, 0.9963776559350908, 0.9979701968066242, 0.9924935244596991, 0.9596148516366616, 0.9731719853586223, 0.9985268245533787], [0.9944833574172773, 0.9963776559350908, 0.9999999999999998, 0.9969397111050982, 0.986605041935617, 0.9739926652811628, 0.9859074430521189, 0.994500464966414], [0.9980143699969396, 0.9979701968066242, 0.9969397111050982, 1.0, 0.9895962207070815, 0.9686826850932204, 0.9792525664230698, 0.9957918806021911], [0.9947249296026915, 0.9924935244596991, 0.986605041935617, 0.9895962207070815, 1.0000000000000004, 0.9324987675108815, 0.9526225136161552, 0.9963869385575204], [0.9532524415368593, 0.9596148516366616, 0.9739926652811628, 0.9686826850932204, 0.9324987675108815, 0.9999999999999997, 0.9937124955156735, 0.9525962355331345], [0.9679380988623288, 0.9731719853586223, 0.9859074430521189, 0.9792525664230698, 0.9526225136161552, 0.9937124955156735, 0.9999999999999998, 0.9682781478412371], [0.998140069997318, 0.9985268245533787, 0.994500464966414, 0.9957918806021911, 0.9963869385575204, 0.9525962355331345, 0.9682781478412371, 1.0]]