[[0.0, 0.12910583941605958, 0.12054329371816741, 0.10800223838836143, 0.10936799641416517, 0.12054329371816741, 0.10208170989647258, 0.10874678015455386], [0.12910583941605958, 0.0, 0.1076303423584708, 0.1083743842364544, 0.10849848841115306, 0.11511601712097463, 0.12117780294450875, 0.1397651393046293], [0.12054329371816741, 0.1076303423584708, 0.0, 0.12474437627812018, 0.1258955987717516, 0.1171293161814504, 0.11111111111111249, 0.12232173222990705], [0.10800223838836143, 0.1083743842364544, 0.12474437627812018, 0.0, 0.11511601712097419, 0.11978282999660772, 0.1124845488257118, 0.13376087952359272], [0.10936799641416517, 0.10849848841115306, 0.1258955987717516, 0.11511601712097419, 0.0, 0.11587015329125472, 0.10565110565110647, 0.1459659682833676], [0.12054329371816741, 0.11511601712097463, 0.1171293161814504, 0.11978282999660772, 0.11587015329125472, 0.0, 0.10602167355602843, 0.12346799818429521], [0.10208170989647258, 0.12117780294450875, 0.11111111111111249, 0.1124845488257118, 0.10565110565110647, 0.10602167355602843, 0.0, 0.11839132399457908], [0.10874678015455386, 0.1397651393046293, 0.12232173222990705, 0.13376087952359272, 0.1459659682833676, 0.12346799818429521, 0.11839132399457908, 0.0]]