[[4.76837158203125e-07, 0.8971640398684572, 2.2076717326881594, 1.3143335566917569, 3.4064928519292117, 6.12288900544653, 4.958184939872877, 1.5354738228956242], [0.8971640398684572, 3.371747880871523e-07, 1.759510698526082, 1.2438807109849757, 3.417603803232259, 5.645467295833854, 4.480557837961103, 1.2842955272105905], [2.2076717326881594, 1.759510698526082, 3.371747880871523e-07, 1.520053336027809, 3.4163611443406348, 4.351180408554789, 3.0939462804691003, 1.922878444960609], [1.3143335566917569, 1.2438807109849757, 1.520053336027809, 3.371747880871523e-07, 3.450523634378556, 4.939670645020424, 3.8728636027524836, 1.770277551924923], [3.4064928519292117, 3.417603803232259, 3.4163611443406348, 3.450523634378556, 0.0, 6.0731555157913615, 5.401486145553366, 2.36768740126467], [6.12288900544653, 5.645467295833854, 4.351180408554789, 4.939670645020424, 6.0731555157913615, 3.371747880871523e-07, 2.2227974321426203, 5.635325795621834], [4.958184939872877, 4.480557837961103, 3.0939462804691003, 3.8728636027524836, 5.401486145553366, 2.2227974321426203, 3.371747880871523e-07, 4.575349101076173], [1.5354738228956242, 1.2842955272105905, 1.922878444960609, 1.770277551924923, 2.36768740126467, 5.635325795621834, 4.575349101076173, 0.0]]