[[1.0, 0.481005464897705, 0.48761606862209134, 0.5325534462698261, 0.5280911296553458, 0.48816448037620463, 0.5300315020363079, 0.5358147071561793], [0.481005464897705, 1.0, 0.550252940970235, 0.5255281939005674, 0.5145001288464308, 0.5169522902857319, 0.49010040744140615, 0.47600283794759624], [0.48761606862209134, 0.550252940970235, 1.0, 0.48118967370306254, 0.49103242316793266, 0.5035043314505743, 0.5214234465778294, 0.5212667481807329], [0.5325534462698261, 0.5255281939005674, 0.48118967370306254, 1.0, 0.5352675697124587, 0.4920663769711635, 0.5027834756784195, 0.4849626031178237], [0.5280911296553458, 0.5145001288464308, 0.49103242316793266, 0.5352675697124587, 1.0, 0.5166475375677998, 0.5360232368338909, 0.4396108015449225], [0.48816448037620463, 0.5169522902857319, 0.5035043314505743, 0.4920663769711635, 0.5166475375677998, 1.0, 0.5214367345991494, 0.511488462303942], [0.5300315020363079, 0.49010040744140615, 0.5214234465778294, 0.5027834756784195, 0.5360232368338909, 0.5214367345991494, 1.0, 0.5029156242174272], [0.5358147071561793, 0.47600283794759624, 0.5212667481807329, 0.4849626031178237, 0.4396108015449225, 0.511488462303942, 0.5029156242174272, 1.0]]