[[1.0, 0.9934068849089018, 0.9684886100292397, 0.9825679525341023, 0.8792266011499486, 0.9474244511816806, 0.9661024673792933, 0.955000027020818], [0.9934068849089018, 1.0, 0.9800977862882082, 0.9910886035911445, 0.8818968315799759, 0.9557524893035225, 0.9748291313094154, 0.9555367285657566], [0.9684886100292397, 0.9800977862882082, 1.0, 0.9821873717257892, 0.8921369271108599, 0.9837962455569043, 0.9825682099063111, 0.9575143106784225], [0.9825679525341023, 0.9910886035911445, 0.9821873717257892, 1.0, 0.8855390370433833, 0.9653780906607283, 0.9837198235095584, 0.9503501211283544], [0.8792266011499486, 0.8818968315799759, 0.8921369271108599, 0.8855390370433833, 1.0, 0.897480609409302, 0.8928572668494792, 0.9404691436831496], [0.9474244511816806, 0.9557524893035225, 0.9837962455569043, 0.9653780906607283, 0.897480609409302, 1.0, 0.9800913798113857, 0.9401036486281209], [0.9661024673792933, 0.9748291313094154, 0.9825682099063111, 0.9837198235095584, 0.8928572668494792, 0.9800913798113857, 1.0, 0.9626141882915756], [0.955000027020818, 0.9555367285657566, 0.9575143106784225, 0.9503501211283544, 0.9404691436831496, 0.9401036486281209, 0.9626141882915756, 1.0]]