[[1.0, 0.8381339510298066, 0.8431528935075038, 0.8717329041230405, 0.9089395372529393, 0.8336579199345036, 0.8809269498429745, 0.8818880033057043], [0.8381339510298066, 0.9999999999999999, 0.8285934479439634, 0.8531677142683007, 0.8735229362269434, 0.8079177390660282, 0.8549428915122936, 0.8193172284053459], [0.8431528935075038, 0.8285934479439634, 1.0, 0.8321368463331615, 0.8914519152863807, 0.8256861731057727, 0.8797602271843769, 0.8590793481546185], [0.8717329041230405, 0.8531677142683007, 0.8321368463331615, 1.0, 0.9052337478783434, 0.8294117647058825, 0.8364478501477826, 0.8154823030818488], [0.9089395372529393, 0.8735229362269434, 0.8914519152863807, 0.9052337478783434, 0.9999999999999996, 0.8791179747098785, 0.9130805590022703, 0.8809784623253043], [0.8336579199345036, 0.8079177390660282, 0.8256861731057727, 0.8294117647058825, 0.8791179747098785, 0.9999999999999998, 0.8383236172776639, 0.8270611593122199], [0.8809269498429745, 0.8549428915122936, 0.8797602271843769, 0.8364478501477826, 0.9130805590022703, 0.8383236172776639, 1.0000000000000004, 0.8840025787300572], [0.8818880033057043, 0.8193172284053459, 0.8590793481546185, 0.8154823030818488, 0.8809784623253043, 0.8270611593122199, 0.8840025787300572, 0.9999999999999998]]