[[1.0, 0.8856565656565647, 0.8924242424242416, 0.9025252525252516, 0.9014141414141406, 0.8924242424242416, 0.9073737373737362, 0.9019191919191909], [0.8856565656565647, 1.0, 0.9028282828282818, 0.9022222222222213, 0.9021212121212114, 0.8967676767676757, 0.8919191919191908, 0.8773737373737365], [0.8924242424242416, 0.9028282828282818, 1.0, 0.8890909090909078, 0.8881818181818171, 0.8951515151515139, 0.8999999999999989, 0.8910101010101001], [0.9025252525252516, 0.9022222222222213, 0.8890909090909078, 1.0, 0.896767676767676, 0.8930303030303023, 0.8988888888888881, 0.8820202020202009], [0.9014141414141406, 0.9021212121212114, 0.8881818181818171, 0.896767676767676, 1.0, 0.896161616161615, 0.9044444444444438, 0.8726262626262615], [0.8924242424242416, 0.8967676767676757, 0.8951515151515139, 0.8930303030303023, 0.896161616161615, 1.0, 0.9041414141414131, 0.8901010101010093], [0.9073737373737362, 0.8919191919191908, 0.8999999999999989, 0.8988888888888881, 0.9044444444444438, 0.9041414141414131, 1.0, 0.8941414141414129], [0.9019191919191909, 0.8773737373737365, 0.8910101010101001, 0.8820202020202009, 0.8726262626262615, 0.8901010101010093, 0.8941414141414129, 1.0]]