[[0.0, 1.07897845861828, 1.050793778855169, 0.8777458056169165, 0.8936125676881594, 1.048489884453184, 0.8866803126948832, 0.866316819311419], [1.07897845861828, 0.0, 0.8173460340561691, 0.9028474810795881, 0.9436341099507912, 0.9344144881286358, 1.0403982221123838, 1.1008278108419414], [1.050793778855169, 0.8173460340561691, 0.0, 1.0781825850591513, 1.0365253959166782, 0.9860802331512086, 0.9178270685047469, 0.9184035879712038], [0.8777458056169165, 0.9028474810795881, 1.0781825850591513, 0.0, 0.8682245228067744, 1.032246149707162, 0.9889277360411908, 1.0620146658134089], [0.8936125676881594, 0.9436341099507912, 1.0365253959166782, 0.8682245228067744, 0.0, 0.9355555330964289, 0.865590764136764, 1.2747393751147698], [1.048489884453184, 0.9344144881286358, 0.9860802331512086, 1.032246149707162, 0.9355555330964289, 0.0, 0.9177781956017013, 0.9550783129996971], [0.8866803126948832, 1.0403982221123838, 0.9178270685047469, 0.9889277360411908, 0.865590764136764, 0.9177781956017013, 0.0, 0.988405115780747], [0.866316819311419, 1.1008278108419414, 0.9184035879712038, 1.0620146658134089, 1.2747393751147698, 0.9550783129996971, 0.988405115780747, 0.0]]