[[0.9999999999999994, 0.8410310272886002, 0.8717922027278809, 0.857479646362959, 0.8312236286919833, 0.8876486592257055, 0.8346237112419507, 0.8432890346498917, 0.8382559774964841, 0.8223900740607013, 0.8430075227050237, 0.8740774054211762, 0.8152167911965428, 0.8346070367685126, 0.8223079798315197, 0.8522961027450691, 0.8574339618338433, 0.8367327225043859, 0.8475660737699345, 0.81005984610119, 0.8441242816067646, 0.8694863812717669, 0.8624772759877399, 0.8575765084220848, 0.8477174678710867, 0.8710909056880124, 0.8567614340291968, 0.8580621721845005, 0.8970243887541971, 0.9019922972082492, 0.8667729338531298, 0.8713807683149414, 0.8904255462351625, 0.8574599642534728], [0.8410310272886002, 0.9999999999999999, 0.8513271313846836, 0.8418767773992977, 0.8454038055933937, 0.8752573330630793, 0.8445403320207293, 0.8375270704523254, 0.8249975068376911, 0.8243120180425423, 0.8085758084295607, 0.8691096578147102, 0.8224473743331815, 0.8028451926032185, 0.8092811808370776, 0.8606581788749809, 0.8663526380314408, 0.8363067227019528, 0.8347119385570451, 0.8522626961814216, 0.8196388952386362, 0.8352466122076281, 0.8317948378356048, 0.8299539877536347, 0.848887017230391, 0.8237821226305084, 0.8714824566520056, 0.8530690357562242, 0.8798282435916719, 0.8775215981618515, 0.835576480274605, 0.8429437025002701, 0.8611956887777119, 0.8679615605124453], [0.8717922027278809, 0.8513271313846836, 0.9999999999999991, 0.8908697545655344, 0.8703120801426045, 0.9012562816241669, 0.8620377729669692, 0.8549098630991995, 0.8495903639487331, 0.8420655941658594, 0.8562225664820448, 0.8627240339623627, 0.8709059744462081, 0.8347727311197383, 0.8202337114063304, 0.8739612575552345, 0.8584810467431487, 0.8473912492822808, 0.8541340771202285, 0.875800510083341, 0.8595180117332343, 0.8654915014250167, 0.8632627511202592, 0.860832182907881, 0.8839004211274054, 0.8726803444180466, 0.8837617911233139, 0.8507102702418017, 0.9196498260378809, 0.8923492832910468, 0.8471077115574925, 0.8602315428763115, 0.8687156380895781, 0.888372586323406], [0.857479646362959, 0.8418767773992977, 0.8908697545655344, 1.0000000000000009, 0.8328630057975149, 0.8913932269488077, 0.8485034155200769, 0.8691769458701327, 0.8000408183769234, 0.835162999400571, 0.8508818716478014, 0.8553015780558498, 0.8392220415672422, 0.8323448684944238, 0.8355293797919666, 0.8856980013879949, 0.8582898227796383, 0.8306241597090955, 0.8458248784374588, 0.8666737799997787, 0.8148748027451431, 0.8729085828149962, 0.8293766885374598, 0.8505481958806941, 0.8495690637658722, 0.8702572046018536, 0.8682942256086482, 0.8304259156055581, 0.8999179993738803, 0.9050873069924127, 0.8389762102491374, 0.8564746515944704, 0.8840056019625302, 0.8682280502682804], [0.8312236286919833, 0.8454038055933937, 0.8703120801426045, 0.8328630057975149, 0.9999999999999993, 0.8908803897811384, 0.8430684705462534, 0.8123684367127294, 0.8621659634317862, 0.8049261921791034, 0.8683912674457458, 0.8862635289441583, 0.8430082727146071, 0.8132068563385506, 0.8237869510182673, 0.8775663375973487, 0.8422804897543055, 0.8367327225043855, 0.8574791272643197, 0.8580725117515645, 0.8562918388191143, 0.8553675225772324, 0.8339094166884615, 0.8391056297791474, 0.8555185488637651, 0.8471844657377413, 0.8861878505216134, 0.8607478127860169, 0.8863455269833137, 0.8719659224676285, 0.8273143784425171, 0.8228208493376379, 0.887123597361608, 0.8629991113093736], [0.8876486592257055, 0.8752573330630793, 0.9012562816241669, 0.8913932269488077, 0.8908803897811384, 1.0000000000000016, 0.886117540215402, 0.8827191443761202, 0.8887259027441831, 0.8645720497032474, 0.8922818648483809, 0.9520269403831937, 0.8845538602531566, 0.8796411684614108, 0.8745013896820109, 0.9211211820258325, 0.8888529311220161, 0.8875653447923799, 0.9158582599631111, 0.9052028966237294, 0.8876706729153182, 0.9281946498844486, 0.902318342672565, 0.9104745289800507, 0.9022257638848035, 0.8514347100835895, 0.9266702599545166, 0.8906750375473333, 0.9147022032961188, 0.9465896617934135, 0.8724113544720482, 0.8988313171744581, 0.9298397170837733, 0.943541851787978], [0.8346237112419507, 0.8445403320207293, 0.8620377729669692, 0.8485034155200769, 0.8430684705462534, 0.886117540215402, 0.999999999999999, 0.8452891623588145, 0.8684027484591627, 0.8388564510024705, 0.8315686374550725, 0.8558463782303769, 0.8327863248057572, 0.8523267779351509, 0.8510071008328748, 0.8988743264949807, 0.8352913664263246, 0.858342393612321, 0.8543627613049068, 0.8438930477016646, 0.8249323264469623, 0.8818724785513526, 0.8331351382795151, 0.8661018866372108, 0.8548197192611451, 0.8537616819776077, 0.8958723628912599, 0.8680725880115444, 0.8958748105529173, 0.8809930704477531, 0.8476399558740156, 0.8503968212350506, 0.8866466880098626, 0.8514119410374732], [0.8432890346498917, 0.8375270704523254, 0.8549098630991995, 0.8691769458701327, 0.8123684367127294, 0.8827191443761202, 0.8452891623588145, 0.9999999999999996, 0.8067465098150634, 0.8440234946125235, 0.8317349306863686, 0.8468941433153045, 0.8439589510767966, 0.7983788188281735, 0.8232082456774263, 0.8735063321998748, 0.8606173263861155, 0.872879323213237, 0.8655445818039258, 0.8365558253776417, 0.820733146457282, 0.8806330225930035, 0.8428395305605788, 0.8464266930004334, 0.8341292835195826, 0.82717898655497, 0.875386397330165, 0.8480662498650592, 0.891058554589572, 0.8845556955048197, 0.8188470279023741, 0.8478536646951916, 0.8634029934891708, 0.8712492690054178], [0.8382559774964841, 0.8249975068376911, 0.8495903639487331, 0.8000408183769234, 0.8621659634317862, 0.8887259027441831, 0.8684027484591627, 0.8067465098150634, 0.9999999999999994, 0.849379709695898, 0.834991603313217, 0.869646087776455, 0.8553600422781914, 0.8346070367685126, 0.810476210337541, 0.864931220171209, 0.8347037537145369, 0.8454851568402059, 0.8512834688303288, 0.8457615718412121, 0.842603336955221, 0.8777223821769126, 0.8570357789783536, 0.8588958568965801, 0.8711207108491225, 0.8501727707315252, 0.9110871260151959, 0.856719351883742, 0.9041436299347858, 0.8647595925298792, 0.8378366598853471, 0.8497985821028062, 0.88602294773709, 0.8652147701317341], [0.8223900740607013, 0.8243120180425423, 0.8420655941658594, 0.835162999400571, 0.8049261921791034, 0.8645720497032474, 0.8388564510024705, 0.8440234946125235, 0.849379709695898, 0.9999999999999986, 0.8203868519813791, 0.8503535016514582, 0.8069337602510888, 0.8100500663033722, 0.7863181878731681, 0.8700151561859423, 0.8338817594100265, 0.8951066008205532, 0.8658164097764427, 0.835186343593764, 0.8206519532493695, 0.8287444561713498, 0.8338269618913213, 0.8250627592654033, 0.827752195569708, 0.8112555896827746, 0.8674640884072435, 0.8306463435408987, 0.8940286295282843, 0.8541244265211883, 0.8180676641328138, 0.8328762535086768, 0.846084818700622, 0.8653597399158955], [0.8430075227050237, 0.8085758084295607, 0.8562225664820448, 0.8508818716478014, 0.8683912674457458, 0.8922818648483809, 0.8315686374550725, 0.8317349306863686, 0.834991603313217, 0.8203868519813791, 0.9999999999999991, 0.8671052069010253, 0.8476932478093031, 0.8402133101112237, 0.8134108638708155, 0.84886355082025, 0.8708417049292182, 0.828056348693689, 0.8509958686616241, 0.8431370382103796, 0.8350508838548525, 0.8739705334764026, 0.8554371059672139, 0.873502171505411, 0.8385809694171728, 0.8544036751781469, 0.876179988591161, 0.8520519062038104, 0.8723587224904501, 0.8796075764118131, 0.8745600975860287, 0.8674327460701264, 0.8782134162883494, 0.872366767622512], [0.8740774054211762, 0.8691096578147102, 0.8627240339623627, 0.8553015780558498, 0.8862635289441583, 0.9520269403831937, 0.8558463782303769, 0.8468941433153045, 0.869646087776455, 0.8503535016514582, 0.8671052069010253, 0.999999999999999, 0.8646717816087062, 0.8551717075544283, 0.8667126599089652, 0.910179541718262, 0.8623677287051361, 0.8520985445618712, 0.8959889126539472, 0.8756316550181963, 0.9056860887000584, 0.9082113246673844, 0.8990065498683333, 0.8739729810586935, 0.8725405570869356, 0.8450100237393334, 0.8968183829847428, 0.8620213029383154, 0.9070275673365344, 0.9252183510830456, 0.8505612153987921, 0.8648531053045836, 0.9016228728955091, 0.9214659685863867], [0.8152167911965428, 0.8224473743331815, 0.8709059744462081, 0.8392220415672422, 0.8430082727146071, 0.8845538602531566, 0.8327863248057572, 0.8439589510767966, 0.8553600422781914, 0.8069337602510888, 0.8476932478093031, 0.8646717816087062, 0.9999999999999992, 0.825364120535619, 0.8247687928713041, 0.8448316870167351, 0.8705612764677556, 0.7955509387284164, 0.8202449580053207, 0.8433048455549923, 0.8431669649459074, 0.8498710463411778, 0.8288199213866798, 0.8226529312389601, 0.8406740190992735, 0.8233935043839055, 0.8672179265746978, 0.8240214192817007, 0.8889839205830011, 0.8411866372652402, 0.8128999862989882, 0.8070134065052519, 0.8687339113553769, 0.8622395121808338], [0.8346070367685126, 0.8028451926032185, 0.8347727311197383, 0.8323448684944238, 0.8132068563385506, 0.8796411684614108, 0.8523267779351509, 0.7983788188281735, 0.8346070367685126, 0.8100500663033722, 0.8402133101112237, 0.8551717075544283, 0.825364120535619, 0.9999999999999998, 0.83412335511238, 0.8552211524697347, 0.8313260327848728, 0.815018222697205, 0.8610013075119175, 0.8279431485786374, 0.8007123822826979, 0.8664644384417628, 0.8389918835172452, 0.8351026957472344, 0.8018680183324723, 0.8214667474766905, 0.8633316187446158, 0.8308899575979759, 0.8738056588183267, 0.8650018119198722, 0.8031787224662655, 0.845589739303461, 0.8786574562782979, 0.84842922365781], [0.8223079798315197, 0.8092811808370776, 0.8202337114063304, 0.8355293797919666, 0.8237869510182673, 0.8745013896820109, 0.8510071008328748, 0.8232082456774263, 0.810476210337541, 0.7863181878731681, 0.8134108638708155, 0.8667126599089652, 0.8247687928713041, 0.83412335511238, 1.0000000000000002, 0.8612028156329999, 0.8684363018873489, 0.8025547325091417, 0.8560756539429558, 0.8311043463329278, 0.8108689735492883, 0.8907998925882354, 0.8354117215698499, 0.8684866886213752, 0.8175871073295736, 0.8547185675801271, 0.8640322726005373, 0.8316919673125646, 0.8758886154724836, 0.8449253172449611, 0.8132546718374982, 0.8127545108565699, 0.8761415629766917, 0.8655477235381199], [0.8522961027450691, 0.8606581788749809, 0.8739612575552345, 0.8856980013879949, 0.8775663375973487, 0.9211211820258325, 0.8988743264949807, 0.8735063321998748, 0.864931220171209, 0.8700151561859423, 0.84886355082025, 0.910179541718262, 0.8448316870167351, 0.8552211524697347, 0.8612028156329999, 0.9999999999999993, 0.8704213834753172, 0.8834938484644002, 0.890545950116987, 0.8747151774440818, 0.8583168835104011, 0.9041993013022374, 0.8632480784737633, 0.8803143347034524, 0.8792048422112787, 0.8944480005271304, 0.9095264347093258, 0.8674622409099054, 0.9288183155565016, 0.9230149030655401, 0.8475261910672179, 0.8790924335469584, 0.9213595743153341, 0.9038462844697255], [0.8574339618338433, 0.8663526380314408, 0.8584810467431487, 0.8582898227796383, 0.8422804897543055, 0.8888529311220161, 0.8352913664263246, 0.8606173263861155, 0.8347037537145369, 0.8338817594100265, 0.8708417049292182, 0.8623677287051361, 0.8705612764677556, 0.8313260327848728, 0.8684363018873489, 0.8704213834753172, 0.9999999999999991, 0.836124591846969, 0.8566604081126614, 0.8654729154323305, 0.8343631749697216, 0.8884128862130373, 0.8452107376701514, 0.8481507478456578, 0.8498365855987975, 0.8451542547285169, 0.8698378509726901, 0.8511833251917487, 0.9012667027159754, 0.8874895229533357, 0.8538050750362125, 0.8453399291217629, 0.8982836206119107, 0.8752982713500806], [0.8367327225043859, 0.8363067227019528, 0.8473912492822808, 0.8306241597090955, 0.8367327225043855, 0.8875653447923799, 0.858342393612321, 0.872879323213237, 0.8454851568402059, 0.8951066008205532, 0.828056348693689, 0.8520985445618712, 0.7955509387284164, 0.815018222697205, 0.8025547325091417, 0.8834938484644002, 0.836124591846969, 1.0000000000000009, 0.866726820765598, 0.8457826010558611, 0.8234384163939619, 0.8551841644082497, 0.8380927041831079, 0.8702897056668707, 0.841463607162336, 0.8312485593640195, 0.8944708924248033, 0.8657173385411802, 0.8904883154922724, 0.8699901469018982, 0.8299584362828769, 0.8461248433829125, 0.887672065746371, 0.8631289464332222], [0.8475660737699345, 0.8347119385570451, 0.8541340771202285, 0.8458248784374588, 0.8574791272643197, 0.9158582599631111, 0.8543627613049068, 0.8655445818039258, 0.8512834688303288, 0.8658164097764427, 0.8509958686616241, 0.8959889126539472, 0.8202449580053207, 0.8610013075119175, 0.8560756539429558, 0.890545950116987, 0.8566604081126614, 0.866726820765598, 1.0000000000000004, 0.8590203586118097, 0.8428516065883528, 0.8728055530325155, 0.8617362399693347, 0.8717818964855798, 0.8579706228092127, 0.8424845833005186, 0.8974155748646181, 0.8612640924666162, 0.9079027714817796, 0.8740373721751233, 0.8366507176982642, 0.8461405527111949, 0.8882426591496048, 0.8852526620665901], [0.81005984610119, 0.8522626961814216, 0.875800510083341, 0.8666737799997787, 0.8580725117515645, 0.9052028966237294, 0.8438930477016646, 0.8365558253776417, 0.8457615718412121, 0.835186343593764, 0.8431370382103796, 0.8756316550181963, 0.8433048455549923, 0.8279431485786374, 0.8311043463329278, 0.8747151774440818, 0.8654729154323305, 0.8457826010558611, 0.8590203586118097, 1.0000000000000002, 0.849366056166845, 0.8722933633336847, 0.8394760932638429, 0.8545786748483918, 0.8831329118841909, 0.8527138812801505, 0.8826784950409107, 0.8427482632901213, 0.8973399646263178, 0.898855372922898, 0.8346775750950447, 0.8642658361909873, 0.8930785038919435, 0.8979345653896452], [0.8441242816067646, 0.8196388952386362, 0.8595180117332343, 0.8148748027451431, 0.8562918388191143, 0.8876706729153182, 0.8249323264469623, 0.820733146457282, 0.842603336955221, 0.8206519532493695, 0.8350508838548525, 0.9056860887000584, 0.8431669649459074, 0.8007123822826979, 0.8108689735492883, 0.8583168835104011, 0.8343631749697216, 0.8234384163939619, 0.8428516065883528, 0.849366056166845, 0.9999999999999996, 0.8715492387285914, 0.8473520756841304, 0.8431988602958195, 0.8379783666151414, 0.857970699851988, 0.8665234057829189, 0.8102799786028884, 0.896897145875575, 0.8715020693894351, 0.8420243374075892, 0.8372793028818085, 0.8581582168705635, 0.8841221342072], [0.8694863812717669, 0.8352466122076281, 0.8654915014250167, 0.8729085828149962, 0.8553675225772324, 0.9281946498844486, 0.8818724785513526, 0.8806330225930035, 0.8777223821769126, 0.8287444561713498, 0.8739705334764026, 0.9082113246673844, 0.8498710463411778, 0.8664644384417628, 0.8907998925882354, 0.9041993013022374, 0.8884128862130373, 0.8551841644082497, 0.8728055530325155, 0.8722933633336847, 0.8715492387285914, 0.9999999999999993, 0.8774062586077283, 0.9116486914988827, 0.860335743319192, 0.872445473861772, 0.9041809392113687, 0.857097804498928, 0.9216208896276478, 0.9243547249737322, 0.856027014224628, 0.899335465933841, 0.9115326533167237, 0.9165520409143295], [0.8624772759877399, 0.8317948378356048, 0.8632627511202592, 0.8293766885374598, 0.8339094166884615, 0.902318342672565, 0.8331351382795151, 0.8428395305605788, 0.8570357789783536, 0.8338269618913213, 0.8554371059672139, 0.8990065498683333, 0.8288199213866798, 0.8389918835172452, 0.8354117215698499, 0.8632480784737633, 0.8452107376701514, 0.8380927041831079, 0.8617362399693347, 0.8394760932638429, 0.8473520756841304, 0.8774062586077283, 0.9999999999999993, 0.865201407632136, 0.8149041820428533, 0.8295352041780748, 0.881227241659502, 0.8351353660468053, 0.8848401848237889, 0.8840474031782042, 0.849815002012114, 0.8728298185497115, 0.8718885929304565, 0.8690039474889374], [0.8575765084220848, 0.8299539877536347, 0.860832182907881, 0.8505481958806941, 0.8391056297791474, 0.9104745289800507, 0.8661018866372108, 0.8464266930004334, 0.8588958568965801, 0.8250627592654033, 0.873502171505411, 0.8739729810586935, 0.8226529312389601, 0.8351026957472344, 0.8684866886213752, 0.8803143347034524, 0.8481507478456578, 0.8702897056668707, 0.8717818964855798, 0.8545786748483918, 0.8431988602958195, 0.9116486914988827, 0.865201407632136, 1.0000000000000007, 0.8671660310788062, 0.8675903122248521, 0.9013653100556545, 0.8502581257632896, 0.8848684368686727, 0.8911862870482803, 0.832823209226404, 0.8781405722909893, 0.9096076792144392, 0.9020315666574864], [0.8477174678710867, 0.848887017230391, 0.8839004211274054, 0.8495690637658722, 0.8555185488637651, 0.9022257638848035, 0.8548197192611451, 0.8341292835195826, 0.8711207108491225, 0.827752195569708, 0.8385809694171728, 0.8725405570869356, 0.8406740190992735, 0.8018680183324723, 0.8175871073295736, 0.8792048422112787, 0.8498365855987973, 0.841463607162336, 0.8579706228092127, 0.8831329118841909, 0.8379783666151414, 0.860335743319192, 0.8149041820428533, 0.8671660310788062, 1.000000000000001, 0.8674165535724327, 0.8976860052013891, 0.8639732080001156, 0.8901108951016481, 0.8893414723478654, 0.8644953563312907, 0.8541598656150184, 0.8943573944882047, 0.8919986211534282], [0.8710909056880124, 0.8237821226305084, 0.8726803444180466, 0.8702572046018536, 0.8471844657377413, 0.8514347100835895, 0.8537616819776077, 0.82717898655497, 0.8501727707315252, 0.8112555896827746, 0.8544036751781469, 0.8450100237393334, 0.8233935043839055, 0.8214667474766905, 0.8547185675801271, 0.8944480005271304, 0.8451542547285159, 0.8312485593640195, 0.8424845833005186, 0.8527138812801505, 0.857970699851988, 0.872445473861772, 0.8295352041780748, 0.8675903122248521, 0.8674165535724327, 0.999999999999999, 0.8777107455704359, 0.8587740549718978, 0.9000055610994929, 0.8791169210330118, 0.8719047470298377, 0.8554887631291971, 0.8839656943780162, 0.886201320161167], [0.8567614340291968, 0.8714824566520056, 0.8837617911233139, 0.8682942256086482, 0.8861878505216134, 0.9266702599545166, 0.8958723628912599, 0.875386397330165, 0.9110871260151959, 0.8674640884072435, 0.876179988591161, 0.8968183829847428, 0.8672179265746978, 0.8633316187446158, 0.8640322726005373, 0.9095264347093258, 0.8698378509726892, 0.8944708924248033, 0.8974155748646181, 0.8826784950409107, 0.8665234057829189, 0.9041809392113687, 0.881227241659502, 0.9013653100556545, 0.8976860052013891, 0.8777107455704359, 0.9999999999999988, 0.8839034566227156, 0.9309378786248015, 0.9075323488838843, 0.8541361279055275, 0.8727003130055956, 0.905177220116421, 0.9066245482062458], [0.8580621721845005, 0.8530690357562242, 0.8507102702418017, 0.8304259156055581, 0.8607478127860169, 0.8906750375473333, 0.8680725880115444, 0.8480662498650592, 0.856719351883742, 0.8306463435408987, 0.8520519062038104, 0.8620213029383154, 0.8240214192817007, 0.8308899575979759, 0.8316919673125646, 0.8674622409099054, 0.8511833251917482, 0.8657173385411802, 0.8612640924666162, 0.8427482632901213, 0.8102799786028884, 0.857097804498928, 0.8351353660468053, 0.8502581257632896, 0.8639732080001156, 0.8587740549718978, 0.8839034566227156, 0.9999999999999994, 0.8887158023326573, 0.8852535787845333, 0.8601971461011316, 0.8486885955629989, 0.8890106257326018, 0.8683674720397017], [0.8970243887541971, 0.8798282435916719, 0.9196498260378809, 0.8999179993738803, 0.8863455269833137, 0.9147022032961188, 0.8958748105529173, 0.891058554589572, 0.9041436299347858, 0.8940286295282843, 0.8723587224904501, 0.9070275673365344, 0.8889839205830011, 0.8738056588183267, 0.8758886154724836, 0.9288183155565016, 0.9012667027159753, 0.8904883154922724, 0.9079027714817796, 0.8973399646263178, 0.896897145875575, 0.9216208896276478, 0.8848401848237889, 0.8848684368686727, 0.8901108951016481, 0.9000055610994929, 0.9309378786248015, 0.8887158023326573, 1.0000000000000009, 0.9134413743503988, 0.8804788215126215, 0.8927306731204104, 0.91647009597513, 0.9014199780485193], [0.9019922972082492, 0.8775215981618515, 0.8923492832910468, 0.9050873069924127, 0.8719659224676285, 0.9465896617934135, 0.8809930704477531, 0.8845556955048197, 0.8647595925298792, 0.8541244265211883, 0.8796075764118131, 0.9252183510830456, 0.8411866372652402, 0.8650018119198722, 0.8449253172449611, 0.9230149030655401, 0.8874895229533355, 0.8699901469018982, 0.8740373721751233, 0.898855372922898, 0.8715020693894351, 0.9243547249737322, 0.8840474031782042, 0.8911862870482803, 0.8893414723478654, 0.8791169210330118, 0.9075323488838843, 0.8852535787845333, 0.9134413743503988, 1.000000000000001, 0.8850720716344289, 0.9053791548688607, 0.9041836598426134, 0.9375167545227989], [0.8667729338531298, 0.835576480274605, 0.8471077115574925, 0.8389762102491374, 0.8273143784425171, 0.8724113544720482, 0.8476399558740156, 0.8188470279023741, 0.8378366598853471, 0.8180676641328138, 0.8745600975860287, 0.8505612153987921, 0.8128999862989882, 0.8031787224662655, 0.8132546718374982, 0.8475261910672179, 0.8538050750362126, 0.8299584362828769, 0.8366507176982642, 0.8346775750950447, 0.8420243374075892, 0.856027014224628, 0.849815002012114, 0.832823209226404, 0.8644953563312907, 0.8719047470298377, 0.8541361279055275, 0.8601971461011316, 0.8804788215126215, 0.8850720716344289, 0.9999999999999994, 0.8590374395404069, 0.8501952312038036, 0.852633228103783], [0.8713807683149414, 0.8429437025002701, 0.8602315428763115, 0.8564746515944704, 0.8228208493376379, 0.8988313171744581, 0.8503968212350506, 0.8478536646951916, 0.8497985821028062, 0.8328762535086768, 0.8674327460701264, 0.8648531053045836, 0.8070134065052519, 0.845589739303461, 0.8127545108565699, 0.8790924335469584, 0.8453399291217643, 0.8461248433829125, 0.8461405527111949, 0.8642658361909873, 0.8372793028818085, 0.899335465933841, 0.8728298185497115, 0.8781405722909893, 0.8541598656150184, 0.8554887631291971, 0.8727003130055956, 0.8486885955629989, 0.8927306731204104, 0.9053791548688607, 0.8590374395404069, 0.9999999999999987, 0.8845821302762336, 0.8861025673513795], [0.8904255462351625, 0.8611956887777119, 0.8687156380895781, 0.8840056019625302, 0.887123597361608, 0.9298397170837733, 0.8866466880098626, 0.8634029934891708, 0.88602294773709, 0.846084818700622, 0.8782134162883494, 0.9016228728955091, 0.8687339113553769, 0.8786574562782979, 0.8761415629766917, 0.9213595743153341, 0.8982836206119117, 0.887672065746371, 0.8882426591496048, 0.8930785038919435, 0.8581582168705635, 0.9115326533167237, 0.8718885929304565, 0.9096076792144392, 0.8943573944882047, 0.8839656943780162, 0.905177220116421, 0.8890106257326018, 0.91647009597513, 0.9041836598426134, 0.8501952312038036, 0.8845821302762336, 1.0000000000000004, 0.8972881475450498], [0.8574599642534728, 0.8679615605124453, 0.888372586323406, 0.8682280502682804, 0.8629991113093736, 0.943541851787978, 0.8514119410374732, 0.8712492690054178, 0.8652147701317341, 0.8653597399158955, 0.872366767622512, 0.9214659685863867, 0.8622395121808338, 0.84842922365781, 0.8655477235381199, 0.9038462844697255, 0.8752982713500804, 0.8631289464332222, 0.8852526620665901, 0.8979345653896452, 0.8841221342072, 0.9165520409143295, 0.8690039474889374, 0.9020315666574864, 0.8919986211534275, 0.8862013201611686, 0.9066245482062458, 0.8683674720397017, 0.9014199780485193, 0.9375167545227994, 0.8526332281037828, 0.8861025673513794, 0.89728814754505, 0.9999999999999993]]