[[1.0, 0.6083226572474681, 0.5788001700658447, 0.5607318370013507, 0.5468610278927752, 0.5477126423343442, 0.5903806259845251, 0.6005601424061842, 0.5686395276509608, 0.5885408734156895, 0.6035012138375885, 0.5487935464264884, 0.5816768200772312, 0.6282196844862633, 0.6271742333970898, 0.5452823877310602, 0.5822180653303419, 0.6048218395562144, 0.5543818606071578, 0.5608318555265206, 0.5693897821945306, 0.5979873003716625, 0.6065991610912305, 0.5989699653949131, 0.5563033707040637, 0.6221461297437164, 0.5359581002680219, 0.5665049320165934, 0.6484393966327783, 0.6471625395570801, 0.6453619598518359, 0.5945759446686836, 0.5896922124204219, 0.5371116727465375], [0.6083226572474681, 1.0, 0.5998208175801252, 0.5847370699671194, 0.5614980982396182, 0.5305698436445558, 0.5981161568377407, 0.5536825978883639, 0.5715858259119696, 0.611085167075889, 0.5942746566695875, 0.5727815948404852, 0.6333857838570385, 0.5956296575601552, 0.5628609238478011, 0.5663625577374075, 0.5958252169929169, 0.6006148256915376, 0.5704665916609406, 0.5617427417845691, 0.581211966023349, 0.5474110458537416, 0.6085280455425198, 0.5556974686250356, 0.579021162665887, 0.61958791571087, 0.548665394407565, 0.6187323042980607, 0.6301271393304702, 0.5873183554842795, 0.5760233503455596, 0.6119165583973903, 0.5577921223761254, 0.5906781735625405], [0.5788001700658447, 0.5998208175801252, 1.0, 0.5956627764916492, 0.6086119077427392, 0.5303565425585868, 0.6153937059839529, 0.6100646258136271, 0.5872402724298413, 0.6217497260947109, 0.5660591872564001, 0.5292562340070803, 0.605651621033346, 0.5757872451112418, 0.5825784369200706, 0.5469197242267348, 0.57753861199304, 0.6222461631405521, 0.6341662458763931, 0.5741271232434645, 0.62037859141881, 0.5618650719016963, 0.5689305239414224, 0.6227027159301524, 0.60937863061812, 0.6342669922766958, 0.5873304077686556, 0.5907972302335265, 0.6488385815974936, 0.5420010280773714, 0.5489872895816286, 0.5944662347483215, 0.532187519061305, 0.5537605092296153], [0.5607318370013507, 0.5847370699671194, 0.5956627764916492, 1.0, 0.5972731287103025, 0.5733616019372936, 0.5838406285267628, 0.6363439563604798, 0.5641468630865961, 0.5857924803809725, 0.6306160187890731, 0.5732855663425077, 0.5961374138619592, 0.578415339062933, 0.5675320269097379, 0.5784857803844545, 0.620157316455048, 0.5954415252742798, 0.542305510242131, 0.5691188397200102, 0.5608207296824972, 0.5716738989489758, 0.5595362133594651, 0.5354560969559747, 0.5882465222329158, 0.6564214958590397, 0.5513453385574386, 0.6033146176753446, 0.5779456466375291, 0.5899997725989813, 0.6218361250895154, 0.5923994597662415, 0.566773878132535, 0.5615086924080802], [0.5468610278927752, 0.5614980982396182, 0.6086119077427392, 0.5972731287103025, 1.0, 0.58918322193297, 0.5973724214348894, 0.5928252321854227, 0.6390500744224086, 0.5922084361583058, 0.592895206085531, 0.5842142834752997, 0.5785536855096419, 0.6130132831990575, 0.607106416963301, 0.5854075520315423, 0.5421569932602416, 0.5806521246067081, 0.5559991722815647, 0.5739702072627494, 0.6020609056258034, 0.5497967937807582, 0.592705901591244, 0.5816585681354685, 0.5897047877754181, 0.55950286273217, 0.5609456355433758, 0.6236359222926138, 0.5857228767062274, 0.6185754046627076, 0.5644089514119319, 0.5672296627723905, 0.5833996393237414, 0.5646717560038483], [0.5477126423343442, 0.5305698436445558, 0.5303565425585868, 0.5733616019372936, 0.58918322193297, 1.0, 0.5592644755653436, 0.5769577576882382, 0.5883352304143594, 0.5089406743186926, 0.5827951908461149, 0.7561511835109938, 0.5755338705158913, 0.5963532739746343, 0.5543981170697003, 0.6090019100347075, 0.5921095857001478, 0.5039203842678887, 0.6424640917160775, 0.6440098032550405, 0.5846526786547523, 0.6214532980367827, 0.5627627605389552, 0.6052726068142685, 0.6202440977355227, 0.4564331746283058, 0.6444117300561376, 0.5787485325824144, 0.46497634566976026, 0.6711968857717022, 0.5659034812541864, 0.5637302394751313, 0.6451080815657657, 0.7193474235951474], [0.5903806259845251, 0.5981161568377407, 0.6153937059839529, 0.5838406285267628, 0.5973724214348894, 0.5592644755653436, 1.0, 0.5781994705038459, 0.6002783898646589, 0.5922874185478589, 0.6076064395485433, 0.5632897874791734, 0.6004574298136036, 0.615905999151125, 0.5918126675269154, 0.6173753784499554, 0.5634065244194285, 0.6178593343342303, 0.5931910320136453, 0.5305756671378339, 0.6127354936053239, 0.5843170728273651, 0.5699163938461308, 0.566297700615547, 0.5804315547229434, 0.6012314278461165, 0.5575538091520247, 0.6000844216939969, 0.6105386503633907, 0.6164142365911381, 0.5780101124271261, 0.5722372195722963, 0.5491903420540865, 0.5322713050354018], [0.6005601424061842, 0.5536825978883639, 0.6100646258136271, 0.6363439563604798, 0.5928252321854227, 0.5769577576882382, 0.5781994705038459, 1.0, 0.5879766589450474, 0.6349206510833146, 0.5545394733521845, 0.5385172611216322, 0.6209611070103683, 0.5816399695080144, 0.6183376913598939, 0.5849698443717162, 0.6083770096614391, 0.6377619333150395, 0.5839344452538906, 0.5594659186988994, 0.5993910504351629, 0.5792006283836334, 0.5583448097903327, 0.5615507781842843, 0.5790678464097927, 0.6091764135958901, 0.6047720466633674, 0.5745718167663475, 0.5982627367428011, 0.5451497596368814, 0.5870237548040105, 0.5867438958400312, 0.5485929189440311, 0.5657488161933534], [0.5686395276509608, 0.5715858259119696, 0.5872402724298413, 0.5641468630865961, 0.6390500744224086, 0.5883352304143594, 0.6002783898646589, 0.5879766589450474, 1.0, 0.6154458884432816, 0.5750393561278484, 0.5661750787649913, 0.5833457175097738, 0.5881398610759299, 0.5796283584335996, 0.5694846271340521, 0.5474711235322475, 0.5792981848200393, 0.5970421960127155, 0.5317935595543152, 0.6014258732716823, 0.5463957853462558, 0.5831534279545186, 0.6087307653398574, 0.6131405835231344, 0.5849461450708502, 0.5974212631687973, 0.5965415627340606, 0.6005622779783304, 0.5707359105012305, 0.5490337888508302, 0.5879912829011242, 0.5651702783896246, 0.5566919286779771], [0.5885408734156895, 0.611085167075889, 0.6217497260947109, 0.5857924803809725, 0.5922084361583058, 0.5089406743186926, 0.5922874185478589, 0.6349206510833146, 0.6154458884432816, 1.0, 0.5861705600438746, 0.5248712880978798, 0.5951363859207089, 0.6141501424342928, 0.5792892882191933, 0.5582319217030414, 0.5657198236651746, 0.6574141002060037, 0.5909601153778957, 0.5604493225343492, 0.5792539190761165, 0.5405485287467564, 0.5945875854245656, 0.5779612866197222, 0.5982860026055434, 0.6242010527491118, 0.5643310307691575, 0.6149245995544954, 0.6310615505974879, 0.5911902799001343, 0.5870137383502424, 0.5551563572157588, 0.5176598856724579, 0.5444817839984185], [0.6035012138375885, 0.5942746566695875, 0.5660591872564001, 0.6306160187890731, 0.592895206085531, 0.5827951908461149, 0.6076064395485433, 0.5545394733521845, 0.5750393561278484, 0.5861705600438746, 1.0, 0.5602863357995689, 0.6302330951008287, 0.622502101508062, 0.5585977208029361, 0.5668173907292449, 0.5995080605118521, 0.5699218159188838, 0.5628207157095283, 0.5640685588654777, 0.563463531907034, 0.6027324069106352, 0.6019549984045046, 0.606573539121336, 0.5889630397434069, 0.5752479467135416, 0.5600124390468028, 0.5845139323131617, 0.5497075895454796, 0.6065216228837197, 0.6145714927284049, 0.5888464469224273, 0.5823328023598404, 0.5927180872672666], [0.5487935464264884, 0.5727815948404852, 0.5292562340070803, 0.5732855663425077, 0.5842142834752997, 0.7561511835109938, 0.5632897874791734, 0.5385172611216322, 0.5661750787649913, 0.5248712880978798, 0.5602863357995689, 1.0, 0.5462120141690817, 0.5782417766760267, 0.571515778894082, 0.6494021144184432, 0.5823187671977275, 0.49770464890814115, 0.6538647546150019, 0.6251380854977718, 0.5992061611712268, 0.640964563380049, 0.6313744821493249, 0.5866926419138746, 0.569301057566584, 0.5113050393259667, 0.6342259881001369, 0.5856484130285441, 0.4762053287126349, 0.6138554061315469, 0.5790068986003389, 0.5658450867292405, 0.6405084497530454, 0.710143638585643], [0.5816768200772312, 0.6333857838570385, 0.605651621033346, 0.5961374138619592, 0.5785536855096419, 0.5755338705158913, 0.6004574298136036, 0.6209611070103683, 0.5833457175097738, 0.5951363859207089, 0.6302330951008287, 0.5462120141690817, 1.0, 0.6487886129268228, 0.5930764537246769, 0.5642325962711476, 0.616068127971984, 0.5599685711467418, 0.5594522155155265, 0.5978472162756404, 0.6014202281091466, 0.5622471522224921, 0.580736059240538, 0.5772805178137465, 0.5452748856385972, 0.554339107634216, 0.5629112746681666, 0.5774498854266642, 0.5972489097818192, 0.5769699212681324, 0.6097285104794181, 0.5642661808403171, 0.527365169949592, 0.5767998728587607], [0.6282196844862633, 0.5956296575601552, 0.5757872451112418, 0.578415339062933, 0.6130132831990575, 0.5963532739746343, 0.615905999151125, 0.5816399695080144, 0.5881398610759299, 0.6141501424342928, 0.622502101508062, 0.5782417766760267, 0.6487886129268228, 1.0, 0.6153599124261342, 0.54585283305682, 0.5640396369497699, 0.5469583706423213, 0.5966370757652876, 0.5613169006035187, 0.5454618244587652, 0.5628022073009074, 0.5932269689643417, 0.5785592902407045, 0.5730058641620354, 0.5591386262853747, 0.5484636302060897, 0.6076000758803582, 0.5836124898337216, 0.6019101489761736, 0.5666924565204096, 0.5830933371762597, 0.56770579507836, 0.5586322706707213], [0.6271742333970898, 0.5628609238478011, 0.5825784369200706, 0.5675320269097379, 0.607106416963301, 0.5543981170697003, 0.5918126675269154, 0.6183376913598939, 0.5796283584335996, 0.5792892882191933, 0.5585977208029361, 0.571515778894082, 0.5930764537246769, 0.6153599124261342, 1.0, 0.598686816582826, 0.618751627481832, 0.6421396838093976, 0.5645158661268183, 0.5638074234111216, 0.5750525946416428, 0.5925453964881072, 0.5485250374280349, 0.5893913906657968, 0.5393263206564546, 0.6008497816260222, 0.5884159803102537, 0.5793212819028944, 0.599901152623241, 0.559661926208248, 0.6251227080985478, 0.5846509361998791, 0.5595852552197568, 0.5610510219759777], [0.5452823877310602, 0.5663625577374075, 0.5469197242267348, 0.5784857803844545, 0.5854075520315423, 0.6090019100347075, 0.6173753784499554, 0.5849698443717162, 0.5694846271340521, 0.5582319217030414, 0.5668173907292449, 0.6494021144184432, 0.5642325962711476, 0.54585283305682, 0.598686816582826, 1.0, 0.5729319130062578, 0.5374439394625224, 0.6345116338002331, 0.5748247701716487, 0.5728303158971358, 0.6069701462896863, 0.5872427940782172, 0.5772186272109266, 0.5732384127300668, 0.577121635812399, 0.6110200776614612, 0.5400757258568546, 0.5002213728356384, 0.6406226896913914, 0.5815286356582461, 0.5758865643009156, 0.6610189324800696, 0.6649593993000024], [0.5822180653303419, 0.5958252169929169, 0.57753861199304, 0.620157316455048, 0.5421569932602416, 0.5921095857001478, 0.5634065244194285, 0.6083770096614391, 0.5474711235322475, 0.5657198236651746, 0.5995080605118521, 0.5823187671977275, 0.616068127971984, 0.5640396369497699, 0.618751627481832, 0.5729319130062578, 1.0, 0.5787355207021039, 0.5842642576212355, 0.585164619807904, 0.58346795368237, 0.6165412955351892, 0.5790488996017449, 0.573860136825008, 0.5643093577259937, 0.5863797737645534, 0.5951011773329579, 0.6051887171537771, 0.5984086223474034, 0.5544288277899897, 0.5909629660744301, 0.5892770882920133, 0.6248997587600923, 0.6321376075712339], [0.6048218395562144, 0.6006148256915376, 0.6222461631405521, 0.5954415252742798, 0.5806521246067081, 0.5039203842678887, 0.6178593343342303, 0.6377619333150395, 0.5792981848200393, 0.6574141002060037, 0.5699218159188838, 0.49770464890814115, 0.5599685711467418, 0.5469583706423213, 0.6421396838093976, 0.5374439394625224, 0.5787355207021039, 1.0, 0.56684383776419, 0.5888477776382882, 0.6401477230622777, 0.5453109037452323, 0.5708618548854352, 0.608935502221294, 0.5877294506046118, 0.6691437307192127, 0.5726190630474072, 0.5729198154869117, 0.6883196932678345, 0.526364338907075, 0.5862244068110734, 0.612382231035147, 0.5374886043625944, 0.5404156030252788], [0.5543818606071578, 0.5704665916609406, 0.6341662458763931, 0.542305510242131, 0.5559991722815647, 0.6424640917160775, 0.5931910320136453, 0.5839344452538906, 0.5970421960127155, 0.5909601153778957, 0.5628207157095283, 0.6538647546150019, 0.5594522155155265, 0.5966370757652876, 0.5645158661268183, 0.6345116338002331, 0.5842642576212355, 0.56684383776419, 1.0, 0.5655221285392846, 0.6033029922841582, 0.6278333655165832, 0.5897510454783068, 0.6362234758647957, 0.5912983923221509, 0.570838744034769, 0.6003040332732168, 0.5399669201513495, 0.5600860625938233, 0.5430172085541627, 0.5432611028294662, 0.5576523230748537, 0.6104212005990255, 0.6310647533182678], [0.5608318555265206, 0.5617427417845691, 0.5741271232434645, 0.5691188397200102, 0.5739702072627494, 0.6440098032550405, 0.5305756671378339, 0.5594659186988994, 0.5317935595543152, 0.5604493225343492, 0.5640685588654777, 0.6251380854977718, 0.5978472162756404, 0.5613169006035187, 0.5638074234111216, 0.5748247701716487, 0.585164619807904, 0.5888477776382882, 0.5655221285392846, 1.0, 0.5988224501014714, 0.5676003653916302, 0.5976641939688336, 0.5722947696693862, 0.6009069154471521, 0.5671188444456023, 0.6451989070658507, 0.5829785838460378, 0.5851056711988808, 0.5959650790620096, 0.5838532373171376, 0.6276222221484505, 0.6801131327784926, 0.6401116404446585], [0.5693897821945306, 0.581211966023349, 0.62037859141881, 0.5608207296824972, 0.6020609056258034, 0.5846526786547523, 0.6127354936053239, 0.5993910504351629, 0.6014258732716823, 0.5792539190761165, 0.563463531907034, 0.5992061611712268, 0.6014202281091466, 0.5454618244587652, 0.5750525946416428, 0.5728303158971358, 0.58346795368237, 0.6401477230622777, 0.6033029922841582, 0.5988224501014714, 1.0, 0.5942105388764501, 0.5930828271519034, 0.5545344408472347, 0.5807687719580025, 0.6147769154627117, 0.5693887418466451, 0.5238293751797825, 0.6218946472999369, 0.5829093276032706, 0.580970373774498, 0.5978035109408079, 0.5560143080189149, 0.5506820148324109], [0.5979873003716625, 0.5474110458537416, 0.5618650719016963, 0.5716738989489758, 0.5497967937807582, 0.6214532980367827, 0.5843170728273651, 0.5792006283836334, 0.5463957853462558, 0.5405485287467564, 0.6027324069106352, 0.640964563380049, 0.5622471522224921, 0.5628022073009074, 0.5925453964881072, 0.6069701462896863, 0.6165412955351892, 0.5453109037452323, 0.6278333655165832, 0.5676003653916302, 0.5942105388764501, 1.0, 0.5765182288905586, 0.6248344958726334, 0.6038683190094045, 0.5584888080778099, 0.6345942200026994, 0.5505374421950777, 0.5413644253910649, 0.6291394638458412, 0.5777786386821534, 0.5995473346102478, 0.6351788584648165, 0.6420318894436402], [0.6065991610912305, 0.6085280455425198, 0.5689305239414224, 0.5595362133594651, 0.592705901591244, 0.5627627605389552, 0.5699163938461308, 0.5583448097903327, 0.5831534279545186, 0.5945875854245656, 0.6019549984045046, 0.6313744821493249, 0.580736059240538, 0.5932269689643417, 0.5485250374280349, 0.5872427940782172, 0.5790488996017449, 0.5708618548854352, 0.5897510454783068, 0.5976641939688336, 0.5930828271519034, 0.5765182288905586, 1.0, 0.582114696885832, 0.561513028803419, 0.5989004828888826, 0.5836140631664348, 0.5739341523256222, 0.6401437744894044, 0.6046649208161662, 0.5697086256694841, 0.5868714023948461, 0.6122533706423128, 0.577049708382858], [0.5989699653949131, 0.5556974686250356, 0.6227027159301524, 0.5354560969559747, 0.5816585681354685, 0.6052726068142685, 0.566297700615547, 0.5615507781842843, 0.6087307653398574, 0.5779612866197222, 0.606573539121336, 0.5866926419138746, 0.5772805178137465, 0.5785592902407045, 0.5893913906657968, 0.5772186272109266, 0.573860136825008, 0.608935502221294, 0.6362234758647957, 0.5722947696693862, 0.5545344408472347, 0.6248344958726334, 0.582114696885832, 1.0, 0.6295466431093235, 0.5877034774381062, 0.5914420525214164, 0.5911424265405124, 0.5642828534779563, 0.5958335086855135, 0.5702013731707866, 0.5693531626295377, 0.6041712120326285, 0.5875342236681779], [0.5563033707040637, 0.579021162665887, 0.60937863061812, 0.5882465222329158, 0.5897047877754181, 0.6202440977355227, 0.5804315547229434, 0.5790678464097927, 0.6131405835231344, 0.5982860026055434, 0.5889630397434069, 0.569301057566584, 0.5452748856385972, 0.5730058641620354, 0.5393263206564546, 0.5732384127300668, 0.5643093577259937, 0.5877294506046118, 0.5912983923221509, 0.6009069154471521, 0.5807687719580025, 0.6038683190094045, 0.561513028803419, 0.6295466431093235, 1.0, 0.5858335859319387, 0.6320583020137871, 0.6308493254673365, 0.5817021538613142, 0.57716714780488, 0.6025389779055154, 0.5314274807144809, 0.625761433379975, 0.5933376280727408], [0.6221461297437164, 0.61958791571087, 0.6342669922766958, 0.6564214958590397, 0.55950286273217, 0.4564331746283058, 0.6012314278461165, 0.6091764135958901, 0.5849461450708502, 0.6242010527491118, 0.5752479467135416, 0.5113050393259667, 0.554339107634216, 0.5591386262853747, 0.6008497816260222, 0.577121635812399, 0.5863797737645534, 0.6691437307192127, 0.570838744034769, 0.5671188444456023, 0.6147769154627117, 0.5584888080778099, 0.5989004828888826, 0.5877034774381062, 0.5858335859319387, 1.0, 0.5948341860207288, 0.6058631838697989, 0.6553540849989494, 0.4933523062585636, 0.6120871660400569, 0.6249408445543244, 0.5605870475236981, 0.5351303775957569], [0.5359581002680219, 0.548665394407565, 0.5873304077686556, 0.5513453385574386, 0.5609456355433758, 0.6444117300561376, 0.5575538091520247, 0.6047720466633674, 0.5974212631687973, 0.5643310307691575, 0.5600124390468028, 0.6342259881001369, 0.5629112746681666, 0.5484636302060897, 0.5884159803102537, 0.6110200776614612, 0.5951011773329579, 0.5726190630474072, 0.6003040332732168, 0.6451989070658507, 0.5693887418466451, 0.6345942200026994, 0.5836140631664348, 0.5914420525214164, 0.6320583020137871, 0.5948341860207288, 1.0, 0.606357613932076, 0.5978187381281657, 0.5415593208027475, 0.5638233915266786, 0.5701489629153489, 0.6290393377219451, 0.6314153305348076], [0.5665049320165934, 0.6187323042980607, 0.5907972302335265, 0.6033146176753446, 0.6236359222926138, 0.5787485325824144, 0.6000844216939969, 0.5745718167663475, 0.5965415627340606, 0.6149245995544954, 0.5845139323131617, 0.5856484130285441, 0.5774498854266642, 0.6076000758803582, 0.5793212819028944, 0.5400757258568546, 0.6051887171537771, 0.5729198154869117, 0.5399669201513495, 0.5829785838460378, 0.5238293751797825, 0.5505374421950777, 0.5739341523256222, 0.5911424265405124, 0.6308493254673365, 0.6058631838697989, 0.606357613932076, 1.0, 0.647645004249968, 0.5513303952252767, 0.6068055020513855, 0.6109108381893112, 0.5955868724068868, 0.5197521711212925], [0.6484393966327783, 0.6301271393304702, 0.6488385815974936, 0.5779456466375291, 0.5857228767062274, 0.46497634566976026, 0.6105386503633907, 0.5982627367428011, 0.6005622779783304, 0.6310615505974879, 0.5497075895454796, 0.4762053287126349, 0.5972489097818192, 0.5836124898337216, 0.599901152623241, 0.5002213728356384, 0.5984086223474034, 0.6883196932678345, 0.5600860625938233, 0.5851056711988808, 0.6218946472999369, 0.5413644253910649, 0.6401437744894044, 0.5642828534779563, 0.5817021538613142, 0.6553540849989494, 0.5978187381281657, 0.647645004249968, 1.0, 0.5197553793850496, 0.5772269727167659, 0.6311384874037532, 0.542870934123335, 0.5038354337002771], [0.6471625395570801, 0.5873183554842795, 0.5420010280773714, 0.5899997725989813, 0.6185754046627076, 0.6711968857717022, 0.6164142365911381, 0.5451497596368814, 0.5707359105012305, 0.5911902799001343, 0.6065216228837197, 0.6138554061315469, 0.5769699212681324, 0.6019101489761736, 0.559661926208248, 0.6406226896913914, 0.5544288277899897, 0.526364338907075, 0.5430172085541627, 0.5959650790620096, 0.5829093276032706, 0.6291394638458412, 0.6046649208161662, 0.5958335086855135, 0.57716714780488, 0.4933523062585636, 0.5415593208027475, 0.5513303952252767, 0.5197553793850496, 1.0, 0.6247362645616018, 0.5609536920807644, 0.5605096416454534, 0.5901914608289449], [0.6453619598518359, 0.5760233503455596, 0.5489872895816286, 0.6218361250895154, 0.5644089514119319, 0.5659034812541864, 0.5780101124271261, 0.5870237548040105, 0.5490337888508302, 0.5870137383502424, 0.6145714927284049, 0.5790068986003389, 0.6097285104794181, 0.5666924565204096, 0.6251227080985478, 0.5815286356582461, 0.5909629660744301, 0.5862244068110734, 0.5432611028294662, 0.5838532373171376, 0.580970373774498, 0.5777786386821534, 0.5697086256694841, 0.5702013731707866, 0.6025389779055154, 0.6120871660400569, 0.5638233915266786, 0.6068055020513855, 0.5772269727167659, 0.6247362645616018, 1.0, 0.5856390897835663, 0.5511947985137259, 0.5575539192634307], [0.5945759446686836, 0.6119165583973903, 0.5944662347483215, 0.5923994597662415, 0.5672296627723905, 0.5637302394751313, 0.5722372195722963, 0.5867438958400312, 0.5879912829011242, 0.5551563572157588, 0.5888464469224273, 0.5658450867292405, 0.5642661808403171, 0.5830933371762597, 0.5846509361998791, 0.5758865643009156, 0.5892770882920133, 0.612382231035147, 0.5576523230748537, 0.6276222221484505, 0.5978035109408079, 0.5995473346102478, 0.5868714023948461, 0.5693531626295377, 0.5314274807144809, 0.6249408445543244, 0.5701489629153489, 0.6109108381893112, 0.6311384874037532, 0.5609536920807644, 0.5856390897835663, 1.0, 0.6042514489594211, 0.5926216197845527], [0.5896922124204219, 0.5577921223761254, 0.532187519061305, 0.566773878132535, 0.5833996393237414, 0.6451080815657657, 0.5491903420540865, 0.5485929189440311, 0.5651702783896246, 0.5176598856724579, 0.5823328023598404, 0.6405084497530454, 0.527365169949592, 0.56770579507836, 0.5595852552197568, 0.6610189324800696, 0.6248997587600923, 0.5374886043625944, 0.6104212005990255, 0.6801131327784926, 0.5560143080189149, 0.6351788584648165, 0.6122533706423128, 0.6041712120326285, 0.625761433379975, 0.5605870475236981, 0.6290393377219451, 0.5955868724068868, 0.542870934123335, 0.5605096416454534, 0.5511947985137259, 0.6042514489594211, 1.0, 0.6767630346852392], [0.5371116727465375, 0.5906781735625405, 0.5537605092296153, 0.5615086924080802, 0.5646717560038483, 0.7193474235951474, 0.5322713050354018, 0.5657488161933534, 0.5566919286779771, 0.5444817839984185, 0.5927180872672666, 0.710143638585643, 0.5767998728587607, 0.5586322706707213, 0.5610510219759777, 0.6649593993000024, 0.6321376075712339, 0.5404156030252788, 0.6310647533182678, 0.6401116404446585, 0.5506820148324109, 0.6420318894436402, 0.577049708382858, 0.5875342236681779, 0.5933376280727408, 0.5351303775957569, 0.6314153305348076, 0.5197521711212925, 0.5038354337002771, 0.5901914608289449, 0.5575539192634307, 0.5926216197845527, 0.6767630346852392, 1.0]]