[[1.0, 0.9939863581075503, 0.9587645596790095, 0.9886992054219284, 0.9886965279151854, 0.9034152063826393, 0.9942568669186937, 0.9916799170292817, 0.9826616371356923, 0.9712490156496005, 0.9838034626312373, 0.9167131458230042, 0.9674838197742848, 0.9887080077049926, 0.9859986659130271, 0.9344950440807068, 0.9283407585862159, 0.8561247872663973, 0.9698589964422616, 0.9545506827881046, 0.9563092551418395, 0.9503394162425147, 0.9876539800581033, 0.9874305332818016, 0.9906316694744929, 0.9193104951164655, 0.7292471439931532, 0.9045780488865425, 0.6745281103460758, 0.9530348891477549, 0.9854165946442076, 0.9686120345641024, 0.933563097079245, 0.9495432561268505], [0.9939863581075503, 1.0, 0.9524758351136575, 0.9886507158733386, 0.9871138263621735, 0.9028806446747188, 0.9919280610493122, 0.9906617087989417, 0.9815322425735774, 0.9642539461858557, 0.9874053322734316, 0.9134476419117448, 0.9592808331064818, 0.9832233275042581, 0.978341952468113, 0.9330714507955629, 0.9247814337413458, 0.8537936466320648, 0.9668873842164332, 0.9499507161644839, 0.9483727541699779, 0.9459071192774049, 0.9890590942871835, 0.9813606573694919, 0.9907074056553477, 0.9178302695242115, 0.7287640493010707, 0.8973264774060922, 0.6833456822885277, 0.9504156429433359, 0.9815438485479248, 0.9701543797426933, 0.9328225933366918, 0.9487156946907731], [0.9587645596790095, 0.9524758351136575, 1.0, 0.9483537798353369, 0.954031527356675, 0.9373405158060536, 0.9629864890614535, 0.9564634747059093, 0.9649901178619555, 0.9791089980280242, 0.944970859459241, 0.9506021434631731, 0.9752873167167718, 0.9584481853189126, 0.9751776951781285, 0.9558882332071654, 0.9739209805111166, 0.9115769752895183, 0.9721936143538598, 0.9800447746296411, 0.9689535641939533, 0.9825046949517584, 0.9617075126479642, 0.969774478768444, 0.9521119531409262, 0.9487957340951018, 0.7572340706985661, 0.9370876357752154, 0.6989858041319317, 0.976819114013304, 0.9592972459643045, 0.9767635692393211, 0.9641081869038735, 0.9667492870472124], [0.9886992054219284, 0.9886507158733386, 0.9483537798353369, 1.0, 0.9927823854469854, 0.8906696498544906, 0.9866347201455594, 0.993383683936696, 0.9757395267292348, 0.9682151935590516, 0.9935268419839399, 0.9078689705401282, 0.9591924016491782, 0.9897118797303873, 0.9808649109905124, 0.9245460026053968, 0.9216432221656706, 0.8498203946506607, 0.9629586149243003, 0.945147016957607, 0.9488654785848978, 0.9330758227164393, 0.9771472718523101, 0.9796868752485418, 0.9926958989080975, 0.9072379654687494, 0.7287183114056477, 0.8981182582026596, 0.6740756375493826, 0.94300970873286, 0.9913310766348267, 0.9541667440109028, 0.9179049346794562, 0.9377292771733118], [0.9886965279151854, 0.9871138263621735, 0.954031527356675, 0.9927823854469854, 1.0, 0.897251462545727, 0.9900203882759313, 0.9913337940114633, 0.9750690523278608, 0.969450773266671, 0.9935243078553597, 0.9101578514983509, 0.9607188173966897, 0.995448826498578, 0.9848654544423845, 0.9171950380958408, 0.9264075173538904, 0.8537258320012678, 0.9645170592498215, 0.9495597291541551, 0.9471243020062676, 0.9379819736255074, 0.9807451224871477, 0.9835319275072794, 0.9949617536110966, 0.9081839729119064, 0.723935076514447, 0.8915487589056439, 0.6705163539435117, 0.9442391080229715, 0.993301338521678, 0.95757550333306, 0.9212054213209508, 0.936675599793488], [0.9034152063826393, 0.9028806446747188, 0.9373405158060536, 0.8906696498544906, 0.897251462545727, 1.0, 0.9039532497736664, 0.9003338613299663, 0.896357273726019, 0.9040735746743928, 0.8895826488711903, 0.9830474509820837, 0.9025280742519592, 0.9048987956466752, 0.9177145949179654, 0.9077284167124048, 0.9336150958195735, 0.9725034314342639, 0.9176472605685817, 0.9365549115934904, 0.9052405957875009, 0.941766806171542, 0.9158560971065224, 0.9019058730880359, 0.8964572684647129, 0.9848451553684192, 0.7879867706406771, 0.9087756442196077, 0.725107722280394, 0.9533248342833971, 0.8987941744550673, 0.9298144062436415, 0.9849521008828327, 0.9696839359801445], [0.9942568669186937, 0.9919280610493122, 0.9629864890614535, 0.9866347201455594, 0.9900203882759313, 0.9039532497736664, 1.0, 0.9935602038582649, 0.9870433617154805, 0.9779927655043679, 0.9819426830052482, 0.9185789648677859, 0.9701705623653408, 0.9893044009641373, 0.9901019204966308, 0.9289618064463432, 0.933698180648863, 0.8578443931215478, 0.9741182245224903, 0.9567740561611399, 0.95973717598525, 0.9485837858284294, 0.9837859360398014, 0.9910041989129346, 0.9903456721212988, 0.9192744203637591, 0.7291152050310915, 0.8978540500728488, 0.6749578655060217, 0.9526493708854279, 0.9873243538880654, 0.9669077790308437, 0.9317166202857584, 0.949608280874491], [0.9916799170292817, 0.9906617087989417, 0.9564634747059093, 0.993383683936696, 0.9913337940114633, 0.9003338613299663, 0.9935602038582649, 1.0, 0.9855617920323326, 0.9734413139123184, 0.9888537002802055, 0.9156615590474794, 0.9704119979442277, 0.9911074338128237, 0.9860659011206235, 0.9366026347157032, 0.9346335707502115, 0.8598421288393682, 0.9723949761775762, 0.9532753378400336, 0.9587380943069688, 0.944733077280297, 0.9833351690802127, 0.9886996920321854, 0.9905987579936392, 0.9173988120744588, 0.7350831340967653, 0.9103027857352309, 0.6793371018547306, 0.9499430277902243, 0.9923531210596378, 0.9640707592750777, 0.9298410430676504, 0.9506733444547018], [0.9826616371356923, 0.9815322425735774, 0.9649901178619555, 0.9757395267292348, 0.9750690523278608, 0.896357273726019, 0.9870433617154805, 0.9855617920323326, 1.0, 0.9807488427844554, 0.9628320092009508, 0.9176265726184991, 0.9849268098618688, 0.9811086412770293, 0.9849277573588087, 0.9551758960725986, 0.9563610293263899, 0.8809863958516042, 0.9768138197570253, 0.9656147225638768, 0.9778582459797802, 0.9572752914983963, 0.979857527916601, 0.9906890077951809, 0.9702088282878791, 0.9248266448662297, 0.7559375076952769, 0.9401929552389836, 0.7020924195105606, 0.959736063732544, 0.9820399601598153, 0.9636582194375928, 0.935013378828782, 0.9534357268817705], [0.9712490156496005, 0.9642539461858557, 0.9791089980280242, 0.9682151935590516, 0.969450773266671, 0.9040735746743928, 0.9779927655043679, 0.9734413139123184, 0.9807488427844554, 1.0, 0.9562860415151828, 0.9195439999005739, 0.9822305146507666, 0.9761994585535885, 0.982402833982901, 0.9448310902295042, 0.9493290005843842, 0.8929715857623398, 0.9729617013083853, 0.9625311934059778, 0.9728823179938417, 0.9585686372284985, 0.9770819262642771, 0.9800355100786874, 0.9635998373275817, 0.9217820457071063, 0.7527480610135261, 0.936303961921951, 0.695623407121322, 0.9579508091216893, 0.9745394704860186, 0.9668345931121092, 0.9319349751632053, 0.9462739624137297], [0.9838034626312373, 0.9874053322734316, 0.944970859459241, 0.9935268419839399, 0.9935243078553597, 0.8895826488711903, 0.9819426830052482, 0.9888537002802055, 0.9628320092009508, 0.9562860415151828, 1.0, 0.9005154765774437, 0.9441920860071731, 0.9887847253421959, 0.971597858754228, 0.9069068750992945, 0.9159128263348345, 0.8441606273717344, 0.9569277723247467, 0.9388684197963229, 0.931377456208959, 0.9292766345531411, 0.9686351043188658, 0.9701075640724338, 0.993750393870599, 0.9013403014298099, 0.7175105466195782, 0.8818248500738743, 0.6650013560474187, 0.9338738582418987, 0.9894038415043062, 0.9490298727952292, 0.9132718772316044, 0.931362242381926], [0.9167131458230042, 0.9134476419117448, 0.9506021434631731, 0.9078689705401282, 0.9101578514983509, 0.9830474509820837, 0.9185789648677859, 0.9156615590474794, 0.9176265726184991, 0.9195439999005739, 0.9005154765774437, 1.0, 0.9218194313966029, 0.9183804838981798, 0.9334302115935134, 0.9366584322967249, 0.952471993849438, 0.9773385299778617, 0.9326214132989882, 0.9531232612566325, 0.9248694438345894, 0.95653430843139, 0.9308510810607141, 0.9181926697871329, 0.9067301384324353, 0.9843862361578796, 0.7846950080630298, 0.9328893484711765, 0.7216979871154334, 0.9740110398504583, 0.9131651168061268, 0.9445303494493109, 0.9860068256940684, 0.9791116764190582], [0.9674838197742848, 0.9592808331064818, 0.9752873167167718, 0.9591924016491782, 0.9607188173966897, 0.9025280742519592, 0.9701705623653408, 0.9704119979442277, 0.9849268098618688, 0.9822305146507666, 0.9441920860071731, 0.9218194313966029, 1.0, 0.9694031037198803, 0.9827244927372768, 0.9637069280130123, 0.9655865660475621, 0.9025741809431168, 0.979884709887379, 0.9677552809131947, 0.988137522415708, 0.9638933676370206, 0.9685168675878886, 0.9791322739305265, 0.9513213698410274, 0.928725852186019, 0.7666235666678526, 0.9532923717250797, 0.7095135296619796, 0.9627862058382041, 0.9676428796890378, 0.966420544639386, 0.9381345692188524, 0.9510622790846185], [0.9887080077049926, 0.9832233275042581, 0.9584481853189126, 0.9897118797303873, 0.995448826498578, 0.9048987956466752, 0.9893044009641373, 0.9911074338128237, 0.9811086412770293, 0.9761994585535885, 0.9887847253421959, 0.9183804838981798, 0.9694031037198803, 1.0, 0.9915291116724364, 0.9295021329065306, 0.9370660516034233, 0.8651901337863108, 0.9702117182225121, 0.9594884585396274, 0.959634191910665, 0.9514536550052551, 0.985205092379333, 0.9876340662769624, 0.9906359914047829, 0.9166468625537446, 0.7303695256592068, 0.9013278160203935, 0.6760326319230894, 0.9535520316261208, 0.9949508173832247, 0.9670515541155402, 0.9311071518828712, 0.9387575228620413], [0.9859986659130271, 0.978341952468113, 0.9751776951781285, 0.9808649109905124, 0.9848654544423845, 0.9177145949179654, 0.9901019204966308, 0.9860659011206235, 0.9849277573588087, 0.982402833982901, 0.971597858754228, 0.9334302115935134, 0.9827244927372768, 0.9915291116724364, 1.0, 0.9497563090643386, 0.9523434471829308, 0.8770584165549035, 0.9833898024096034, 0.9786283254595519, 0.9711165611207067, 0.9697671761048147, 0.9889472772089041, 0.9883991765168368, 0.9789862910674865, 0.9351088299696215, 0.7400056375995921, 0.9163776522593099, 0.6842801978537875, 0.9705965868266544, 0.9869198995456335, 0.9835093979177318, 0.9495860685315255, 0.9582624628824009], [0.9344950440807068, 0.9330714507955629, 0.9558882332071654, 0.9245460026053968, 0.9171950380958408, 0.9077284167124048, 0.9289618064463432, 0.9366026347157032, 0.9551758960725986, 0.9448310902295042, 0.9069068750992945, 0.9366584322967249, 0.9637069280130123, 0.9295021329065306, 0.9497563090643386, 1.0, 0.9774683968038242, 0.8991569911063653, 0.969807515192109, 0.9713441032622095, 0.9786585477555957, 0.9653779081266444, 0.9500006520270934, 0.9388178887049826, 0.9134822589130501, 0.9446580467716745, 0.8064067304781201, 0.9742018586984601, 0.760139144762646, 0.9755052304233032, 0.9284858689158682, 0.9677884575446832, 0.9560265503641662, 0.9685326257194414], [0.9283407585862159, 0.9247814337413458, 0.9739209805111166, 0.9216432221656706, 0.9264075173538904, 0.9336150958195735, 0.933698180648863, 0.9346335707502115, 0.9563610293263899, 0.9493290005843842, 0.9159128263348345, 0.952471993849438, 0.9655865660475621, 0.9370660516034233, 0.9523434471829308, 0.9774683968038242, 1.0, 0.9235099529356774, 0.9604856261504281, 0.9792175113050277, 0.9768455946531069, 0.9833471972550762, 0.9411791287543771, 0.9444336005017252, 0.9226199338994001, 0.9557250211950058, 0.7954832594683909, 0.9748180311440099, 0.7400056718005946, 0.9778853761533735, 0.935491283041546, 0.9566368946886593, 0.9654550579143322, 0.9698715281540884], [0.8561247872663973, 0.8537936466320648, 0.9115769752895183, 0.8498203946506607, 0.8537258320012678, 0.9725034314342639, 0.8578443931215478, 0.8598421288393682, 0.8809863958516042, 0.8929715857623398, 0.8441606273717344, 0.9773385299778617, 0.9025741809431168, 0.8651901337863108, 0.8770584165549035, 0.8991569911063653, 0.9235099529356774, 1.0, 0.8857254394109311, 0.9061771341041226, 0.9173321905877194, 0.9140258911470388, 0.8782962562719695, 0.8746194935608483, 0.8498547668876613, 0.973182585043333, 0.8270620906344829, 0.931613731306772, 0.758065249621645, 0.9365342159159664, 0.8671395204140164, 0.8950013125764438, 0.966334450397217, 0.9602090073844536], [0.9698589964422616, 0.9668873842164332, 0.9721936143538598, 0.9629586149243003, 0.9645170592498215, 0.9176472605685817, 0.9741182245224903, 0.9723949761775762, 0.9768138197570253, 0.9729617013083853, 0.9569277723247467, 0.9326214132989882, 0.979884709887379, 0.9702117182225121, 0.9833898024096034, 0.969807515192109, 0.9604856261504281, 0.8857254394109311, 1.0, 0.977516454719587, 0.9772078386181142, 0.9701049590839004, 0.9768092788763227, 0.9710757621709564, 0.9640538712617959, 0.9394290495066466, 0.7805351538237928, 0.9518904072173894, 0.7228833989377429, 0.9757335883225584, 0.9648034602808444, 0.9775708724409707, 0.9467267932559579, 0.9690877674051834], [0.9545506827881046, 0.9499507161644839, 0.9800447746296411, 0.945147016957607, 0.9495597291541551, 0.9365549115934904, 0.9567740561611399, 0.9532753378400336, 0.9656147225638768, 0.9625311934059778, 0.9388684197963229, 0.9531232612566325, 0.9677552809131947, 0.9594884585396274, 0.9786283254595519, 0.9713441032622095, 0.9792175113050277, 0.9061771341041226, 0.977516454719587, 1.0, 0.9676329446187858, 0.9896090257837766, 0.972071569841311, 0.960139114271467, 0.9459172356805826, 0.9559388448265337, 0.761170946295802, 0.9437105879052042, 0.7059022855604234, 0.9861455826478651, 0.9544796761103427, 0.9865301519049128, 0.9687696209229727, 0.9720324007620459], [0.9563092551418395, 0.9483727541699779, 0.9689535641939533, 0.9488654785848978, 0.9471243020062676, 0.9052405957875009, 0.95973717598525, 0.9587380943069688, 0.9778582459797802, 0.9728823179938417, 0.931377456208959, 0.9248694438345894, 0.988137522415708, 0.959634191910665, 0.9711165611207067, 0.9786585477555957, 0.9768455946531069, 0.9173321905877194, 0.9772078386181142, 0.9676329446187858, 1.0, 0.967585763487896, 0.959624689327239, 0.9685581726763511, 0.9383138243281248, 0.9334292935080967, 0.7958939219412379, 0.9720347367116212, 0.7441687543044713, 0.9677587631711904, 0.9575265794455586, 0.9615192461167793, 0.9426078101947278, 0.9557771711344644], [0.9503394162425147, 0.9459071192774049, 0.9825046949517584, 0.9330758227164393, 0.9379819736255074, 0.941766806171542, 0.9485837858284294, 0.944733077280297, 0.9572752914983963, 0.9585686372284985, 0.9292766345531411, 0.95653430843139, 0.9638933676370206, 0.9514536550052551, 0.9697671761048147, 0.9653779081266444, 0.9833471972550762, 0.9140258911470388, 0.9701049590839004, 0.9896090257837766, 0.967585763487896, 1.0, 0.96869710965093, 0.9538573713033417, 0.9362736058152102, 0.9575992491652706, 0.7602525005925181, 0.9466171045190218, 0.7015569361005658, 0.9847948887754004, 0.9480429155672854, 0.984883398708587, 0.9698347570208772, 0.9730264053602449], [0.9876539800581033, 0.9890590942871835, 0.9617075126479642, 0.9771472718523101, 0.9807451224871477, 0.9158560971065224, 0.9837859360398014, 0.9833351690802127, 0.979857527916601, 0.9770819262642771, 0.9686351043188658, 0.9308510810607141, 0.9685168675878886, 0.985205092379333, 0.9889472772089041, 0.9500006520270934, 0.9411791287543771, 0.8782962562719695, 0.9768092788763227, 0.972071569841311, 0.959624689327239, 0.96869710965093, 1.0, 0.9846164003476955, 0.9756745146759231, 0.9331778233255839, 0.7386399797872126, 0.9130270221906336, 0.6872113847975607, 0.9692931546201456, 0.9821026088756736, 0.9842681325823548, 0.9480573153619261, 0.953135057878059], [0.9874305332818016, 0.9813606573694919, 0.969774478768444, 0.9796868752485418, 0.9835319275072794, 0.9019058730880359, 0.9910041989129346, 0.9886996920321854, 0.9906890077951809, 0.9800355100786874, 0.9701075640724338, 0.9181926697871329, 0.9791322739305265, 0.9876340662769624, 0.9883991765168368, 0.9388178887049826, 0.9444336005017252, 0.8746194935608483, 0.9710757621709564, 0.960139114271467, 0.9685581726763511, 0.9538573713033417, 0.9846164003476955, 1.0, 0.9773870405691, 0.918934783663235, 0.7384138885719094, 0.9205456847024315, 0.6829189323680811, 0.9553152634961191, 0.9896305063553773, 0.9656377725342906, 0.9314847820980608, 0.9472768994284522], [0.9906316694744929, 0.9907074056553477, 0.9521119531409262, 0.9926958989080975, 0.9949617536110966, 0.8964572684647129, 0.9903456721212988, 0.9905987579936392, 0.9702088282878791, 0.9635998373275817, 0.993750393870599, 0.9067301384324353, 0.9513213698410274, 0.9906359914047829, 0.9789862910674865, 0.9134822589130501, 0.9226199338994001, 0.8498547668876613, 0.9640538712617959, 0.9459172356805826, 0.9383138243281248, 0.9362736058152102, 0.9756745146759231, 0.9773870405691, 1.0, 0.9075907864829479, 0.7216201055337224, 0.8880403105635651, 0.6685299500866312, 0.9408708639572466, 0.988846911409105, 0.9564772333219739, 0.9204477620969793, 0.938007712764765], [0.9193104951164655, 0.9178302695242115, 0.9487957340951018, 0.9072379654687494, 0.9081839729119064, 0.9848451553684192, 0.9192744203637591, 0.9173988120744588, 0.9248266448662297, 0.9217820457071063, 0.9013403014298099, 0.9843862361578796, 0.928725852186019, 0.9166468625537446, 0.9351088299696215, 0.9446580467716745, 0.9557250211950058, 0.973182585043333, 0.9394290495066466, 0.9559388448265337, 0.9334292935080967, 0.9575992491652706, 0.9331778233255839, 0.918934783663235, 0.9075907864829479, 1.0, 0.7955312342129601, 0.9376450297860028, 0.7400233592020535, 0.9700679831761765, 0.9126927042849405, 0.9474649995181821, 0.9900508823049213, 0.9839175819910216], [0.7292471439931532, 0.7287640493010707, 0.7572340706985661, 0.7287183114056477, 0.723935076514447, 0.7879867706406771, 0.7291152050310915, 0.7350831340967653, 0.7559375076952769, 0.7527480610135261, 0.7175105466195782, 0.7846950080630298, 0.7666235666678526, 0.7303695256592068, 0.7400056375995921, 0.8064067304781201, 0.7954832594683909, 0.8270620906344829, 0.7805351538237928, 0.761170946295802, 0.7958939219412379, 0.7602525005925181, 0.7386399797872126, 0.7384138885719094, 0.7216201055337224, 0.7955312342129601, 1.0, 0.8355726698942495, 0.9287373427023049, 0.7698116977340855, 0.7300334416533759, 0.7504220219400695, 0.7763815179738736, 0.791247998674714], [0.9045780488865425, 0.8973264774060922, 0.9370876357752154, 0.8981182582026596, 0.8915487589056439, 0.9087756442196077, 0.8978540500728488, 0.9103027857352309, 0.9401929552389836, 0.936303961921951, 0.8818248500738743, 0.9328893484711765, 0.9532923717250797, 0.9013278160203935, 0.9163776522593099, 0.9742018586984601, 0.9748180311440099, 0.931613731306772, 0.9518904072173894, 0.9437105879052042, 0.9720347367116212, 0.9466171045190218, 0.9130270221906336, 0.9205456847024315, 0.8880403105635651, 0.9376450297860028, 0.8355726698942495, 1.0, 0.7681913250189976, 0.9568034440964772, 0.9056598977853664, 0.9312656625197517, 0.9419919671223057, 0.9536456251448713], [0.6745281103460758, 0.6833456822885277, 0.6989858041319317, 0.6740756375493826, 0.6705163539435117, 0.725107722280394, 0.6749578655060217, 0.6793371018547306, 0.7020924195105606, 0.695623407121322, 0.6650013560474187, 0.7216979871154334, 0.7095135296619796, 0.6760326319230894, 0.6842801978537875, 0.760139144762646, 0.7400056718005946, 0.758065249621645, 0.7228833989377429, 0.7059022855604234, 0.7441687543044713, 0.7015569361005658, 0.6872113847975607, 0.6829189323680811, 0.6685299500866312, 0.7400233592020535, 0.9287373427023049, 0.7681913250189976, 1.0, 0.7085116444603595, 0.6757446847998723, 0.6929864650805609, 0.7250430281202385, 0.7298625517548094], [0.9530348891477549, 0.9504156429433359, 0.976819114013304, 0.94300970873286, 0.9442391080229715, 0.9533248342833971, 0.9526493708854279, 0.9499430277902243, 0.959736063732544, 0.9579508091216893, 0.9338738582418987, 0.9740110398504583, 0.9627862058382041, 0.9535520316261208, 0.9705965868266544, 0.9755052304233032, 0.9778853761533735, 0.9365342159159664, 0.9757335883225584, 0.9861455826478651, 0.9677587631711904, 0.9847948887754004, 0.9692931546201456, 0.9553152634961191, 0.9408708639572466, 0.9700679831761765, 0.7698116977340855, 0.9568034440964772, 0.7085116444603595, 1.0, 0.9500520366494591, 0.9858770075487944, 0.9791410591209954, 0.9831897355958963], [0.9854165946442076, 0.9815438485479248, 0.9592972459643045, 0.9913310766348267, 0.993301338521678, 0.8987941744550673, 0.9873243538880654, 0.9923531210596378, 0.9820399601598153, 0.9745394704860186, 0.9894038415043062, 0.9131651168061268, 0.9676428796890378, 0.9949508173832247, 0.9869198995456335, 0.9284858689158682, 0.935491283041546, 0.8671395204140164, 0.9648034602808444, 0.9544796761103427, 0.9575265794455586, 0.9480429155672854, 0.9821026088756736, 0.9896305063553773, 0.988846911409105, 0.9126927042849405, 0.7300334416533759, 0.9056598977853664, 0.6757446847998723, 0.9500520366494591, 1.0, 0.9614991091668973, 0.9251899702284995, 0.9367549446649388], [0.9686120345641024, 0.9701543797426933, 0.9767635692393211, 0.9541667440109028, 0.95757550333306, 0.9298144062436415, 0.9669077790308437, 0.9640707592750777, 0.9636582194375928, 0.9668345931121092, 0.9490298727952292, 0.9445303494493109, 0.966420544639386, 0.9670515541155402, 0.9835093979177318, 0.9677884575446832, 0.9566368946886593, 0.8950013125764438, 0.9775708724409707, 0.9865301519049128, 0.9615192461167793, 0.984883398708587, 0.9842681325823548, 0.9656377725342906, 0.9564772333219739, 0.9474649995181821, 0.7504220219400695, 0.9312656625197517, 0.6929864650805609, 0.9858770075487944, 0.9614991091668973, 1.0, 0.9639338873565699, 0.9637738033082729], [0.933563097079245, 0.9328225933366918, 0.9641081869038735, 0.9179049346794562, 0.9212054213209508, 0.9849521008828327, 0.9317166202857584, 0.9298410430676504, 0.935013378828782, 0.9319349751632053, 0.9132718772316044, 0.9860068256940684, 0.9381345692188524, 0.9311071518828712, 0.9495860685315255, 0.9560265503641662, 0.9654550579143322, 0.966334450397217, 0.9467267932559579, 0.9687696209229727, 0.9426078101947278, 0.9698347570208772, 0.9480573153619261, 0.9314847820980608, 0.9204477620969793, 0.9900508823049213, 0.7763815179738736, 0.9419919671223057, 0.7250430281202385, 0.9791410591209954, 0.9251899702284995, 0.9639338873565699, 1.0, 0.984104950672371], [0.9495432561268505, 0.9487156946907731, 0.9667492870472124, 0.9377292771733118, 0.936675599793488, 0.9696839359801445, 0.949608280874491, 0.9506733444547018, 0.9534357268817705, 0.9462739624137297, 0.931362242381926, 0.9791116764190582, 0.9510622790846185, 0.9387575228620413, 0.9582624628824009, 0.9685326257194414, 0.9698715281540884, 0.9602090073844536, 0.9690877674051834, 0.9720324007620459, 0.9557771711344644, 0.9730264053602449, 0.953135057878059, 0.9472768994284522, 0.938007712764765, 0.9839175819910216, 0.791247998674714, 0.9536456251448713, 0.7298625517548094, 0.9831897355958963, 0.9367549446649388, 0.9637738033082729, 0.984104950672371, 1.0]]