[[0.9999999999999996, 0.9480800811360559, 0.9940235836213854, 0.86956923413136, 0.9665130247883663, 0.9449663063690316, 0.9558368776979542, 0.9700108345422286, 0.5159597508219104, 0.9079342623907397, 0.0, 0.9407931457327834, 0.9777057535766761, 0.9487525850447479, 0.9340673266622431, 0.8407276116106642, 0.8866901746183335, 0.6250812890385841, 0.7824068389592463, 0.8801515392715804, 0.9549948626531143, 0.9170359002355126, 0.8409380750367751, 0.9521569731122671, 0.8864534399493758, 0.7589832600987472, 0.8858371408266916, 0.9647391566062113, 0.9094424765843169, 0.9621347048071381, 0.6119225727186995, 0.9375111321083733, 0.8776880534824859, 0.9127722418148845, 0.9487312027700644, 0.8224894157056819, 0.9477551281327378, 0.6779010258772812, 0.8970333852310739, 0.9583863956743769, 0.9515803231923196, 0.8924541865214856, 0.5411351901725737, 0.6909394270364132, 0.9777751531704905, 0.9205088593789099, 0.8616000657729879, 0.6793419547682867, 0.5290417179615758, 0.3170417840912838, 0.9532570438487042, 0.9096623656529391, 0.807336280157595, 0.6901851680789843, 0.8629826713710153, 0.8050048128623881, 0.9164039034739418, 0.9636594931835103, 0.7840991100198779, 0.8691849475144156, 0.9444237874522518, 0.8627578944503013, 0.8281803940203551, 0.9525926443246835, 0.9430889212894916, 0.7673572269687721, 0.9128984520866464, 0.8415600653012903, 0.9869727116970193, 0.9416688373634313, 0.9476128951619432, 0.846424083777449, 0.9335208144269453, 0.9664453740486364, 0.9091102070477611, 0.8217943995700384, 0.8893997393162515, 0.9476696487667476, 0.9560708305474916, 0.8480235138132018, 0.7040725449944368, 0.9295336860220605, 0.8928990871683775, 0.8891255698280641, 0.6624128984566596, 0.4379463646665184, 0.9614904550625698, 0.8138694629736635, 0.5229644442837355, 0.9490477814338052, 0.8158699067790471, 0.748828436088118, 0.8795396749207218, 0.9487072054491057, 0.9667855905263814, 0.8998415776382997, 0.8788563407376274, 0.8648041494767843, 0.9070456550155155, 0.9519243193134884, 0.9503010527568558, 0.911749206219105, 0.7543995581571298, 0.8622139965970498], [0.9480800811360559, 0.9999999999999999, 0.9373111050432004, 0.8860822528886846, 0.9128280274491276, 0.8621144473705924, 0.9413579769055199, 0.976664202921289, 0.48752299235940755, 0.8730457593325082, 0.0, 0.8493737927811373, 0.9091257053725701, 0.9823481347575639, 0.9605495244439523, 0.9086855570392787, 0.9116729585436459, 0.567905792029649, 0.7424000074004842, 0.9379590949861139, 0.9693996377526098, 0.9399005105345167, 0.9025424605832832, 0.963642170254006, 0.9444664318650571, 0.8136226373328322, 0.8124301819354489, 0.9399735801780801, 0.9464002849860647, 0.9348783308976405, 0.5797236521716547, 0.9762133194592122, 0.8443674610559324, 0.9512094574899232, 0.9284933797742503, 0.7090998317895609, 0.9691336348106611, 0.5294703595905079, 0.8404689770904195, 0.9619259817388629, 0.9209922086694553, 0.9522536449132929, 0.4184253030468947, 0.6561243474350401, 0.9563480914907458, 0.9594976372889469, 0.8454915313436021, 0.6231445239903972, 0.5090731747292848, 0.24514817553191745, 0.9516575012479422, 0.9406632492739287, 0.6242616148803097, 0.6550185313760697, 0.8861150777965613, 0.750146627400987, 0.8825245346814278, 0.919071146578583, 0.827220903486926, 0.9212785315546297, 0.9854704975054401, 0.8266047900283122, 0.7860772749837922, 0.9268634879499889, 0.9207380328517357, 0.7244940786677849, 0.852664060985273, 0.8363936405771584, 0.9536303786850491, 0.8904255207884263, 0.9270896779508183, 0.8222697616452747, 0.8784553800693883, 0.939214655196768, 0.9515606325394005, 0.8563513968102081, 0.9422442231080967, 0.9333014523323923, 0.9119467703848962, 0.7889423417626374, 0.6499463680549659, 0.837760089091056, 0.9286057484948518, 0.8552599868143751, 0.5777321367719663, 0.47028985252668265, 0.8949238900798759, 0.8688456826054809, 0.4596540796505943, 0.9285165306398541, 0.7562644610896689, 0.7434908208109839, 0.866037006844251, 0.9515360535431875, 0.9388707730338591, 0.9038961959504266, 0.8586998182052062, 0.9059506165766252, 0.8818692014374306, 0.9039077501642919, 0.9029602918736154, 0.9627230897417476, 0.5833290265962433, 0.8384626499443326], [0.9940235836213854, 0.9373111050432004, 1.0000000000000004, 0.8662879795604204, 0.9680238370262697, 0.9469410468725128, 0.9487932919260854, 0.9641665742662516, 0.5145491778515304, 0.8977323131280015, 0.0, 0.9458452704921547, 0.9827148258960959, 0.9398340469422931, 0.9275827860327941, 0.8347811313970921, 0.8874564623744237, 0.622358092860424, 0.7727368000386606, 0.8671181548768602, 0.9458978246369525, 0.907097251771018, 0.8320919350561308, 0.946872982335665, 0.8751408274280507, 0.7588704911041949, 0.8813446328251121, 0.9555667247594269, 0.9036164117479223, 0.9499207797821205, 0.6086126796434626, 0.9267642577505956, 0.8751353550172196, 0.9025083707126073, 0.9392963735186401, 0.8241087047423528, 0.9435125716514163, 0.6833085621985574, 0.900252802361789, 0.9511137723664367, 0.9481473783248044, 0.8784904372521294, 0.5457100841091619, 0.6883017541005104, 0.9703885171385759, 0.9074230986327821, 0.8558628263714041, 0.6829135414772003, 0.5277786663103881, 0.319722135622704, 0.944054239121578, 0.9092260743746468, 0.8141617055225637, 0.685814583077677, 0.8582751846931028, 0.8011389782406642, 0.9142129634236522, 0.959629611811938, 0.7839078087452632, 0.8625277202463968, 0.9371310905946136, 0.8548838071459831, 0.8254082979271735, 0.9497874656235035, 0.9389125883529547, 0.7603102371859844, 0.9136804004545551, 0.8313122715736764, 0.9819493776981633, 0.9423395467977334, 0.9344842581794919, 0.8441086649154612, 0.9320425902618587, 0.9589900187613989, 0.891642588062772, 0.8224161469389702, 0.8776631522667887, 0.9406858731468253, 0.9467892870643735, 0.8448077693752079, 0.6975281360646461, 0.9348438544011894, 0.8931543986312246, 0.8826074685090777, 0.6631483921958056, 0.42069872765176397, 0.9595144315961175, 0.8154688756384245, 0.5227943357606872, 0.9503203027608872, 0.8129995493357138, 0.752695345838898, 0.8769003787224687, 0.9467243921309048, 0.9654783842135838, 0.8955788152781633, 0.8716694878581939, 0.8552171147024832, 0.9033691238521232, 0.9514618281636577, 0.9508304285744607, 0.9055053752512274, 0.7607774430684353, 0.8588648435917089], [0.86956923413136, 0.8860822528886846, 0.8662879795604204, 0.9999999999999999, 0.8823303160055781, 0.7825859992969031, 0.9064445858640925, 0.9250886999283259, 0.5479030604345161, 0.7022507519912706, 0.0, 0.8046070454139936, 0.8758028632034933, 0.8985601255021769, 0.9497169281701533, 0.8942917934973158, 0.8814901174893969, 0.6124840746997253, 0.8062276214796753, 0.8919901452774239, 0.8760511587161132, 0.9312873461058455, 0.9303759952605349, 0.9099801867011084, 0.8883677802827018, 0.9336490776135002, 0.7253512896308826, 0.8775385763565203, 0.9529960786444232, 0.8076810499996191, 0.6697276621798107, 0.9004091725320654, 0.8689942800344769, 0.8274004227337445, 0.8725044867617378, 0.5849834469131848, 0.9387181741197025, 0.5450593453374014, 0.8964178734895369, 0.8955609931441159, 0.906929126551219, 0.8789520671028376, 0.5216670934192265, 0.7733352494360748, 0.898429490192877, 0.9253684553380583, 0.8074793911938135, 0.7338153697953449, 0.6075659246543841, 0.36798970628773725, 0.8107426436818345, 0.8757933304479897, 0.5153848550472018, 0.6798559369442903, 0.944975295958691, 0.7162979622187498, 0.919482027583173, 0.893318015610204, 0.9187246577400169, 0.9297193163235622, 0.8903008586642691, 0.7589585018010243, 0.8532031061758397, 0.8670675003370752, 0.8706442540711689, 0.79197300376045, 0.8591334302234728, 0.9231508848955446, 0.8917048216728464, 0.8908885953628797, 0.8507297996080985, 0.8943306584025851, 0.8148079786966704, 0.8334331017745076, 0.8367590208109749, 0.9602846944109243, 0.864544226753915, 0.8357789226121002, 0.8411427386854993, 0.7946192184785394, 0.6462977410531777, 0.8155183967500627, 0.9374123493690534, 0.7636148183190993, 0.5911045839701833, 0.6261433423083556, 0.7779945248810685, 0.9088323148447681, 0.5176086603671045, 0.8887769757003576, 0.698009882327637, 0.8591454445669698, 0.9570643673849843, 0.911999025599666, 0.881684146197909, 0.6874896560434397, 0.8994644444495125, 0.7930495123680823, 0.8838497347422012, 0.8811654890705699, 0.8112278040242563, 0.9301788541573938, 0.5059154634026571, 0.7665369630302545], [0.9665130247883663, 0.9128280274491276, 0.9680238370262697, 0.8823303160055781, 1.0, 0.9378916481110934, 0.9501905016229613, 0.9468562338966613, 0.5172871330709623, 0.8776705851456787, 0.0, 0.9452111917074927, 0.9623585707840204, 0.9080789667687444, 0.9203447891431358, 0.793291744226465, 0.8639192710634692, 0.6202803809035654, 0.7907718278281539, 0.8284369598298015, 0.9153399955490238, 0.9003571311840757, 0.8115944364356066, 0.9370849732827649, 0.8381681413505764, 0.7770470451869377, 0.8825582709364309, 0.9524392784373312, 0.8939834155895497, 0.9115996835113631, 0.6108045094955701, 0.9043202793482301, 0.8903124348057391, 0.8644669005531948, 0.942162467320975, 0.8431615782365454, 0.9387720046479597, 0.7037604395718872, 0.9160984689248981, 0.9322153353814027, 0.9393328700228897, 0.8557695503329071, 0.5504416592359911, 0.6894632996707749, 0.94381609116145, 0.8860925466999562, 0.840816081285658, 0.690987547394823, 0.531322390998132, 0.3342967499057874, 0.9062978177072974, 0.854886579169172, 0.7911663043284807, 0.6793303968236747, 0.8656652231882722, 0.7866945488575691, 0.923455694597272, 0.9516497910237067, 0.7736254607692522, 0.8431732066963489, 0.9080654448495842, 0.8411647763247111, 0.8361845260598479, 0.9435931934749244, 0.9209375833955928, 0.7590435241549588, 0.9178816300855865, 0.8683128135664125, 0.9656883343641921, 0.9551539911542959, 0.9407641690362735, 0.8349336196913321, 0.9344496720260613, 0.9468885309752919, 0.8562510896604631, 0.835057152363029, 0.8349524680301685, 0.9250446226732331, 0.9332775213308495, 0.8350909171664763, 0.69582686955889, 0.947469550257895, 0.8665258312097565, 0.8745103939369746, 0.661701675566817, 0.5008335130812587, 0.9390275520088713, 0.785289317561935, 0.5305070975207488, 0.9432242862665777, 0.7866805689161992, 0.7329732306811971, 0.9048061121206267, 0.916324042354809, 0.9633817038120388, 0.8655981868415643, 0.8744506044843295, 0.8150644813298106, 0.896495913434119, 0.933559148531614, 0.9327416766990362, 0.8929918108428194, 0.7954576749091155, 0.8514049307941368], [0.9449663063690316, 0.8621144473705924, 0.9469410468725128, 0.7825859992969031, 0.9378916481110934, 0.9999999999999997, 0.8814247887583299, 0.9079134300909192, 0.5579018511842166, 0.9153201375421741, 0.0, 0.9678889344460418, 0.9327771632748006, 0.8548867874166033, 0.8288146594841519, 0.7065356218994256, 0.7858081300581297, 0.7284070590368656, 0.8491629973575991, 0.7594552696969059, 0.8789241341926306, 0.8576565487476256, 0.691532796446507, 0.8615438095666552, 0.7739043535557842, 0.5924093050366894, 0.9226454217176919, 0.9184712310011635, 0.7759296086745014, 0.9228300030105069, 0.6642073827313525, 0.8487523373773604, 0.8993881958276972, 0.8410762711469776, 0.9453137885551607, 0.9361051278409764, 0.858690442571676, 0.8575604489399626, 0.9053201746231858, 0.9189462849281597, 0.9491009614159914, 0.7926637315988384, 0.6714857045172681, 0.7373477349309457, 0.9049051538346181, 0.8436383841518549, 0.8677168214437143, 0.7633428877191432, 0.5468398977507938, 0.441218977169496, 0.9086682280982415, 0.8146667744726258, 0.880071124116701, 0.7154895129350588, 0.7211372893004714, 0.9057930485192698, 0.8994585161227414, 0.8952350121895142, 0.6248552298340754, 0.7358496762588566, 0.8556711786786062, 0.9352972229719675, 0.8768927686329477, 0.9581048598225389, 0.9189719075045975, 0.808381776041058, 0.9602164803679427, 0.793271662266401, 0.9243357153323972, 0.9594543508079825, 0.935803608586926, 0.8449872018074183, 0.983674446079942, 0.9596949508549644, 0.8461946259217148, 0.6816115575970276, 0.7860823433300337, 0.9313526144246326, 0.9585205178429157, 0.9182993348736385, 0.8167278942339788, 0.9554039254259957, 0.7758146629336091, 0.9565079986204265, 0.7630604730941488, 0.3019657821323751, 0.9774537259340742, 0.6665344583412938, 0.6197017236659506, 0.9464650392931258, 0.852164806760098, 0.7123573794652563, 0.8473012921564539, 0.8578493938384619, 0.9262161109055326, 0.9005215119948831, 0.8907572290559488, 0.7933888416910976, 0.9170492459771838, 0.9569721711022973, 0.9789845067997031, 0.7979691382835716, 0.8684619485132514, 0.8733361215467543], [0.9558368776979542, 0.9413579769055199, 0.9487932919260854, 0.9064445858640925, 0.9501905016229613, 0.8814247887583299, 1.0, 0.959448111886084, 0.48458791984751914, 0.883200566704625, 0.0, 0.8852568102728068, 0.9361932801614379, 0.9451683634272813, 0.9418404946305495, 0.8407420699774381, 0.8827810453804258, 0.5681428146027401, 0.7668077762135512, 0.8763021906191726, 0.9459510033972794, 0.928701255526842, 0.8688530193053123, 0.9707166519294816, 0.8944319355954498, 0.8353753219753383, 0.8523949515755699, 0.9278334294717158, 0.9368645131667864, 0.9168093523219192, 0.5830070811431028, 0.936681220962066, 0.8669547718498289, 0.8884916730348592, 0.9249471220951103, 0.7331477411948726, 0.9585206618262936, 0.58605044818917, 0.870032160629396, 0.9393553639503297, 0.9200499688957446, 0.9152848153603227, 0.46313893108950144, 0.6648120704593107, 0.9522237483772961, 0.9154338177232533, 0.8302196640100343, 0.640758185382424, 0.5184267051056465, 0.2713451197803615, 0.9273633069506159, 0.8889112695511803, 0.6909712556352495, 0.6601276407366572, 0.9156531326363223, 0.7228936537596506, 0.8932206395007894, 0.9641267340449562, 0.824315746642105, 0.898111487646517, 0.9382804798818902, 0.7939520090345423, 0.7985045721432237, 0.9054445647202045, 0.8882625229723753, 0.738329645598805, 0.8620382439643466, 0.8947282503938887, 0.9697445099329441, 0.9107642784904476, 0.9253106179825193, 0.8231072616119697, 0.8852183319264587, 0.9240966743238603, 0.8712460243362397, 0.8741728214735589, 0.8795415331478936, 0.9151583434506475, 0.9145808533695311, 0.776118805223065, 0.645576466808203, 0.8692683486799, 0.8891064105356873, 0.8319007718190494, 0.596880693168723, 0.6108880704959528, 0.904832993400156, 0.824812202204281, 0.4779916038348902, 0.9147987851392794, 0.7632595028104522, 0.7240496315217552, 0.8969142977741706, 0.9360051613308972, 0.942459184011175, 0.8504340940464722, 0.8607408266393687, 0.8591409615242364, 0.8833114035815041, 0.9041480920239631, 0.892334359527474, 0.9323084965974708, 0.6456645424738696, 0.8364615484464625], [0.9700108345422286, 0.976664202921289, 0.9641665742662516, 0.9250886999283259, 0.9468562338966613, 0.9079134300909192, 0.959448111886084, 1.0000000000000002, 0.5290067913826291, 0.890446244740248, 0.0, 0.8992435821110122, 0.9567944966897861, 0.9848580304772755, 0.9786754151487298, 0.912241009224515, 0.9407363884833748, 0.6233499956772242, 0.8049406772597226, 0.9469982021590834, 0.9805118513815272, 0.9766509357687571, 0.9127852619315373, 0.9708780471154519, 0.9544184598781128, 0.8280375533532478, 0.8427614082416334, 0.9715829862246402, 0.951732023239262, 0.9529170190410243, 0.6374192852718148, 0.9861081931595459, 0.896049424776884, 0.9554639963713747, 0.9653117469117279, 0.7550845078886805, 0.9873523922779961, 0.6237093702222708, 0.9073886241242705, 0.9882522957668755, 0.9662048680695308, 0.9576398938888535, 0.5008092492617614, 0.7236702611401671, 0.9825667375026842, 0.9736910703465854, 0.8912811475353619, 0.7120036248534419, 0.5586785574483898, 0.31955872535641533, 0.9611979265224315, 0.951960288343732, 0.6805999435684664, 0.6975985524120762, 0.9115647525952475, 0.8045762640025339, 0.9367207480793411, 0.952337768949441, 0.8575942239021661, 0.941650371602973, 0.9834187813346963, 0.8707275622708832, 0.8529333302303929, 0.9613293511827647, 0.9591165798174901, 0.7727516273810922, 0.9174602156381917, 0.8667137639208291, 0.9718738604199325, 0.9466822671925689, 0.950075436463816, 0.8739638917732436, 0.9233144707070028, 0.9625463260884137, 0.9485525620258171, 0.8853924952237953, 0.9558024587851779, 0.9668896911810391, 0.9521897673122113, 0.855773091138369, 0.7222758811112846, 0.8990727354258992, 0.9509936106892862, 0.8843681653221734, 0.6362439882234823, 0.46031402774603747, 0.9312055978090499, 0.8914704414908333, 0.5206046211827816, 0.9669946362612203, 0.7962666537375056, 0.8062972788094431, 0.9127007838298489, 0.980479786643202, 0.9791001558975767, 0.8824042992904302, 0.914524418014141, 0.925635846035896, 0.9312645964552598, 0.9529866347933317, 0.9353746895403, 0.9703051504370022, 0.652315821205407, 0.8616359525906286], [0.5159597508219104, 0.48752299235940755, 0.5145491778515304, 0.5479030604345161, 0.5172871330709623, 0.5579018511842166, 0.48458791984751914, 0.5290067913826291, 1.0000000000000004, 0.4903623641871184, 0.0, 0.5247524727818415, 0.5095723873759218, 0.48538212744895204, 0.47571631771941825, 0.41321775534731053, 0.451439823994684, 0.7044914798178663, 0.6086817085466576, 0.44015112703385584, 0.4918201365440493, 0.548874130705407, 0.4115882625708435, 0.48396087053699255, 0.44677429603629165, 0.35806090308683003, 0.7511122210198792, 0.5125893835229659, 0.4506630603143642, 0.5057285597000406, 0.9487340089405257, 0.4839054228499635, 0.6150735761462521, 0.47433778700917306, 0.5391772906060036, 0.5008549598401747, 0.4904999528340852, 0.5447910336543742, 0.5234725022061876, 0.5316392159398697, 0.6825627806558333, 0.4558255402567467, 0.6697347043429653, 0.7138139251389948, 0.5043378132640157, 0.49645587813111536, 0.8164448827070164, 0.6140861307373987, 0.9886517144693934, 0.9190346340858332, 0.5006725600778039, 0.45640782241333366, 0.4454873302222258, 0.9692746135006431, 0.42083260281597823, 0.5432349145624908, 0.5246528982120876, 0.49130709513058346, 0.37600777602356256, 0.4318433631870587, 0.48667583979265555, 0.5853338217789507, 0.5775900423157523, 0.5464842275214994, 0.5186144523007421, 0.7118093529039852, 0.5778943569736731, 0.5381911000795536, 0.507892102268851, 0.574135910108071, 0.5228320036495986, 0.693646654486911, 0.5583010177379149, 0.529600373812044, 0.4837404661762002, 0.40859404552457756, 0.45453869813197745, 0.5204217507791403, 0.5363805635509457, 0.5531288177409764, 0.6159637443515095, 0.521366546125851, 0.4518287421541291, 0.5808372987410294, 0.9320485454400359, 0.17861850696491563, 0.526130663326966, 0.3986090180209853, 0.9712399395104289, 0.5391558247915453, 0.8769729181689844, 0.8266799872071681, 0.5157593876940075, 0.4833362308629765, 0.5151033369999825, 0.48781754956995593, 0.5735259428625084, 0.44976806863322205, 0.6146438158501307, 0.5482928271776595, 0.5541789977184145, 0.46379996088989967, 0.44693332421029675, 0.8222366471802153], [0.9079342623907397, 0.8730457593325082, 0.8977323131280015, 0.7022507519912706, 0.8776705851456787, 0.9153201375421741, 0.883200566704625, 0.890446244740248, 0.4903623641871184, 1.0000000000000002, 0.0, 0.8689735509304112, 0.8663009324796245, 0.8733817849451523, 0.8035120490131348, 0.6823927328535961, 0.7846039260548562, 0.653467380226997, 0.7175182398992566, 0.7738232433574518, 0.9003174535359126, 0.8565386156643233, 0.6610707610280303, 0.8759681071456842, 0.7982675814146359, 0.5384310734767945, 0.9120137864480494, 0.884021785286354, 0.7496581074104869, 0.9379698464555158, 0.5942519563966822, 0.8751547213924884, 0.823933230476688, 0.8770451480327911, 0.9128338960921396, 0.8594977140524318, 0.8505234586311431, 0.6823040713022404, 0.7630078928106155, 0.9072279939804933, 0.8859919507984121, 0.8500379686113358, 0.5392054203479305, 0.6497282846662303, 0.8830569028126708, 0.8194881701529765, 0.857678209627063, 0.6032049260328909, 0.47744093279872135, 0.31591116520121487, 0.9463959296369031, 0.7887137623274978, 0.8044571970373665, 0.666828863924469, 0.6984844035547932, 0.7696571579973519, 0.7796456787590865, 0.8622415099644926, 0.5714341779286866, 0.7373980986519182, 0.8732785313672468, 0.8508538506454939, 0.7278377174884221, 0.8832572991652604, 0.847294814885654, 0.7189381080177882, 0.8376553179544765, 0.71495792079699, 0.8972296281178345, 0.8630313122402764, 0.912236538947373, 0.758164558705094, 0.9129197642558914, 0.9351155076158499, 0.85001773798839, 0.6155684435882584, 0.8252910756014562, 0.9373245114615216, 0.9126961699138049, 0.7763857860202791, 0.7395317089316841, 0.835619853889096, 0.7266602513796875, 0.8950258308859383, 0.6653578873777589, 0.2836490450882876, 0.9589930465198204, 0.6249743050925601, 0.5237839132660369, 0.8695871647701454, 0.8209431710079791, 0.6132680195306284, 0.7287262548410413, 0.8442215879492834, 0.908080677424541, 0.9384901151615948, 0.7812717545283201, 0.874834404819221, 0.8440216250301431, 0.8638855668251919, 0.9152976042790621, 0.8110106504014336, 0.7517092553834529, 0.8800539621475086], [0.0, 0.0, 0.0, 0.0, 0.0, 0.0, 0.0, 0.0, 0.0, 0.0, 0.0, 0.0, 0.0, 0.0, 0.0, 0.0, 0.0, 0.0, 0.0, 0.0, 0.0, 0.0, 0.0, 0.0, 0.0, 0.0, 0.0, 0.0, 0.0, 0.0, 0.0, 0.0, 0.0, 0.0, 0.0, 0.0, 0.0, 0.0, 0.0, 0.0, 0.0, 0.0, 0.0, 0.0, 0.0, 0.0, 0.0, 0.0, 0.0, 0.0, 0.0, 0.0, 0.0, 0.0, 0.0, 0.0, 0.0, 0.0, 0.0, 0.0, 0.0, 0.0, 0.0, 0.0, 0.0, 0.0, 0.0, 0.0, 0.0, 0.0, 0.0, 0.0, 0.0, 0.0, 0.0, 0.0, 0.0, 0.0, 0.0, 0.0, 0.0, 0.0, 0.0, 0.0, 0.0, 0.0, 0.0, 0.0, 0.0, 0.0, 0.0, 0.0, 0.0, 0.0, 0.0, 0.0, 0.0, 0.0, 0.0, 0.0, 0.0, 0.0, 0.0, 0.0], [0.9407931457327834, 0.8493737927811373, 0.9458452704921547, 0.8046070454139936, 0.9452111917074927, 0.9678889344460418, 0.8852568102728068, 0.8992435821110122, 0.5247524727818415, 0.8689735509304112, 0.0, 0.9999999999999997, 0.9463687995502489, 0.8472517430328911, 0.8472003054556189, 0.7204873898678658, 0.7762166432149601, 0.658072181813252, 0.8014820866924165, 0.7569428492091149, 0.8650905016587971, 0.8416431577736144, 0.7233108904179715, 0.8585259461438689, 0.7706109541629699, 0.6542572093207604, 0.8770409068825901, 0.9217088540267554, 0.8024824673254113, 0.9159270458262497, 0.621474819916048, 0.8403717336090643, 0.855361493959465, 0.8023998620401198, 0.9265117566324511, 0.9096793522047419, 0.8633532158213133, 0.817537074400289, 0.917392537135859, 0.9039245228344994, 0.9271000777942368, 0.785790805306771, 0.6263879188809021, 0.6946127346305222, 0.9130716004750458, 0.8378548304361698, 0.8244184881911166, 0.7223129627512817, 0.5272135645685584, 0.3919061306288223, 0.8759551056087953, 0.807261811459521, 0.8710790808858287, 0.6889156775542064, 0.7526527895211399, 0.8539589032450274, 0.9187346804798394, 0.9018669850074476, 0.6689513992951803, 0.7540513311872284, 0.8416271914417067, 0.8638095136473612, 0.8417390996380096, 0.9417633499842312, 0.9329608498765847, 0.7681592997948372, 0.9313322713853774, 0.7934449360767409, 0.9304985109580471, 0.9394129049778938, 0.9363712104400065, 0.8240371156141257, 0.9538921510425075, 0.9404916604678314, 0.8395617629977742, 0.734087084168062, 0.7734173496056657, 0.9147604679354346, 0.9479797167197703, 0.877804560893833, 0.7398047610320438, 0.9746100737770161, 0.8056917913113986, 0.8833427582608909, 0.7115553252967634, 0.3485651666571093, 0.9591420457236307, 0.7002742165609562, 0.5787487461393969, 0.9357555420560841, 0.8100767782251674, 0.7038965522746483, 0.8638020574242437, 0.863536673216909, 0.923320107548671, 0.8298379933578462, 0.8639861837209746, 0.759409941950419, 0.8890135826213343, 0.9420822401617039, 0.931657032558873, 0.8064371029582473, 0.8653807578320317, 0.8211111008268919], [0.9777057535766761, 0.9091257053725701, 0.9827148258960959, 0.8758028632034933, 0.9623585707840204, 0.9327771632748006, 0.9361932801614379, 0.9567944966897861, 0.5095723873759218, 0.8663009324796245, 0.0, 0.9463687995502489, 0.9999999999999994, 0.9263913119539682, 0.9283182470026836, 0.8351594198679336, 0.9002234165105123, 0.6047239319511624, 0.7611117427159687, 0.8651624175126695, 0.9338701655403622, 0.9024512500319464, 0.8443559678495636, 0.9262533653504166, 0.8705601683549382, 0.7748339479986357, 0.8516775958557611, 0.9553367086683731, 0.901014837624727, 0.9391815921284171, 0.6025591489532524, 0.9151445776763515, 0.8596641890255163, 0.8879408315228274, 0.9273885938638714, 0.8055309659327288, 0.9409130535591695, 0.6837307587895737, 0.9156308634879241, 0.937643794733501, 0.9418889231955107, 0.8633852983354775, 0.5405433107808538, 0.6859159684766662, 0.9634348084719065, 0.896383584711436, 0.8508328864262988, 0.6894313175858916, 0.5319388669374696, 0.3205357046358862, 0.9288405256181472, 0.9036734366194674, 0.7966730423215473, 0.6773723506532704, 0.8747943706675867, 0.7904713479691323, 0.9280836297080791, 0.9484713932388286, 0.8206467639566979, 0.8736973754363252, 0.921251417849792, 0.8395635512956698, 0.8308236641461632, 0.9416820674497997, 0.9433876163620957, 0.746018000640425, 0.9185873124694808, 0.809061716134635, 0.9708797013972883, 0.9446084118705931, 0.9129145154909799, 0.8442070031995905, 0.9186451557632551, 0.9410446160309962, 0.8683006062645852, 0.8452422834838562, 0.8755871903148921, 0.9310624112551403, 0.9430693226125, 0.8524810310049105, 0.6817163447756678, 0.9416671189450577, 0.9079575055453645, 0.8533363124500475, 0.6495586551065773, 0.3982144976991102, 0.9411387396873557, 0.842342354449901, 0.5162805559888496, 0.9437628573403147, 0.7997082026917579, 0.7767863118126999, 0.885497715754294, 0.9565995488425566, 0.9676619896575335, 0.8485242341123292, 0.8747387536171451, 0.8445021904622944, 0.8940226894917177, 0.946475185433777, 0.9389025740927646, 0.903107122548737, 0.7627133270271825, 0.8327666723151586], [0.9487525850447479, 0.9823481347575639, 0.9398340469422931, 0.8985601255021769, 0.9080789667687444, 0.8548867874166033, 0.9451683634272813, 0.9848580304772755, 0.48538212744895204, 0.8733817849451523, 0.0, 0.8472517430328911, 0.9263913119539682, 1.0000000000000002, 0.9716765598208318, 0.9171386591531585, 0.9348959581192482, 0.5586586801459565, 0.7339853505687421, 0.9542554507325121, 0.9815204906900014, 0.9608694238664734, 0.919167032659276, 0.9739883364684429, 0.9644607725698986, 0.8288269034879785, 0.7985765886961053, 0.9466831313384262, 0.9587323790553286, 0.9388720518198233, 0.5817964466388745, 0.9883365505885009, 0.8333649883808225, 0.954679261335144, 0.9322778109924947, 0.6924891373019617, 0.9800826554956162, 0.5213632439438051, 0.850757714235975, 0.9714238138650437, 0.9258074478267011, 0.9732402476423347, 0.4120184810976328, 0.6602893186930129, 0.9673526845107666, 0.9629114134727077, 0.8617997916031711, 0.6275079007290167, 0.5187106511922197, 0.24139452894223384, 0.9619812269559573, 0.9469739151178489, 0.6147030796120724, 0.6533207237567519, 0.9100249453711283, 0.7417642572592292, 0.8947815487627357, 0.9246486338156972, 0.8635349990830886, 0.9511629045356367, 0.989280133622892, 0.818822861178185, 0.7894590378808873, 0.9254537805948999, 0.931579823171853, 0.7140167992875904, 0.8586700795601767, 0.8228108647020225, 0.9525539380026055, 0.8981898733095572, 0.9180093088017548, 0.8284734015749453, 0.8756878057475996, 0.9332792412440041, 0.9458329889625913, 0.8798205076331813, 0.9673297129353959, 0.9470701849189241, 0.9185903579798999, 0.7957942635009215, 0.6472737250615443, 0.8402642105734568, 0.9495610587243213, 0.8359602460812732, 0.5697546746853166, 0.45062451418975225, 0.8934703898972801, 0.8986237008638273, 0.45706721594624733, 0.9305386793867656, 0.7584320055542324, 0.767130244612862, 0.8746779215683659, 0.969107032618037, 0.9556728599602646, 0.8756890138325144, 0.8695234368164305, 0.9379149400807536, 0.8835677034708107, 0.9076806552223291, 0.8991335242093532, 0.978569862091846, 0.5743972407218613, 0.8337866014289194], [0.9340673266622431, 0.9605495244439523, 0.9275827860327941, 0.9497169281701533, 0.9203447891431358, 0.8288146594841519, 0.9418404946305495, 0.9786754151487298, 0.47571631771941825, 0.8035120490131348, 0.0, 0.8472003054556189, 0.9283182470026836, 0.9716765598208318, 1.0, 0.9539735914517593, 0.9465980056549224, 0.5176355370091629, 0.7431404041439772, 0.9656975273338771, 0.9537837739650821, 0.9552942465224967, 0.9646076945277805, 0.9546547256355203, 0.9669621495742894, 0.9068926319089036, 0.7529508838882214, 0.9514371392699636, 0.9798622493643581, 0.9034550257153358, 0.574332239699778, 0.978896094911316, 0.8339107253279014, 0.9300153552685354, 0.9203818140616185, 0.6476555705090377, 0.9872199586200768, 0.5070575170885645, 0.8885370714170656, 0.9584763532594981, 0.918297133779968, 0.9535531053666804, 0.398536387974274, 0.6629099835799324, 0.966705180645982, 0.9748116172968331, 0.8317488177562578, 0.6416613272310547, 0.5248741671900722, 0.2379868158321639, 0.9067315595896235, 0.9561739261379456, 0.5831520057623213, 0.6414501630306972, 0.9525307196362884, 0.7311977930703711, 0.9247875627716186, 0.9412994906894209, 0.9245348990090173, 0.9752223066410006, 0.9677024591533733, 0.7872840792846163, 0.8104325541465097, 0.915905587817964, 0.9379682114996657, 0.7038955184305136, 0.8659213621600578, 0.860463427137569, 0.9449258098394675, 0.9017955359326196, 0.9112426065832517, 0.8302662624482403, 0.8526175125396964, 0.9093529033718218, 0.9337003152074992, 0.9451109752099538, 0.9551336198535738, 0.919653790244021, 0.900665460863416, 0.7977691436981511, 0.6119890896139426, 0.8610287527295633, 0.9822526169314082, 0.7956398122713647, 0.5450389025817363, 0.5394108417053229, 0.8613922538826353, 0.9449341896042798, 0.4458614900904577, 0.9322569220814758, 0.7101184268385268, 0.7999652823748724, 0.9175905913815442, 0.9780138939932346, 0.9524216137948238, 0.7972695202146697, 0.8826762165949859, 0.8961537523926377, 0.8734147705284715, 0.9142504390383691, 0.8612321652779805, 0.9816009559488414, 0.5662886020705514, 0.7849157814568424], [0.8407276116106642, 0.9086855570392787, 0.8347811313970921, 0.8942917934973158, 0.793291744226465, 0.7065356218994256, 0.8407420699774381, 0.912241009224515, 0.41321775534731053, 0.6823927328535961, 0.0, 0.7204873898678658, 0.8351594198679336, 0.9171386591531585, 0.9539735914517593, 1.0000000000000002, 0.9169096219174043, 0.4175741702935844, 0.646781415818274, 0.9799468010711926, 0.8860946392115991, 0.886888022417161, 0.9700628560742616, 0.8658268967910602, 0.9633864088288351, 0.8896753287332279, 0.6128862241280149, 0.8677201724584479, 0.9351390941403438, 0.8180285894196602, 0.5053069075328779, 0.9350360780962802, 0.732066687620317, 0.8995731309721375, 0.8202445267285698, 0.49161000631853863, 0.9213843300586539, 0.35990736278857943, 0.8021283745594633, 0.8866063621134568, 0.8290040544870156, 0.9124704157742308, 0.2844245095421197, 0.5984224639109718, 0.8909061251555804, 0.951590582308042, 0.7508532839398195, 0.5670157718008002, 0.474086888948829, 0.1666394194688473, 0.820875911174525, 0.9701412415521689, 0.4243416981367505, 0.56380450089863, 0.9058766959347236, 0.6613012948944196, 0.8360733780886932, 0.8469643808999723, 0.9283600648451693, 0.9582972120179158, 0.9182929603771383, 0.6998741491036866, 0.7262194110658111, 0.8289499793029012, 0.8785881497069468, 0.6175462558251651, 0.7659818838493672, 0.7671765459971119, 0.8484066266385725, 0.791561667631315, 0.813759561687301, 0.7564002914694483, 0.7339879356008531, 0.8199385369709475, 0.9091937456903757, 0.9115936739995133, 0.945478209738564, 0.8358497941516828, 0.7976681983677444, 0.7215646618904974, 0.5089994775152898, 0.7521495747633484, 0.9711368157542287, 0.6916406585234377, 0.4400504442938411, 0.4900467581098386, 0.7538705439419114, 0.9653336182711365, 0.36587192090739207, 0.8562119236501938, 0.6089295123333262, 0.7857375435373076, 0.8252133851551965, 0.9336021527287737, 0.8541433334236463, 0.7110604902887787, 0.8036508296965126, 0.8648552923484218, 0.7824939152650258, 0.8397373031640251, 0.7592564490222429, 0.9356449021066622, 0.39651778007489213, 0.6760219001495479], [0.8866901746183335, 0.9116729585436459, 0.8874564623744237, 0.8814901174893969, 0.8639192710634692, 0.7858081300581297, 0.8827810453804258, 0.9407363884833748, 0.451439823994684, 0.7846039260548562, 0.0, 0.7762166432149601, 0.9002234165105123, 0.9348959581192482, 0.9465980056549224, 0.9169096219174043, 1.0, 0.49391665447115984, 0.6578678613210364, 0.9389571914999341, 0.9165452833326523, 0.9157767807363492, 0.9244030065639899, 0.9146394976712355, 0.9463241577809416, 0.8406745269952323, 0.7156751786826588, 0.8989090932635992, 0.9256736119585041, 0.8579183335777144, 0.53944314037835, 0.9419223593225584, 0.7924502824706551, 0.9510167969945936, 0.8716739469886036, 0.619320504150747, 0.9592653002080261, 0.45340413438485255, 0.8279768726573933, 0.906287679917004, 0.8739831860208215, 0.9065157407120634, 0.35831233778491933, 0.6275716029095605, 0.9127537912811335, 0.9151643175128461, 0.829856222888501, 0.5901078741426126, 0.49393433733089886, 0.20992902493926033, 0.8901430890999142, 0.9434776692485795, 0.5345772279743893, 0.6031654046723851, 0.9241915606291855, 0.6760292224294885, 0.8641948743212226, 0.8857941771593402, 0.9084409687864347, 0.9495636767675447, 0.9446006506598305, 0.763548364782924, 0.7528303632573272, 0.87339362295741, 0.8868698893997884, 0.6431267813608913, 0.821361221827334, 0.7530059719649358, 0.8791609584008175, 0.8520910013270149, 0.8340907135156853, 0.7834982811193972, 0.8088273094931491, 0.8733018258646569, 0.8693707400976619, 0.8926458677733246, 0.9452544424606669, 0.8949375187503251, 0.8467749456713776, 0.7575390504235091, 0.5774626327898733, 0.8037978552516978, 0.9509052859566901, 0.7641633790116575, 0.5084521527678048, 0.41552283206628066, 0.8239239705116135, 0.9436711827431954, 0.40876123899493083, 0.8939737464892338, 0.6846604984814555, 0.7974289226547855, 0.8322082673350597, 0.9728302368392101, 0.9305787671430165, 0.8055537634343116, 0.82082035760392, 0.9147108462220348, 0.8165383793007537, 0.8602028202690117, 0.8458246680460748, 0.9512207507307088, 0.49952520962642716, 0.7694735966232182], [0.6250812890385841, 0.567905792029649, 0.622358092860424, 0.6124840746997253, 0.6202803809035654, 0.7284070590368656, 0.5681428146027401, 0.6233499956772242, 0.7044914798178663, 0.653467380226997, 0.0, 0.658072181813252, 0.6047239319511624, 0.5586586801459565, 0.5176355370091629, 0.4175741702935844, 0.49391665447115984, 0.9999999999999997, 0.7903939489704003, 0.47576483334616115, 0.5875856884176183, 0.6558512986584548, 0.39981052882402307, 0.5602266469468531, 0.4904551187923249, 0.30855149892194733, 0.7716348070496976, 0.6174609192901694, 0.46915625297489044, 0.6314537482685079, 0.8708316967521754, 0.5572643993794059, 0.7862419075214433, 0.5610003620162681, 0.6664875938209662, 0.6971226630524284, 0.5499485395363924, 0.7756547598427664, 0.6197745272242436, 0.6428846929020742, 0.7692381649931306, 0.523437646482694, 0.9603927948477139, 0.9543840970489124, 0.593972990330338, 0.5671858277335587, 0.7596677433387145, 0.8045730032410143, 0.678569747685274, 0.7287935755740239, 0.620381377135974, 0.5086599299604321, 0.6286347676505408, 0.7572070492240867, 0.42423946071968743, 0.7144220388355159, 0.608889063544817, 0.5827308864404177, 0.3391792952982947, 0.44805350159134005, 0.566027548199861, 0.7692782583226211, 0.7193001442296694, 0.6685969972789602, 0.6196197521654341, 0.951201707812332, 0.7263311949917355, 0.6383087357924087, 0.6049057601861418, 0.7110494312920127, 0.6481198529678299, 0.8873093605940193, 0.7223321259418322, 0.667211397761109, 0.5740052049495787, 0.3881096256208511, 0.513603157793021, 0.6472716122160291, 0.6754791399647615, 0.7040983444532201, 0.8537501682308717, 0.6496905547655488, 0.46862080498040315, 0.7713374662044342, 0.8104737916395114, 0.12971206426174958, 0.6799191008580161, 0.37972220749542035, 0.7491794499926308, 0.6496066092459485, 0.7952204112401935, 0.7390539945189719, 0.5849606972453294, 0.5433068782760605, 0.6182782571622996, 0.6417528677668033, 0.7004562147373277, 0.5423093335016765, 0.772670777472898, 0.6759132660916148, 0.7094968255464873, 0.5036410403977745, 0.6319405832275212, 0.7686897170080679], [0.7824068389592463, 0.7424000074004842, 0.7727368000386606, 0.8062276214796753, 0.7907718278281539, 0.8491629973575991, 0.7668077762135512, 0.8049406772597226, 0.6086817085466576, 0.7175182398992566, 0.0, 0.8014820866924165, 0.7611117427159687, 0.7339853505687421, 0.7431404041439772, 0.646781415818274, 0.6578678613210364, 0.7903939489704003, 0.9999999999999998, 0.6786693961828268, 0.7405826761936102, 0.846152077476514, 0.6503994122478093, 0.7349652455827808, 0.6869273801862273, 0.5930623858190716, 0.7880542460023274, 0.7960563124879582, 0.7059282150830971, 0.7638270454644446, 0.7487767845050081, 0.7403504237518806, 0.9415902720566601, 0.7015369107276517, 0.8360583353904695, 0.7353830389353416, 0.745501265225007, 0.8453488205390087, 0.835190606701389, 0.8228012490508614, 0.8878659449000978, 0.7045645065266372, 0.7452711862614418, 0.83535243391661, 0.7785482433169892, 0.7895490389984421, 0.7922784468262575, 0.9430115977634815, 0.6184556836819687, 0.6139885021712489, 0.735507412204142, 0.6905146174287894, 0.66028498951959, 0.7212744683491308, 0.6669266546740878, 0.8657600926764623, 0.8307847367516183, 0.7875762687438894, 0.5899202856533106, 0.6681511942880757, 0.7282847552578677, 0.9164889973461845, 0.9557988051116207, 0.8327052054660222, 0.7990797121845746, 0.8735547028206178, 0.9128908639278729, 0.8883462892572126, 0.7828212761641757, 0.8999839928300833, 0.8270318027778001, 0.8727026386800395, 0.8573374161345841, 0.8039364213040435, 0.7571598971052991, 0.6584380395409509, 0.6827692256452264, 0.7823976240657152, 0.8346430167452085, 0.8767597751153824, 0.9274090443712488, 0.8095644554797133, 0.6907272467597212, 0.9043296325975054, 0.7524672857858117, 0.42033448543415197, 0.7869588090667948, 0.609070797005076, 0.6638824352703288, 0.8285370755045472, 0.7603236777928203, 0.7530504808871715, 0.8482052587579021, 0.7252662204259682, 0.7718270438795828, 0.6868638210583308, 0.9377214989507937, 0.6637912836059856, 0.9318089960370125, 0.8590118028005095, 0.8238596461353855, 0.7055865412254515, 0.6764287414814851, 0.7684391372517501], [0.8801515392715804, 0.9379590949861139, 0.8671181548768602, 0.8919901452774239, 0.8284369598298015, 0.7594552696969059, 0.8763021906191726, 0.9469982021590834, 0.44015112703385584, 0.7738232433574518, 0.0, 0.7569428492091149, 0.8651624175126695, 0.9542554507325121, 0.9656975273338771, 0.9799468010711926, 0.9389571914999341, 0.47576483334616115, 0.6786693961828268, 1.0000000000000004, 0.9349000291976817, 0.9307288139052133, 0.9581734158856163, 0.9085867234323357, 0.987191926799921, 0.8579400315284866, 0.6816008859608017, 0.9094005748153892, 0.9365752988093408, 0.8759278977649521, 0.5421513948683927, 0.9729451971543558, 0.7699290235828281, 0.944975461252975, 0.8739876287854285, 0.5660166317294081, 0.948541179254154, 0.4143804043895108, 0.8165965845152272, 0.931945219075245, 0.8700466020637723, 0.9607671293079255, 0.32747299852152884, 0.631713991134416, 0.9283323470198974, 0.9712441232097044, 0.8109886938664803, 0.5839708353082037, 0.49466282827715524, 0.19186078743073004, 0.8851253457457702, 0.9723665435598986, 0.4885670665663249, 0.601849976845542, 0.9035862293634462, 0.6948872965574904, 0.8559836173360226, 0.877729033435337, 0.904589353717078, 0.970747253492006, 0.9542964277534001, 0.7561145814019072, 0.7499779071390884, 0.8678246949650944, 0.906106504651199, 0.6509207638686163, 0.8024525651116597, 0.7722517485737087, 0.8828727326820663, 0.8315536489894636, 0.8616246297760514, 0.7825870370950869, 0.7914787679816642, 0.8760629921338045, 0.9408564379183252, 0.8930686192652589, 0.9820041263383612, 0.8940232157095636, 0.8516880402430841, 0.7582598613058799, 0.5725650227271019, 0.7821051803017542, 0.9668156917670451, 0.7509506985623984, 0.4898206159331172, 0.4478896109782572, 0.8161641890742531, 0.9454202737630837, 0.4021635942738733, 0.88329415146499, 0.670524770894178, 0.7867663871396636, 0.8338861818728982, 0.957771423640389, 0.9027875220233595, 0.7766207400483862, 0.8313593342213431, 0.9341118313942641, 0.818295358605539, 0.8702803407377818, 0.8116039083670197, 0.9564684557845997, 0.45653191638534213, 0.7406427853139845], [0.9549948626531143, 0.9693996377526098, 0.9458978246369525, 0.8760511587161132, 0.9153399955490238, 0.8789241341926306, 0.9459510033972794, 0.9805118513815272, 0.4918201365440493, 0.9003174535359126, 0.0, 0.8650905016587971, 0.9338701655403622, 0.9815204906900014, 0.9537837739650821, 0.8860946392115991, 0.9165452833326523, 0.5875856884176183, 0.7405826761936102, 0.9349000291976817, 0.9999999999999998, 0.9542238398449074, 0.88435