[[0.0, 0.004697103409895931, 0.004541072994055373, 0.004814659763143547, 0.005071279392182326, 0.00475903460570537, 0.005021024776899363, 0.004814659763143547, 0.004864893742064558, 0.005021024776899363, 0.005009309699378628, 0.00475903460570537, 0.004920530621525865, 0.004702498945431843, 0.004814659763143547, 0.004920530621525865, 0.00486489374206478, 0.0047196025904492345, 0.00476982706514284, 0.00465319777080464, 0.004864893742064558, 0.004970775186931897, 0.005021024776899363, 0.005015625819683844, 0.004641491266852427, 0.004864893742064558, 0.00485949646218109, 0.004752721710124641, 0.004814659763143547, 0.004864893742064558, 0.00476982706514284, 0.0048200565613847335, 0.004707894538919177, 0.004653197770804862, 0.005021024776899363, 0.0048200565613847335, 0.00475903460570537, 0.004920530621525865, 0.005021024776899363, 0.004965376769581198, 0.004814659763143547, 0.00485949646218109, 0.004707894538919177, 0.0050658798950204975, 0.004920530621525865, 0.004702498945431843, 0.004764430806442954, 0.0047196025904492345, 0.004909734924381182, 0.004814659763143547, 0.005021024776899363, 0.004870291079928091, 0.005021024776899363, 0.0049590612808487755, 0.004915132743959383, 0.004920530621525865, 0.004814659763143547, 0.0047581178430533555, 0.004915132743959383, 0.004764430806443176, 0.005071279392182326, 0.005071279392182326, 0.005071279392182326, 0.004915132743959161, 0.00476982706514284, 0.0048092630228735445, 0.004915132743959161, 0.0048200565613847335, 0.004970775186931897, 0.004864893742064558, 0.00476982706514284, 0.004853182304138226, 0.004965376769581198, 0.004558171143368428, 0.004714206871209603, 0.0048092630228735445, 0.004970775186931897, 0.004970775186931897, 0.004870291079927869, 0.005021024776899363, 0.004714206871209603, 0.0048200565613847335, 0.004870291079928091, 0.004764430806442954, 0.0048200565613847335, 0.004920530621525865, 0.004864893742064558, 0.004920530621525865, 0.0047196025904492345, 0.004920530621525865, 0.004970775186931897, 0.004870291079927869, 0.0047581178430533555, 0.004915132743959383, 0.004970775186931897, 0.004803866340573615, 0.0048200565613847335, 0.00476982706514284, 0.004703415606590822, 0.0048092630228735445, 0.004814659763143547, 0.004909734924381404, 0.00455725474722346, 0.004764430806442954], [0.004697103409895931, 0.0, 0.005071279392182326, 0.004870291079928091, 0.004864893742064558, 0.0048200565613847335, 0.004908817886704719, 0.0048200565613847335, 0.004864893742064558, 0.004663987956690541, 0.0048200565613847335, 0.0048200565613847335, 0.004814659763143547, 0.0047536384629294215, 0.004970775186931897, 0.004864893742064558, 0.005071279392182326, 0.0048092630228735445, 0.004909734924381182, 0.005010226920473704, 0.004909734924381182, 0.0048200565613847335, 0.004970775186931897, 0.0048200565613847335, 0.0048092630228735445, 0.004915132743959383, 0.0048092630228735445, 0.00486489374206478, 0.005071279392182326, 0.004814659763143547, 0.004920530621525865, 0.004669383136550742, 0.004747325635155786, 0.004764430806443176, 0.004920530621525865, 0.004965376769581198, 0.004970775186931675, 0.00476982706514284, 0.004970775186931897, 0.004965376769581198, 0.004870291079927869, 0.0048092630228735445, 0.004864893742064558, 0.00485949646218109, 0.00475903460570537, 0.004920530621525865, 0.004847785150061457, 0.004915132743959161, 0.004909734924381182, 0.004920530621525865, 0.004915132743959383, 0.004657676255404697, 0.004814659763143547, 0.0048200565613847335, 0.004764430806442954, 0.004864893742064558, 0.004920530621525865, 0.004908817886704497, 0.0049590612808487755, 0.0048092630228735445, 0.004747325635156008, 0.00486489374206478, 0.0048200565613847335, 0.004908817886704719, 0.004920530621525865, 0.004970775186931897, 0.004814659763143547, 0.004814659763143769, 0.004909734924381182, 0.005015625819683844, 0.004714206871209603, 0.004920530621525865, 0.005015625819683622, 0.0047536384629294215, 0.00485949646218109, 0.00485949646218109, 0.004764430806442954, 0.005021024776899363, 0.0048200565613847335, 0.004920530621525865, 0.004803866340573615, 0.005021024776899363, 0.004965376769581198, 0.00476982706514284, 0.00475903460570537, 0.005015625819683622, 0.005021024776899363, 0.004814659763143547, 0.004915132743959161, 0.004915132743959161, 0.004814659763143547, 0.0048200565613847335, 0.0047581178430533555, 0.005021024776899363, 0.004714206871209603, 0.004864893742064558, 0.004870291079928091, 0.004965376769581198, 0.004752721710124419, 0.004965376769581198, 0.0048092630228735445, 0.004920530621525865, 0.004747325635155786, 0.005021024776899363], [0.004541072994055373, 0.005071279392182326, 0.0, 0.004814659763143547, 0.004970775186931675, 0.004613774062133258, 0.004870291079927869, 0.004870291079928091, 0.0048200565613847335, 0.004965376769581198, 0.004970775186931897, 0.005021024776899363, 0.004970775186931897, 0.004903420134965586, 0.00475903460570537, 0.004864893742064558, 0.004970775186931897, 0.004920530621525865, 0.0046585928347757655, 0.005071279392182326, 0.004959978410227661, 0.005021024776899363, 0.005021024776899363, 0.0048092630228735445, 0.005015625819683622, 0.004663987956690541, 0.004808346168560185, 0.00512153903353485, 0.004607462991756739, 0.004864893742064558, 0.004870291079928091, 0.004920530621525865, 0.0047581178430533555, 0.004904337162791039, 0.005021024776899363, 0.004920530621525865, 0.0047196025904492345, 0.00485949646218109, 0.004970775186931897, 0.004915132743959161, 0.004870291079928091, 0.00505956314304834, 0.004853182304138226, 0.004970775186931675, 0.004970775186931897, 0.00485857951619284, 0.005071279392182326, 0.004870291079928091, 0.0048200565613847335, 0.00486489374206478, 0.004764430806442732, 0.004864893742064558, 0.004903420134965586, 0.004797552881626643, 0.004920530621525865, 0.0046585928347757655, 0.005021024776899363, 0.004596674019997415, 0.00475903460570537, 0.004965376769581198, 0.00486489374206478, 0.0048092630228735445, 0.004870291079928091, 0.00475903460570537, 0.005021024776899363, 0.004920530621525865, 0.004854099240276355, 0.004915132743959161, 0.004702498945431621, 0.004864893742064558, 0.004669383136550742, 0.004897105424913173, 0.004870291079927869, 0.00476982706514284, 0.0048029494961090435, 0.004764430806442954, 0.0048092630228735445, 0.0048092630228735445, 0.004809263022873322, 0.004915132743959161, 0.004870291079927869, 0.004752721710124419, 0.004915132743959383, 0.004920530621525865, 0.00475903460570537, 0.004864893742064558, 0.0048029494961090435, 0.004915132743959383, 0.00486489374206478, 0.004814659763143547, 0.004764430806442954, 0.004915132743959161, 0.005015625819683622, 0.004870291079928091, 0.004970775186931897, 0.00476982706514284, 0.004970775186931897, 0.005015625819683844, 0.004814659763143547, 0.004764430806442954, 0.004959978410227661, 0.004814659763143547, 0.004920530621525865, 0.004920530621525865], [0.004814659763143547, 0.004870291079928091, 0.004814659763143547, 0.0, 0.004920530621525865, 0.005009309699378628, 0.004814659763143547, 0.0026100664435795284, 0.004808346168560185, 0.004814659763143547, 0.00512153903353485, 0.004959978410227661, 0.004646886205094125, 0.004908817886704719, 0.003994519062037183, 0.004808346168560185, 0.004959978410227661, 0.005015625819683844, 0.004312596071841535, 0.004903420134965586, 0.00475903460570537, 0.004714206871209603, 0.004970775186931897, 0.004864893742064558, 0.004920530621525865, 0.0048092630228735445, 0.005021024776899363, 0.004853182304138226, 0.004608379479508429, 0.005015625819683844, 0.0047581178430533555, 0.004351080125524431, 0.004602984954818812, 0.004970775186931675, 0.00486489374206478, 0.005021024776899363, 0.00398374325160078, 0.005071279392182326, 0.0046191687026946315, 0.004407576242193789, 0.0026100664435795284, 0.004959978410227661, 0.00476982706514284, 0.004903420134965586, 0.004965376769581198, 0.0045912796210183515, 0.004908817886704719, 0.004915132743959161, 0.005021024776899363, 0.005071279392182326, 0.004965376769581198, 0.0047196025904492345, 0.004965376769581198, 0.0047581178430533555, 0.004915132743959161, 0.004915132743959161, 0.004870291079928091, 0.004920530621525865, 0.00485857951619284, 0.00485857951619284, 0.005021024776899363, 0.005015625819683622, 0.004970775186931897, 0.004965376769581198, 0.004903420134965586, 0.004870291079928091, 0.004558171143368428, 0.0034941888675412702, 0.0049536629893445205, 0.004870291079928091, 0.0048200565613847335, 0.00475903460570537, 0.0048200565613847335, 0.005021024776899363, 0.004663987956690541, 0.004546466853853071, 0.005021024776899363, 0.005021024776899363, 0.00485949646218109, 0.0048200565613847335, 0.004870291079927869, 0.004915132743959383, 0.0045912796210181295, 0.004714206871209603, 0.004965376769581198, 0.00476982706514284, 0.004808346168560185, 0.004764430806443176, 0.00512153903353485, 0.004915132743959161, 0.004970775186931897, 0.004702498945431843, 0.004518754892099075, 0.004814659763143547, 0.004870291079928091, 0.004970775186931675, 0.004920530621525865, 0.004920530621525865, 0.004809263022873322, 0.004920530621525865, 0.004864893742064558, 0.004915132743959161, 0.00512153903353485, 0.005071279392182326], [0.005071279392182326, 0.004864893742064558, 0.004970775186931675, 0.004920530621525865, 0.0, 0.0047088112099238355, 0.00485857951619284, 0.0048200565613847335, 0.004809263022873322, 0.00475903460570537, 0.004965376769581198, 0.004970775186931897, 0.004870291079927869, 0.005071279392182326, 0.0048200565613847335, 0.004714206871209603, 0.004608379479508207, 0.0048092630228735445, 0.004764430806443176, 0.004908817886704719, 0.004870291079928091, 0.004646886205094125, 0.005015625819683844, 0.00475903460570537, 0.005071279392182326, 0.00485949646218109, 0.004853182304138226, 0.004959978410227661, 0.004915132743959383, 0.004853182304138226, 0.004864893742064558, 0.004747325635155786, 0.004915132743959161, 0.004909734924381182, 0.004764430806442954, 0.004752721710124641, 0.004864893742064558, 0.0044514604149972214, 0.004702498945431843, 0.004808346168560185, 0.004870291079928091, 0.004764430806442954, 0.00475903460570537, 0.004870291079928091, 0.004870291079928091, 0.004714206871209603, 0.004903420134965586, 0.004814659763143769, 0.004965376769581198, 0.004870291079927869, 0.0046585928347757655, 0.0048029494961090435, 0.005015625819683844, 0.004959978410227661, 0.004864893742064558, 0.004669383136550742, 0.0048029494961090435, 0.00485949646218109, 0.004803866340573615, 0.0050658798950207196, 0.004814659763143547, 0.004870291079928091, 0.00485857951619284, 0.004451460414996999, 0.005015625819683844, 0.00485949646218109, 0.004714206871209603, 0.004870291079928091, 0.004870291079928091, 0.00494826475583543, 0.004864893742064558, 0.004764430806443176, 0.004970775186931675, 0.0047088112099238355, 0.004859496462180868, 0.004915132743959161, 0.0048092630228735445, 0.00475903460570537, 0.00475903460570537, 0.004864893742064558, 0.004909734924381182, 0.004970775186931675, 0.004864893742064558, 0.00485857951619284, 0.004970775186931675, 0.0047536384629294215, 0.004915132743959161, 0.004970775186931897, 0.004764430806442732, 0.004764430806442954, 0.004915132743959383, 0.004920530621525865, 0.00476982706514284, 0.004959978410227661, 0.00460298495481859, 0.0047581178430533555, 0.004809263022873322, 0.004552777157879273, 0.004970775186931897, 0.004702498945431621, 0.004752721710124641, 0.004915132743959161, 0.004909734924381182, 0.0048029494961090435], [0.00475903460570537, 0.0048200565613847335, 0.004613774062133258, 0.005009309699378628, 0.0047088112099238355, 0.0, 0.0044577695254639504, 0.004602068476909693, 0.0049536629893445205, 0.004446983768710444, 0.005015625819683844, 0.004814659763143547, 0.00476982706514284, 0.004920530621525865, 0.004915132743959383, 0.004602068476909915, 0.004915132743959161, 0.00485949646218109, 0.005071279392182326, 0.0049590612808487755, 0.005021024776899363, 0.004814659763143769, 0.004814659763143547, 0.004904337162790817, 0.004764430806443176, 0.004156685052591591, 0.00451336132989244, 0.005021024776899363, 0.004859496462180868, 0.005071279392182326, 0.005009309699378628, 0.004641491266852427, 0.00475903460570537, 0.004803866340573615, 0.00475903460570537, 0.004864893742064558, 0.004557254747223682, 0.00485949646218109, 0.004909734924381182, 0.0045635651867845795, 0.004401267762248251, 0.004920530621525865, 0.004864893742064558, 0.005009309699378628, 0.004870291079928091, 0.00485949646218109, 0.0048200565613847335, 0.004970775186931897, 0.004965376769581198, 0.005071279392182326, 0.0048092630228737665, 0.004814659763143547, 0.005015625819683844, 0.004714206871209603, 0.004965376769581198, 0.004970775186931897, 0.00485949646218109, 0.004613774062133258, 0.004959978410227661, 0.005021024776899363, 0.0048092630228735445, 0.004808346168560185, 0.004920530621525865, 0.004803866340573837, 0.00485857951619284, 0.004920530621525865, 0.004915132743959161, 0.005071279392182326, 0.0047196025904492345, 0.00485949646218109, 0.0048200565613847335, 0.004920530621525865, 0.0048200565613847335, 0.004870291079928091, 0.005021024776899363, 0.004044671069332928, 0.00485949646218109, 0.004970775186931897, 0.00485857951619284, 0.00485949646218109, 0.004909734924381182, 0.00475903460570537, 0.004250719897141764, 0.004870291079927869, 0.00476982706514284, 0.004814659763143769, 0.004602068476909915, 0.004764430806443176, 0.004803866340573615, 0.0048092630228735445, 0.004714206871209381, 0.004965376769581198, 0.004814659763143547, 0.0048200565613847335, 0.00485949646218109, 0.004658592834775543, 0.00485949646218109, 0.00512153903353485, 0.004970775186931897, 0.00475903460570537, 0.004714206871209603, 0.005015625819683844, 0.004909734924381182, 0.00460298495481859], [0.005021024776899363, 0.004908817886704719, 0.004870291079927869, 0.004814659763143547, 0.00485857951619284, 0.0044577695254639504, 0.0, 0.0048092630228735445, 0.004970775186931897, 0.004870291079927869, 0.004920530621525865, 0.004920530621525865, 0.004870291079928091, 0.004970775186931897, 0.004965376769581198, 0.0048200565613847335, 0.004920530621525865, 0.004452376618132803, 0.005021024776899363, 0.00485857951619284, 0.00486489374206478, 0.004590363164466371, 0.004920530621525865, 0.004657676255404697, 0.004870291079928091, 0.00421224353399996, 0.003961449907126102, 0.004959978410227661, 0.004915132743959383, 0.0049536629893445205, 0.00485949646218109, 0.004814659763143547, 0.004814659763143547, 0.005071279392182326, 0.004864893742064558, 0.004970775186931675, 0.004613774062133258, 0.005009309699378628, 0.004920530621525865, 0.004546466853853293, 0.0048092630228735445, 0.004803866340573615, 0.00512153903353485, 0.004870291079928091, 0.005021024776899363, 0.004714206871209603, 0.0048029494961090435, 0.004764430806442954, 0.005021024776899363, 0.00485949646218109, 0.0046191687026946315, 0.004735616937504572, 0.004920530621525865, 0.004965376769581198, 0.004457769525463728, 0.004909734924381182, 0.004657676255404475, 0.004518754892099075, 0.004808346168560185, 0.004663987956690541, 0.004613774062133036, 0.005021024776899363, 0.004920530621525865, 0.004702498945431843, 0.004970775186931897, 0.0048200565613847335, 0.004909734924381182, 0.004870291079927869, 0.005071279392182326, 0.004814659763143769, 0.004714206871209603, 0.004915132743959383, 0.004920530621525865, 0.00486489374206478, 0.005021024776899363, 0.004162074785244219, 0.004915132743959161, 0.00486489374206478, 0.0048092630228735445, 0.004915132743959383, 0.004965376769581198, 0.004915132743959383, 0.004970775186931897, 0.005015625819683844, 0.0048200565613847335, 0.004558171143368872, 0.004814659763143769, 0.004965376769581198, 0.004663987956690541, 0.00475903460570537, 0.004970775186931675, 0.004803866340573615, 0.00475903460570537, 0.004970775186931897, 0.004764430806442954, 0.0047196025904492345, 0.00476982706514284, 0.004965376769581198, 0.004596674019997415, 0.004920530621525865, 0.005071279392182326, 0.004814659763143547, 0.00455817114336865, 0.0048200565613847335], [0.004814659763143547, 0.0048200565613847335, 0.004870291079928091, 0.0026100664435795284, 0.0048200565613847335, 0.004602068476909693, 0.0048092630228735445, 0.0, 0.004947347647836109, 0.004970775186931675, 0.005071279392182326, 0.004959978410227661, 0.0044352820699646855, 0.004920530621525865, 0.0036265282165102164, 0.00512153903353485, 0.004965376769581198, 0.005021024776899363, 0.004212243533999738, 0.004915132743959383, 0.0048092630228735445, 0.004507967825604364, 0.004909734924381182, 0.004920530621525865, 0.004970775186931897, 0.00485857951619284, 0.00512153903353485, 0.004915132743959161, 0.004507967825604586, 0.00512153903353485, 0.004970775186931897, 0.004412968668467743, 0.004552777157879717, 0.004970775186931897, 0.00485949646218109, 0.00512153903353485, 0.0036766434655217672, 0.005021024776899363, 0.004608379479508207, 0.004357387975042704, 0.0003483800328469844, 0.004915132743959161, 0.005071279392182326, 0.005015625819683844, 0.00486489374206478, 0.0042793329594228435, 0.00429550628108899, 0.005015625819683622, 0.004853182304138226, 0.005021024776899363, 0.005021024776899363, 0.004613774062133258, 0.005071279392182326, 0.004814659763143547, 0.005071279392182326, 0.005021024776899363, 0.004870291079928091, 0.0050658798950207196, 0.0047581178430533555, 0.0048468682254467765, 0.005021024776899363, 0.004908817886704719, 0.004909734924381182, 0.0047536384629294215, 0.004965376769581198, 0.004920530621525865, 0.004613774062133258, 0.0035442909005856116, 0.004853182304138226, 0.004702498945431843, 0.005021024776899363, 0.004764430806442954, 0.004864893742064558, 0.004908817886704719, 0.0043072047232584065, 0.005071279392182326, 0.0047581178430533555, 0.004920530621525865, 0.00475903460570537, 0.005071279392182326, 0.005021024776899363, 0.004864893742064558, 0.00512153903353485, 0.004870291079927869, 0.004965376769581198, 0.004920530621525865, 0.0048200565613847335, 0.004452376618132803, 0.005071279392182326, 0.00486489374206478, 0.0048200565613847335, 0.00407235687951224, 0.004457769525463728, 0.0048092630228735445, 0.004864893742064558, 0.005071279392182326, 0.004970775186931897, 0.005015625819683622, 0.004714206871209381, 0.00476982706514284, 0.004814659763143547, 0.004814659763143547, 0.005071279392182326, 0.004965376769581198], [0.004864893742064558, 0.004864893742064558, 0.0048200565613847335, 0.004808346168560185, 0.004809263022873322, 0.0049536629893445205, 0.004970775186931897, 0.004947347647836109, 0.0, 0.00475903460570537, 0.004970775186931675, 0.004854099240276577, 0.004808346168560185, 0.004597590488063297, 0.004903420134965586, 0.004663987956690763, 0.004864893742064558, 0.004803866340573615, 0.004915132743959383, 0.004764430806442954, 0.004870291079928091, 0.004920530621525865, 0.004870291079928091, 0.004909734924381182, 0.0047088112099238355, 0.004920530621525865, 0.005021024776899363, 0.004864893742064558, 0.004920530621525865, 0.004764430806442954, 0.004920530621525865, 0.00512153903353485, 0.00475903460570537, 0.004870291079928091, 0.004965376769581198, 0.005071279392182326, 0.0047464088938706794, 0.004970775186931675, 0.004915132743959161, 0.00512153903353485, 0.004997594894969648, 0.00475903460570537, 0.0048200565613847335, 0.004915132743959383, 0.004915132743959383, 0.0050658798950204975, 0.004903420134965586, 0.004658592834775543, 0.004714206871209603, 0.004870291079927869, 0.004959978410227661, 0.004920530621525865, 0.004808346168560185, 0.004814659763143769, 0.005021024776899363, 0.004970775186931897, 0.00485949646218109, 0.004970775186931897, 0.0048029494961090435, 0.0049590612808487755, 0.004920530621525865, 0.004903420134965586, 0.004864893742064558, 0.004920530621525865, 0.005021024776899363, 0.0050658798950207196, 0.004965376769581198, 0.005071279392182326, 0.004897105424913173, 0.004870291079928091, 0.0048200565613847335, 0.004915132743959161, 0.004752721710124419, 0.004864893742064558, 0.005015625819683622, 0.004870291079927869, 0.004965376769581198, 0.004970775186931897, 0.0048200565613847335, 0.004809263022873322, 0.004809263022873322, 0.004714206871209603, 0.005021024776899363, 0.004920530621525865, 0.004864893742064558, 0.004764430806442954, 0.004814659763143769, 0.004970775186931675, 0.004809263022873322, 0.004970775186931897, 0.004864893742064558, 0.0048029494961090435, 0.004965376769581198, 0.0049590612808487755, 0.00475903460570537, 0.004915132743959383, 0.004848702076349687, 0.005021024776899363, 0.004864893742064558, 0.00485949646218109, 0.004920530621525865, 0.0048092630228735445, 0.004854099240276133, 0.004647802764777165], [0.005021024776899363, 0.004663987956690541, 0.004965376769581198, 0.004814659763143547, 0.00475903460570537, 0.004446983768710444, 0.004870291079927869, 0.004970775186931675, 0.00475903460570537, 0.0, 0.004646886205094125, 0.004870291079928091, 0.00512153903353485, 0.004764430806442954, 0.005071279392182326, 0.005021024776899363, 0.0048200565613847335, 0.004440674793735333, 0.005071279392182326, 0.0047581178430533555, 0.004797552881626643, 0.0049590612808487755, 0.004970775186931897, 0.004602984954818368, 0.004658592834775543, 0.00485857951619284, 0.004870291079927869, 0.004854099240276133, 0.004970775186931897, 0.0048029494961090435, 0.0048200565613847335, 0.0047088112099238355, 0.004747325635155786, 0.004920530621525865, 0.004764430806443176, 0.004920530621525865, 0.004915132743959161, 0.0050658798950207196, 0.0048092630228735445, 0.004915132743959161, 0.005071279392182326, 0.0048200565613847335, 0.0037330637295738267, 0.004970775186931675, 0.00475903460570537, 0.004814659763143547, 0.004915132743959161, 0.004870291079927869, 0.004915132743959161, 0.005021024776899363, 0.004909734924381182, 0.004714206871209381, 0.005015625819683844, 0.005021024776899363, 0.00476982706514284, 0.004965376769581198, 0.004909734924381182, 0.00485949646218109, 0.0050658798950204975, 0.004965376769581198, 0.00486489374206478, 0.004970775186931897, 0.004915132743959161, 0.004909734924381404, 0.004870291079928091, 0.0046191687026946315, 0.004970775186931675, 0.00512153903353485, 0.004814659763143769, 0.004814659763143547, 0.004853182304138226, 0.004970775186931897, 0.004920530621525865, 0.00485857951619284, 0.004959978410227883, 0.0048200565613847335, 0.004452376618132803, 0.004965376769581198, 0.004870291079928091, 0.0047088112099238355, 0.0044352820699646855, 0.004965376769581198, 0.0049536629893445205, 0.004641491266852427, 0.005021024776899363, 0.0047581178430533555, 0.004864893742064558, 0.004903420134965586, 0.00475903460570537, 0.00475903460570537, 0.004797552881626865, 0.004915132743959161, 0.00475903460570537, 0.004714206871209603, 0.004864893742064558, 0.004870291079928091, 0.004864893742064558, 0.0046459696470835254, 0.004864893742064558, 0.004970775186931897, 0.00475903460570537, 0.004965376769581198, 0.004697103409895931, 0.004965376769581198], [0.005009309699378628, 0.0048200565613847335, 0.004970775186931897, 0.00512153903353485, 0.004965376769581198, 0.005015625819683844, 0.004920530621525865, 0.005071279392182326, 0.004970775186931675, 0.004646886205094125, 0.0, 0.004797552881626643, 0.005021024776899363, 0.00476982706514284, 0.00512153903353485, 0.004663987956690541, 0.004808346168560185, 0.005021024776899363, 0.005021024776899363, 0.004797552881626643, 0.004915132743959161, 0.00455817114336865, 0.0047196025904492345, 0.004970775186931675, 0.0048029494961090435, 0.004100217155958097, 0.005071279392182326, 0.004596674019997415, 0.004541989360677512, 0.00512153903353485, 0.004864893742064558, 0.004090354619337155, 0.004864893742064558, 0.004864893742064558, 0.00485949646218109, 0.00512153903353485, 0.005071279392182326, 0.005071279392182326, 0.005021024776899363, 0.005021024776899363, 0.00512153903353485, 0.0048200565613847335, 0.00512153903353485, 0.0050658798950207196, 0.004870291079928091, 0.004915132743959161, 0.0047196025904492345, 0.004847785150061457, 0.004870291079928091, 0.005021024776899363, 0.005015625819683622, 0.004864893742064558, 0.00436277986243061, 0.004864893742064558, 0.004301813432559198, 0.00512153903353485, 0.00485949646218109, 0.004915132743959383, 0.0047088112099238355, 0.005015625819683844, 0.004764430806442954, 0.005015625819683622, 0.004915132743959161, 0.0048092630228735445, 0.004965376769581198, 0.005015625819683844, 0.004920530621525865, 0.004864893742064558, 0.005021024776899363, 0.004870291079927869, 0.00485857951619284, 0.004870291079928091, 0.004965376769581198, 0.004847785150061457, 0.00512153903353485, 0.005071279392182326, 0.004703415606591044, 0.004920530621525865, 0.00476982706514284, 0.004853182304138226, 0.005021024776899363, 0.004764430806442954, 0.0048029494961088215, 0.004903420134965586, 0.005021024776899363, 0.004970775186931897, 0.00505956314304834, 0.004797552881626643, 0.0046585928347757655, 0.004915132743959161, 0.004864893742064558, 0.004653197770804862, 0.004764430806442954, 0.0048092630228735445, 0.00476982706514284, 0.0049590612808487755, 0.0048200565613847335, 0.00505956314304834, 0.004870291079927869, 0.004864893742064336, 0.0048092630228735445, 0.00479215632511254, 0.00512153903353485, 0.004920530621525865], [0.00475903460570537, 0.0048200565613847335, 0.005021024776899363, 0.004959978410227661, 0.004970775186931897, 0.004814659763143547, 0.004920530621525865, 0.004959978410227661, 0.004854099240276577, 0.004870291079928091, 0.004797552881626643, 0.0, 0.00512153903353485, 0.004920530621525865, 0.004909734924381404, 0.0047581178430533555, 0.004847785150061457, 0.005071279392182326, 0.004909734924381182, 0.00485949646218109, 0.004970775186931897, 0.004970775186931897, 0.004853182304138226, 0.004814659763143769, 0.004915132743959383, 0.004970775186931897, 0.005071279392182326, 0.004970775186931897, 0.0050658798950204975, 0.004915132743959383, 0.004920530621525865, 0.004909734924381182, 0.0050658798950207196, 0.004602984954818368, 0.004909734924381404, 0.004864893742064558, 0.004864893742064558, 0.005021024776899363, 0.004915132743959383, 0.00475903460570537, 0.004909734924381182, 0.005021024776899363, 0.004814659763143547, 0.0048092630228735445, 0.004915132743959161, 0.0048200565613847335, 0.004970775186931897, 0.0048029494961088215, 0.00485949646218109, 0.005009309699378628, 0.004970775186931897, 0.005015625819683622, 0.004764430806442954, 0.004959978410227661, 0.004915132743959161, 0.004970775186931897, 0.004970775186931675, 0.004764430806442954, 0.005021024776899363, 0.004970775186931897, 0.0048200565613847335, 0.004970775186931897, 0.004714206871209603, 0.004864893742064558, 0.00486489374206478, 0.00485949646218109, 0.004920530621525865, 0.00475903460570537, 0.005021024776899363, 0.004970775186931897, 0.004970775186931897, 0.0048092630228735445, 0.0048200565613847335, 0.004920530621525865, 0.004920530621525865, 0.004870291079928091, 0.004920530621525865, 0.004970775186931897, 0.0048029494961090435, 0.005009309699378628, 0.004814659763143547, 0.00476982706514284, 0.004915132743959383, 0.004920530621525865, 0.004920530621525865, 0.004915132743959383, 0.0045912796210181295, 0.004970775186931897, 0.004920530621525865, 0.004864893742064558, 0.004814659763143547, 0.0048092630228735445, 0.004915132743959161, 0.004814659763143547, 0.004669383136550742, 0.004847785150061457, 0.004657676255404697, 0.004714206871209603, 0.004915132743959161, 0.004854099240276577, 0.004920530621525865, 0.0048468682254467765, 0.005071279392182326, 0.00485949646218109], [0.004920530621525865, 0.004814659763143547, 0.004970775186931897, 0.004646886205094125, 0.004870291079927869, 0.00476982706514284, 0.004870291079928091, 0.0044352820699646855, 0.004808346168560185, 0.00512153903353485, 0.005021024776899363, 0.00512153903353485, 0.0, 0.005015625819683844, 0.0048029494961090435, 0.004909734924381182, 0.004808346168560185, 0.00475903460570537, 0.004847785150061457, 0.004814659763143769, 0.004752721710124641, 0.004959978410227661, 0.004959978410227661, 0.004920530621525865, 0.004764430806442954, 0.0048092630228737665, 0.004909734924381182, 0.004663987956690541, 0.004903420134965586, 0.004702498945431843, 0.0047088112099238355, 0.004870291079928091, 0.00486489374206478, 0.005021024776899363, 0.0048200565613847335, 0.005071279392182326, 0.0045912796210181295, 0.004970775186931675, 0.00485949646218109, 0.0048200565613847335, 0.004385091034033284, 0.004970775186931897, 0.004870291079928091, 0.004703415606591044, 0.004814659763143547, 0.004870291079928091, 0.004752721710124419, 0.004864893742064558, 0.004909734924381182, 0.004864893742064558, 0.004920530621525865, 0.00465319777080464, 0.005071279392182326, 0.004920530621525865, 0.004898022441213179, 0.005021024776899363, 0.004870291079928091, 0.004965376769581198, 0.0047581178430533555, 0.004853182304138226, 0.004764430806442954, 0.005015625819683844, 0.004965376769581198, 0.004915132743959161, 0.00475903460570537, 0.004970775186931897, 0.00485949646218109, 0.004847785150061457, 0.004702498945431843, 0.0047088112099238355, 0.004853182304138226, 0.004920530621525865, 0.004864893742064558, 0.00486489374206478, 0.004652281201277697, 0.0046585928347757655, 0.004870291079928091, 0.004920530621525865, 0.004764430806442954, 0.004864893742064558, 0.005009309699378628, 0.004864893742064558, 0.004870291079928091, 0.004864893742064558, 0.004797552881626643, 0.004714206871209603, 0.004719602590449012, 0.004814659763143547, 0.005021024776899363, 0.005015625819683844, 0.004714206871209381, 0.004596674019997415, 0.0047088112099238355, 0.0047536384629294215, 0.004663987956690541, 0.004970775186931675, 0.004814659763143769, 0.004669383136550742, 0.004920530621525865, 0.005071279392182326, 0.004814659763143547, 0.004909734924381182, 0.004653197770804862, 0.004959978410227661], [0.004702498945431843, 0.0047536384629294215, 0.004903420134965586, 0.004908817886704719, 0.005071279392182326, 0.004920530621525865, 0.004970775186931897, 0.004920530621525865, 0.004597590488063297, 0.004764430806442954, 0.00476982706514284, 0.004920530621525865, 0.005015625819683844, 0.0, 0.004920530621525865, 0.004497180990782557, 0.004864893742064558, 0.004915132743959161, 0.004669383136550742, 0.004714206871209603, 0.004970775186931675, 0.004814659763143547, 0.004663987956690541, 0.004814659763143547, 0.004920530621525865, 0.0047536384629294215, 0.0047196025904492345, 0.0048029494961088215, 0.004714206871209825, 0.0048200565613847335, 0.004854099240276355, 0.004920530621525865, 0.004814659763143547, 0.004920530621525865, 0.004915132743959161, 0.0048200565613847335, 0.005015625819683622, 0.004920530621525865, 0.005021024776899363, 0.0048200565613847335, 0.004920530621525865, 0.004915132743959161, 0.004702498945431843, 0.004920530621525865, 0.0047088112099238355, 0.004891707798997169, 0.004814659763143547, 0.004608379479508207, 0.004864893742064558, 0.004870291079927869, 0.004864893742064558, 0.004920530621525865, 0.00476982706514284, 0.004784926201745199, 0.004870291079928091, 0.00485857951619284, 0.004870291079927869, 0.00476982706514284, 0.004920530621525865, 0.004915132743959161, 0.004965376769581198, 0.004970775186931897, 0.004870291079927869, 0.005021024776899363, 0.005021024776899363, 0.004814659763143547, 0.004714206871209603, 0.004970775186931897, 0.00476982706514284, 0.004669383136550742, 0.005021024776899363, 0.004908817886704719, 0.004915132743959161, 0.004864893742064558, 0.004870291079927869, 0.0048092630228735445, 0.0047088112099238355, 0.004602068476909915, 0.004652281201277697, 0.00476982706514284, 0.004613774062133258, 0.004915132743959161, 0.004803866340573615, 0.004809263022873322, 0.005015625819683844, 0.00476982706514284, 0.004909734924381182, 0.0047581178430533555, 0.00475903460570537, 0.0049590612808487755, 0.004870291079927869, 0.004870291079928091, 0.00486489374206478, 0.004814659763143769, 0.004970775186931897, 0.004814659763143547, 0.004854099240276355, 0.004764430806442954, 0.004764430806442954, 0.0048200565613847335, 0.004970775186931897, 0.005071279392182326, 0.004864893742064558, 0.004859496462180868], [0.004814659763143547, 0.004970775186931897, 0.00475903460570537, 0.003994519062037183, 0.0048200565613847335, 0.004915132743959383, 0.004965376769581198, 0.0036265282165102164, 0.004903420134965586, 0.005071279392182326, 0.00512153903353485, 0.004909734924381404, 0.0048029494961090435, 0.004920530621525865, 0.0, 0.004748242378113998, 0.004920530621525865, 0.0049590612808487755, 0.004608379479508207, 0.004870291079927869, 0.005071279392182326, 0.00476982706514284, 0.004970775186931897, 0.004714206871209603, 0.004970775186931897, 0.004908817886704719, 0.004965376769581198, 0.005021024776899363, 0.004965376769581198, 0.004764430806443176, 0.004970775186931675, 0.00486489374206478, 0.00485949646218109, 0.005015625819683844, 0.0047088112099238355, 0.004970775186931897, 0.003944372064674129, 0.003939899937225988, 0.004970775186931897, 0.004663987956690541, 0.0036265282165102164, 0.00512153903353485, 0.004970775186931675, 0.004920530621525865, 0.0048092630228735445, 0.00485857951619284, 0.004702498945431621, 0.004970775186931897, 0.0047581178430533555, 0.003995434431770528, 0.0047088112099238355, 0.004652281201277919, 0.005021024776899363, 0.004870291079927869, 0.005021024776899363, 0.004407576242193789, 0.00485857951619284, 0.00485949646218109, 0.0048029494961090435, 0.0045732639192921365, 0.004920530621525865, 0.004714206871209603, 0.00486489374206478, 0.004507967825604364, 0.004870291079927869, 0.004915132743959383, 0.0047196025904492345, 0.004206853262784582, 0.004736533659096542, 0.004752721710124641, 0.004613774062133036, 0.0048200565613847335, 0.0047088112099238355, 0.004903420134965586, 0.004669383136550742, 0.00512153903353485, 0.0048468682254467765, 0.005071279392182326, 0.004748242378113998, 0.004959978410227661, 0.004970775186931675, 0.004920530621525865, 0.00512153903353485, 0.005021024776899363, 0.004970775186931675, 0.004920530621525865, 0.00486489374206478, 0.0043519961455469325, 0.005021024776899363, 0.004920530621525865, 0.005071279392182326, 0.00443975861194712, 0.0047088112099238355, 0.00476982706514284, 0.004870291079927869, 0.00475903460570537, 0.004920530621525865, 0.005015625819683622, 0.004764430806442954, 0.004920530621525865, 0.005021024776899363, 0.005021024776899363, 0.004965376769581198, 0.005015625819683844], [0.004920530621525865, 0.004864893742064558, 0.004864893742064558, 0.004808346168560185, 0.004714206871209603, 0.004602068476909915, 0.0048200565613847335, 0.00512153903353485, 0.004663987956690763, 0.005021024776899363, 0.004663987956690541, 0.0047581178430533555, 0.004909734924381182, 0.004497180990782557, 0.004748242378113998, 0.0, 0.004915132743959383, 0.00512153903353485, 0.004920530621525865, 0.004752721710124641, 0.004970775186931897, 0.004613774062133258, 0.00485857951619284, 0.005021024776899363, 0.004870291079928091, 0.004663987956690763, 0.004920530621525865, 0.004814659763143547, 0.004814659763143769, 0.004970775186931675, 0.004752721710124641, 0.004595757553603308, 0.004970775186931897, 0.004965376769581198, 0.0048092630228735445, 0.005015625819683622, 0.004870291079928091, 0.004402183873820631, 0.004920530621525865, 0.004714206871209603, 0.00512153903353485, 0.004970775186931897, 0.00512153903353485, 0.004853182304138226, 0.004747325635155786, 0.0047196025904492345, 0.004870291079927869, 0.00476982706514284, 0.00476982706514284, 0.004908817886704719, 0.0046585928347757655, 0.004965376769581198, 0.005021024776899363, 0.005021024776899363, 0.0043904832188736975, 0.005021024776899363, 0.004814659763143547, 0.005015625819683844, 0.00476982706514284, 0.005021024776899363, 0.0047196025904492345, 0.004970775186931897, 0.004970775186931897, 0.004970775186931897, 0.004908817886704719, 0.004764430806442954, 0.004847785150061457, 0.0048092630228735445, 0.004669383136550742, 0.0048092630228735445, 0.004970775186931897, 0.0048200565613847335, 0.004970775186931897, 0.004970775186931897, 0.005021024776899363, 0.004289199208838301, 0.004915132743959161, 0.00485857951619284, 0.0049590612808487755, 0.004714206871209603, 0.005015625819683844, 0.005015625819683844, 0.004294590364106954, 0.004870291079927869, 0.004864893742064558, 0.0048200565613847335, 0.004908817886704719, 0.004652281201277697, 0.004970775186931675, 0.004870291079927869, 0.005071279392182326, 0.00460298495481859, 0.004764430806442954, 0.004915132743959161, 0.004970775186931897, 0.004965376769581198, 0.0047088112099240576, 0.005015625819683622, 0.005071279392182326, 0.0048200565613847335, 0.004970775186931897, 0.004970775186931897, 0.005071279392182326, 0.004759034605705592], [0.00486489374206478, 0.005071279392182326, 0.004970775186931897, 0.004959978410227661, 0.004608379479508207, 0.004915132743959161, 0.004920530621525865, 0.004965376769581198, 0.004864893742064558, 0.0048200565613847335, 0.004808346168560185, 0.004847785150061457, 0.004808346168560185, 0.004864893742064558, 0.004920530621525865, 0.004915132743959383, 0.0, 0.005071279392182326, 0.00485857951619284, 0.004920530621525865, 0.004897105424913173, 0.0047088112099238355, 0.0048200565613847335, 0.004864893742064558, 0.005021024776899363, 0.004959978410227661, 0.00485949646218109, 0.004814659763143547, 0.004970775186931897, 0.004915132743959161, 0.004864893742064558, 0.0050658798950204975, 0.004915132743959383, 0.004748242378113776, 0.004920530621525865, 0.004970775186931897, 0.004965376769581198, 0.004864893742064558, 0.0048029494961090435, 0.005071279392182326, 0.004965376769581198, 0.004752721710124419, 0.0043519961455467104, 0.004864893742064558, 0.004870291079927869, 0.004915132743959383, 0.004920530621525865, 0.00485857951619284, 0.00485949646218109, 0.005015625819683622, 0.004920530621525865, 0.004970775186931897, 0.0047196025904492345, 0.004965376769581198, 0.004853182304138226, 0.004970775186931897, 0.005015625819683844, 0.00465319777080464, 0.004864893742064558, 0.004920530621525865, 0.004764430806442732, 0.004920530621525865, 0.005015625819683844, 0.004970775186931897, 0.004970775186931897, 0.004970775186931897, 0.004909734924381182, 0.004797552881626865, 0.004803866340573615, 0.004965376769581198, 0.00479215632511254, 0.0049536629893445205, 0.004658592834775543, 0.005021024776899363, 0.004546466853853293, 0.005010226920473704, 0.004915132743959161, 0.004959978410227661, 0.005021024776899363, 0.004808346168560185, 0.004541072994055373, 0.004970775186931897, 0.0047088112099238355, 0.0048092630228735445, 0.0048092630228735445, 0.004608379479508207, 0.004797552881626865, 0.004870291079928091, 0.004920530621525865, 0.004764430806442954, 0.004908817886704719, 0.004970775186931897, 0.004663987956690541, 0.004954580108870621, 0.0045912796210181295, 0.004898022441213179, 0.004864893742064558, 0.004608379479508207, 0.004965376769581198, 0.004920530621525865, 0.004959978410227661, 0.004841471139196196, 0.00512153903353485, 0.00475903460570537], [0.0047196025904492345, 0.0048092630228735445, 0.004920530621525865, 0.005015625819683844, 0.0048092630228735445, 0.00485949646218109, 0.004452376618132803, 0.005021024776899363, 0.004803866340573615, 0.004440674793735333, 0.005021024776899363, 0.005071279392182326, 0.00475903460570537, 0.004915132743959161, 0.0049590612808487755, 0.00512153903353485, 0.005071279392182326, 0.0, 0.004915132743959161, 0.00476982706514284, 0.0045912796210181295, 0.005021024776899363, 0.004965376769581198, 0.005015625819683622, 0.0048092630228735445, 0.005021024776899363, 0.005021024776899363, 0.00485949646218109, 0.004814659763143547, 0.004909734924381182, 0.004714206871209603, 0.005071279392182326, 0.003360797515118641, 0.004970775186931897, 0.004915132743959383, 0.004764430806442954, 0.004965376769581198, 0.005071279392182326, 0.005021024776899363, 0.004959978410227661, 0.005071279392182326, 0.004814659763143769, 0.004970775186931675, 0.004970775186931897, 0.004915132743959383, 0.004915132743959161, 0.00485949646218109, 0.004196072893951408, 0.00486489374206478, 0.005071279392182326, 0.004965376769581198, 0.004808346168560185, 0.004965376769581198, 0.00476982706514284, 0.004920530621525865, 0.0050658798950207196, 0.0049590612808487755, 0.004920530621525865, 0.004814659763143547, 0.004908817886704719, 0.0047536384629294