[[0.0, 0.3054913072363947, 0.29659987617859174, 0.3401563727433139, 0.34875590520989586, 0.3299665279557287, 0.35370444267957657, 0.348224891869765, 0.31093879922971523, 0.3404250048476787, 0.33045292468719967, 0.3152208584296705, 0.33080691816963825, 0.3147311384106104, 0.338893487789929, 0.3347636248139607, 0.32486681825631547, 0.3285996501002466, 0.3271582339201158, 0.30582275950231863, 0.3329660963038379, 0.3474319937862602, 0.3365597240960059, 0.3348007550585643, 0.3036568123119028, 0.34730540196682447, 0.34164264750616447, 0.31428480831172867, 0.3268328828359086, 0.3215709511961802, 0.31524294233198247, 0.3394398402141896, 0.325024845067585, 0.3043152511204579, 0.3367413239065278, 0.31070465825041693, 0.3387634048501402, 0.32453633111932745, 0.339496459369121, 0.341925924463383, 0.35051054001014714, 0.3270735575414818, 0.32061127764299857, 0.34175574136477604, 0.3259077075188024, 0.3179877298004685, 0.3206779961589561, 0.30695411883673507, 0.3287865522837492, 0.3272214842309722, 0.34096310598745094, 0.3334679985940894, 0.32644270614344495, 0.33095470697071505, 0.34438861334888116, 0.33083529470027817, 0.32200230204936897, 0.32800900345496364, 0.32942158910903374, 0.31991078199450196, 0.34882615169118547, 0.3362272974878482, 0.3406439581634153, 0.32911593714968834, 0.3097936873220455, 0.3187848007184104, 0.32417885426322446, 0.33989085338612, 0.3349547781942692, 0.3333674738367203, 0.32555067127238013, 0.32683498477724116, 0.33593774923153896, 0.30543543510558235, 0.3205144108238256, 0.3464968307190981, 0.33803788188901596, 0.3301033775984876, 0.3241175164161467, 0.34669054246032815, 0.31821263107670217, 0.3221189734838461, 0.3310207837324257, 0.32140094367963945, 0.3207147830566741, 0.3466722370778008, 0.3236548212273356, 0.33881107979428116, 0.31609768553899253, 0.3244512827886654, 0.3355708129797095, 0.33701193639563076, 0.3231156135073272, 0.3366751261268579, 0.33919090595156587, 0.32704220138673823, 0.32471947049208283, 0.32505314312425493, 0.3000207333231535, 0.31432332169252475, 0.3254873930110298, 0.3302220027044629, 0.3098508469307051, 0.32611911572885677], [0.3054913072363947, 0.0, 0.3329627464256508, 0.3423921590985606, 0.3287590550848556, 0.32278243563401565, 0.3331487600394536, 0.3448216328404907, 0.30781061797368325, 0.30939120436891376, 0.30770398150562595, 0.3058621228866778, 0.318234376567897, 0.30853029728180537, 0.34561850282934214, 0.3208910247063601, 0.32976796832876354, 0.3297027555377148, 0.33252546687136153, 0.33125382816059434, 0.32527104721705546, 0.32089780188431605, 0.32606361075192725, 0.31101270972227635, 0.3110690302146124, 0.3482530110355586, 0.32982088539742915, 0.3176149676046043, 0.34522682736128574, 0.31228224173750574, 0.3301450376941639, 0.3191679684913129, 0.31900745433240263, 0.3048071089293398, 0.32705541771727353, 0.3204487511296785, 0.3531361235547894, 0.3102437693085993, 0.3301943233759499, 0.3363872585051695, 0.35143198010403665, 0.3122076801379594, 0.33011174370390695, 0.31961544547640197, 0.3085211381848507, 0.3308399760164784, 0.3237725482036804, 0.32745111221438306, 0.32486764342614016, 0.32627206872411496, 0.323923504875552, 0.31198369351286903, 0.3053139152785904, 0.3137721947787948, 0.32905481131175374, 0.31699071725673655, 0.32509443644948943, 0.3323062021438965, 0.33366784794344917, 0.31967341696150475, 0.3148776179486479, 0.31139330842644175, 0.31607254448243416, 0.3193703237382466, 0.3208300895614671, 0.3297646098409426, 0.31467132324024916, 0.32855999284789106, 0.32563664161995676, 0.34081931193913784, 0.3190378911274194, 0.32318001560584886, 0.33054178870682316, 0.3144967116292161, 0.3203118288369249, 0.34839733154540187, 0.30886732247790816, 0.33048873472518414, 0.31059076176748723, 0.3313433551280387, 0.3186958039719723, 0.3304126361157733, 0.3422375123303838, 0.31160165570109366, 0.3070548419620991, 0.3516694693819018, 0.3286418443410484, 0.3205459203163312, 0.3287150071208682, 0.3180845711985365, 0.3170544974117535, 0.32382607097248695, 0.31534601771233506, 0.33646159485838245, 0.3073971062390888, 0.3204285004637, 0.3261285828329117, 0.34023728321979396, 0.30582534567204345, 0.3263083551402499, 0.31778823238676535, 0.3255485039521313, 0.32060383329109077, 0.3387320885263232], [0.29659987617859174, 0.3329627464256508, 0.0, 0.3353412102947555, 0.32663677783956846, 0.3076591160264761, 0.3286024801700618, 0.3489165631834228, 0.3037619755785419, 0.3333862103018512, 0.3167452976208751, 0.3200889857846785, 0.3285425326128184, 0.33149376088495464, 0.3261013570389997, 0.3221272743552921, 0.323581845559046, 0.33850423853918077, 0.30936641751874827, 0.33563088939036834, 0.33052490689978775, 0.34572360611668373, 0.32791593806713015, 0.31035574400081156, 0.3272773190691607, 0.3224813310475907, 0.328408341559455, 0.3390853542649477, 0.30398375874704087, 0.3180251497645892, 0.32206392738488887, 0.3416258561723198, 0.32041497890326376, 0.3212704560841302, 0.33416977942503023, 0.3133721396006681, 0.3235790256552762, 0.3193103302033664, 0.3255637623534817, 0.3331756709317617, 0.35036102460058793, 0.3326410550827781, 0.3306927352732183, 0.32048914200828715, 0.32151066451026633, 0.3258945955147816, 0.3400430200266984, 0.31902114569163387, 0.3112210217168665, 0.3222313780741477, 0.31642906178278074, 0.324582038463048, 0.31230766343149274, 0.3115486070807747, 0.33599951963819863, 0.3021230303979723, 0.3312865761662038, 0.3055007852066376, 0.3162920886029865, 0.32447259719528176, 0.3204951356360066, 0.3169032035637589, 0.3104775107884006, 0.30499932816185416, 0.32239374705030244, 0.3248715400742408, 0.31592844653257224, 0.3397954083842689, 0.30254079395210787, 0.323671768757158, 0.311835018296988, 0.3278916176613571, 0.31963380364387906, 0.3169208172512401, 0.3198122259627745, 0.3379098558611564, 0.3180555550547399, 0.31213085490112347, 0.30921117980574264, 0.3278578451316554, 0.3257156550366809, 0.3088264584713327, 0.3385362491177164, 0.31960017807666863, 0.307413929493322, 0.33759159143743656, 0.3100273357871086, 0.3326323545824801, 0.32722294719292044, 0.30499725990199367, 0.30735952561753943, 0.3297209673186354, 0.3439603905887658, 0.3261522203196916, 0.32888062918621164, 0.3144347451475107, 0.3313976040456268, 0.34274648256270424, 0.31294066800192333, 0.3080529911552621, 0.3310202084590681, 0.3149415991664606, 0.3328850963218406, 0.33638836068474043], [0.3401563727433139, 0.3423921590985606, 0.3353412102947555, 0.0, 0.3557692239125958, 0.3611653856158461, 0.3395619788988371, 0.1699485813115913, 0.33469272328898136, 0.3401378719148618, 0.3621776878514178, 0.3449808505081635, 0.32639510003157013, 0.35188642221380295, 0.2722162051721644, 0.3430154996249779, 0.3510091153511803, 0.36360642233033125, 0.29864243548717795, 0.3443055619480515, 0.33472656550162516, 0.33715393395153637, 0.3506908438171161, 0.34445401192546776, 0.3492561833401482, 0.3445988406336802, 0.35702080583598605, 0.3462584737439369, 0.32114644493177646, 0.3553469177741473, 0.3344541924798179, 0.3073399321810595, 0.3248716869382644, 0.3530243212577511, 0.3419806199906743, 0.34945159080910737, 0.2757709517025071, 0.3570564258334312, 0.31688330653077057, 0.3105970066581365, 0.17208884258736323, 0.3511611232086387, 0.3339634488825334, 0.34191484410349315, 0.3473642522728806, 0.3260118920455408, 0.34833301436531405, 0.34588148286129305, 0.3533775676922719, 0.36283884774931896, 0.3554173494139352, 0.3324211029667796, 0.3477290914318194, 0.33166656368143177, 0.3506677766581432, 0.3459346830852472, 0.3395121900375835, 0.34676362105559844, 0.3419099380540831, 0.3406010008005276, 0.3612805835273558, 0.36172392061066794, 0.3505451599438878, 0.3486686817318776, 0.34171304995225626, 0.34483754715554316, 0.3178541591785842, 0.2307442038418872, 0.35022965559954633, 0.34242016850420254, 0.34266990325906654, 0.33757987066756745, 0.34024067134968794, 0.36137235501736376, 0.33470585134483133, 0.31775780405651055, 0.3530229958124589, 0.35654878217001307, 0.33886817387904467, 0.34037943806045523, 0.34759032450427796, 0.3443938368108448, 0.3228716228743982, 0.32564684030972546, 0.34714337695733843, 0.33628897989358286, 0.3402426599286412, 0.33895427038187864, 0.3771683681648761, 0.34176523309797013, 0.3487648688921159, 0.333623495734398, 0.3122622978253804, 0.33781475656950266, 0.34359934810890036, 0.354573239350386, 0.34941286266180405, 0.34351970997567616, 0.3337060444075406, 0.35178251721828646, 0.3462130972062487, 0.34643629413166166, 0.37330741381840915, 0.37019542071132383], [0.34875590520989586, 0.3287590550848556, 0.32663677783956846, 0.3557692239125958, 0.0, 0.3262381142814037, 0.34518182353121474, 0.35461936155960117, 0.3182467949998433, 0.32563055161522825, 0.3294418849443983, 0.3288547857420594, 0.3348614966472441, 0.3587848825222488, 0.33653535274071755, 0.31986770368029016, 0.30501861274105724, 0.34013528387523895, 0.3343973490149621, 0.3405476441751756, 0.33402519802971886, 0.327595069125153, 0.33046607249710025, 0.3193533247132756, 0.3453035110849929, 0.34560292117137226, 0.3440603947684986, 0.33062379538687936, 0.3416326957282847, 0.3297981442468132, 0.33639817208459966, 0.33318565975846726, 0.3458539809276573, 0.3265670437114603, 0.32089262839130717, 0.3152934330913064, 0.34891323998585544, 0.29088329876542374, 0.3136332042538459, 0.3400166972593026, 0.36155515236900126, 0.32432475168925423, 0.33184556432757484, 0.32095198740290276, 0.3248731232161097, 0.31866454117861975, 0.3390096068889972, 0.3305809709701786, 0.3334835731372179, 0.3328069175392401, 0.31653111194928063, 0.33285864014278554, 0.3383081259491607, 0.3318289039693805, 0.34183289853735666, 0.3139451903809618, 0.3278290705337412, 0.33141873099797636, 0.3239386477041215, 0.33928458550434537, 0.3319671282029566, 0.32847206435157106, 0.3208112147484383, 0.29431316993385637, 0.33547302416928515, 0.3291846421566855, 0.306930241540319, 0.3442365577555946, 0.3290895285108484, 0.3503316508659262, 0.33973421808967696, 0.32614388356015955, 0.3400675590837403, 0.3215731812039513, 0.33586633493756035, 0.3586127700717725, 0.3288329850792058, 0.32716678965599777, 0.325169077517661, 0.33461084812992037, 0.3363439978605196, 0.3369244199843484, 0.3376168831504003, 0.32334168105842753, 0.3351242209958414, 0.33928522206200706, 0.32957391935932767, 0.3472258042074572, 0.32321467436236695, 0.3194575966393074, 0.33281574672447145, 0.3454601062436309, 0.32436854203442755, 0.3395735616522666, 0.310975897963669, 0.3231516052433816, 0.32925967236888853, 0.3134272126996971, 0.3354041120542961, 0.3099058699660926, 0.3224259902291202, 0.32999580293205666, 0.3415275595926077, 0.33314528699153056], [0.3299665279557287, 0.32278243563401565, 0.3076591160264761, 0.3611653856158461, 0.3262381142814037, 0.0, 0.3038937885878905, 0.33011892870497084, 0.3374456050344865, 0.2977270120081381, 0.3379183698096444, 0.319528259747651, 0.32570835341744275, 0.3361648053633923, 0.3465125903905495, 0.31272558259164196, 0.3381288356597889, 0.3442350128086713, 0.35050069461057287, 0.3431877705709063, 0.34859073239104, 0.3400013354778033, 0.3226753359279668, 0.33309329158316303, 0.3175191840373486, 0.2851884637639668, 0.305319762727726, 0.3478026515786419, 0.33289974471746797, 0.3514629166984924, 0.35136993678896067, 0.33056784089514624, 0.33026387007255065, 0.32377616032450396, 0.3249954458493327, 0.32535610296960304, 0.32164847937916674, 0.3353916043265499, 0.3364856939549019, 0.316157502695527, 0.31288252055606636, 0.3355190194772186, 0.33759957764815174, 0.3380804584510597, 0.3217069382724389, 0.33485536959172224, 0.3296246860619074, 0.3401229316840644, 0.3352073132421818, 0.34972866347525655, 0.3315494459284143, 0.32962605873997286, 0.33537768471900686, 0.32331707383159314, 0.3499744381468608, 0.33915321974486146, 0.33659676917541015, 0.3139524243988332, 0.34634754023962744, 0.3442180446246792, 0.33282610801129486, 0.33167021324817747, 0.332615090497685, 0.321246246802259, 0.32672442449205463, 0.341572392844089, 0.33804985568017165, 0.35418824151090034, 0.3221015526247304, 0.3321262242723728, 0.3359590915982209, 0.33878208690233547, 0.3275413339061346, 0.33242966686274045, 0.3514130351177276, 0.2808336599702659, 0.3332640640169706, 0.3400834811990605, 0.32944515713825817, 0.3346208466328868, 0.33957768500939034, 0.3201714446931323, 0.2912757610399903, 0.32290783388688027, 0.3228139014233038, 0.33816545175908885, 0.3044636904921496, 0.3253038096927652, 0.3332792313465087, 0.32199848471291426, 0.3178538541355711, 0.3420996026592349, 0.3334130845715406, 0.3311678269986831, 0.3346161937939025, 0.31774073555351845, 0.3349070165004857, 0.3611977867931788, 0.3406557554447269, 0.3256541205010475, 0.3210934555174456, 0.34945027994300704, 0.3459806744718035, 0.3188713971116919], [0.35370444267957657, 0.3331487600394536, 0.3286024801700618, 0.3395619788988371, 0.34518182353121474, 0.3038937885878905, 0.0, 0.34736550104522346, 0.33543715654136697, 0.3425591970122537, 0.3313024650041936, 0.33221615936151627, 0.33825714010272057, 0.3433979349179126, 0.350426803459462, 0.33106037525601106, 0.33348985511020746, 0.3079352457763598, 0.34795955090022623, 0.33084627833873936, 0.33023136531548536, 0.3118221152625755, 0.3353422398473527, 0.3118088202205651, 0.3250086539641188, 0.2857694530485122, 0.2566685146548717, 0.34516935654323677, 0.3432440970617081, 0.3422787744736093, 0.3334017832316465, 0.340181110448865, 0.3433055884031808, 0.34678686912318546, 0.33342541279043325, 0.33394315087550863, 0.32353599895672436, 0.34537504031229216, 0.33999342161896284, 0.3139200373869142, 0.34847621943832796, 0.3259833135287562, 0.36239857038092604, 0.3301796870791618, 0.3425004893936414, 0.31924516761812405, 0.33071318046148557, 0.3229145733366401, 0.3444679305464031, 0.33499325825429827, 0.31529019886092957, 0.32557926278034954, 0.33150556736340064, 0.3460049053559864, 0.30675045492680164, 0.3313283341209283, 0.31696589953956944, 0.30330517872120843, 0.3387196527456324, 0.3155895526580679, 0.31568594801821015, 0.34599536483941407, 0.3392374496490833, 0.3174194876042873, 0.33780591741893096, 0.33020593555199573, 0.33248608553668735, 0.33993017689050276, 0.3542642357899759, 0.3312819198503918, 0.32674774923961136, 0.3336713565114464, 0.33940899642309286, 0.33360355338849934, 0.35250471768521074, 0.2871782396266349, 0.3412059956273852, 0.3301577690391335, 0.32334463582922757, 0.3452661452456067, 0.34460496311442057, 0.3307495084464851, 0.35129939741141625, 0.34545844542323656, 0.3195040087230143, 0.30951585196793285, 0.3299666491286455, 0.34309250907689126, 0.3177360254295045, 0.319451591323215, 0.3346908696948796, 0.3348228454660698, 0.32743946866108065, 0.3445479152562352, 0.32853792627209, 0.3295755691367257, 0.32829251210230903, 0.3493748299614461, 0.31160514386217675, 0.33828240114629127, 0.35525213528694843, 0.326446202825869, 0.31729956192454245, 0.328744085892297], [0.348224891869765, 0.3448216328404907, 0.3489165631834228, 0.1699485813115913, 0.35461936155960117, 0.33011892870497084, 0.34736550104522346, 0.0, 0.36033808998845673, 0.36682988678787476, 0.3675581479268628, 0.3637807066324883, 0.3171182735473328, 0.36059901199081823, 0.24782569817387468, 0.3843741661460027, 0.35998159572379906, 0.375195799935913, 0.29562809117311173, 0.35535746734275975, 0.3508547954117791, 0.324952723795364, 0.3542060435795438, 0.35412660749828073, 0.36288473590693116, 0.35930106306129184, 0.3792784491807162, 0.3581338322522789, 0.3227469083880825, 0.3733571442214605, 0.36383296915390884, 0.3213603422904583, 0.33011811162197313, 0.3612534348252032, 0.3546330833310285, 0.3719161977771339, 0.25307059461713166, 0.36332360457250634, 0.3263203962385046, 0.31347311213116313, 0.021123658405335588, 0.35689029435780806, 0.3729363640707626, 0.3637740164789651, 0.35000002919965634, 0.3058166760359753, 0.3004050396150124, 0.36749349505750706, 0.3506018153461379, 0.3685959320105108, 0.3698201753755499, 0.3320803246169788, 0.370278695645589, 0.34922444838594413, 0.37620876264181424, 0.36844044391939823, 0.3536705945992189, 0.3720174046593392, 0.3441039241163013, 0.35356218010933405, 0.37756960955085295, 0.3623553946285658, 0.3550947260852795, 0.33899765821579564, 0.36166301561676506, 0.35779045684936595, 0.3290534921332804, 0.2421278938760152, 0.3538958942132775, 0.33830071376263593, 0.3705480904872336, 0.3472201710738394, 0.3584511611564658, 0.361785819133321, 0.3083380847476793, 0.38541504160909845, 0.3467499439544466, 0.35795058343851216, 0.3418535946531629, 0.3775491076577926, 0.3680522800844399, 0.3501381385171538, 0.38147691406712636, 0.35134648902285104, 0.35705883959655793, 0.36037965282078144, 0.3496059086588179, 0.3150450167161265, 0.3787516167729559, 0.34865612453344363, 0.35141914782427897, 0.28714113052155743, 0.31709318534716857, 0.35076153456640413, 0.3577750252580414, 0.3788670213276435, 0.367597971147116, 0.3735014788566293, 0.34076864704373677, 0.35024861595426926, 0.35449893261937016, 0.35029633352540457, 0.374782462569234, 0.3671199596823682], [0.31093879922971523, 0.30781061797368325, 0.3037619755785419, 0.33469272328898136, 0.3182467949998433, 0.3374456050344865, 0.33543715654136697, 0.36033808998845673, 0.0, 0.3039937937298314, 0.31402066228731296, 0.3033113126058111, 0.31154016374358684, 0.29759151416169494, 0.33479445999128576, 0.3038592298311886, 0.31506212077896656, 0.32491935917923387, 0.3305834087669344, 0.30365704989253106, 0.31935225024769687, 0.3286060010272902, 0.3138869622069802, 0.3148245679951931, 0.29545354468132534, 0.34795967803268146, 0.34404935329599984, 0.30953861558981277, 0.33055664221781833, 0.3070373603356602, 0.32377907196106337, 0.354559601611135, 0.3219347192083446, 0.3096752294120386, 0.32478095255963524, 0.31690067479783957, 0.33085943024531184, 0.32099178122646443, 0.3195830915129163, 0.34561205807471174, 0.36760385261619066, 0.30358036008403166, 0.3213363787002461, 0.31613277587261557, 0.3128288954270535, 0.33821677082315205, 0.3246211763810858, 0.2961302166937456, 0.3052042681730385, 0.323662400033236, 0.33059511984345735, 0.33009524121718603, 0.297273690998602, 0.3099037144288779, 0.34698167312592587, 0.3259691479263336, 0.3159433230678206, 0.33692312402565894, 0.31451567384635415, 0.3261272236850361, 0.32286558457341474, 0.31189424034264657, 0.31318831181900575, 0.31567976094490535, 0.3192111145486092, 0.3348248228812194, 0.31967503775639505, 0.35515393745847756, 0.3187774258645082, 0.3216819800361135, 0.32636222073764, 0.3165258036058516, 0.30768086048114096, 0.32218119721821115, 0.3321522794985188, 0.34408783435475665, 0.3217523318654021, 0.31781238545460355, 0.30593956350229035, 0.31129850612986054, 0.314695157208162, 0.29942213390369865, 0.33851312382949605, 0.31716754140119274, 0.31247138455883094, 0.32626711605781633, 0.3054719440550073, 0.3328640256085844, 0.3175506454306749, 0.32158066174164857, 0.3113807927920933, 0.3158162667986679, 0.3305822666252223, 0.3299466537556224, 0.3083193398869384, 0.32240818055370335, 0.3194309506538797, 0.3386811709384465, 0.307859003577438, 0.31225241395644665, 0.3212533777550346, 0.30532628750816304, 0.3263560607283451, 0.30594309334725844], [0.3404250048476787, 0.30939120436891376, 0.3333862103018512, 0.3401378719148618, 0.32563055161522825, 0.2977270120081381, 0.3425591970122537, 0.36682988678787476, 0.3039937937298314, 0.0, 0.30319935652987406, 0.3183369662484723, 0.3468136310604757, 0.3216457910643795, 0.3566899683048914, 0.3501376264403053, 0.32215190573643615, 0.30419534823863215, 0.3564218768685836, 0.32141783674270386, 0.3287494307112231, 0.35457985249748347, 0.3300442484043731, 0.30390742153006545, 0.30441546582427326, 0.3504871473082294, 0.3334753921357947, 0.32841535820060597, 0.34159315155161707, 0.31752302734917226, 0.32887030782404025, 0.3325728940091841, 0.3318155421774258, 0.3315130291967785, 0.32172396361662936, 0.31798005488148484, 0.3547277182337787, 0.3426556014227593, 0.32054554149487924, 0.34515127842079796, 0.37827294296260483, 0.31873550692375163, 0.24281986758630247, 0.33297231621424306, 0.3114526916049649, 0.32996512651413124, 0.33413588425202523, 0.3276850853061033, 0.33497181319777436, 0.3471608352951132, 0.3354876973356904, 0.31948201285867195, 0.3275826500931991, 0.33684740478775943, 0.3341448892363512, 0.33813172577140227, 0.33311748243375616, 0.3320968410995673, 0.34590019265906213, 0.3387979812076176, 0.330362259224384, 0.3331187411686698, 0.3265469501439877, 0.3267613237558884, 0.31477961922756603, 0.3057673870572186, 0.33824117987246405, 0.3631457532516662, 0.3181064319561908, 0.32869724203454953, 0.33564571385608777, 0.3352887939783309, 0.3305378827235057, 0.32975761848798824, 0.34725101019171567, 0.348355896400389, 0.29078717744032057, 0.33491202937718545, 0.32376062748635026, 0.30930409022879424, 0.2960783561561309, 0.3299827683450769, 0.34913022970169005, 0.3040024755722843, 0.3354138859589344, 0.3346861348770269, 0.32578472524159685, 0.3359498106335608, 0.3268924446883561, 0.32086202080236714, 0.31644658302077233, 0.33757672776587655, 0.3245180046167655, 0.3174613060726348, 0.32860935930897384, 0.32614517951644206, 0.33361924469334125, 0.31774514445545265, 0.32162216215504347, 0.3407398683196623, 0.31894541273455057, 0.3305472250003014, 0.3222906993543342, 0.3486165888492434], [0.33045292468719967, 0.30770398150562595, 0.3167452976208751, 0.3621776878514178, 0.3294418849443983, 0.3379183698096444, 0.3313024650041936, 0.3675581479268628, 0.31402066228731296, 0.30319935652987406, 0.0, 0.2978588538252891, 0.33413272393110005, 0.31222427334319836, 0.3540409198667225, 0.30229934931136904, 0.30497611364706945, 0.345410257992222, 0.3355130398304771, 0.31000583880684895, 0.32330579171222507, 0.29865192994990397, 0.30244698850662144, 0.32174058393835936, 0.30396405791269254, 0.26970357393009126, 0.3427096759634187, 0.29255923564986985, 0.29879697482236933, 0.33369982404378074, 0.3177618257998627, 0.2644753357693512, 0.32435206415835305, 0.30964560448041767, 0.3169474913982775, 0.32752732276995333, 0.3556536646862798, 0.3303965437720837, 0.3280589419822393, 0.33674223674498593, 0.37092315296319467, 0.3062888467127689, 0.34814742031060764, 0.33019357921393744, 0.31293412274351295, 0.32668451692133704, 0.30239870663380475, 0.31496230546797377, 0.31471179651306147, 0.335170132321005, 0.33242810372010534, 0.32332277820093314, 0.26402207532534083, 0.3157196974802612, 0.2836682293908701, 0.34160768900354377, 0.3215161881435997, 0.3274244220688334, 0.3067291379770021, 0.32481588679408646, 0.3120100947845015, 0.324334792734307, 0.31687463350929357, 0.30943896386441305, 0.317906114329058, 0.3316458604008199, 0.31933345265505886, 0.33530300665568435, 0.32821891536586967, 0.3206316670769902, 0.3235680457293466, 0.3133356935592515, 0.32573152852412557, 0.32288910954377337, 0.3435969870139004, 0.36011925389235633, 0.30486916001517406, 0.31656196600460906, 0.30541029831579247, 0.32039112470883246, 0.33058785818791736, 0.3058993407823465, 0.3240892538627427, 0.3136648381633922, 0.32357308930644213, 0.34064614343041644, 0.3287778714204874, 0.31833743435679485, 0.3003831172803695, 0.3183419766704667, 0.31395117171721276, 0.3069354398861872, 0.3135537381513527, 0.31388086746865596, 0.3067211097445546, 0.3264673003328127, 0.31358613943788183, 0.3407346550343884, 0.314476627365897, 0.3151564391792028, 0.3135363961873592, 0.3064894910103668, 0.34901024023010163, 0.32698299545261245], [0.3152208584296705, 0.3058621228866778, 0.3200889857846785, 0.3449808505081635, 0.3288547857420594, 0.319528259747651, 0.33221615936151627, 0.3637807066324883, 0.3033113126058111, 0.3183369662484723, 0.2978588538252891, 0.0, 0.34771185019845063, 0.32364034511755424, 0.33743804415788836, 0.3115053298895538, 0.3169785928732096, 0.3513296435149371, 0.33284901759219276, 0.3142463377634588, 0.3304762591518, 0.3387867559968081, 0.31246445241978704, 0.3097564501988248, 0.3088166379920827, 0.35058396298314576, 0.3475178801404031, 0.3259875882490373, 0.3384931686838806, 0.32169979539190696, 0.3327939171006742, 0.3381103284699323, 0.33951153558056735, 0.2925829749553597, 0.32197052394602044, 0.305051296522699, 0.34211713160202084, 0.3287332083007559, 0.3155872618187161, 0.3154744307211119, 0.3578089385169594, 0.32923502332321464, 0.3256124531639202, 0.3066442096771438, 0.3154259700825923, 0.31437349304517803, 0.33381944904085903, 0.3160768986805049, 0.3124343422116054, 0.3400274349544776, 0.3294744680317494, 0.33697903438179533, 0.2915213355826691, 0.32544740828469565, 0.3336310386171668, 0.32707971243851164, 0.3304163843502459, 0.3169276893356858, 0.3308896717475456, 0.32282484057890937, 0.3200542775273165, 0.32429743086385265, 0.29784145571366927, 0.31322849142228737, 0.3095620344812733, 0.3196299171037169, 0.3185821214625413, 0.32199812319426635, 0.3300563819923059, 0.3333373278492555, 0.3367902418509714, 0.31072842506670373, 0.31193302904807396, 0.3272233420115662, 0.3322242150372565, 0.34433604603533463, 0.32364388688697376, 0.32108382641169997, 0.31051043774195874, 0.3328806396831654, 0.3159065097677374, 0.3056304528935958, 0.33455485126840423, 0.30735024993787774, 0.31647018809449357, 0.3429622463335329, 0.29313462746734853, 0.33920217425310417, 0.3323605236714642, 0.3160337392280783, 0.30822539940091565, 0.31955573097347645, 0.3259300224455226, 0.3182980725541533, 0.29913179540228185, 0.31713248107490744, 0.30391433420420744, 0.31136155580648417, 0.3173260571899792, 0.3128129404553275, 0.31234584733446735, 0.31444157058192723, 0.34856878002660396, 0.3256087500579541], [0.33080691816963825, 0.318234376567897, 0.3285425326128184, 0.32639510003157013, 0.3348614966472441, 0.32570835341744275, 0.33825714010272057, 0.3171182735473328, 0.31154016374358684, 0.3468136310604757, 0.33413272393110005, 0.34771185019845063, 0.0, 0.34930984816188704, 0.34201718311114027, 0.33467197891837164, 0.32532269242922895, 0.3330216959559962, 0.33115562688480105, 0.3244301812904917, 0.3188446065937971, 0.34649732179262616, 0.3278405483222646, 0.3284893397702402, 0.3157547815776367, 0.34206305495870204, 0.34509535230488386, 0.3054600675601349, 0.3358801874504851, 0.3115723778269628, 0.3159301842694069, 0.3411714391316487, 0.33522818961057355, 0.3305366986711289, 0.32266977778773853, 0.33931941179579495, 0.326931410806498, 0.33433473676607517, 0.32334947319277396, 0.33052798248184256, 0.3152870705356088, 0.33093682481540565, 0.33690992343770887, 0.3105727716224571, 0.3206212003619606, 0.3330569604024536, 0.31576688836673705, 0.32774935991830256, 0.32440257369277403, 0.334962212310318, 0.33764454697050494, 0.31271955245696703, 0.33461352564849367, 0.3273332260043016, 0.3481865272551987, 0.33793177180298994, 0.3282256233001841, 0.3470108239697538, 0.3201587518102156, 0.32454178370343123, 0.32472735039276346, 0.33840576206555717, 0.3282162910653865, 0.32413202666096863, 0.3123384709250332, 0.33219151195231267, 0.32443151697936434, 0.34221471473532405, 0.3103875986155158, 0.316693143041618, 0.34115529871822003, 0.32685355100195657, 0.3304274924586268, 0.3292440851842302, 0.31199846563028544, 0.3323978609283733, 0.32722462912243966, 0.32933099295570956, 0.3140089739424685, 0.33390409595293646, 0.34711233678198616, 0.31934514543707526, 0.3363662673871719, 0.32538216251672036, 0.3173553924979109, 0.329353670941531, 0.3105770703869424, 0.3301725528263142, 0.34604248261453585, 0.3352939894307483, 0.31074144298113615, 0.3108120445335145, 0.32059287128012426, 0.3211332968757348, 0.31104169328862263, 0.34145101744620376, 0.3311787456091473, 0.3187218280858981, 0.32731092842808485, 0.34597869157010996, 0.32609198646220916, 0.32971661324977863, 0.3225400812433401, 0.3470846665238876], [0.3147311384106104, 0.30853029728180537, 0.33149376088495464, 0.35188642221380295, 0.3587848825222488, 0.3361648053633923, 0.3433979349179126, 0.36059901199081823, 0.29759151416169494, 0.3216457910643795, 0.31222427334319836, 0.32364034511755424, 0.34930984816188704, 0.0, 0.3443084572605333, 0.29963774772165785, 0.325866397415425, 0.3498601073299856, 0.31333470058814306, 0.3178015383632937, 0.3403963942434407, 0.3300718216486149, 0.3084273085101512, 0.3221695196732406, 0.32893951194469473, 0.3409866228285441, 0.32035306156552146, 0.3283783753570788, 0.31786934202093975, 0.31787587316298116, 0.32571314497213666, 0.3504390986495267, 0.33782582770794223, 0.3262573078157942, 0.3304743780606303, 0.31665449224975917, 0.36513434077451357, 0.3299787950201285, 0.34440220509693487, 0.3309716725961329, 0.3593625743064084, 0.3286201406838374, 0.32269004686113445, 0.33168015315470556, 0.31348980887356737, 0.33990774790064493, 0.3257253256274162, 0.3069935800550352, 0.3254494731898574, 0.3274219720496163, 0.32740657433067266, 0.3374124388025026, 0.3106567959340798, 0.32499233135688144, 0.3401093241751696, 0.3278124779177729, 0.3302862930430621, 0.3255395999716062, 0.33694641509466905, 0.3358528974877606, 0.3417939956078515, 0.33450677146095154, 0.3334099619162507, 0.34119065241837676, 0.3361079505265159, 0.3286924374575566, 0.313521533556653, 0.35028123884915185, 0.32108469215833524, 0.315234480618501, 0.3519382493973733, 0.33748216676167764, 0.33508644697682, 0.3282612696288798, 0.3365255086495884, 0.35071202351149156, 0.30995896707998893, 0.3039905821157909, 0.30569713865132453, 0.32409437720956236, 0.3081839711657888, 0.32999053976792503, 0.3380923094045132, 0.32162803017665453, 0.3379389589454933, 0.3328549990870453, 0.3335504327767742, 0.3234178039084876, 0.3239887130646688, 0.3351966265940993, 0.32209604895601984, 0.34127033876037904, 0.3344014091985674, 0.33097814035305273, 0.3408594998033896, 0.3260944703978448, 0.3344057577074264, 0.3295177972063845, 0.3127977305212324, 0.3287716145389923, 0.3440750636983365, 0.3473392998775111, 0.338283490358261, 0.3392886406554032], [0.338893487789929, 0.34561850282934214, 0.3261013570389997, 0.2722162051721644, 0.33653535274071755, 0.3465125903905495, 0.350426803459462, 0.24782569817387468, 0.33479445999128576, 0.3566899683048914, 0.3540409198667225, 0.33743804415788836, 0.34201718311114027, 0.3443084572605333, 0.0, 0.3337956091682732, 0.33672309290845703, 0.3596615783456216, 0.31945856403769657, 0.3366778819198124, 0.3546582052776681, 0.3355979643351661, 0.3412106879894192, 0.3243377009453092, 0.34471909327458206, 0.3509790016700991, 0.3512698174559017, 0.3510563189066789, 0.3522824896850181, 0.32503626960532217, 0.3515875027203752, 0.34954995639730835, 0.34801634929595937, 0.3523414840961141, 0.32398618140989766, 0.3324622986212733, 0.2688616681265339, 0.25784276697053055, 0.3496394129530471, 0.324370870665571, 0.248902789140246, 0.3610018623224547, 0.351936676090423, 0.34111124138668014, 0.3232810558671184, 0.3370867171862175, 0.32636157567387647, 0.34683249261816673, 0.3269932117391099, 0.2637264571577582, 0.32446465337196106, 0.3232277116218607, 0.34337676483071466, 0.33628160084014547, 0.35666326871831755, 0.29766088891822995, 0.34014912043096923, 0.3391454748751703, 0.3385922440190454, 0.31521591700978924, 0.34768493318760374, 0.3248705833609824, 0.33684262260224407, 0.3023436793564016, 0.33371283255434636, 0.3481330314179776, 0.3219379676030165, 0.28556988622653123, 0.3294801149765052, 0.3339238429317466, 0.32254706956945456, 0.33722860375448827, 0.3271413756741086, 0.34583854831597316, 0.3260928627498334, 0.3730510172915491, 0.3337904090681778, 0.3572379722921206, 0.32403863784953413, 0.35201435844349516, 0.35046003454309504, 0.33968677127985614, 0.36560651527857435, 0.34664221763875536, 0.34444978902557266, 0.352434452245342, 0.33950411149322424, 0.2959705406626083, 0.3566607965331583, 0.3404640331567699, 0.35566638615200086, 0.3074059705287888, 0.32882387838213334, 0.324804821762682, 0.3416342000853698, 0.3318140046837448, 0.34711028683213807, 0.35835513249536866, 0.3317826894526774, 0.3477086791037358, 0.3572566010554701, 0.3509089160086354, 0.3522774866763785, 0.3626393480675367], [0.3347636248139607, 0.3208910247063601, 0.3221272743552921, 0.3430154996249779, 0.31986770368029016, 0.31272558259164196, 0.33106037525601106, 0.3843741661460027, 0.3038592298311886, 0.3501376264403053, 0.30229934931136904, 0.3115053298895538, 0.33467197891837164, 0.29963774772165785, 0.3337956091682732, 0.0, 0.3316696411361437, 0.36582954947046, 0.3342142661469494, 0.31390781285288893, 0.33520233958913215, 0.3120953333021812, 0.3201207485206907, 0.33899855398912604, 0.3204682327266928, 0.32557229666787313, 0.3415680715455589, 0.3222517649407275, 0.3269806290787276, 0.33358840214546115, 0.31869579376703205, 0.3148211860329717, 0.35196267354053257, 0.3335192806564913, 0.320541328267415, 0.32940302467343274, 0.35020905441439076, 0.2855122104336443, 0.32793408629984855, 0.3217693857267703, 0.3865907712037877, 0.32863340412916053, 0.3597356445851132, 0.3214484398633308, 0.31253065103758226, 0.31404873395250266, 0.333867069047042, 0.32289150935704436, 0.31157051369424216, 0.33573908691525567, 0.3116781628584324, 0.34090092301957164, 0.33376457816438965, 0.34123769745776533, 0.29834936519400834, 0.33514597866932894, 0.323689043403492, 0.3548152600566463, 0.32504070532173857, 0.33959378228277237, 0.311212334436185, 0.3288341071438985, 0.33661529997753936, 0.33220107045861536, 0.32724547415508787, 0.3153529286025456, 0.3262253897570908, 0.3378604895503847, 0.31052038735747867, 0.32978831016906707, 0.3456605027001709, 0.3156952983657426, 0.3415091612500891, 0.3383741895306347, 0.3402230952383656, 0.29413258853372426, 0.33341530493253146, 0.32922985974786023, 0.3331890560933053, 0.31927428223411947, 0.3460566639604221, 0.3391082757699082, 0.2860348592034456, 0.3247795664337392, 0.32685030513998226, 0.3387368760405862, 0.32618237055746957, 0.3139684622421972, 0.338198084485104, 0.3179189831238918, 0.34484513489049995, 0.3156923437113388, 0.3242311404053857, 0.33158203165001643, 0.34014189349027335, 0.3365259059272121, 0.316348583175017, 0.35040673250866705, 0.3431922820595916, 0.3190593291880335, 0.3364526305203026, 0.33824002272536147, 0.35664656248264337, 0.32778110088010837], [0.32486681825631547, 0.32976796832876354, 0.323581845559046, 0.3510091153511803, 0.30501861274105724, 0.3381288356597889, 0.33348985511020746, 0.35998159572379906, 0.31506212077896656, 0.32215190573643615, 0.30497611364706945, 0.3169785928732096, 0.32532269242922895, 0.325866397415425, 0.33672309290845703, 0.3316696411361437, 0.0, 0.3565613089165174, 0.3303990836445887, 0.32153470289103425, 0.3312784251840195, 0.3118904554007318, 0.31019356062607506, 0.3197203212063897, 0.3334624813709697, 0.34863084097227737, 0.33311734454018094, 0.3142888140099367, 0.3336682797759394, 0.3197286731222104, 0.3242202383776367, 0.3500484131099062, 0.34305059629308055, 0.3070711417642842, 0.32235832344442406, 0.31635754409241557, 0.3525042635308606, 0.3197143379663505, 0.31840038116317015, 0.3504830575509956, 0.36167223570283813, 0.31017335343344987, 0.28897954293773953, 0.3148490870564702, 0.31569190529412583, 0.33345354962581486, 0.3264714604079437, 0.322180859077136, 0.3181466999884315, 0.3347886634145234, 0.32529903759795387, 0.33734069621638363, 0.2962813967803031, 0.3237516444581816, 0.33925013212390853, 0.32839677072041207, 0.33107684894764455, 0.30866994767659595, 0.3253606707157568, 0.3246568246716859, 0.31280669143969964, 0.3224717301858613, 0.33413736285978657, 0.326238526476778, 0.3238374230660088, 0.3378834753146631, 0.32685418402500677, 0.3313168178918531, 0.3136467532177236, 0.34240571738769043, 0.3264924511251883, 0.325135448150516, 0.2986165215816228, 0.33363726699158236, 0.29990331501622025, 0.3621490130035856, 0.3233832224137063, 0.3262922957041472, 0.3295800380029892, 0.32686034327937863, 0.30051231102341047, 0.32689002125530786, 0.32041750447600115, 0.314298285457012, 0.3082631489019758, 0.3132559059666338, 0.3170329974162007, 0.3248607280117155, 0.3305111806183618, 0.3113919975178123, 0.32198842362545554, 0.3379652594488993, 0.31290622087441644, 0.3267410015635033, 0.30595348922080445, 0.32792087111949497, 0.3259415915922439, 0.30795049031074684, 0.3302873366780015, 0.32487347817338685, 0.3348156660265089, 0.31169005784141257, 0.3551360596461577, 0.32837942455399705], [0.3285996501002466, 0.3297027555377148, 0.33850423853918077, 0.36360642233033125, 0.34013528387523895, 0.3442350128086713, 0.3079352457763598, 0.375195799935913, 0.32491935917923387, 0.30419534823863215, 0.345410257992222, 0.3513296435149371, 0.3330216959559962, 0.3498601073299856, 0.3596615783456216, 0.36582954947046, 0.3565613089165174, 0.0, 0.35443311721401893, 0.3290662934348516, 0.31328915648240785, 0.3609270748816755, 0.3479799291144967, 0.3477248300521898, 0.3290287586909195, 0.36701968481012903, 0.36048368421722166, 0.3313272422738083, 0.3365723781961467, 0.34160773479651474, 0.3285120573778588, 0.37120100534807077, 0.21994452435948797, 0.3454167060669102, 0.34273801840407225, 0.32287987364366844, 0.36376125256338576, 0.35264633206072293, 0.3487719329516161, 0.34890321196870366, 0.3825178266000877, 0.33511716394069224, 0.3518160764724032, 0.3449243437225409, 0.3349655522304851, 0.3458158888127367, 0.34029247825759645, 0.28227316705781735, 0.3385678897513946, 0.35821962865757073, 0.35167405818059394, 0.34005128894935477, 0.34134522800877476, 0.3295882938781485, 0.35263655296398144, 0.3637674830348703, 0.3513745523631364, 0.34495082665306565, 0.3379915979754933, 0.34050050664204523, 0.33674027247705585, 0.3072314402491214, 0.33529280515424276, 0.34967889005029584, 0.3430709900445055, 0.3259502409613202, 0.3417728537827531, 0.35721359039433187, 0.33234297259606405, 0.3239467554863138, 0.34987706362875093, 0.3339368577763173, 0.32678413367561876, 0.34473109591352213, 0.2927826394365223, 0.3717512699210115, 0.3405491558911493, 0.3334320580909891, 0.3426921762447237, 0.2899552396019187, 0.22684375720179029, 0.3453263945245446, 0.36326949757545757, 0.32408238029461467, 0.34508390937410893, 0.31114663414335975, 0.34306727472971454, 0.3618769792329686, 0.2606187893193581, 0.32745240176213875, 0.3375648461532639, 0.33978127800512836, 0.3289039488730148, 0.34081420019461306, 0.35444886871303694, 0.3374297457746036, 0.3332241786901189, 0.35569638884475796, 0.3460427493452116, 0.33020747302255504, 0.34499685471296204, 0.3231040215715677, 0.08050870052107384, 0.35108866377963577], [0.3271582339201158, 0.33252546687136153, 0.30936641751874827, 0.29864243548717795, 0.3343973490149621, 0.35050069461057287, 0.34795955090022623, 0.29562809117311173, 0.3305834087669344, 0.3564218768685836, 0.3355130398304771, 0.33284901759219276, 0.33115562688480105, 0.31333470058814306, 0.31945856403769657, 0.3342142661469494, 0.3303990836445887, 0.35443311721401893, 0.0, 0.3298312644342545, 0.3269105400084058, 0.3326443403974302, 0.323457207620083, 0.34554130129304617, 0.3316344278051435, 0.35560642737273884, 0.2997227269365943, 0.3398043728403064, 0.3286454590777794, 0.33220663650901594, 0.34400355784048786, 0.33723811986204266, 0.3262268225650744, 0.31474387520884717, 0.3334882769206733, 0.34360498388180893, 0.330006280871495, 0.3376992638493743, 0.32054758269885664, 0.30358529997762007, 0.2905319717136814, 0.3417157513250031, 0.35371622881547404, 0.33083643068704705, 0.31433356039949945, 0.3340182168274144, 0.3315420534241682, 0.2994872197276941, 0.31220074051886093, 0.3440977246151107, 0.3401174421134867, 0.35472247576195026, 0.3420881803095439, 0.3116945255673007, 0.35608090090268596, 0.33359097375287305, 0.3358370279306693, 0.34489280941124156, 0.3338805160621836, 0.31759646807574615, 0.3221580714414811, 0.3225289457738947, 0.31344971540317723, 0.3327089992087502, 0.32831122561408077, 0.33277788332106417, 0.31951280752463807, 0.24152841447134055, 0.3393734859484909, 0.32028600778811755, 0.3296206726382136, 0.3384040102833932, 0.33551844865890135, 0.34331270934782454, 0.3152107705799543, 0.3451773697083613, 0.35216907380650575, 0.3252289212894215, 0.31690642188653095, 0.33838554706419166, 0.3337391157158409, 0.3392609564776705, 0.3613198355036926, 0.3378979736724157, 0.33475853677471856, 0.328025527965792, 0.34120688971439406, 0.34647564298925504, 0.3627307738553571, 0.32047507797441654, 0.33529261838123836, 0.36693095080169513, 0.3207624237611577, 0.3037972520157104, 0.34132797450857644, 0.3172580150092914, 0.3362144809180496, 0.3539817101969698, 0.33531029901304077, 0.3392235875427583, 0.3452858315070